0 0.827392578125 0.7144444444444444 0.10302734375 0.2
0 0.560302734375 0.7477777777777778 0.12841796875 0.30666666666666664
0 0.2236328125 0.66 0.1142578125 0.18444444444444444
0 0.134521484375 0.6588888888888889 0.04345703125 0.18444444444444444
0 0.70751953125 0.6966666666666667 0.1396484375 0.3244444444444444
0 0.083984375 0.5566666666666666 0.0498046875 0.1622222222222222
0 0.159423828125 0.49722222222222223 0.06494140625 0.15222222222222223
0 0.27978515625 0.47 0.0673828125 0.19555555555555557
0 0.882568359375 0.4777777777777778 0.09912109375 0.2644444444444444
0 0.549072265625 0.46166666666666667 0.09423828125 0.2477777777777778
0 0.201904296875 0.3977777777777778 0.07763671875 0.1622222222222222
0 0.65673828125 0.4533333333333333 0.1259765625 0.2911111111111111
0 0.788330078125 0.395 0.11181640625 0.2411111111111111
0 0.092529296875 0.355 0.07958984375 0.20333333333333334
0 0.3046875 0.27666666666666667 0.0751953125 0.14444444444444443
0 0.163818359375 0.2411111111111111 0.08447265625 0.14222222222222222
0 0.238037109375 0.24888888888888888 0.05419921875 0.1711111111111111
0 0.728759765625 0.20166666666666666 0.10888671875 0.17888888888888888
0 0.847412109375 0.20833333333333334 0.10009765625 0.19666666666666666
0 0.599853515625 0.2222222222222222 0.11474609375 0.23333333333333334