0 0.7268181818181818 0.9339762611275965 0.12363636363636364 0.08011869436201781
0 0.5695454545454546 0.47477744807121663 0.11818181818181818 0.22106824925816024
0 0.28909090909090907 0.2529673590504451 0.11363636363636363 0.27299703264094954
0 0.5590909090909091 0.7626112759643917 0.14545454545454545 0.31750741839762614
0 0.3990909090909091 0.2381305637982196 0.10181818181818182 0.21513353115727002
0 0.4490909090909091 0.49629080118694363 0.12636363636363637 0.22403560830860533
0 0.33136363636363636 0.7848664688427299 0.14181818181818182 0.24480712166172106
0 0.25681818181818183 0.06750741839762611 0.08181818181818182 0.06973293768545995
0 0.6922727272727273 0.4495548961424332 0.13636363636363635 0.3086053412462908
0 0.38136363636363635 0.05118694362017804 0.12 0.08605341246290801
0 0.7077272727272728 0.7359050445103857 0.15272727272727274 0.29821958456973297
0 0.6604545454545454 0.16468842729970326 0.14909090909090908 0.2314540059347181
0 0.5327272727272727 0.2032640949554896 0.14272727272727273 0.28486646884273
0 0.4527272727272727 0.7737388724035609 0.08454545454545455 0.22997032640949555
0 0.31772727272727275 0.5007418397626113 0.15545454545454546 0.2062314540059347