0 0.32227272727272727 0.02225519287833828 0.12272727272727273 0.04451038575667656
0 0.42863636363636365 0.505192878338279 0.11363636363636363 0.2166172106824926
0 0.6813636363636364 0.8034124629080118 0.10818181818181818 0.2685459940652819
0 0.47 0.22403560830860533 0.14 0.31008902077151335
0 0.5713636363636364 0.7863501483679525 0.09727272727272727 0.21216617210682492
0 0.55 0.5185459940652819 0.12181818181818181 0.21810089020771514
0 0.6963636363636364 0.26706231454005935 0.13727272727272727 0.23738872403560832
0 0.6931818181818182 0.9807121661721068 0.0809090909090909 0.03857566765578635
0 0.305 0.4948071216617211 0.13 0.3026706231454006
0 0.5686363636363636 0.9673590504451038 0.1190909090909091 0.06528189910979229
0 0.32045454545454544 0.20919881305637983 0.14727272727272728 0.29080118694362017
0 0.30636363636363634 0.7848664688427299 0.14454545454545453 0.22403560830860533
0 0.43636363636363634 0.7826409495548962 0.13727272727272727 0.2774480712166172
0 0.5754545454545454 0.24406528189910978 0.08 0.22700296735905046
0 0.6795454545454546 0.5511869436201781 0.15181818181818182 0.19881305637982197