0 0.5104545454545455 0.9563636363636364 0.053636363636363635 0.05272727272727273
0 0.6309090909090909 0.95 0.04909090909090909 0.056363636363636366
0 0.57 0.9490909090909091 0.06181818181818182 0.06
0 0.44681818181818184 0.9490909090909091 0.06454545454545454 0.06181818181818182
0 0.49727272727272726 0.91 0.05818181818181818 0.03272727272727273
0 0.5990909090909091 0.9063636363636364 0.05272727272727273 0.04909090909090909
0 0.44227272727272726 0.884090909090909 0.053636363636363635 0.05
0 0.8972727272727272 0.8922727272727272 0.12 0.09363636363636364
0 0.5577272727272727 0.8722727272727273 0.053636363636363635 0.053636363636363635
0 0.5018181818181818 0.8668181818181818 0.04909090909090909 0.046363636363636364
0 0.625 0.8645454545454545 0.053636363636363635 0.04727272727272727
0 0.7304545454545455 0.8831818181818182 0.09363636363636364 0.09181818181818181
0 0.29409090909090907 0.8795454545454545 0.11181818181818182 0.12090909090909091
0 0.8340909090909091 0.845 0.08272727272727273 0.10272727272727272
0 0.09954545454545455 0.8590909090909091 0.12272727272727273 0.13454545454545455
0 0.20727272727272728 0.8268181818181818 0.11818181818181818 0.12636363636363637
0 0.5690909090909091 0.7859090909090909 0.06909090909090909 0.07909090909090909
0 0.4340909090909091 0.7872727272727272 0.05909090909090909 0.08363636363636363
0 0.7595454545454545 0.7863636363636364 0.08818181818181818 0.0890909090909091
0 0.49818181818181817 0.7831818181818182 0.05454545454545454 0.08454545454545455
0 0.8918181818181818 0.7777272727272727 0.11272727272727273 0.08272727272727273
0 0.28454545454545455 0.7381818181818182 0.11090909090909092 0.1
0 0.13227272727272726 0.735909090909091 0.1318181818181818 0.09727272727272727
0 0.5468181818181819 0.71 0.09 0.05818181818181818
0 0.4490909090909091 0.7127272727272728 0.08181818181818182 0.06727272727272728
0 0.33045454545454545 0.5768181818181818 0.15181818181818182 0.13363636363636364
0 0.12681818181818183 0.5568181818181818 0.1572727272727273 0.13545454545454547
0 0.865909090909091 0.5572727272727273 0.22636363636363635 0.31636363636363635
0 0.6622727272727272 0.5445454545454546 0.26636363636363636 0.32181818181818184
0 0.2631818181818182 0.4577272727272727 0.09727272727272727 0.16454545454545455
0 0.3790909090909091 0.4359090909090909 0.13090909090909092 0.13545454545454547
0 0.14909090909090908 0.42954545454545456 0.13272727272727272 0.14636363636363636
0 0.115 0.1459090909090909 0.17909090909090908 0.20454545454545456
0 0.30636363636363634 0.16863636363636364 0.2 0.29
0 0.6913636363636364 0.19772727272727272 0.5827272727272728 0.36818181818181817