0 0.5422727272727272 0.9545454545454546 0.057272727272727274 0.056363636363636366
0 0.6618181818181819 0.9395454545454546 0.05272727272727273 0.06
0 0.6013636363636363 0.9431818181818182 0.06545454545454546 0.06454545454545454
0 0.4781818181818182 0.9518181818181818 0.06909090909090909 0.06636363636363636
0 0.5259090909090909 0.9090909090909091 0.06 0.03636363636363636
0 0.6272727272727273 0.8986363636363637 0.056363636363636366 0.05272727272727273
0 0.4690909090909091 0.8872727272727273 0.057272727272727274 0.053636363636363635
0 0.9236363636363636 0.8636363636363636 0.12636363636363637 0.10181818181818182
0 0.5836363636363636 0.8672727272727273 0.057272727272727274 0.057272727272727274
0 0.5272727272727272 0.865909090909091 0.05181818181818182 0.05
0 0.65 0.855 0.056363636363636366 0.05090909090909091
0 0.7568181818181818 0.8663636363636363 0.1 0.09818181818181818
0 0.3209090909090909 0.8931818181818182 0.12 0.12818181818181817
0 0.8572727272727273 0.8209090909090909 0.09 0.10818181818181818
0 0.12545454545454546 0.8863636363636364 0.1318181818181818 0.14272727272727273
0 0.2309090909090909 0.8463636363636363 0.12636363636363637 0.13454545454545455
0 0.5890909090909091 0.7804545454545454 0.07454545454545454 0.08363636363636363
0 0.4540909090909091 0.7913636363636364 0.06454545454545454 0.08727272727272728
0 0.7790909090909091 0.7677272727272727 0.09454545454545454 0.09545454545454546
0 0.5177272727272727 0.7827272727272727 0.06 0.08818181818181818
0 0.9104545454545454 0.7495454545454545 0.11818181818181818 0.09
0 0.3018181818181818 0.7527272727272727 0.11727272727272728 0.10727272727272727
0 0.14954545454545454 0.7609090909090909 0.13818181818181818 0.10636363636363637
0 0.5613636363636364 0.7063636363636364 0.09363636363636364 0.06454545454545454
0 0.4640909090909091 0.7159090909090909 0.08636363636363636 0.07272727272727272
0 0.33636363636363636 0.5886363636363636 0.16090909090909092 0.14363636363636365
0 0.1318181818181818 0.5827272727272728 0.16636363636363635 0.14636363636363636
0 0.8690909090909091 0.5318181818181819 0.24818181818181817 0.33181818181818185
0 0.665 0.5331818181818182 0.2881818181818182 0.34
0 0.2609090909090909 0.47454545454545455 0.10818181818181818 0.1709090909090909
0 0.375 0.4445454545454545 0.14 0.14454545454545453
0 0.145 0.4540909090909091 0.14272727272727273 0.15545454545454546
0 0.09363636363636364 0.17363636363636364 0.18727272727272729 0.21636363636363637
0 0.28363636363636363 0.18272727272727274 0.22 0.30363636363636365
0 0.67 0.19454545454545455 0.6072727272727273 0.3890909090909091