0 0.5022727272727273 0.9563636363636364 0.05454545454545454 0.053636363636363635
0 0.6231818181818182 0.9522727272727273 0.05 0.057272727272727274
0 0.5622727272727273 0.9504545454545454 0.06272727272727273 0.060909090909090906
0 0.4390909090909091 0.9481818181818182 0.06545454545454546 0.06272727272727273
0 0.49 0.91 0.05909090909090909 0.03363636363636364
0 0.5918181818181818 0.9081818181818182 0.053636363636363635 0.05
0 0.4354545454545454 0.8831818181818182 0.05454545454545454 0.05090909090909091
0 0.8904545454545455 0.899090909090909 0.12181818181818181 0.09545454545454546
0 0.5513636363636364 0.8731818181818182 0.05454545454545454 0.05454545454545454
0 0.4954545454545455 0.8668181818181818 0.05 0.04727272727272727
0 0.6186363636363637 0.8668181818181818 0.05454545454545454 0.04818181818181818
0 0.7236363636363636 0.8872727272727273 0.09545454545454546 0.09363636363636364
0 0.2872727272727273 0.8759090909090909 0.11363636363636363 0.12272727272727273
0 0.8281818181818181 0.850909090909091 0.08454545454545455 0.10454545454545454
0 0.09318181818181819 0.8522727272727273 0.12545454545454546 0.13636363636363635
0 0.2018181818181818 0.8218181818181818 0.12 0.12818181818181817
0 0.5640909090909091 0.7872727272727272 0.07090909090909091 0.08
0 0.4290909090909091 0.7859090909090909 0.060909090909090906 0.08454545454545455
0 0.7545454545454545 0.7909090909090909 0.09 0.09090909090909091
0 0.49318181818181817 0.7831818181818182 0.056363636363636366 0.08545454545454545
0 0.8868181818181818 0.7845454545454545 0.11454545454545455 0.08454545454545455
0 0.28045454545454546 0.7345454545454545 0.11272727272727273 0.10181818181818182
0 0.12818181818181817 0.7295454545454545 0.13363636363636364 0.1
0 0.5431818181818182 0.7109090909090909 0.09090909090909091 0.06
0 0.44545454545454544 0.7118181818181818 0.08272727272727273 0.06909090909090909
0 0.3290909090909091 0.5736363636363636 0.15454545454545454 0.13636363636363635
0 0.12590909090909091 0.5504545454545454 0.16 0.13818181818181818
0 0.865 0.5636363636363636 0.2318181818181818 0.32
0 0.6613636363636364 0.5472727272727272 0.2718181818181818 0.32636363636363636
0 0.2640909090909091 0.4536363636363636 0.1 0.16636363636363635
0 0.38045454545454543 0.43363636363636365 0.13363636363636364 0.13727272727272727
0 0.15045454545454545 0.42363636363636364 0.13545454545454547 0.14909090909090908
0 0.12136363636363637 0.1390909090909091 0.18272727272727274 0.20727272727272728
0 0.31227272727272726 0.16545454545454547 0.20545454545454545 0.29363636363636364
0 0.6968181818181818 0.2009090909090909 0.5890909090909091 0.3781818181818182