0 0.8227272727272728 0.10687022900763359 0.046363636363636364 0.0916030534351145
0 0.7886363636363637 0.04198473282442748 0.053636363636363635 0.07633587786259542
0 0.7981818181818182 0.20610687022900764 0.06181818181818182 0.061068702290076333
0 0.785 0.1450381679389313 0.05454545454545454 0.07415485278080698
0 0.7568181818181818 0.019083969465648856 0.05181818181818182 0.03816793893129771
0 0.7545454545454545 0.10032715376226826 0.04454545454545455 0.08833151581243184
0 0.7395454545454545 0.20338058887677207 0.057272727272727274 0.05997818974918211
0 0.7209090909090909 0.15321701199563795 0.04727272727272727 0.05125408942202835
0 0.7159090909090909 0.05507088331515812 0.060909090909090906 0.05343511450381679
0 0.7013636363636364 0.10468920392584515 0.05545454545454546 0.04689203925845147
0 0.7845454545454545 0.40730643402399125 0.20454545454545456 0.13086150490730644
0 0.7613636363636364 0.8909487459105779 0.07545454545454545 0.0916030534351145
0 0.7490909090909091 0.8178844056706652 0.08 0.10032715376226826
0 0.7654545454545455 0.9520174482006543 0.0809090909090909 0.03598691384950927
0 0.7977272727272727 0.544711014176663 0.2390909090909091 0.1559432933478735
0 0.8063636363636364 0.6924754634678298 0.2290909090909091 0.14394765539803708
0 0.635 0.1935659760087241 0.09181818181818181 0.18865866957470012
0 0.6890909090909091 0.8980370774263904 0.06727272727272728 0.08942202835332606
0 0.6968181818181818 0.9525627044711014 0.07 0.05343511450381679
0 0.6736363636363636 0.33969465648854963 0.18454545454545454 0.1025081788440567
0 0.639090909090909 0.5926935659760088 0.10545454545454545 0.24536532170119957
0 0.54 0.0757906215921483 0.13090909090909092 0.10359869138495092
0 0.5409090909090909 0.29770992366412213 0.14181818181818182 0.0861504907306434
0 0.5195454545454545 0.1935659760087241 0.1481818181818182 0.09378407851690294
0 0.44363636363636366 0.07688113413304253 0.06818181818181818 0.1504907306434024
0 0.5304545454545454 0.7142857142857143 0.2190909090909091 0.5714285714285714
0 0.355 0.7579062159214831 0.2009090909090909 0.4841875681570338
0 0.3004545454545455 0.2748091603053435 0.22454545454545455 0.12322791712104689
0 0.29772727272727273 0.12486368593238822 0.25363636363636366 0.1406761177753544
0 0.29 0.4127589967284624 0.2736363636363636 0.15703380588876772
0 0.12454545454545454 0.1935659760087241 0.14181818181818182 0.27699018538713194
0 0.19090909090909092 0.737186477644493 0.19818181818181818 0.5256270447110142