0 0.8059090909090909 0.9427272727272727 0.06636363636363636 0.05090909090909091
0 0.9390909090909091 0.9272727272727272 0.05818181818181818 0.04727272727272727
0 0.4863636363636364 0.9377272727272727 0.11818181818181818 0.07181818181818182
0 0.87 0.9136363636363637 0.06181818181818182 0.07272727272727272
0 0.6272727272727273 0.9013636363636364 0.09454545454545454 0.08818181818181818
0 0.7972727272727272 0.8831818181818182 0.07090909090909091 0.05909090909090909
0 0.9409090909090909 0.8618181818181818 0.05454545454545454 0.05272727272727273
0 0.8854545454545455 0.8422727272727273 0.05090909090909091 0.05545454545454546
0 0.5509090909090909 0.855 0.12363636363636364 0.08636363636363636
0 0.83 0.8290909090909091 0.06545454545454546 0.04727272727272727
0 0.31 0.8654545454545455 0.14181818181818182 0.12
0 0.15545454545454546 0.860909090909091 0.14727272727272728 0.11454545454545455
0 0.43318181818181817 0.8409090909090909 0.07181818181818182 0.11454545454545455
0 0.9286363636363636 0.7936363636363636 0.06454545454545454 0.04727272727272727
0 0.6531818181818182 0.7972727272727272 0.07181818181818182 0.056363636363636366
0 0.8663636363636363 0.7786363636363637 0.06727272727272728 0.03909090909090909
0 0.8004545454545454 0.7863636363636364 0.05181818181818182 0.056363636363636366
0 0.7272727272727273 0.769090909090909 0.06 0.05818181818181818
0 0.5195454545454545 0.7718181818181818 0.12818181818181817 0.06727272727272728
0 0.36045454545454547 0.75 0.1390909090909091 0.11272727272727273
0 0.655 0.7236363636363636 0.06454545454545454 0.07454545454545454
0 0.09636363636363636 0.7318181818181818 0.14727272727272728 0.10363636363636364
0 0.23136363636363635 0.7431818181818182 0.10818181818181818 0.13545454545454547
0 0.7195454545454546 0.675 0.06272727272727273 0.07181818181818182
0 0.6590909090909091 0.65 0.06727272727272728 0.05454545454545454
0 0.6468181818181818 0.5409090909090909 0.19363636363636363 0.13636363636363635
0 0.8336363636363636 0.5309090909090909 0.14545454545454545 0.16
0 0.36454545454545456 0.5322727272727272 0.2818181818181818 0.27545454545454545
0 0.15253636363636364 0.5086363636363637 0.2531181818181818 0.2772727272727273
0 0.5731818181818182 0.40636363636363637 0.16818181818181818 0.1290909090909091
0 0.7363636363636363 0.40454545454545454 0.12363636363636364 0.15454545454545454
0 0.8836363636363637 0.40045454545454545 0.1709090909090909 0.16636363636363635
0 0.7531818181818182 0.17545454545454545 0.41545454545454547 0.28545454545454546
0 0.2809090909090909 0.2018181818181818 0.49636363636363634 0.3563636363636364