0 0.5969696969696969 0.9545454545454546 0.08363636363636363 0.027878787878787878
0 0.6878787878787879 0.9509090909090909 0.08121212121212121 0.027878787878787878
0 0.9024242424242425 0.9224242424242424 0.059393939393939395 0.02666666666666667
0 0.5751515151515152 0.9218181818181819 0.08121212121212121 0.027878787878787878
0 0.6624242424242425 0.916969696969697 0.08121212121212121 0.027878787878787878
0 0.8448484848484848 0.9139393939393939 0.05090909090909091 0.024242424242424242
0 0.9175757575757576 0.8927272727272727 0.05090909090909091 0.027878787878787878
0 0.603030303030303 0.889090909090909 0.08121212121212121 0.025454545454545455
0 0.8612121212121212 0.8896969696969697 0.052121212121212124 0.02909090909090909
0 0.6903030303030303 0.8854545454545455 0.08363636363636363 0.027878787878787878
0 0.9066666666666666 0.8654545454545455 0.06303030303030303 0.02181818181818182
0 0.8387878787878787 0.863030303030303 0.05818181818181818 0.024242424242424242
0 0.2993939393939394 0.8963636363636364 0.3418181818181818 0.1103030303030303
0 0.5751515151515152 0.8557575757575757 0.08606060606060606 0.03636363636363636
0 0.6636363636363637 0.8527272727272728 0.08363636363636363 0.037575757575757575
0 0.923030303030303 0.8387878787878787 0.05696969696969697 0.02666666666666667
0 0.8593939393939394 0.8393939393939394 0.06060606060606061 0.027878787878787878
0 0.6927272727272727 0.8218181818181818 0.08121212121212121 0.03636363636363636
0 0.5975757575757575 0.8157575757575758 0.08242424242424243 0.03636363636363636
0 0.9078787878787878 0.8103030303030303 0.055757575757575756 0.030303030303030304
0 0.8490909090909091 0.8103030303030303 0.059393939393939395 0.030303030303030304
0 0.693939393939394 0.7533333333333333 0.09818181818181818 0.04242424242424243
0 0.7957575757575758 0.7484848484848485 0.09818181818181818 0.04242424242424243
0 0.21696969696969698 0.769090909090909 0.3709090909090909 0.11272727272727273
0 0.82 0.7066666666666667 0.1006060606060606 0.03393939393939394
0 0.7084848484848485 0.7109090909090909 0.1006060606060606 0.04242424242424243
0 0.696969696969697 0.6709090909090909 0.09212121212121212 0.037575757575757575
0 0.8018181818181818 0.6642424242424242 0.10303030303030303 0.041212121212121214
0 0.7036363636363636 0.6284848484848485 0.10303030303030303 0.04242424242424243
0 0.8163636363636364 0.6236363636363637 0.10545454545454545 0.04
0 0.37757575757575756 0.6345454545454545 0.3696969696969697 0.1103030303030303
0 0.6866666666666666 0.5884848484848485 0.09333333333333334 0.03515151515151515
0 0.793939393939394 0.5866666666666667 0.10424242424242425 0.03393939393939394
0 0.8824242424242424 0.5278787878787878 0.11878787878787879 0.04727272727272727
0 0.2109090909090909 0.5387878787878788 0.3515151515151515 0.08848484848484849
0 0.6684848484848485 0.5121212121212121 0.1684848484848485 0.052121212121212124
0 0.8666666666666667 0.48363636363636364 0.11393939393939394 0.041212121212121214
0 0.616969696969697 0.46060606060606063 0.17939393939393938 0.05333333333333334
0 0.8927272727272727 0.4393939393939394 0.12242424242424242 0.04242424242424243
0 0.6630303030303031 0.4218181818181818 0.16727272727272727 0.041212121212121214
0 0.8703030303030304 0.3981818181818182 0.12121212121212122 0.0496969696969697
0 0.3006060606060606 0.41454545454545455 0.40484848484848485 0.1406060606060606
0 0.6193939393939394 0.3709090909090909 0.18424242424242424 0.06545454545454546
0 0.8896969696969697 0.35333333333333333 0.12848484848484848 0.037575757575757575
0 0.6533333333333333 0.3206060606060606 0.17212121212121212 0.0496969696969697
0 0.8321212121212122 0.2866666666666667 0.2193939393939394 0.059393939393939395
0 0.7630303030303031 0.22 0.21212121212121213 0.06181818181818182
0 0.24787878787878787 0.2503030303030303 0.41575757575757577 0.1296969696969697
0 0.8278787878787879 0.16484848484848486 0.23757575757575758 0.05818181818181818
0 0.7672727272727272 0.10666666666666667 0.22787878787878788 0.06060606060606061
0 0.8272727272727273 0.04666666666666667 0.25333333333333335 0.06181818181818182
0 0.3181818181818182 0.10424242424242425 0.5903030303030303 0.17939393939393938