0 0.44303030303030305 0.03878787878787879 0.08606060606060606 0.03515151515151515
0 0.3521212121212121 0.034545454545454546 0.08363636363636363 0.03515151515151515
0 0.13575757575757577 0.04424242424242424 0.06181818181818182 0.03151515151515152
0 0.4618181818181818 0.07333333333333333 0.08363636363636363 0.03515151515151515
0 0.37454545454545457 0.0703030303030303 0.08363636363636363 0.03515151515151515
0 0.19272727272727272 0.05757575757575758 0.05333333333333334 0.02909090909090909
0 0.11818181818181818 0.07212121212121213 0.05333333333333334 0.03272727272727273
0 0.4315151515151515 0.10363636363636364 0.08363636363636363 0.03272727272727273
0 0.17393939393939395 0.08060606060606061 0.05454545454545454 0.03393939393939394
0 0.34424242424242424 0.0993939393939394 0.08606060606060606 0.03515151515151515
0 0.12666666666666668 0.1006060606060606 0.06424242424242424 0.02666666666666667
0 0.19393939393939394 0.10909090909090909 0.06060606060606061 0.02909090909090909
0 0.7345454545454545 0.12242424242424242 0.3503030303030303 0.1393939393939394
0 0.45636363636363636 0.1387878787878788 0.08848484848484849 0.04363636363636364
0 0.36787878787878786 0.13454545454545455 0.08606060606060606 0.044848484848484846
0 0.10787878787878788 0.12545454545454546 0.059393939393939395 0.03151515151515152
0 0.1715151515151515 0.1303030303030303 0.06303030303030303 0.03272727272727273
0 0.33575757575757575 0.16242424242424242 0.08363636363636363 0.04363636363636364
0 0.4303030303030303 0.17696969696969697 0.08484848484848485 0.04363636363636364
0 0.1206060606060606 0.15515151515151515 0.05818181818181818 0.03515151515151515
0 0.17939393939393938 0.1606060606060606 0.06181818181818182 0.03515151515151515
0 0.3290909090909091 0.2309090909090909 0.10181818181818182 0.05090909090909091
0 0.22727272727272727 0.22666666666666666 0.10181818181818182 0.05090909090909091
0 0.8054545454545454 0.25636363636363635 0.3793939393939394 0.14424242424242426
0 0.1993939393939394 0.26606060606060605 0.10303030303030303 0.04242424242424243
0 0.3109090909090909 0.27151515151515154 0.10424242424242425 0.05090909090909091
0 0.3187878787878788 0.31272727272727274 0.09454545454545454 0.04606060606060606
0 0.21393939393939393 0.3103030303030303 0.10666666666666667 0.0496969696969697
0 0.3084848484848485 0.35454545454545455 0.10666666666666667 0.05090909090909091
0 0.19575757575757577 0.3490909090909091 0.10909090909090909 0.048484848484848485
0 0.6339393939393939 0.37636363636363634 0.3781818181818182 0.14181818181818182
0 0.32181818181818184 0.39575757575757575 0.09575757575757576 0.04363636363636364
0 0.21454545454545454 0.3878787878787879 0.10666666666666667 0.04242424242424243
0 0.12121212121212122 0.4387878787878788 0.12242424242424242 0.05696969696969697
0 0.7915151515151515 0.4866666666666667 0.3575757575757576 0.11878787878787879
0 0.3333333333333333 0.47333333333333333 0.17212121212121212 0.06666666666666667
0 0.13333333333333333 0.48424242424242425 0.11757575757575757 0.05090909090909091
0 0.38 0.5290909090909091 0.18303030303030304 0.06909090909090909
0 0.10363636363636364 0.526060606060606 0.12606060606060607 0.05333333333333334
0 0.33090909090909093 0.5636363636363636 0.1696969696969697 0.055757575757575756
0 0.12242424242424242 0.5690909090909091 0.12484848484848485 0.06060606060606061
0 0.6909090909090909 0.6024242424242424 0.41575757575757577 0.17575757575757575
0 0.3696969696969697 0.6181818181818182 0.1890909090909091 0.08121212121212121
0 0.09878787878787879 0.6121212121212121 0.13090909090909092 0.048484848484848485
0 0.33151515151515154 0.6654545454545454 0.17575757575757575 0.06424242424242424
0 0.1503030303030303 0.6836363636363636 0.22424242424242424 0.07878787878787878
0 0.21333333333333335 0.7557575757575757 0.21696969696969698 0.08
0 0.7296969696969697 0.7709090909090909 0.4254545454545455 0.16484848484848486
0 0.14424242424242426 0.8054545454545454 0.2412121212121212 0.07878787878787878
0 0.1993939393939394 0.8684848484848485 0.23272727272727273 0.08
0 0.13454545454545455 0.923030303030303 0.2581818181818182 0.08363636363636363
0 0.6460606060606061 0.8975757575757576 0.6036363636363636 0.20484848484848484