0 0.198 0.4341142020497804 0.176 0.2547584187408492
0 0.26666666666666666 0.7320644216691069 0.176 0.21815519765739386
0 0.37266666666666665 0.12445095168374817 0.20933333333333334 0.24890190336749635
0 0.37466666666666665 0.4816983894582723 0.192 0.232796486090776
0 0.514 0.24890190336749635 0.20533333333333334 0.18740849194729137
0 0.4846666666666667 0.7101024890190337 0.216 0.1815519765739385
0 0.562 0.9048316251830161 0.18533333333333332 0.16105417276720352
0 0.662 0.11054172767203514 0.188 0.16251830161054173
0 0.6893333333333334 0.6361639824304539 0.14533333333333334 0.21815519765739386
0 0.7033333333333334 0.3733528550512445 0.15333333333333332 0.21815519765739386
0 0.804 0.7306002928257687 0.132 0.20790629575402636
0 0.8486666666666667 0.3513909224011713 0.148 0.2225475841874085