0 0.4613333333333333 0.835285505124451 0.22133333333333333 0.17715959004392387
0 0.7273333333333334 0.739385065885798 0.188 0.17862371888726208
0 0.16733333333333333 0.664714494875549 0.21466666666666667 0.21376281112737922
0 0.492 0.6383601756954612 0.2 0.19619326500732065
0 0.27066666666666667 0.5021961932650073 0.15733333333333333 0.21376281112737922
0 0.692 0.5021961932650073 0.152 0.22547584187408493
0 0.8633333333333333 0.404099560761347 0.13466666666666666 0.19326500732064422
0 0.13466666666666666 0.34992679355783307 0.136 0.19619326500732065
0 0.6106666666666667 0.28330893118594436 0.18933333333333333 0.14494875549048317
0 0.37066666666666664 0.2862371888726208 0.18933333333333333 0.15373352855051245
0 0.688 0.15080527086383602 0.18133333333333335 0.13177159590043924
0 0.3406666666666667 0.1281112737920937 0.19333333333333333 0.1478770131771596