0 0.8073333333333333 0.5190336749633968 0.176 0.2547584187408492
0 0.7013333333333334 0.2342606149341142 0.176 0.21815519765739386
0 0.6726666666666666 0.8528550512445096 0.20933333333333334 0.25036603221083453
0 0.626 0.4992679355783309 0.192 0.232796486090776
0 0.518 0.7510980966325037 0.20533333333333334 0.18740849194729137
0 0.4886666666666667 0.2891654465592972 0.216 0.1815519765739385
0 0.3873333333333333 0.10834553440702782 0.18533333333333332 0.16105417276720352
0 0.3893333333333333 0.9106881405563689 0.188 0.16251830161054173
0 0.29533333333333334 0.3938506588579795 0.14533333333333334 0.21815519765739386
0 0.31466666666666665 0.6566617862371888 0.15333333333333332 0.21815519765739386
0 0.16933333333333334 0.3184480234260615 0.132 0.20790629575402636
0 0.17333333333333334 0.7005856515373353 0.148 0.2225475841874085