0 0.3236363636363636 0.08121212121212121 0.13575757575757577 0.08727272727272728
0 0.1703030303030303 0.13272727272727272 0.1006060606060606 0.05454545454545454
0 0.07696969696969697 0.14666666666666667 0.08606060606060606 0.06181818181818182
0 0.4351515151515152 0.1 0.07636363636363637 0.11272727272727273
0 0.1709090909090909 0.18666666666666668 0.08848484848484849 0.06424242424242424
0 0.08363636363636363 0.20424242424242425 0.08 0.05333333333333334
0 0.3521212121212121 0.1690909090909091 0.09454545454545454 0.11393939393939394
0 0.1787878787878788 0.24303030303030304 0.08848484848484849 0.055757575757575756
0 0.08848484848484849 0.25757575757575757 0.08242424242424243 0.05696969696969697
0 0.43454545454545457 0.22181818181818183 0.08606060606060606 0.12242424242424242
0 0.3327272727272727 0.26666666666666666 0.1321212121212121 0.08484848484848485
0 0.18666666666666668 0.29818181818181816 0.09696969696969697 0.05454545454545454
0 0.09575757575757576 0.3151515151515151 0.08848484848484849 0.06181818181818182
0 0.18484848484848485 0.3509090909090909 0.08606060606060606 0.05696969696969697
0 0.09818181818181818 0.36303030303030304 0.08363636363636363 0.05090909090909091
0 0.7266666666666667 0.18727272727272729 0.4715151515151515 0.37454545454545457
0 0.34363636363636363 0.3836363636363636 0.15515151515151515 0.14181818181818182
0 0.1406060606060606 0.5248484848484849 0.05454545454545454 0.03393939393939394
0 0.08484848484848485 0.5303030303030303 0.05818181818181818 0.037575757575757575
0 0.3418181818181818 0.4921212121212121 0.15757575757575756 0.10424242424242425
0 0.23393939393939395 0.4709090909090909 0.15515151515151515 0.1806060606060606
0 0.14181818181818182 0.5606060606060606 0.055757575757575756 0.03515151515151515
0 0.08848484848484849 0.5684848484848485 0.052121212121212124 0.03272727272727273
0 0.14242424242424243 0.5933333333333334 0.05090909090909091 0.03393939393939394
0 0.4709090909090909 0.49636363636363634 0.11151515151515151 0.1781818181818182
0 0.08969696969696969 0.603030303030303 0.05090909090909091 0.03393939393939394
0 0.14666666666666667 0.6248484848484849 0.055757575757575756 0.03272727272727273
0 0.0890909090909091 0.6357575757575757 0.05818181818181818 0.03272727272727273
0 0.32181818181818184 0.5987878787878788 0.19272727272727272 0.12242424242424242
0 0.1478787878787879 0.6587878787878788 0.0496969696969697 0.03636363636363636
0 0.09333333333333334 0.666060606060606 0.052121212121212124 0.03272727272727273
0 0.7587878787878788 0.546060606060606 0.45575757575757575 0.3563636363636364
0 0.3187878787878788 0.7684848484848484 0.263030303030303 0.22424242424242424
0 0.12181818181818181 0.8303030303030303 0.16363636363636364 0.2824242424242424
0 0.516969696969697 0.8315151515151515 0.14666666666666667 0.26666666666666666
0 0.8054545454545454 0.82 0.36 0.2727272727272727
0 0.31757575757575757 0.8957575757575758 0.25212121212121213 0.2084848484848485