0 0.6393939393939394 0.9327272727272727 0.1296969696969697 0.07636363636363637
0 0.7963636363636364 0.8945454545454545 0.09696969696969697 0.04606060606060606
0 0.8903030303030303 0.889090909090909 0.08121212121212121 0.05454545454545454
0 0.5296969696969697 0.9042424242424243 0.06787878787878789 0.10666666666666667
0 0.8006060606060607 0.8406060606060606 0.08363636363636363 0.05696969696969697
0 0.889090909090909 0.8309090909090909 0.07636363636363637 0.04727272727272727
0 0.6187878787878788 0.8424242424242424 0.08606060606060606 0.10666666666666667
0 0.7975757575757576 0.7842424242424243 0.08484848484848485 0.048484848484848485
0 0.889090909090909 0.7775757575757576 0.07878787878787878 0.0496969696969697
0 0.5412121212121213 0.7830303030303031 0.07636363636363637 0.11636363636363636
0 0.6460606060606061 0.7472727272727273 0.12606060606060607 0.07393939393939394
0 0.7945454545454546 0.7284848484848485 0.09333333333333334 0.04606060606060606
0 0.8866666666666667 0.7193939393939394 0.08363636363636363 0.05454545454545454
0 0.8012121212121213 0.6757575757575758 0.08242424242424243 0.0496969696969697
0 0.8884848484848484 0.6715151515151515 0.08 0.04363636363636364
0 0.24606060606060606 0.7921212121212121 0.44363636363636366 0.3381818181818182
0 0.6454545454545455 0.6296969696969696 0.14424242424242426 0.1296969696969697
0 0.86 0.5066666666666667 0.052121212121212124 0.02909090909090909
0 0.9163636363636364 0.5060606060606061 0.055757575757575756 0.03272727272727273
0 0.656969696969697 0.5218181818181818 0.1503030303030303 0.09090909090909091
0 0.7624242424242424 0.5521212121212121 0.1406060606060606 0.1684848484848485
0 0.8618181818181818 0.4709090909090909 0.05333333333333334 0.030303030303030304
0 0.9157575757575758 0.4678787878787879 0.0496969696969697 0.02909090909090909
0 0.8642424242424243 0.4381818181818182 0.048484848484848485 0.030303030303030304
0 0.5284848484848484 0.5060606060606061 0.09696969696969697 0.1709090909090909
0 0.9175757575757576 0.43333333333333335 0.048484848484848485 0.030303030303030304
0 0.863030303030303 0.4066666666666667 0.05333333333333334 0.027878787878787878
0 0.9212121212121213 0.40060606060606063 0.055757575757575756 0.027878787878787878
0 0.686060606060606 0.416969696969697 0.18424242424242424 0.10666666666666667
0 0.8648484848484849 0.37272727272727274 0.04727272727272727 0.03272727272727273
0 0.9193939393939394 0.3696969696969697 0.0496969696969697 0.02909090909090909
0 0.24606060606060606 0.4315151515151515 0.4290909090909091 0.32
0 0.7036363636363636 0.24848484848484848 0.24606060606060606 0.20363636363636364
0 0.9054545454545454 0.20363636363636364 0.1406060606060606 0.27151515151515154
0 0.5121212121212121 0.1684848484848485 0.12484848484848485 0.25696969696969696
0 0.22363636363636363 0.15454545454545454 0.3406060606060606 0.24363636363636362
0 0.7157575757575757 0.12 0.23636363636363636 0.19151515151515153