0 0.09454545454545454 0.7054545454545454 0.09575757575757576 0.1406060606060606
0 0.15696969696969698 0.8545454545454545 0.06060606060606061 0.10303030303030303
0 0.17696969696969697 0.9466666666666667 0.06666666666666667 0.08848484848484849
0 0.10545454545454545 0.5927272727272728 0.11636363636363636 0.08363636363636363
0 0.2109090909090909 0.8503030303030303 0.06909090909090909 0.09212121212121212
0 0.23393939393939395 0.9363636363636364 0.05818181818181818 0.08242424242424243
0 0.1806060606060606 0.6709090909090909 0.11878787878787879 0.10181818181818182
0 0.26606060606060605 0.8381818181818181 0.06060606060606061 0.09090909090909091
0 0.2866666666666667 0.9278787878787879 0.06181818181818182 0.08606060606060606
0 0.22666666666666666 0.5848484848484848 0.12727272727272726 0.09333333333333334
0 0.2787878787878788 0.683030303030303 0.09333333333333334 0.13575757575757577
0 0.3206060606060606 0.8266666666666667 0.06060606060606061 0.0993939393939394
0 0.34363636363636363 0.9163636363636364 0.06666666666666667 0.09090909090909091
0 0.37333333333333335 0.8248484848484848 0.06181818181818182 0.08969696969696969
0 0.39151515151515154 0.9103030303030303 0.055757575757575756 0.08606060606060606
0 0.18666666666666668 0.29515151515151516 0.37333333333333335 0.4909090909090909
0 0.39454545454545453 0.6642424242424242 0.1503030303030303 0.16242424242424242
0 0.5496969696969697 0.8563636363636363 0.03636363636363636 0.055757575757575756
0 0.5593939393939394 0.9121212121212121 0.041212121212121214 0.06060606060606061
0 0.503030303030303 0.6581818181818182 0.11272727272727273 0.16242424242424242
0 0.4896969696969697 0.7672727272727272 0.18787878787878787 0.16484848484848486
0 0.5854545454545454 0.8527272727272728 0.03878787878787879 0.05696969696969697
0 0.5969696969696969 0.9054545454545454 0.03636363636363636 0.05333333333333334
0 0.6181818181818182 0.8503030303030303 0.037575757575757575 0.052121212121212124
0 0.49818181818181817 0.5290909090909091 0.18424242424242424 0.12242424242424242
0 0.6309090909090909 0.9018181818181819 0.037575757575757575 0.052121212121212124
0 0.649090909090909 0.8442424242424242 0.03636363636363636 0.05696969696969697
0 0.6642424242424242 0.9006060606060606 0.03636363636363636 0.059393939393939395
0 0.610909090909091 0.6709090909090909 0.13454545454545455 0.1987878787878788
0 0.683030303030303 0.8406060606060606 0.04 0.052121212121212124
0 0.6945454545454546 0.8939393939393939 0.03636363636363636 0.05333333333333334
0 0.5278787878787878 0.2381818181818182 0.38303030303030305 0.47393939393939394
0 0.78 0.6618181818181819 0.24 0.27515151515151515
0 0.8557575757575757 0.8533333333333334 0.2884848484848485 0.18181818181818182
0 0.8290909090909091 0.46 0.2739393939393939 0.16363636363636364
0 0.7975757575757576 0.18 0.29333333333333333 0.36
0 0.8975757575757576 0.6539393939393939 0.20484848484848484 0.263030303030303