0 0.72 0.7753333333333333 0.13866666666666666 0.11866666666666667
0 0.5306666666666666 0.768 0.13066666666666665 0.14933333333333335
0 0.352 0.7486666666666667 0.136 0.14533333333333334
0 0.20133333333333334 0.688 0.128 0.152
0 0.824 0.6473333333333333 0.14133333333333334 0.13466666666666666
0 0.15133333333333332 0.5246666666666666 0.14 0.13733333333333334
0 0.862 0.472 0.15333333333333332 0.12
0 0.16666666666666666 0.3626666666666667 0.14666666666666667 0.13333333333333333
0 0.812 0.322 0.13866666666666666 0.132
0 0.302 0.24133333333333334 0.12666666666666668 0.13333333333333333
0 0.6466666666666666 0.226 0.14666666666666667 0.13733333333333334
0 0.468 0.21133333333333335 0.144 0.13733333333333334