0 0.36133333333333334 0.9164265129682997 0.12 0.11239193083573487
0 0.248 0.8321325648414986 0.108 0.12536023054755044
0 0.16533333333333333 0.680835734870317 0.09066666666666667 0.11527377521613832
0 0.12466666666666666 0.4675792507204611 0.096 0.11095100864553314
0 0.222 0.5554755043227666 0.09866666666666667 0.12247838616714697
0 0.22533333333333333 0.3969740634005764 0.09066666666666667 0.12680115273775217
0 0.224 0.23991354466858789 0.112 0.1282420749279539
0 0.338 0.1239193083573487 0.112 0.11095100864553314
0 0.3453333333333333 0.2478386167146974 0.09866666666666667 0.11095100864553314
0 0.3413333333333333 0.3840057636887608 0.10533333333333333 0.1138328530259366
0 0.3373333333333333 0.5280979827089337 0.1 0.11671469740634005
0 0.30333333333333334 0.6945244956772334 0.08 0.11239193083573487
0 0.4066666666666667 0.6534582132564841 0.092 0.11671469740634005
0 0.4126666666666667 0.7838616714697406 0.09733333333333333 0.10518731988472622
0 0.49866666666666665 0.9365994236311239 0.088 0.10086455331412104
0 0.5413333333333333 0.8119596541786743 0.096 0.09654178674351585
0 0.5233333333333333 0.6685878962536023 0.1 0.10806916426512968
0 0.6033333333333334 0.5223342939481268 0.10266666666666667 0.12968299711815562
0 0.5646666666666667 0.38256484149855907 0.092 0.11815561959654179
0 0.454 0.31195965417867433 0.11066666666666666 0.1282420749279539
0 0.472 0.16642651296829972 0.1 0.13112391930835735
0 0.584 0.08717579250720461 0.11733333333333333 0.12680115273775217
0 0.616 0.2377521613832853 0.10666666666666667 0.1282420749279539
0 0.6953333333333334 0.4034582132564842 0.10666666666666667 0.12247838616714697
0 0.756 0.2355907780979827 0.1 0.12680115273775217
0 0.826 0.4423631123919308 0.10933333333333334 0.13256484149855907
0 0.7406666666666667 0.5662824207492796 0.11866666666666667 0.13688760806916425
0 0.6593333333333333 0.6930835734870316 0.11333333333333333 0.13544668587896252
0 0.6913333333333334 0.8595100864553314 0.12533333333333332 0.12103746397694524
0 0.8233333333333334 0.7247838616714697 0.09866666666666667 0.1340057636887608