0 0.154 0.5043795620437956 0.08933333333333333 0.11970802919708029
0 0.19133333333333333 0.27664233576642333 0.09466666666666666 0.10656934306569343
0 0.184 0.7131386861313869 0.08933333333333333 0.11970802919708029
0 0.27466666666666667 0.5058394160583941 0.092 0.12262773722627737
0 0.316 0.30583941605839415 0.09866666666666667 0.145985401459854
0 0.314 0.8708029197080291 0.10533333333333333 0.10656934306569343
0 0.3353333333333333 0.6985401459854015 0.10933333333333334 0.10510948905109489
0 0.38066666666666665 0.11678832116788321 0.11866666666666667 0.12700729927007298
0 0.38533333333333336 0.4343065693430657 0.09333333333333334 0.12262773722627737
0 0.388 0.5715328467153284 0.1 0.11386861313868613
0 0.428 0.23284671532846715 0.1 0.12408759124087591
0 0.476 0.3372262773722628 0.09466666666666666 0.10510948905109489
0 0.474 0.6649635036496351 0.11733333333333333 0.10218978102189781
0 0.486 0.7839416058394161 0.1 0.09781021897810219
0 0.53 0.9043795620437957 0.10666666666666667 0.11678832116788321
0 0.578 0.2518248175182482 0.11333333333333333 0.11678832116788321
0 0.6093333333333333 0.09781021897810219 0.104 0.10218978102189781
0 0.5953333333333334 0.42773722627737226 0.09866666666666667 0.12554744525547445
0 0.5986666666666667 0.5664233576642336 0.10666666666666667 0.11824817518248175
0 0.6246666666666667 0.7036496350364964 0.1 0.12846715328467154
0 0.6926666666666667 0.3532846715328467 0.10933333333333334 0.14890510948905109
0 0.7133333333333334 0.551094890510949 0.096 0.10948905109489052
0 0.7593333333333333 0.23503649635036497 0.1 0.11386861313868613
0 0.7593333333333333 0.7598540145985402 0.12266666666666666 0.14014598540145987
0 0.834 0.4992700729927007 0.08666666666666667 0.09635036496350365