0 0.4265625 0.40546875 0.04375 0.04375
0 0.75859375 0.1765625 0.1234375 0.096875
0 0.371875 0.07734375 0.0875 0.103125
0 0.25 0.51875 0.184375 0.175
0 0.34921875 0.625 0.1546875 0.153125
0 0.41875 0.8703125 0.090625 0.0921875
0 0.01640625 0.365625 0.0328125 0.03125
0 0.39609375 0.5328125 0.0390625 0.0375
0 0.0359375 0.59609375 0.028125 0.034375
0 0.98984375 0.73046875 0.0203125 0.0453125
0 0.4109375 0.36640625 0.025 0.028125
0 0.4203125 0.671875 0.0375 0.034375
0 0.88203125 0.20546875 0.0390625 0.040625
0 0.48671875 0.31328125 0.03125 0.03125
0 0.40078125 0.7109375 0.034375 0.0328125
0 0.096875 0.91875 0.0640625 0.0515625
0 0.38203125 0.75703125 0.0390625 0.0390625
0 0.7671875 0.95859375 0.0953125 0.040625
0 0.88203125 0.940625 0.0609375 0.05
0 0.27734375 0.74765625 0.084375 0.0796875
0 0.54609375 0.38359375 0.0328125 0.0625
0 0.96015625 0.27890625 0.05 0.1171875
1 0.11875 0.21796875 0.18125 0.165625
0 0.13515625 0.921875 0.08125 0.0796875
1 0.5546875 0.71953125 0.19375 0.321875
0 0.465625 0.54921875 0.03125 0.0296875
0 0.88359375 0.2703125 0.05 0.0421875
0 0.30859375 0.3265625 0.0421875 0.0515625
0 0.9171875 0.43046875 0.0625 0.071875
0 0.55390625 0.95390625 0.171875 0.0828125
0 0.0515625 0.52578125 0.075 0.04375
0 0.4609375 0.91796875 0.0515625 0.0421875
1 0.51640625 0.86328125 0.0921875 0.1453125
0 0.30390625 0.83203125 0.0453125 0.046875
0 0.015625 0.2375 0.03125 0.11875
0 0.12109375 0.45234375 0.09375 0.0671875
0 0.13671875 0.54375 0.096875 0.1
0 0.546875 0.6140625 0.03125 0.0375
0 0.7609375 0.50078125 0.1453125 0.203125
0 0.3859375 0.45078125 0.1890625 0.1140625
0 0.87734375 0.803125 0.0671875 0.05625
0 0.27109375 0.03046875 0.040625 0.0203125
0 0.9609375 0.79765625 0.0453125 0.04375
0 0.4421875 0.2546875 0.034375 0.03125
0 0.2453125 0.6453125 0.0625 0.0515625
0 0.97109375 0.840625 0.0296875 0.0296875
0 0.93359375 0.13828125 0.040625 0.0375
0 0.8734375 0.48984375 0.06875 0.0953125
1 0.45625 0.72890625 0.0984375 0.1609375
0 0.21015625 0.41640625 0.0921875 0.084375
0 0.97578125 0.63359375 0.0484375 0.0671875
0 0.7203125 0.65546875 0.1453125 0.1421875
0 0.4484375 0.2171875 0.0296875 0.0265625
0 0.31953125 0.78359375 0.0828125 0.0703125
0 0.4109375 0.815625 0.0546875 0.0453125
0 0.1390625 0.6125 0.0703125 0.06875
0 0.01015625 0.1265625 0.0203125 0.134375
0 0.0921875 0.8421875 0.0640625 0.0546875
1 0.734375 0.3390625 0.1140625 0.2015625
0 0.80703125 0.32421875 0.146875 0.2578125
0 0.50703125 0.8640625 0.0171875 0.028125
0 0.078125 0.68828125 0.0703125 0.1203125
0 0.0890625 0.6390625 0.0234375 0.0171875
1 0.39921875 0.26953125 0.2625 0.21875
1 0.0921875 0.37421875 0.184375 0.2609375