0 0.5953125 0.6328125 0.034375 0.046875
0 0.85078125 0.2625 0.0328125 0.028125
0 0.2796875 0.30859375 0.0375 0.0359375
0 0.815625 0.7421875 0.021875 0.0375
0 0.203125 0.32265625 0.0515625 0.040625
0 0.68203125 0.3828125 0.0203125 0.021875
0 0.92421875 0.659375 0.034375 0.034375
0 0.36171875 0.434375 0.0375 0.0609375
0 0.321875 0.29140625 0.0328125 0.040625
0 0.98125 0.7671875 0.0328125 0.034375
0 0.48515625 0.3171875 0.015625 0.0125
0 0.02578125 0.79296875 0.0484375 0.05625
0 0.54921875 0.49609375 0.0375 0.034375
0 0.02578125 0.45859375 0.0515625 0.075
0 0.6484375 0.75703125 0.0171875 0.015625
0 0.49296875 0.34296875 0.05 0.0546875
0 0.3484375 0.67890625 0.028125 0.03125
0 0.125 0.54296875 0.103125 0.196875
0 0.8796875 0.39609375 0.0375 0.040625
0 0.590625 0.70859375 0.0078125 0.009375
0 0.071875 0.759375 0.03125 0.028125
0 0.01796875 0.31171875 0.0328125 0.0625
0 0.5 0.0921875 0.0640625 0.0421875
0 0.55859375 0.584375 0.05625 0.09375
0 0.221875 0.184375 0.1375 0.0796875
0 0.9890625 0.6765625 0.0203125 0.04375
1 0.55625 0.765625 0.0515625 0.08125
0 0.08984375 0.29921875 0.021875 0.0265625
0 0.5609375 0.08671875 0.0609375 0.065625
0 0.52109375 0.46015625 0.0140625 0.0234375
0 0.30703125 0.7359375 0.028125 0.025
0 0.553125 0.86484375 0.0203125 0.0265625
0 0.528125 0.5609375 0.0109375 0.0140625
0 0.09765625 0.65390625 0.0484375 0.046875
0 0.5125 0.803125 0.015625 0.0171875
0 0.98203125 0.31328125 0.034375 0.0234375
0 0.7125 0.159375 0.028125 0.0296875
0 0.928125 0.403125 0.028125 0.03125
0 0.59921875 0.48046875 0.034375 0.0421875
0 0.41328125 0.603125 0.015625 0.0109375
0 0.65234375 0.203125 0.034375 0.034375
0 0.31796875 0.48125 0.040625 0.0484375
0 0.54765625 0.325 0.0234375 0.021875
0 0.63046875 0.571875 0.0359375 0.034375
0 0.68515625 0.49609375 0.015625 0.0140625
0 0.9046875 0.628125 0.0375 0.0265625
0 0.01640625 0.67734375 0.0328125 0.1265625
0 0.15 0.14296875 0.1140625 0.0671875
0 0.7609375 0.5015625 0.03125 0.025
0 0.678125 0.3578125 0.028125 0.0296875
0 0.86875 0.91640625 0.0328125 0.0375
0 0.515625 0.77734375 0.021875 0.021875
0 0.9265625 0.59140625 0.028125 0.028125
0 0.3265625 0.253125 0.0390625 0.0375
0 0.059375 0.64609375 0.0484375 0.0359375
0 0.51796875 0.8375 0.0046875 0.009375
0 0.8 0.78984375 0.0203125 0.021875
0 0.3609375 0.8890625 0.0140625 0.0140625
0 0.503125 0.88359375 0.0109375 0.0140625
0 0.5015625 0.50390625 0.0421875 0.05
0 0.3734375 0.68515625 0.03125 0.065625
0 0.57421875 0.328125 0.0328125 0.03125
0 0.6421875 0.64609375 0.0203125 0.0203125
0 0.32734375 0.590625 0.084375 0.153125
0 0.82578125 0.65 0.1046875 0.0625
1 0.490625 0.38671875 0.0890625 0.084375
0 0.77265625 0.20859375 0.109375 0.1171875
0 0.56328125 0.690625 0.01875 0.03125
0 0.515625 0.59921875 0.025 0.065625
0 0.6578125 0.8578125 0.0375 0.0515625
0 0.18046875 0.72734375 0.0328125 0.04375
0 0.78125 0.06484375 0.0796875 0.0515625
0 0.9765625 0.60625 0.046875 0.0859375
0 0.5796875 0.4609375 0.0234375 0.025
0 0.9859375 0.48125 0.028125 0.0328125
0 0.80390625 0.4921875 0.034375 0.0328125
0 0.38515625 0.74453125 0.0546875 0.0640625
0 0.98828125 0.5109375 0.0234375 0.0265625
0 0.22109375 0.57421875 0.03125 0.0484375
0 0.60703125 0.35 0.028125 0.0359375
0 0.7546875 0.3703125 0.0265625 0.0296875
0 0.128125 0.82734375 0.0328125 0.0265625
0 0.53828125 0.934375 0.03125 0.03125
0 0.38671875 0.434375 0.06875 0.075
0 0.8921875 0.49296875 0.0375 0.0234375
0 0.97265625 0.64921875 0.0296875 0.03125
0 0.7015625 0.071875 0.059375 0.0671875
0 0.1078125 0.190625 0.0234375 0.0265625
0 0.71640625 0.51875 0.0515625 0.078125
0 0.4609375 0.6421875 0.01875 0.0203125
0 0.81171875 0.334375 0.03125 0.028125
0 0.765625 0.27578125 0.071875 0.1015625
0 0.284375 0.07265625 0.0484375 0.0375
0 0.85078125 0.69140625 0.0265625 0.0421875
0 0.909375 0.27109375 0.0828125 0.10625
0 0.4375 0.18984375 0.0171875 0.0234375
0 0.1296875 0.30859375 0.034375 0.028125
0 0.67578125 0.72265625 0.0328125 0.034375
0 0.653125 0.61875 0.025 0.028125
0 0.696875 0.26015625 0.0375 0.046875
0 0.4203125 0.6890625 0.021875 0.0203125
0 0.75859375 0.54609375 0.075 0.1015625
0 0.60703125 0.259375 0.078125 0.1078125
0 0.9484375 0.61953125 0.021875 0.025
0 0.46640625 0.5328125 0.046875 0.040625
0 0.25078125 0.26171875 0.0515625 0.040625
0 0.47578125 0.94296875 0.021875 0.021875
0 0.275 0.8921875 0.028125 0.0296875
0 0.9390625 0.49921875 0.034375 0.0265625
0 0.27109375 0.4953125 0.0359375 0.0484375
0 0.321875 0.0515625 0.046875 0.0359375
0 0.56015625 0.521875 0.028125 0.021875
0 0.003125 0.884375 0.00625 0.021875
0 0.54765625 0.821875 0.0625 0.0671875
0 0.240625 0.51484375 0.021875 0.015625
0 0.9875 0.721875 0.021875 0.0265625
0 0.4109375 0.4375 0.0421875 0.075
0 0.13984375 0.4265625 0.1375 0.209375
0 0.95859375 0.8453125 0.0171875 0.0125
0 0.82578125 0.69453125 0.0234375 0.03125
0 0.803125 0.52265625 0.0234375 0.0203125
0 0.63515625 0.4140625 0.0796875 0.096875
0 0.021875 0.9796875 0.0328125 0.0265625
0 0.54453125 0.3484375 0.0203125 0.0203125
0 0.58046875 0.38671875 0.034375 0.0328125
0 0.24453125 0.609375 0.05 0.040625
0 0.5046875 0.8578125 0.009375 0.015625
0 0.490625 0.69140625 0.04375 0.046875
0 0.64296875 0.3328125 0.05625 0.0515625
0 0.25390625 0.703125 0.0171875 0.0171875
0 0.82578125 0.16796875 0.046875 0.05625
0 0.96484375 0.87109375 0.021875 0.028125
0 0.371875 0.34140625 0.071875 0.09375
0 0.86875 0.73671875 0.0234375 0.0203125
0 0.9453125 0.43515625 0.034375 0.0265625
0 0.19453125 0.8265625 0.03125 0.028125
0 0.5984375 0.86796875 0.053125 0.08125
0 0.859375 0.8609375 0.065625 0.059375
0 0.696875 0.6296875 0.009375 0.009375
0 0.3890625 0.51640625 0.053125 0.0671875
0 0.79453125 0.428125 0.0625 0.0953125
0 0.653125 0.553125 0.0125 0.0140625
0 0.7453125 0.45234375 0.034375 0.0328125
0 0.5296875 0.70625 0.034375 0.059375
0 0.23125 0.678125 0.0375 0.046875
0 0.1421875 0.9296875 0.0296875 0.0296875
0 0.9078125 0.515625 0.028125 0.0265625
0 0.96328125 0.7328125 0.0328125 0.0203125
0 0.2390625 0.54609375 0.03125 0.053125
0 0.275 0.13046875 0.05 0.0453125
0 0.60390625 0.75625 0.0359375 0.0328125
0 0.50390625 0.4734375 0.021875 0.0171875
0 0.259375 0.40625 0.0328125 0.0484375
0 0.9546875 0.55390625 0.0328125 0.03125
0 0.478125 0.27734375 0.05 0.0546875
0 0.34921875 0.246875 0.1125 0.13125
0 0.0140625 0.00859375 0.028125 0.0171875
0 0.37578125 0.80546875 0.0328125 0.06875
1 0.41875 0.59375 0.0890625 0.08125
1 0.44140625 0.60703125 0.090625 0.078125
0 0.52421875 0.75703125 0.0125 0.0203125
0 0.7734375 0.65 0.0984375 0.1234375
0 0.8296875 0.4546875 0.015625 0.0125
0 0.8484375 0.44375 0.01875 0.0140625
0 0.82421875 0.496875 0.0484375 0.071875
1 0.78828125 0.421875 0.1625 0.196875
1 0.79765625 0.628125 0.203125 0.1546875
1 0.4734375 0.46953125 0.115625 0.13125
0 0.396875 0.91953125 0.071875 0.0875