0 0.421875 0.075 0.0984375 0.0640625
0 0.65 0.1578125 0.0703125 0.040625
0 0.9729374999999999 0.783734375 0.053125 0.045890625000000004
0 0.328125 0.19140625 0.0515625 0.0375
0 0.1828125 0.4203125 0.1625 0.146875
0 0.87109375 0.4296875 0.0390625 0.028125
0 0.959375 0.053125 0.071875 0.034375
0 0.92421875 0.18984375 0.0328125 0.0203125
0 0.840625 0.921875 0.0390625 0.0328125
0 0.21171875 0.28828125 0.11875 0.0875
0 0.64134375 0.44573437499999996 0.0234375 0.020874999999999998
0 0.80703125 0.6125 0.046875 0.034375
0 0.93984375 0.425 0.046875 0.0328125
0 0.0421875 0.328125 0.084375 0.0921875
0 0.1453125 0.84609375 0.0328125 0.0296875
0 0.01496875 0.9036093749999999 0.0299375 0.0375
0 0.109375 0.5890625 0.0515625 0.0609375
0 0.86171875 0.06953125 0.0625 0.0328125
0 0.759015625 0.93671875 0.078125 0.0671875
0 0.8375 0.24609375 0.0359375 0.0328125
0 0.31328125 0.8578125 0.0296875 0.034375
0 0.31171875 0.250625 0.050859375 0.054265625
0 0.6640625 0.38203125 0.0609375 0.04375
0 0.071875 0.765625 0.034375 0.0421875
0 0.95234375 0.35234375 0.0875 0.1046875
0 0.75859375 0.55390625 0.084375 0.078125
0 0.26953125 0.35234375 0.0609375 0.0515625
0 0.046875 0.2359375 0.0921875 0.06875
0 0.085828125 0.8573437500000001 0.1 0.1484375
0 0.8703125 0.17265625 0.040625 0.0453125
0 0.85390625 0.1359375 0.053125 0.0359375
0 0.823078125 0.9426875000000001 0.041625 0.039484375
0 0.55625 0.24765625 0.01875 0.01875
0 0.3859375 0.50078125 0.0609375 0.0421875
0 0.024765625 0.511546875 0.049515625 0.086671875
0 0.4984375 0.4609375 0.053125 0.0875
0 0.67109375 0.06796875 0.1609375 0.109375
0 0.330828125 0.42495312500000004 0.140625 0.1171875
0 0.330640625 0.613296875 0.0765625 0.0625
0 0.39375 0.158734375 0.046875 0.058078125
0 0.009375 0.640625 0.0171875 0.0171875
0 0.96640625 0.23984375 0.0640625 0.05
0 0.43671875 0.33515625 0.1328125 0.096875
0 0.046140625000000005 0.733484375 0.018625 0.01934375
0 0.9515625 0.0203125 0.071875 0.0390625
0 0.398015625 0.6034843750000001 0.0625 0.0828125
0 0.09296875 0.40625 0.0609375 0.059375
0 0.01490625 0.600484375 0.0265625 0.0265625
0 0.19609375 0.89453125 0.0890625 0.0734375
0 0.03359375 0.57578125 0.0390625 0.04375
0 0.385515625 0.6595 0.06875 0.0578125
0 0.0859375 0.38046875 0.059375 0.04375
0 0.25234375 0.484375 0.040625 0.0265625
0 0.271875 0.54296875 0.1546875 0.1296875
0 0.61540625 0.45639062499999994 0.024 0.0140625
0 0.515625 0.3174375 0.0890625 0.0265625
0 0.8671875 0.60234375 0.121875 0.1109375
0 0.95546875 0.6421875 0.05 0.10625
0 0.61640625 0.4921875 0.0703125 0.06875
0 0.81740625 0.5156875000000001 0.025 0.01875
0 0.5185 0.677359375 0.20996874999999998 0.171765625
0 0.94375 0.1359375 0.1046875 0.1
0 0.65753125 0.7715156249999999 0.2265625 0.215625
0 0.01184375 0.864484375 0.0236875 0.027640625000000002
0 0.953125 0.54921875 0.046875 0.0234375
0 0.395421875 0.8315781250000001 0.1859375 0.1995
0 0.40078125 0.47109375 0.0265625 0.025
0 0.7296875 0.25859375 0.184375 0.1140625
0 0.0546875 0.68984375 0.040625 0.053125
0 0.80234375 0.4 0.23125 0.1609375
0 0.86171875 0.234375 0.046875 0.0296875
0 0.5453125 0.39765625 0.0671875 0.0453125
0 0.48359375 0.0859375 0.0703125 0.0671875
0 0.4734375 0.24453125 0.1859375 0.09375
0 0.97265625 0.47265625 0.0515625 0.04375
0 0.1234375 0.225 0.046875 0.0375
0 0.7813125000000001 0.679890625 0.222296875 0.13679687499999998
0 0.0171875 0.45859375 0.0328125 0.021875
0 0.53125 0.171875 0.0265625 0.0171875
0 0.1609375 0.26484375 0.0359375 0.0375
0 0.07265625 0.72578125 0.028125 0.0390625
0 0.19765625 0.653125 0.0875 0.059375
0 0.8203125 0.3046875 0.1125 0.0765625
0 0.02109375 0.77109375 0.0421875 0.1359375
0 0.76953125 0.15703125 0.0671875 0.0421875
0 0.971875 0.92109375 0.0546875 0.0640625
0 0.23203125 0.76640625 0.084375 0.06875
0 0.0859375 0.50078125 0.03125 0.021875
0 0.607890625 0.32428124999999997 0.036078125 0.04771875
0 0.047109374999999995 0.625015625 0.071875 0.075
0 0.5296875 0.781015625 0.0234375 0.01875
0 0.2546875 0.23046875 0.1234375 0.075
0 0.08671875 0.2578125 0.071875 0.046875
0 0.81171875 0.77734375 0.0484375 0.01875
0 0.08203125 0.65703125 0.03125 0.046875
0 0.8375 0.2015625 0.0390625 0.0453125
0 0.028125 0.14375 0.05625 0.0421875
0 0.44453125 0.4125 0.059375 0.0546875
0 0.1546875 0.61875 0.0546875 0.046875
0 0.03453125 0.39428125 0.0236875 0.04021875
0 0.059703125 0.48656249999999995 0.0325625 0.026453125
0 0.00490625 0.57515625 0.0098125 0.034421875000000005
0 0.007078125 0.61671875 0.014140625 0.01565625
0 0.37503125000000004 0.5599999999999999 0.030359375 0.01121875
0 0.98921875 0.6703125 0.021562500000000002 0.0615625
0 0.181203125 0.312078125 0.05834375000000001 0.031609375
0 0.12265625 0.350390625 0.063890625 0.022046875
0 0.123078125 0.317 0.056171875 0.049015625
0 0.21993749999999998 0.491109375 0.035375000000000004 0.020109375
0 0.18715625 0.520703125 0.054953125000000005 0.0511875
0 0.132453125 0.555171875 0.011890625 0.0203125
0 0.428234375 0.46984375 0.039765625 0.0740625
0 0.357421875 0.295296875 0.017296875 0.033421875000000004
0 0.340515625 0.320015625 0.02321875 0.058359375000000005
0 0.31875 0.346859375 0.028718749999999998 0.059640625
0 0.356796875 0.354875 0.027015624999999998 0.027390625000000002