0 0.3921875 0.31875 0.0609375 0.053125
0 0.503125 0.26171875 0.0359375 0.028125
0 0.55 0.7625 0.0609375 0.0875
1 0.696875 0.11484375 0.3046875 0.16875
0 0.59765625 0.5734375 0.0484375 0.0421875
0 0.46328125 0.6515625 0.0265625 0.0421875
0 0.3359375 0.54765625 0.021875 0.025
0 0.5125 0.82890625 0.025 0.03125
0 0.5578125 0.4984375 0.0234375 0.0359375
0 0.80234375 0.8 0.0515625 0.046875
0 0.5625 0.69765625 0.0203125 0.0296875
0 0.4296875 0.8984375 0.0796875 0.0796875
0 0.63359375 0.8671875 0.0234375 0.025
0 0.56015625 0.84375 0.0609375 0.0546875
0 0.378125 0.81796875 0.0359375 0.06875
0 0.54765625 0.978125 0.1140625 0.04375
0 0.59453125 0.84140625 0.0390625 0.03125
0 0.82421875 0.09453125 0.0203125 0.021875
0 0.3234375 0.03046875 0.1125 0.0609375
0 0.7546875 0.9359375 0.04375 0.0265625
0 0.77890625 0.3984375 0.03125 0.040625
0 0.40625 0.81015625 0.025 0.028125
0 0.38515625 0.66875 0.0203125 0.028125
0 0.50546875 0.0328125 0.0171875 0.0375
0 0.6515625 0.6046875 0.053125 0.053125
0 0.45 0.65 0.0546875 0.0453125
0 0.4390625 0.54609375 0.028125 0.0359375
0 0.48671875 0.6265625 0.0234375 0.025
0 0.75390625 0.253125 0.0296875 0.0328125
0 0.43046875 0.815625 0.028125 0.0265625
0 0.25390625 0.2 0.0125 0.0140625
0 0.69375 0.70234375 0.0125 0.021875
0 0.7265625 0.71796875 0.046875 0.059375
0 0.82578125 0.96875 0.0546875 0.0625
0 0.425 0.12265625 0.0515625 0.0390625
0 0.7046875 0.34921875 0.03125 0.03125
0 0.93359375 0.065625 0.0390625 0.0421875
0 0.38359375 0.7234375 0.0203125 0.0203125
0 0.2578125 0.93359375 0.053125 0.0484375
0 0.4234375 0.35625 0.0296875 0.0359375
0 0.4046875 0.5015625 0.0171875 0.01875
0 0.4328125 0.07578125 0.03125 0.0609375
0 0.6265625 0.66328125 0.0703125 0.059375
0 0.4015625 0.46796875 0.028125 0.040625
0 0.48984375 0.24765625 0.0375 0.0296875
0 0.36640625 0.7609375 0.0078125 0.0109375
0 0.60625 0.48203125 0.028125 0.0421875
0 0.70390625 0.9421875 0.046875 0.0671875
0 0.66796875 0.84375 0.034375 0.021875
0 0.71875 0.6609375 0.03125 0.040625
0 0.72734375 0.87734375 0.025 0.0265625
0 0.35625 0.86015625 0.021875 0.0375
0 0.4625 0.86484375 0.0203125 0.03125
0 0.76328125 0.9625 0.075 0.03125
0 0.64609375 0.01875 0.059375 0.0296875
0 0.7828125 0.85234375 0.0203125 0.021875
0 0.46484375 0.03828125 0.0203125 0.0375
0 0.89453125 0.03515625 0.0484375 0.0453125
0 0.421875 0.9875 0.053125 0.0203125
0 0.478125 0.68984375 0.01875 0.0203125
0 0.24140625 0.75078125 0.0359375 0.0484375
0 0.57734375 0.88828125 0.025 0.0421875
0 0.5515625 0.0671875 0.0171875 0.0296875
0 0.45390625 0.93984375 0.025 0.0265625
0 0.36875 0.55 0.0453125 0.05
0 0.7453125 0.99375 0.021875 0.0125
0 0.6609375 0.87265625 0.0234375 0.0234375
0 0.415625 0.0109375 0.028125 0.021875
0 0.3546875 0.7171875 0.028125 0.0375
0 0.81328125 0.91953125 0.028125 0.0359375
0 0.63984375 0.23359375 0.0296875 0.0296875
0 0.61484375 0.75859375 0.01875 0.0234375
0 0.434375 0.61484375 0.0234375 0.0234375
0 0.81484375 0.4390625 0.05625 0.0484375
0 0.346875 0.98671875 0.04375 0.015625
0 0.24765625 0.16875 0.0125 0.0140625
0 0.70234375 0.55703125 0.0390625 0.0453125
0 0.54765625 0.3046875 0.06875 0.0765625
0 0.671875 0.978125 0.025 0.025
0 0.49453125 0.73515625 0.01875 0.0203125
0 0.6484375 0.90703125 0.0234375 0.034375
0 0.72109375 0.62421875 0.0265625 0.0328125
0 0.6578125 0.94453125 0.0203125 0.021875
0 0.778125 0.9875 0.040625 0.025
0 0.59453125 0.8 0.0453125 0.05625
0 0.8046875 0.8453125 0.01875 0.01875
0 0.6953125 0.89140625 0.046875 0.04375
0 0.59609375 0.740625 0.025 0.04375
0 0.70234375 0.60078125 0.0234375 0.0171875
0 0.284375 0.15 0.05625 0.06875
0 0.3796875 0.93515625 0.0609375 0.0734375
0 0.37734375 0.23515625 0.046875 0.034375
0 0.5265625 0.69140625 0.059375 0.0765625
0 0.584375 0.04375 0.0265625 0.0328125
0 0.7484375 0.78984375 0.0875 0.075
0 0.8265625 0.7234375 0.0359375 0.0828125
0 0.4765625 0.75859375 0.0453125 0.0546875
0 0.77734375 0.68828125 0.0546875 0.05
0 0.65546875 0.96015625 0.0203125 0.021875
0 0.796875 0.028125 0.0296875 0.0375
0 0.5984375 0.00625 0.01875 0.00625
0 0.6078125 0.53359375 0.0359375 0.0421875
0 0.28515625 0.6140625 0.0140625 0.0109375
0 0.64921875 0.57109375 0.0234375 0.025
0 0.75234375 0.02578125 0.0265625 0.0359375
0 0.51796875 0.09453125 0.034375 0.0609375
1 0.55 0.95625 0.20625 0.0875
0 0.62109375 0.8703125 0.0109375 0.015625
0 0.45625 0.72109375 0.0359375 0.0484375
0 0.271875 0.471875 0.0375 0.0640625
0 0.3328125 0.1125 0.0609375 0.0578125
0 0.67421875 0.72578125 0.0234375 0.025
0 0.9796875 0.025 0.0203125 0.0171875
0 0.8 0.253125 0.03125 0.0265625
0 0.3171875 0.3640625 0.0109375 0.0125
0 0.2609375 0.60859375 0.0109375 0.0125
0 0.3 0.86015625 0.0140625 0.015625
0 0.34296875 0.9265625 0.0109375 0.0109375
0 0.4125 0.7484375 0.0125 0.0109375
0 0.4046875 0.675 0.0109375 0.0109375
0 0.40078125 0.61953125 0.0125 0.01875
0 0.3421875 0.5796875 0.0125 0.015625
0 0.25390625 0.35078125 0.0125 0.015625
1 0.61015625 0.4734375 0.121875 0.1578125
0 0.51171875 0.78828125 0.0125 0.0109375
0 0.578125 0.72421875 0.01875 0.0171875
0 0.64453125 0.7890625 0.05 0.0484375
1 0.77734375 0.03125 0.1671875 0.05
0 0.7484375 0.18671875 0.0296875 0.0328125
0 0.7953125 0.121875 0.0203125 0.0234375
0 0.57578125 0.94296875 0.0140625 0.0125
0 0.62890625 0.9828125 0.01875 0.0203125
0 0.340625 0.3625 0.009375 0.0078125
0 0.5140625 0.60703125 0.0203125 0.03125
0 0.38984375 0.48515625 0.0125 0.0140625
0 0.33515625 0.49296875 0.075 0.084375
0 0.359375 0.475 0.034375 0.0203125
0 0.37109375 0.4625 0.034375 0.028125
0 0.471875 0.9953125 0.01875 0.0078125
0 0.52265625 0.89609375 0.0328125 0.0359375
0 0.4984375 0.8953125 0.028125 0.05
1 0.46953125 0.06484375 0.2171875 0.1296875
0 0.37265625 0.42109375 0.025 0.0234375
0 0.4390625 0.50703125 0.046875 0.0453125
1 0.5546875 0.38203125 0.0484375 0.0796875
1 0.509375 0.38515625 0.0453125 0.0796875
1 0.5546875 0.42734375 0.0421875 0.04375
1 0.61484375 0.69140625 0.1890625 0.1859375
1 0.621875 0.7703125 0.25625 0.15625
0 0.45 0.56484375 0.025 0.03125