0 0.48553125 0.14350000000000002 0.388234375 0.221390625
0 0.2109375 0.1703125 0.0953125 0.153125
0 0.599703125 0.79678125 0.15059375 0.11387499999999999
0 0.15078125 0.0390625 0.1578125 0.078125
0 0.63125 0.05078125 0.0765625 0.071875
0 0.11171875 0.4875 0.2234375 0.134375
0 0.890625 0.4328125 0.1625 0.1125
0 0.0390625 0.0828125 0.075 0.1125
0 0.84296875 0.2390625 0.275 0.2578125
0 0.540625 0.66953125 0.065625 0.0765625
0 0.325 0.92421875 0.14296875 0.1515625
0 0.12734375 0.825 0.2515625 0.35
0 0.983203125 0.74140625 0.03359375 0.0703125
0 0.981640625 0.523234375 0.03671875 0.07615625000000001
0 0.415625 0.6773906249999999 0.1390625 0.146765625
0 0.953515625 0.8878281250000001 0.09296875 0.10848437500000001
0 0.82265625 0.75703125 0.140625 0.1109375
0 0.75 0.6625 0.203125 0.1359375
0 0.8515625 0.93203125 0.0921875 0.0578125
0 0.43828125 0.0140625 0.1515625 0.028125
0 0.539109375 0.52078125 0.23915625000000001 0.2225
0 0.628125 0.94609375 0.15625 0.103125
0 0.909375 0.98046875 0.159375 0.034375
0 0.17265625 0.33671875 0.3046875 0.1796875
0 0.67890625 0.0921875 0.1109375 0.0640625
0 0.68125 0.521875 0.065625 0.0890625
0 0.98828125 0.6146874999999999 0.0234375 0.068453125
0 0.646875 0.009375 0.0734375 0.01875
0 0.0421875 0.4109375 0.084375 0.1203125
0 0.89453125 0.1125 0.2 0.15
0 0.45353125 0.869703125 0.23093750000000002 0.10293749999999999
0 0.2458125 0.655875 0.17385937499999998 0.133625