0 0.74140625 0.609375 0.0140625 0.021875
0 0.475 0.58984375 0.025 0.04375
0 0.859 0.42334375 0.027218750000000003 0.021875
0 0.84921875 0.494734375 0.0328125 0.025
0 0.8546875 0.4571875 0.015625 0.015625
0 0.6890625 0.63828125 0.03125 0.040625
0 0.890625 0.76953125 0.015625 0.025
0 0.8140625 0.815625 0.021875 0.021875
0 0.403125 0.6359375 0.0546875 0.121875
0 0.78203125 0.50078125 0.015625 0.01875
0 0.40271875 0.7906093750000001 0.038265625 0.056203125
0 0.5625 0.4109375 0.0203125 0.028125
0 0.54375 0.528125 0.034375 0.046875
0 0.817109375 0.795015625 0.021875 0.021875
0 0.52734375 0.575 0.0328125 0.0359375
0 0.12578125 0.30390625 0.0453125 0.0671875
0 0.41328125 0.3609375 0.015625 0.0203125
0 0.3765625 0.2875 0.015625 0.0109375
0 0.62628125 0.568171875 0.028125 0.04375
0 0.46646875000000004 0.5182187500000001 0.06351562499999999 0.081625
0 0.5930156249999999 0.33587500000000003 0.0375 0.03125
0 0.6177343750000001 0.793953125 0.01525 0.01653125
0 0.7265625 0.559375 0.025 0.025
0 0.61015625 0.6015625 0.03125 0.0390625
0 0.3765625 0.240625 0.0359375 0.046875
0 0.828125 0.60234375 0.0171875 0.01875
0 0.741734375 0.8154999999999999 0.0265625 0.0265625
0 0.49715625 0.556734375 0.0375 0.0609375
0 0.86796875 0.61953125 0.0203125 0.0203125
0 0.62109375 0.65546875 0.0421875 0.04375
0 0.41015625 0.24609375 0.0328125 0.03125
0 0.6817656249999999 0.68584375 0.03253125 0.032109375
0 0.35378125 0.4788125 0.0294375 0.039453125
0 0.471875 0.665625 0.0140625 0.0125
0 0.40546875 0.28359375 0.03125 0.028125
0 0.446875 0.4359375 0.021875 0.025
0 0.7609375 0.596875 0.021875 0.0203125
0 0.88984375 0.62734375 0.021875 0.0203125
0 0.78328125 0.412609375 0.013609375000000002 0.013968749999999999
0 0.58984375 0.66796875 0.04375 0.0640625
0 0.85546875 0.5703125 0.0203125 0.015625
0 0.35859375 0.6296875 0.0203125 0.03125
0 0.66640625 0.459375 0.028125 0.0328125
0 0.8765625 0.5609375 0.0171875 0.0140625
0 0.396875 0.20859375 0.028125 0.028125
0 0.6109843749999999 0.372765625 0.028125 0.021875
0 0.83084375 0.466234375 0.0171875 0.015625
0 0.484375 0.7640625 0.0171875 0.028125
0 0.53984375 0.36328125 0.0203125 0.015625
0 0.86875 0.5984375 0.01875 0.0203125
0 0.6015625 0.557921875 0.025 0.03125
0 0.840625 0.803359375 0.0234375 0.021875
0 0.48359375 0.703125 0.0140625 0.0171875
0 0.8659531250000001 0.7967500000000001 0.0125 0.0109375
0 0.19746875 0.7266250000000001 0.0703125 0.09375
0 0.8854843750000001 0.53453125 0.025734374999999997 0.046875
0 0.49375 0.34609375 0.0234375 0.025
0 0.52421875 0.415625 0.0125 0.0125
0 0.43984375 0.359375 0.040625 0.05625
0 0.83515625 0.7171875 0.040625 0.046875
0 0.8953125 0.684375 0.009375 0.0203125
0 0.48515625 0.43125 0.0578125 0.0734375
0 0.43515625 0.703125 0.01875 0.028125
0 0.613359375 0.454671875 0.0328125 0.0234375
0 0.771875 0.55625 0.025 0.028125
0 0.55859375 0.8277187500000001 0.0550625 0.06659375
0 0.828125 0.57890625 0.021875 0.0203125
0 0.5890625 0.75859375 0.059375 0.059375
0 0.74765625 0.57109375 0.0125 0.0140625
0 0.81015625 0.575 0.01875 0.015625
0 0.78515625 0.603125 0.021875 0.0203125
0 0.719765625 0.8071875000000001 0.0199375 0.018921874999999998
0 0.84921875 0.590625 0.015625 0.015625
0 0.81640625 0.665625 0.0203125 0.0203125
0 0.86796875 0.64296875 0.034375 0.03125
0 0.80234375 0.61484375 0.015625 0.0125
0 0.8878281250000001 0.486625 0.02409375 0.024828125
0 0.4640625 0.63203125 0.0140625 0.015625
0 0.4140625 0.190625 0.034375 0.0375
0 0.44140625 0.40859375 0.03125 0.025
0 0.47734375 0.37421875 0.040625 0.040625
0 0.46171875 0.265625 0.0515625 0.084375
0 0.778125 0.521875 0.015625 0.015625
1 0.210484375 0.25320312500000003 0.067640625 0.047625
0 0.34453125 0.563359375 0.029171875000000003 0.057921875
0 0.327765625 0.875234375 0.039375 0.043984375
0 0.357640625 0.8441562499999999 0.01065625 0.013296875
0 0.372453125 0.809921875 0.010171875 0.015703125000000002
0 0.89353125 0.522453125 0.014000000000000002 0.018390625
0 0.380515625 0.52503125 0.0114375 0.014124999999999999