0 0.79140625 0.55703125 0.0375 0.05
0 0.68671875 0.5671875 0.0390625 0.0484375
0 0.54296875 0.48046875 0.0125 0.0203125
0 0.4046875 0.7109375 0.0171875 0.0203125
0 0.27265625 0.81015625 0.0390625 0.0453125
0 0.0828125 0.9265625 0.0546875 0.11875
0 0.209375 0.64921875 0.028125 0.040625
0 0.3953125 0.16171875 0.0203125 0.0234375
0 0.84375 0.55 0.040625 0.0421875
0 0.80703125 0.96953125 0.0671875 0.0609375
0 0.46953125 0.7078125 0.0328125 0.0453125
0 0.23125 0.06484375 0.021875 0.0296875
0 0.128125 0.83125 0.0328125 0.0421875
0 0.409375 0.28125 0.0125 0.015625
0 0.23828125 0.90703125 0.0296875 0.0484375
0 0.6734375 0.22578125 0.0359375 0.0546875
0 0.25546875 0.12578125 0.0375 0.0484375
0 0.2109375 0.7375 0.134375 0.1484375
0 0.49921875 0.2671875 0.05625 0.0828125
0 0.41328125 0.31640625 0.0328125 0.046875
0 0.52890625 0.371875 0.0328125 0.046875
0 0.5921875 0.5125 0.0140625 0.021875
0 0.57578125 0.7953125 0.0390625 0.053125
0 0.61953125 0.37109375 0.034375 0.034375
0 0.71328125 0.2265625 0.0453125 0.08125
0 0.98828125 0.590625 0.01875 0.0609375
0 0.51484375 0.07109375 0.1140625 0.1234375
0 0.77109375 0.8546875 0.040625 0.0453125
0 0.34765625 0.84140625 0.028125 0.0421875
0 0.43046875 0.74921875 0.0296875 0.0734375
0 0.2859375 0.70625 0.0234375 0.034375
0 0.65234375 0.7453125 0.1203125 0.1234375
0 0.19765625 0.86484375 0.0359375 0.046875
0 0.60546875 0.80546875 0.0234375 0.0390625
0 0.72578125 0.1296875 0.034375 0.053125
0 0.59375 0.68828125 0.03125 0.0484375
0 0.54140625 0.9921875 0.021875 0.015625
0 0.69921875 0.9390625 0.05 0.121875
0 0.20390625 0.1328125 0.0203125 0.0328125
0 0.39375 0.42421875 0.0484375 0.0625
0 0.11796875 0.20703125 0.0234375 0.0328125
0 0.634375 0.2265625 0.0359375 0.0421875
0 0.38046875 0.1796875 0.05 0.034375
0 0.09609375 0.7453125 0.0203125 0.0265625
0 0.74140625 0.94609375 0.046875 0.0796875
0 0.7265625 0.67265625 0.1109375 0.1203125
0 0.66484375 0.39375 0.1046875 0.24375
0 0.16484375 0.825 0.0265625 0.0453125
0 0.559375 0.64921875 0.034375 0.0453125
0 0.9875 0.6703125 0.015625 0.03125
0 0.0984375 0.1640625 0.015625 0.0203125
0 0.8703125 0.34453125 0.0578125 0.0859375
0 0.34609375 0.215625 0.0515625 0.0515625
0 0.82265625 0.58984375 0.0328125 0.0375
0 0.53359375 0.7359375 0.03125 0.04375
0 0.51328125 0.6015625 0.0140625 0.0203125
0 0.9421875 0.53671875 0.0390625 0.0484375
0 0.234375 0.16796875 0.040625 0.0453125
0 0.4484375 0.95078125 0.0625 0.096875
0 0.23671875 0.296875 0.015625 0.0171875
0 0.265625 0.32890625 0.0234375 0.0390625
0 0.58515625 0.29453125 0.025 0.0328125
0 0.20625 0.58125 0.03125 0.0296875
0 0.57421875 0.1625 0.021875 0.034375
0 0.83203125 0.08359375 0.034375 0.0515625
0 0.15234375 0.00859375 0.0515625 0.0171875
0 0.5125 0.83984375 0.09375 0.1171875
0 0.65859375 0.15234375 0.0328125 0.05
0 0.38359375 0.88046875 0.0296875 0.040625
0 0.29375 0.2890625 0.0234375 0.025
0 0.49453125 0.6625 0.015625 0.0203125
0 0.46328125 0.21015625 0.0265625 0.0359375
0 0.10859375 0.55 0.015625 0.015625
0 0.546875 0.1625 0.034375 0.0421875
0 0.740625 0.78515625 0.0234375 0.0234375
0 0.32265625 0.24921875 0.0234375 0.028125
0 0.23671875 0.3671875 0.0109375 0.015625
0 0.925 0.56484375 0.1390625 0.146875
0 0.5640625 0.0234375 0.1046875 0.0390625
0 0.63046875 0.1890625 0.0296875 0.0375
0 0.43671875 0.2078125 0.0359375 0.0484375
0 0.65234375 0.309375 0.0515625 0.06875
0 0.7015625 0.1671875 0.0234375 0.0375
0 0.7 0.07578125 0.01875 0.0203125
0 0.396875 0.0484375 0.065625 0.0734375
0 0.5390625 0.76953125 0.028125 0.0296875
0 0.371875 0.496875 0.1265625 0.090625
0 0.6453125 0.8359375 0.028125 0.040625
0 0.4984375 0.696875 0.0265625 0.0390625
0 0.5890625 0.3375 0.04375 0.053125
0 0.26484375 0.22265625 0.0234375 0.0328125
0 0.35078125 0.1171875 0.109375 0.1015625
0 0.47421875 0.3046875 0.046875 0.0609375
0 0.809375 0.2734375 0.0609375 0.0375
0 0.259375 0.0109375 0.0375 0.021875
0 0.40546875 0.36640625 0.01875 0.021875
0 0.73359375 0.821875 0.13125 0.08125
0 0.40390625 0.634375 0.034375 0.0484375
0 0.64453125 0.64453125 0.0328125 0.04375
0 0.09453125 0.446875 0.0171875 0.021875
0 0.5921875 0.91875 0.146875 0.1546875
0 0.73359375 0.9875 0.0453125 0.025
0 0.4796875 0.7890625 0.0390625 0.05
0 0.809375 0.628125 0.0375 0.0453125
0 0.1703125 0.26171875 0.09375 0.0890625
0 0.428125 0.11171875 0.0109375 0.0125
0 0.60390625 0.1953125 0.025 0.03125
0 0.37890625 0.24609375 0.021875 0.0265625
0 0.8890625 0.8390625 0.03125 0.0375
0 0.490625 0.9796875 0.04375 0.040625
0 0.7234375 0.53984375 0.103125 0.1
0 0.89140625 0.6734375 0.0875 0.125
0 0.103125 0.6234375 0.0234375 0.034375
0 0.57421875 0.23046875 0.040625 0.065625
0 0.490625 0.13359375 0.0234375 0.0296875
0 0.75546875 0.90625 0.034375 0.0421875
0 0.3296875 0.353125 0.0484375 0.059375
0 0.29296875 0.6109375 0.146875 0.1609375
0 0.8609375 0.8984375 0.0203125 0.03125
0 0.67421875 0.8796875 0.028125 0.040625
0 0.134375 0.696875 0.028125 0.0390625
0 0.80859375 0.37265625 0.034375 0.05
0 0.35546875 0.3203125 0.025 0.03125
0 0.17421875 0.134375 0.025 0.034375
0 0.37578125 0.28203125 0.0390625 0.0453125
0 0.14765625 0.3046875 0.0203125 0.0234375
0 0.46875 0.42734375 0.0515625 0.0515625
0 0.1984375 0.95859375 0.03125 0.0421875
0 0.8015625 0.49453125 0.103125 0.0671875
0 0.61328125 0.6453125 0.028125 0.0375