0 0.49837499999999996 0.5446875 0.0609375 0.121875
0 0.70703125 0.590625 0.0359375 0.034375
0 0.22421875 0.46484375 0.040625 0.0484375
0 0.22890625 0.76640625 0.028125 0.015625
0 0.640625 0.48359375 0.03125 0.0390625
0 0.9765625 0.664171875 0.046875 0.06284375
0 0.271875 0.65 0.0390625 0.034375
0 0.0625 0.6875 0.028125 0.03125
0 0.15390625 0.5796875 0.090625 0.0984375
0 0.007124999999999999 0.760140625 0.014249999999999999 0.02778125
0 0.856078125 0.451296875 0.05725 0.052015624999999996
0 0.2203125 0.81640625 0.0328125 0.03125
0 0.1984375 0.75625 0.0203125 0.01875
0 0.24609375 0.23046875 0.071875 0.05625
0 0.6387968749999999 0.857375 0.0359375 0.0375
0 0.1984375 0.7875 0.0203125 0.025
0 0.11171875 0.1671875 0.040625 0.0375
0 0.0046875 0.90625 0.009375 0.01875
0 0.99296875 0.2265625 0.0140625 0.028125
0 0.034609375 0.516484375 0.04253125 0.071609375
0 0.665625 0.26328125 0.034375 0.0375
0 0.67265625 0.3203125 0.034375 0.034375
0 0.240625 0.853125 0.0203125 0.0109375
0 0.30703125 0.59453125 0.0703125 0.0546875
0 0.62578125 0.43984375 0.028125 0.0578125
0 0.30859375 0.303125 0.071875 0.0984375
0 0.81425 0.857046875 0.03125 0.025
0 0.73046875 0.23828125 0.0359375 0.0328125
0 0.823703125 0.735234375 0.0375 0.0359375
0 0.9765625 0.0921875 0.046875 0.0484375
0 0.60859375 0.49921875 0.034375 0.0328125
0 0.983734375 0.9065156249999999 0.0234375 0.0265625
0 0.2578125 0.6171875 0.046875 0.040625
0 0.8546875 0.01640625 0.065625 0.0328125
0 0.353125 0.7609375 0.0203125 0.03125
0 0.296875 0.80234375 0.0671875 0.0765625
0 0.60234375 0.346875 0.040625 0.034375
0 0.48046875 0.421875 0.1171875 0.11875
0 0.28359375 0.4671875 0.040625 0.0546875
0 0.49375 0.78515625 0.01875 0.0234375
0 0.602671875 0.68321875 0.028125 0.021875
0 0.49375 0.18125 0.0515625 0.046875
0 0.370171875 0.106328125 0.0953125 0.0703125
0 0.0078125 0.503125 0.015625 0.040625
0 0.184375 0.1375 0.04375 0.0390625
0 0.26328125 0.76640625 0.0234375 0.021875
0 0.66953125 0.365625 0.04375 0.0390625
0 0.570171875 0.5574375 0.075 0.0875
0 0.246875 0.7921875 0.028125 0.0203125
0 0.721875 0.5578125 0.0359375 0.034375
0 0.24140625 0.046875 0.0453125 0.0421875
0 0.9165468750000001 0.6254062499999999 0.0484375 0.046875
0 0.006390625 0.8638125000000001 0.0109375 0.01875
0 0.9890625 0.7434999999999999 0.021875 0.0359375
0 0.88125 0.08828125 0.04375 0.040625
0 0.53828125 0.1375 0.03125 0.0390625
0 0.680140625 0.8424687499999999 0.0296875 0.0234375
0 0.7923281249999999 0.7086718750000001 0.0359375 0.0359375
0 0.26875 0.846875 0.03125 0.0265625
0 0.8375 0.11484375 0.0359375 0.034375
0 0.8984375 0.3515625 0.046875 0.0390625
0 0.14375 0.75703125 0.0953125 0.0828125
0 0.565625 0.901453125 0.03125 0.0390625
0 0.8498125 0.471890625 0.04946875 0.05625
0 0.50546875 0.85703125 0.0359375 0.025
0 0.85003125 0.509234375 0.049921875 0.048703125
0 0.16640625 0.8515625 0.025 0.0203125
0 0.020921875 0.7195625 0.04184375 0.046796875
0 0.7078125 0.6390625 0.028125 0.021875
0 0.05078125 0.0484375 0.059375 0.075
0 0.570453125 0.786140625 0.034375 0.025
0 0.5828125 0.7105625 0.03125 0.028125
0 0.027671875000000002 0.27171875 0.016265625 0.0315625
0 0.551046875 0.643265625 0.0734375 0.102546875
0 0.265625 0.41875 0.0453125 0.0484375
0 0.5078125 0.0078125 0.0578125 0.015625
0 0.7187812499999999 0.5096406250000001 0.036015625 0.04115625
0 0.09140625 0.74765625 0.021875 0.01875
0 0.2515625 0.7109375 0.0609375 0.075
0 0.01328125 0.21171875 0.0265625 0.0265625
0 0.9171875 0.22734375 0.0484375 0.040625
0 0.06096875 0.72890625 0.051640624999999996 0.04375
0 0.852203125 0.5760468750000001 0.03125 0.0234375
0 0.3765625 0.3953125 0.096875 0.121875
0 0.35390625 0.6203125 0.0390625 0.04375
0 0.07109375 0.65546875 0.0359375 0.034375
0 0.83203125 0.298328125 0.0890625 0.11851562499999999
0 0.2078125 0.66640625 0.0234375 0.025
0 0.479046875 0.6097812499999999 0.03125 0.0359375
0 0.58125 0.42421875 0.03125 0.0375
0 0.625265625 0.8776093749999999 0.036203125 0.03646875
0 0.6875 0.615625 0.028125 0.021875
0 0.76640625 0.5109375 0.034375 0.03125
0 0.036578125 0.7700625 0.0359375 0.034375
0 0.40428125000000004 0.033890625 0.068640625 0.067796875
0 0.8125781249999999 0.22751562500000003 0.095421875 0.10815625
0 0.416140625 0.28865625 0.06821875 0.141375
0 0.184375 0.71015625 0.040625 0.040625
0 0.4875 0.08125 0.075 0.059375
0 0.8674531249999999 0.679765625 0.034375 0.034375
0 0.2484375 0.28359375 0.046875 0.0453125
0 0.2390625 0.5703125 0.0453125 0.046875
0 0.015625 0.43046875 0.03125 0.0390625
0 0.525 0.88984375 0.0390625 0.0296875
0 0.09818750000000001 0.40125 0.08553125 0.1901875
1 0.07620312500000001 0.399265625 0.15242187499999998 0.22193749999999998
0 0.009421875 0.39442187500000003 0.014203125 0.021859375
0 0.016515625 0.310265625 0.017374999999999998 0.025656250000000002
0 0.64359375 0.51865625 0.020609375 0.040796874999999996
0 0.39559375 0.56875 0.081875 0.05846875
0 0.0050625 0.829765625 0.010125 0.016125
0 0.08559375 0.729359375 0.021078125 0.018375