0 0.7265625 0.79921875 0.0359375 0.0296875
0 0.2265625 0.684375 0.034375 0.0421875
0 0.38125 0.0328125 0.0328125 0.053125
0 0.36640625 0.61171875 0.0515625 0.05
0 0.59609375 0.94453125 0.03125 0.0421875
0 0.28828125 0.16953125 0.0328125 0.0484375
0 0.715625 0.51953125 0.0171875 0.0234375
0 0.55390625 0.46015625 0.0390625 0.046875
0 0.6484375 0.275 0.1359375 0.153125
0 0.4515625 0.41953125 0.0390625 0.0625
0 0.19296875 0.1421875 0.04375 0.05625
0 0.753125 0.65859375 0.015625 0.0203125
0 0.36875 0.96015625 0.0421875 0.0640625
0 0.6125 0.35 0.0359375 0.0484375
0 0.9453125 0.66015625 0.0203125 0.0171875
0 0.77578125 0.28359375 0.0390625 0.0640625
0 0.75234375 0.36484375 0.06875 0.109375
0 0.8828125 0.8375 0.0328125 0.0484375
0 0.67734375 0.75078125 0.040625 0.0796875
0 0.5609375 0.54296875 0.040625 0.0421875
0 0.340625 0.884375 0.0640625 0.071875
0 0.26328125 0.06484375 0.0203125 0.0359375
0 0.16953125 0.42421875 0.0609375 0.0703125
0 0.64453125 0.690625 0.028125 0.0375
0 0.09765625 0.41875 0.0828125 0.0859375
0 0.49765625 0.08203125 0.1546875 0.1640625
0 0.7703125 0.534375 0.0375 0.0375
0 0.53671875 0.76640625 0.03125 0.0375
0 0.20703125 0.71875 0.025 0.0421875
0 0.71015625 0.39609375 0.0421875 0.0453125
0 0.9234375 0.0828125 0.103125 0.1
0 0.7453125 0.9375 0.0390625 0.040625
0 0.65234375 0.8234375 0.034375 0.0421875
0 0.12578125 0.528125 0.09375 0.1
0 0.83671875 0.884375 0.065625 0.0796875
0 0.78359375 0.64765625 0.0375 0.05
0 0.68828125 0.9578125 0.0859375 0.0671875
0 0.8109375 0.51953125 0.0421875 0.0703125
0 0.71796875 0.015625 0.0453125 0.03125
0 0.2171875 0.459375 0.121875 0.0953125
0 0.1640625 0.5953125 0.040625 0.053125
0 0.16953125 0.2296875 0.1671875 0.1125
0 0.22421875 0.07578125 0.0375 0.04375
0 0.8671875 0.78671875 0.0203125 0.0234375
0 0.37734375 0.99765625 0.0359375 0.0046875
0 0.20078125 0.36875 0.04375 0.0390625
0 0.89453125 0.928125 0.1125 0.0984375
0 0.9765625 0.92890625 0.046875 0.0796875
0 0.30390625 0.334375 0.0359375 0.0359375
0 0.31015625 0.53671875 0.0625 0.0640625
0 0.29765625 0.95546875 0.0703125 0.0890625
0 0.625 0.5578125 0.0703125 0.1078125
0 0.5078125 0.74765625 0.01875 0.03125
0 0.72109375 0.91875 0.0390625 0.04375
0 0.55234375 0.04765625 0.034375 0.034375
0 0.75234375 0.05546875 0.0796875 0.0734375
0 0.66640625 0.63125 0.053125 0.0578125
0 0.52109375 0.3515625 0.0546875 0.0640625
0 0.278125 0.5921875 0.0390625 0.0390625
0 0.44921875 0.59765625 0.0546875 0.0640625
0 0.9765625 0.38359375 0.0375 0.0703125
0 0.678125 0.93046875 0.021875 0.0328125
0 0.3578125 0.5328125 0.034375 0.0421875
0 0.33671875 0.06015625 0.0640625 0.1
0 0.38203125 0.86484375 0.021875 0.0296875
0 0.54765625 0.340625 0.0421875 0.0625
0 0.2890625 0.76171875 0.1140625 0.1109375
0 0.61875 0.090625 0.1171875 0.1046875
0 0.62421875 0.884375 0.03125 0.05
0 0.796875 0.97421875 0.021875 0.0109375
0 0.86796875 0.2375 0.01875 0.0265625
0 0.59453125 0.734375 0.103125 0.1546875
0 0.39140625 0.52109375 0.0359375 0.0296875
0 0.78515625 0.4453125 0.0140625 0.021875
0 0.3296875 0.39296875 0.0328125 0.034375
0 0.4546875 0.728125 0.0203125 0.0234375
0 0.48203125 0.73828125 0.034375 0.0578125
0 0.4890625 0.496875 0.0921875 0.0984375
0 0.7796875 0.16015625 0.0125 0.0140625
0 0.228125 0.93984375 0.065625 0.1203125
0 0.35859375 0.453125 0.0359375 0.0640625
0 0.40703125 0.14140625 0.05625 0.0875
0 0.60234375 0.22578125 0.0421875 0.0625
0 0.2625 0.2875 0.0375 0.0375
0 0.9796875 0.65 0.0171875 0.0203125
0 0.54765625 0.01328125 0.0765625 0.0265625
0 0.27734375 0.46875 0.0796875 0.075
0 0.328125 0.35 0.034375 0.0484375
0 0.67421875 0.40390625 0.0421875 0.05
0 0.60703125 0.978125 0.0546875 0.034375
0 0.459375 0.97734375 0.06875 0.0453125
0 0.77734375 0.7578125 0.0203125 0.0234375
0 0.22421875 0.5140625 0.05625 0.053125
0 0.71328125 0.746875 0.046875 0.075
0 0.46640625 0.1484375 0.0546875 0.053125
0 0.228125 0.79296875 0.0625 0.078125
0 0.28984375 0.01875 0.028125 0.0125
0 0.7171875 0.17890625 0.1109375 0.128125
0 0.40703125 0.7015625 0.0671875 0.06875
0 0.47265625 0.8890625 0.0921875 0.084375
0 0.41328125 0.7734375 0.021875 0.0140625
0 0.4 0.8140625 0.0234375 0.04375
0 0.53828125 0.97265625 0.0734375 0.0546875
0 0.5421875 0.56875 0.0359375 0.025
0 0.434375 0.328125 0.0171875 0.0109375
0 0.35 0.29765625 0.025 0.0265625
1 0.478125 0.85078125 0.2734375 0.265625
1 0.43984375 0.6671875 0.346875 0.2859375
1 0.4484375 0.246875 0.328125 0.2109375
0 0.465625 0.2515625 0.1703125 0.125
0 0.87109375 0.94453125 0.015625 0.0171875