1 0.751390625 0.078796875 0.17790625 0.15759375
0 0.516203125 0.643171875 0.11603125 0.13868750000000002
0 0.953125 0.51640625 0.046875 0.0578125
0 0.340625 0.5859375 0.059375 0.0765625
0 0.328703125 0.80871875 0.099859375 0.078046875
0 0.27734375 0.75 0.059375 0.0453125
0 0.648359375 0.2648125 0.112671875 0.1499375
0 0.55234375 0.10390625 0.046875 0.05
0 0.25 0.14296875 0.046875 0.0390625
0 0.0390625 0.56015625 0.03125 0.028125
0 0.97109375 0.95703125 0.05 0.084375
0 0.49973437499999995 0.0673125 0.06587499999999999 0.05600000000000001
0 0.91875 0.6390625 0.0546875 0.0578125
0 0.284375 0.6328125 0.065625 0.053125
0 0.846875 0.08046875 0.0734375 0.0453125
0 0.3890625 0.1609375 0.0609375 0.0640625
0 0.68046875 0.58359375 0.078125 0.05625
0 0.021875 0.6578125 0.04375 0.059375
0 0.17890625 0.059375 0.0296875 0.0234375
0 0.215625 0.359375 0.121875 0.1125
0 0.01875 0.8109375 0.03125 0.09375
0 0.646875 0.61640625 0.0671875 0.053125
0 0.27734375 0.27578125 0.115625 0.11875
1 0.16015625 0.85078125 0.246875 0.2625
0 0.22734375 0.58359375 0.0296875 0.028125
0 0.97421875 0.4625 0.0484375 0.0421875
0 0.815625 0.7125 0.0875 0.0609375
0 0.2171875 0.08203125 0.0515625 0.034375
0 0.053125 0.978125 0.0375 0.0328125
0 0.7485 0.20032812500000002 0.122890625 0.161546875
0 0.90390625 0.699140625 0.0558125 0.053359375
0 0.346875 0.65859375 0.0453125 0.059375
0 0.0875 0.29296875 0.078125 0.0609375
0 0.1190625 0.97109375 0.130328125 0.0578125
0 0.0921875 0.246875 0.065625 0.0359375
0 0.3765625 0.2421875 0.075 0.0640625
0 0.96875 0.19765625 0.0625 0.0640625
0 0.965625 0.109375 0.0546875 0.0421875
0 0.26484375 0.709375 0.065625 0.0421875
0 0.84765625 0.8125 0.071875 0.134375
0 0.17421875 0.6390625 0.084375 0.1203125
0 0.803125 0.94453125 0.078125 0.1046875
0 0.93671875 0.78984375 0.1078125 0.0640625
0 0.35625 0.02109375 0.1484375 0.0421875
0 0.015625 0.98203125 0.03125 0.0359375
0 0.9265625 0.303125 0.0921875 0.075
0 0.715203125 0.554421875 0.041875 0.029421874999999997
0 0.7545 0.577078125 0.05159375000000001 0.027640625000000002
0 0.776015625 0.5378125 0.1251875 0.0970625
0 0.50634375 0.753640625 0.286703125 0.2360625
0 0.575203125 0.1845 0.1075 0.10678125000000001
0 0.2634375 0.397859375 0.03590625 0.032390625
0 0.018015625 0.7402656249999999 0.036015625 0.0798125
1 0.7167656250000001 0.5423125 0.322890625 0.251625
0 0.584765625 0.5955625 0.035296875 0.02740625
1 0.59375 0.169546875 0.2069375 0.19896875