0 0.82109375 0.25703125 0.1 0.1078125
0 0.561546875 0.46892187500000004 0.0359375 0.0375
0 0.452828125 0.47282812500000004 0.0265625 0.0515625
0 0.346875 0.31171875 0.046875 0.0625
0 0.52890625 0.56171875 0.0359375 0.04375
0 0.66875 0.46875 0.0375 0.0578125
0 0.719734375 0.33009374999999996 0.04553125 0.029031249999999998
0 0.65971875 0.1320625 0.0390625 0.028125
0 0.8660625 0.349609375 0.05903125 0.06587499999999999
0 0.30390625 0.24921875 0.025 0.0390625
0 0.521875 0.25078125 0.025 0.0234375
0 0.6560937499999999 0.31440625 0.064109375 0.0796875
0 0.936375 0.365828125 0.057109375 0.053125
0 0.9390625 0.6 0.05 0.0625
0 0.74765625 0.90234375 0.0234375 0.0265625
0 0.723671875 0.551359375 0.0671875 0.0421875
0 0.85040625 0.6180625 0.0234375 0.0203125
0 0.9543906249999999 0.30303125 0.059375 0.0625
0 0.617625 0.21926562500000002 0.05425 0.039578125
0 0.8534375000000001 0.945078125 0.046875 0.0375
0 0.8714999999999999 0.696 0.02446875 0.015796875
0 0.360515625 0.2511875 0.081984375 0.068
0 0.77265625 0.3890625 0.028125 0.021875
0 0.8996718749999999 0.477515625 0.05065625 0.074796875
0 0.503609375 0.474390625 0.096875 0.134375
0 0.98203125 0.05546875 0.0359375 0.046875
0 0.40904687500000003 0.32934375 0.082765625 0.0641875
0 0.5046875 0.140625 0.09375 0.0953125
0 0.72 0.8225312499999999 0.034375 0.0390625
0 0.87265625 0.078125 0.040625 0.0390625
0 0.800140625 0.9669062500000001 0.0546875 0.05
0 0.26015625 0.05859375 0.0484375 0.0671875
0 0.734375 0.5920625 0.046125 0.044796875
0 0.70746875 0.0805 0.0765625 0.053125
0 0.75915625 0.460546875 0.046875 0.034375
0 0.9527812499999999 0.42065625000000006 0.0703125 0.0640625
0 0.87890625 0.432625 0.056671875000000003 0.08878125
0 0.899203125 0.286234375 0.029640624999999997 0.028125
0 0.52653125 0.059640625 0.299953125 0.11928125
0 0.59609375 0.56484375 0.090625 0.08125
0 0.37590625 0.129109375 0.18125 0.2125
0 0.7390625 0.01953125 0.053125 0.0328125
0 0.709375 0.175 0.0796875 0.0859375
0 0.434078125 0.24890625000000002 0.0328125 0.021875
0 0.7092031249999999 0.29040625000000003 0.078125 0.0609375
0 0.578421875 0.331234375 0.1046875 0.125
0 0.775921875 0.62971875 0.044421875 0.041499999999999995
0 0.278125 0.20390625 0.040625 0.059375
0 0.784375 0.0703125 0.03125 0.0265625
0 0.6081562500000001 0.132671875 0.0640625 0.05
0 0.708203125 0.778375 0.018734375 0.021406249999999998
0 0.770046875 0.9784218750000001 0.010109375 0.01403125
0 0.763078125 0.962265625 0.009484375 0.014656250000000001
0 0.77225 0.9921875 0.013921875 0.013078125
0 0.95803125 0.89975 0.0839375 0.20051562500000003
0 0.8307499999999999 0.6716249999999999 0.022546875 0.025453125
0 0.823390625 0.6064375 0.032515625 0.018562500000000003
0 0.660109375 0.419359375 0.012750000000000001 0.018546874999999997
0 0.679984375 0.411625 0.020921875 0.018234375
0 0.72609375 0.37946875 0.044 0.04675
0 0.969546875 0.491703125 0.01640625 0.017656250000000002
0 0.39435937499999996 0.36640625 0.049734375 0.04375
0 0.43364062499999995 0.411609375 0.019734375000000002 0.0326875
0 0.44456249999999997 0.43784375000000003 0.023984375 0.036625000000000005
0 0.8860312499999999 0.17678125 0.22795312499999998 0.220765625
0 0.797390625 0.013640625 0.054921874999999995 0.027265624999999998
1 0.8470000000000001 0.020046875 0.306 0.040109375
1 0.74409375 0.46860937500000005 0.1789375 0.15890625
1 0.954515625 0.3854375 0.09098437499999999 0.24329687500000002
1 0.8848437499999999 0.6009375 0.18675 0.18365625000000002
1 0.861453125 0.661671875 0.14545312500000002 0.13218749999999999
0 0.8083750000000001 0.786015625 0.17303125 0.265140625