0 0.3828125 0.14765625 0.0390625 0.0390625
0 0.396875 0.56640625 0.046875 0.0625
0 0.50078125 0.6078125 0.015625 0.0125
0 0.4484375 0.1578125 0.0296875 0.0203125
0 0.40390625 0.45859375 0.0421875 0.046875
0 0.25546875 0.3828125 0.0171875 0.0171875
0 0.60703125 0.51875 0.0609375 0.0421875
0 0.7296875 0.246875 0.053125 0.040625
0 0.859375 0.209375 0.0359375 0.0296875
0 0.371875 0.4515625 0.034375 0.0359375
0 0.03515625 0.6765625 0.0375 0.0375
0 0.0546875 0.734375 0.0140625 0.009375
0 0.35703125 0.846875 0.059375 0.06875
0 0.90625 0.3875 0.05 0.0375
0 0.91484375 0.4828125 0.0875 0.06875
0 0.6734375 0.5796875 0.0359375 0.0375
0 0.4296875 0.53828125 0.040625 0.03125
0 0.36015625 0.30546875 0.05625 0.078125
0 0.421875 0.65234375 0.059375 0.0578125
0 0.1375 0.69453125 0.0375 0.03125
0 0.51953125 0.68828125 0.01875 0.0125
0 0.21015625 0.40234375 0.0296875 0.025
0 0.95234375 0.82421875 0.03125 0.0296875
0 0.5015625 0.559375 0.0953125 0.090625
0 0.7453125 0.496875 0.0203125 0.0140625
0 0.53046875 0.115625 0.021875 0.0203125
0 0.034375 0.57265625 0.065625 0.06875
0 0.85390625 0.28203125 0.0390625 0.0671875
0 0.36484375 0.37265625 0.04375 0.0296875
0 0.57109375 0.53828125 0.034375 0.0328125
0 0.7515625 0.56484375 0.040625 0.046875
0 0.2015625 0.33125 0.0265625 0.03125
0 0.084375 0.53671875 0.0578125 0.0328125
0 0.775 0.66171875 0.0640625 0.0640625
0 0.3125 0.3234375 0.05625 0.065625
0 0.9125 0.62265625 0.0515625 0.046875
0 0.26640625 0.296875 0.034375 0.0296875
0 0.72734375 0.515625 0.0296875 0.021875
0 0.0546875 0.76796875 0.03125 0.03125
0 0.215625 0.66953125 0.1078125 0.0953125
0 0.5671875 0.15703125 0.1140625 0.084375
0 0.9703125 0.55703125 0.053125 0.0421875
0 0.18984375 0.903125 0.046875 0.0421875
0 0.14453125 0.5796875 0.0453125 0.0390625
0 0.48984375 0.1015625 0.05 0.0359375
0 0.29609375 0.4625 0.0375 0.0328125
0 0.17421875 0.74375 0.0640625 0.0484375
0 0.41796875 0.4921875 0.034375 0.0328125
0 0.42421875 0.51640625 0.0359375 0.0265625
0 0.8 0.45078125 0.0734375 0.1109375
0 0.64765625 0.3765625 0.05 0.0296875
0 0.0625 0.35 0.03125 0.0296875
0 0.63046875 0.3359375 0.075 0.071875
0 0.8 0.81640625 0.025 0.028125
0 0.93828125 0.39765625 0.0515625 0.04375
0 0.69765625 0.321875 0.1 0.103125
0 0.1171875 0.4171875 0.034375 0.0296875
0 0.3546875 0.7296875 0.0578125 0.0578125
0 0.6703125 0.40859375 0.0359375 0.0234375
0 0.84453125 0.7109375 0.03125 0.0296875
0 0.64375 0.1046875 0.0734375 0.040625
0 0.87109375 0.3171875 0.0265625 0.0328125
0 0.33984375 0.471875 0.0546875 0.0515625
0 0.90625 0.73046875 0.021875 0.01875
0 0.42734375 0.41875 0.0515625 0.0421875
0 0.26328125 0.23828125 0.078125 0.0609375
0 0.22578125 0.75703125 0.04375 0.028125
0 0.93125 0.1703125 0.0625 0.059375
0 0.78046875 0.59453125 0.05625 0.0484375
0 0.390625 0.29453125 0.03125 0.0328125
0 0.1453125 0.3828125 0.028125 0.0265625
0 0.73359375 0.82734375 0.0515625 0.046875
0 0.44765625 0.57890625 0.0453125 0.0421875
0 0.496875 0.4828125 0.1453125 0.1078125
0 0.84140625 0.5875 0.075 0.0703125
0 0.27578125 0.70703125 0.1046875 0.0890625
0 0.84296875 0.73671875 0.034375 0.0265625
0 0.6953125 0.5375 0.0421875 0.0390625
0 0.42890625 0.75625 0.015625 0.015625
0 0.03046875 0.47578125 0.0546875 0.03125
0 0.7625 0.21015625 0.0703125 0.06875
0 0.79609375 0.15234375 0.0484375 0.034375
0 0.403125 0.3546875 0.03125 0.025
0 0.47265625 0.8671875 0.0484375 0.0546875
0 0.36328125 0.21953125 0.0296875 0.0453125
0 0.1609375 0.60234375 0.0453125 0.0421875
0 0.92421875 0.69609375 0.0328125 0.025
0 0.8109375 0.71875 0.0171875 0.0171875
0 0.01328125 0.4234375 0.0265625 0.059375
0 0.95625 0.43203125 0.021875 0.0203125
0 0.33984375 0.4 0.065625 0.059375
0 0.52421875 0.75234375 0.015625 0.0140625
0 0.35 0.55078125 0.0734375 0.1203125
0 0.2890625 0.43828125 0.0734375 0.04375
0 0.33125 0.25 0.0265625 0.0296875
0 0.5046875 0.6578125 0.0171875 0.0140625
0 0.5390625 0.65234375 0.0203125 0.015625
0 0.2421875 0.6328125 0.0453125 0.028125
0 0.47890625 0.74375 0.025 0.0265625
0 0.478125 0.52109375 0.0171875 0.0125
0 0.23671875 0.353125 0.0265625 0.0265625
0 0.47109375 0.196875 0.0234375 0.0203125
0 0.26640625 0.81640625 0.0140625 0.0125
0 0.3140625 0.6328125 0.0640625 0.0859375
0 0.3984375 0.5265625 0.034375 0.0234375
0 0.61640625 0.46328125 0.0734375 0.0578125
0 0.79453125 0.534375 0.053125 0.0578125
0 0.58515625 0.49375 0.0296875 0.0265625
0 0.02109375 0.37890625 0.0421875 0.0703125
0 0.85 0.8125 0.025 0.0203125
0 0.2984375 0.54921875 0.071875 0.10625
0 0.95859375 0.32109375 0.040625 0.0359375
0 0.38984375 0.67734375 0.01875 0.01875
0 0.02265625 0.3328125 0.0453125 0.053125
0 0.2625 0.5296875 0.0296875 0.0375
0 0.91796875 0.81015625 0.0296875 0.0265625
0 0.95625 0.26328125 0.021875 0.015625
0 0.28984375 0.40078125 0.0375 0.028125
0 0.9765625 0.3578125 0.0203125 0.0203125
0 0.76484375 0.3171875 0.0859375 0.0703125
0 0.3875 0.40078125 0.04375 0.034375
0 0.47109375 0.3859375 0.06875 0.065625
0 0.8390625 0.52421875 0.0421875 0.0328125
0 0.5765625 0.82109375 0.021875 0.021875
0 0.45859375 0.18046875 0.028125 0.0203125
0 0.14609375 0.72109375 0.025 0.025
0 0.88828125 0.8359375 0.028125 0.025
0 0.64140625 0.51796875 0.021875 0.025
0 0.5703125 0.246875 0.0515625 0.040625
0 0.07421875 0.45078125 0.0328125 0.0265625
0 0.59375 0.396875 0.1046875 0.0875
0 0.90234375 0.55234375 0.034375 0.0265625
0 0.24609375 0.48828125 0.0546875 0.040625
0 0.54453125 0.63125 0.0265625 0.0296875
0 0.64921875 0.21015625 0.059375 0.1046875
0 0.790625 0.27265625 0.046875 0.0375
0 0.12578125 0.7734375 0.0109375 0.0140625
0 0.7421875 0.88203125 0.021875 0.0203125
0 0.0734375 0.796875 0.059375 0.0375
0 0.378125 0.70703125 0.034375 0.0296875
0 0.290625 0.35625 0.021875 0.015625
0 0.41953125 0.81953125 0.0609375 0.065625
0 0.06640625 0.61640625 0.0421875 0.034375
0 0.19140625 0.53828125 0.1109375 0.13125
0 0.96953125 0.6015625 0.0609375 0.046875
0 0.88359375 0.42734375 0.025 0.0203125
0 0.38515625 0.490625 0.0515625 0.0453125
0 0.11171875 0.43828125 0.0453125 0.0265625
0 0.1609375 0.6453125 0.0328125 0.021875
0 0.75625 0.48125 0.0171875 0.0140625
0 0.9921875 0.80625 0.015625 0.028125
0 0.7734375 0.49296875 0.0265625 0.025
0 0.74140625 0.42421875 0.0671875 0.0765625
0 0.78203125 0.71171875 0.021875 0.0203125
0 0.14921875 0.32890625 0.0625 0.103125
0 0.05234375 0.815625 0.0140625 0.009375
0 0.36015625 0.68515625 0.0171875 0.015625
0 0.32734375 0.59296875 0.0140625 0.028125
0 0.65546875 0.7703125 0.0328125 0.0328125
0 0.67734375 0.51484375 0.0296875 0.028125
0 0.5515625 0.43984375 0.05 0.0421875
0 0.39140625 0.4328125 0.0203125 0.01875
0 0.52109375 0.4296875 0.0140625 0.0234375
1 0.61484375 0.3921875 0.2484375 0.290625
0 0.86796875 0.2625 0.0453125 0.059375
0 0.815625 0.4296875 0.059375 0.09375
0 0.83203125 0.403125 0.059375 0.1015625
1 0.20625 0.51875 0.1734375 0.2515625