0 0.9625 0.3765625 0.075 0.103125
0 0.675 0.47890625 0.0546875 0.0390625
0 0.31875 0.153125 0.0703125 0.0609375
0 0.18671875 0.2734375 0.0265625 0.0265625
0 0.625 0.8890625 0.08125 0.0609375
0 0.3421875 0.26953125 0.084375 0.0796875
0 0.17578125 0.30625 0.06875 0.034375
0 0.1390625 0.58671875 0.03125 0.0359375
0 0.51015625 0.040625 0.09375 0.08125
0 0.07734375 0.196875 0.046875 0.03125
0 0.67578125 0.35859375 0.0765625 0.053125
0 0.03515625 0.8421875 0.0703125 0.05625
0 0.1515625 0.37421875 0.0390625 0.034375
0 0.1984375 0.440625 0.1921875 0.1109375
0 0.44765625 0.18828125 0.04375 0.0421875
0 0.61015625 0.54765625 0.0578125 0.04375
0 0.20390625 0.2109375 0.0796875 0.0859375
0 0.70078125 0.059375 0.046875 0.0515625
0 0.128125 0.06328125 0.121875 0.1265625
0 0.04609375 0.31640625 0.0921875 0.271875
0 0.16953125 0.73359375 0.021875 0.0203125
0 0.79375 0.7765625 0.0265625 0.01875
0 0.8296875 0.47265625 0.071875 0.0421875
0 0.1140625 0.7484375 0.046875 0.034375
0 0.9640625 0.4984375 0.0640625 0.1296875
0 0.68125 0.0984375 0.0625 0.0390625
0 0.08203125 0.0078125 0.078125 0.015625
0 0.55703125 0.67109375 0.0203125 0.01875
0 0.1484375 0.7078125 0.0390625 0.028125
0 0.428125 0.14140625 0.05 0.0390625
0 0.76015625 0.5265625 0.1765625 0.1390625
0 0.58671875 0.2703125 0.078125 0.04375
0 0.015625 0.17734375 0.03125 0.0265625
0 0.4125 0.48515625 0.1359375 0.0765625
0 0.3046875 0.6265625 0.021875 0.01875
0 0.31796875 0.6578125 0.059375 0.0359375
0 0.57109375 0.0078125 0.0421875 0.015625
0 0.1203125 0.21171875 0.021875 0.0265625
0 0.253125 0.50078125 0.04375 0.03125
0 0.8921875 0.68515625 0.015625 0.0125
0 0.53359375 0.4 0.059375 0.046875
0 0.38984375 0.31875 0.059375 0.0625
0 0.334375 0.53125 0.06875 0.0609375
0 0.771875 0.0125 0.046875 0.025
0 0.19296875 0.57265625 0.0890625 0.05
0 0.1671875 0.33984375 0.0296875 0.021875
0 0.87265625 0.6140625 0.1578125 0.1171875
0 0.74296875 0.13203125 0.021875 0.0296875
0 0.61953125 0.10390625 0.04375 0.0421875
0 0.27109375 0.36875 0.13125 0.084375
0 0.421875 0.07890625 0.0765625 0.08125
0 0.103125 0.5046875 0.0484375 0.0375
0 0.95390625 0.85234375 0.0859375 0.1046875
0 0.9890625 0.6625 0.021875 0.071875
0 0.8609375 0.569515625 0.0203125 0.0125
0 0.19140625 0.64453125 0.025 0.01875
0 0.0203125 0.2796875 0.0328125 0.0890625
0 0.31953125 0.825 0.015625 0.01875
0 0.9453125 0.21640625 0.1078125 0.0671875
0 0.484375 0.3171875 0.11875 0.10625
0 0.6921875 0.396875 0.0734375 0.05
0 0.615625 0.59296875 0.0484375 0.046875
0 0.0140625 0.13515625 0.028125 0.0625
0 0.0578125 0.69765625 0.0765625 0.059375
0 0.746875 0.671875 0.0703125 0.0375
0 0.328125 0.4640625 0.040625 0.03125
0 0.41796875 0.4203125 0.025 0.0265625
0 0.26484375 0.28125 0.078125 0.0796875
0 0.46875 0.5921875 0.0234375 0.0171875
0 0.45234375 0.64765625 0.040625 0.0390625
0 0.93671875 0.29765625 0.0625 0.0671875
0 0.65234375 0.640625 0.11875 0.065625
0 0.01171875 0.57265625 0.0234375 0.028125
0 0.37421875 0.36640625 0.0734375 0.06875
0 0.53984375 0.14140625 0.0828125 0.0453125
0 0.34140625 0.0359375 0.0453125 0.0484375
0 0.92109375 0.04609375 0.0640625 0.046875
0 0.03046875 0.4734375 0.046875 0.0328125
0 0.1921875 0.5359375 0.0828125 0.0390625
0 0.703703125 0.250484375 0.015390625 0.023453125
0 0.8008124999999999 0.29115625 0.157546875 0.21942187500000002
1 0.8144843749999999 0.26153125 0.24089062499999997 0.42446875000000006
1 0.27323437500000003 0.24651562500000002 0.31965625000000003 0.415796875
1 0.08271875 0.289546875 0.1654375 0.32439062500000004
1 0.03365625 0.754671875 0.067328125 0.10289062499999999
0 0.47210937499999994 0.7029687499999999 0.079453125 0.040796874999999996
0 0.32742187500000003 0.8618750000000001 0.01209375 0.0143125