0 0.940625 0.28671875 0.0265625 0.034375
0 0.0109375 0.1453125 0.021875 0.059375
0 0.5 0.734375 0.021875 0.021875
0 0.95625 0.56796875 0.0375 0.04375
0 0.91875 0.5609375 0.0125 0.0140625
0 0.18828125 0.49921875 0.0234375 0.0234375
0 0.809375 0.56015625 0.046875 0.059375
0 0.25703125 0.60078125 0.034375 0.03125
0 0.21171875 0.378125 0.0265625 0.0265625
0 0.765625 0.09375 0.146875 0.146875
0 0.28515625 0.4328125 0.0296875 0.0265625
0 0.696875 0.559375 0.040625 0.04375
0 0.9625 0.35390625 0.0453125 0.0609375
0 0.11796875 0.19609375 0.028125 0.0390625
0 0.35859375 0.61015625 0.015625 0.0234375
0 0.39296875 0.3984375 0.0171875 0.025
0 0.95703125 0.64921875 0.071875 0.109375
0 0.2375 0.309375 0.021875 0.0265625
0 0.009375 0.5484375 0.01875 0.028125
0 0.31328125 0.41875 0.015625 0.01875
0 0.434375 0.44140625 0.0703125 0.184375
0 0.2203125 0.73984375 0.01875 0.0203125
0 0.3484375 0.76484375 0.0359375 0.03125
0 0.39140625 0.42890625 0.0203125 0.021875
0 0.9421875 0.11796875 0.021875 0.028125
0 0.709375 0.45859375 0.0609375 0.109375
0 0.503125 0.02578125 0.0296875 0.0265625
0 0.16953125 0.51953125 0.0203125 0.025
0 0.2078125 0.478125 0.0234375 0.0234375
0 0.190625 0.40078125 0.0265625 0.0265625
0 0.203125 0.053125 0.1140625 0.10625
0 0.9046875 0.62265625 0.046875 0.0546875
0 0.284375 0.315625 0.084375 0.159375
0 0.5609375 0.3046875 0.0859375 0.1046875
0 0.365625 0.4515625 0.028125 0.034375
0 0.025 0.2984375 0.05 0.059375
0 0.171875 0.328125 0.071875 0.0703125
0 0.796875 0.625 0.04375 0.0359375
0 0.01015625 0.70234375 0.0203125 0.0453125
0 0.1328125 0.42265625 0.0765625 0.0546875
0 0.2046875 0.61796875 0.0625 0.0671875
0 0.48203125 0.4828125 0.125 0.2125
0 0.39765625 0.13125 0.015625 0.01875
0 0.778125 0.4484375 0.046875 0.0421875
0 0.915625 0.3515625 0.065625 0.084375
0 0.09921875 0.025 0.0796875 0.05
0 0.184375 0.203125 0.0171875 0.021875
0 0.00625 0.51171875 0.009375 0.034375
0 0.21875 0.175 0.0296875 0.0328125
0 0.903125 0.09296875 0.0765625 0.0859375
0 0.48125 0.63515625 0.0734375 0.10625
0 0.89609375 0.67421875 0.034375 0.034375
0 0.375 0.2828125 0.10625 0.2078125
0 0.12890625 0.64921875 0.0203125 0.0203125
0 0.465625 0.29609375 0.0484375 0.0609375
0 0.53828125 0.77578125 0.0703125 0.1046875
0 0.6859375 0.015625 0.05 0.03125
0 0.3703125 0.153125 0.046875 0.0515625
0 0.28125 0.63828125 0.0328125 0.028125
0 0.528125 0.053125 0.0390625 0.0671875
0 0.23203125 0.40703125 0.034375 0.034375
0 0.21484375 0.2796875 0.0375 0.0265625
0 0.728125 0.60703125 0.04375 0.0421875
0 0.98515625 0.421875 0.0265625 0.0859375
0 0.49140625 0.34140625 0.034375 0.03125
0 0.759375 0.365625 0.03125 0.040625
0 0.965625 0.196875 0.0640625 0.14375
0 0.8625 0.2234375 0.053125 0.0703125
0 0.103125 0.1734375 0.028125 0.0390625
0 0.084375 0.3875 0.04375 0.0703125
0 0.32578125 0.496875 0.03125 0.03125
0 0.084375 0.2046875 0.025 0.0484375
0 0.4703125 0.375 0.0125 0.0109375
0 0.3296875 0.4453125 0.0375 0.06875
0 0.840625 0.184375 0.0265625 0.0390625
0 0.28671875 0.15078125 0.0234375 0.0296875
0 0.490625 0.21640625 0.0578125 0.0890625
0 0.9 0.30390625 0.059375 0.0671875
0 0.31015625 0.121875 0.0296875 0.03125
0 0.57578125 0.0046875 0.0328125 0.009375
0 0.365625 0.50625 0.015625 0.0203125
0 0.11796875 0.4875 0.0203125 0.05625
0 0.8640625 0.0703125 0.028125 0.0515625
0 0.084375 0.34321875 0.0125 0.013546875
0 0.6734375 0.80546875 0.04375 0.034375
0 0.840625 0.6828125 0.0828125 0.1234375
0 0.19921875 0.71484375 0.0328125 0.034375
0 0.7625 0.4984375 0.05 0.0421875
0 0.28984375 0.040625 0.034375 0.034375
0 0.265625 0.55703125 0.0359375 0.028125
0 0.02734375 0.496875 0.0328125 0.0234375
0 0.334375 0.678125 0.0546875 0.0796875
0 0.7984375 0.01875 0.1390625 0.0375
0 0.0171875 0.246875 0.034375 0.04375
0 0.09375 0.68671875 0.021875 0.0203125
0 0.075 0.70625 0.021875 0.0203125
0 0.1 0.45859375 0.0203125 0.0171875
0 0.84296875 0.6140625 0.03125 0.03125
0 0.775 0.715625 0.021875 0.0203125
0 0.678125 0.86796875 0.028125 0.0203125
0 0.890625 0.7984375 0.0203125 0.021875
0 0.9859375 0.5390625 0.028125 0.0453125
0 0.75625 0.403125 0.0203125 0.0234375
0 0.7796875 0.409375 0.0234375 0.0265625
0 0.659375 0.67109375 0.01875 0.0546875
0 0.021359375 0.434875 0.04271875 0.050578124999999995
0 0.015046875000000001 0.47326562499999997 0.030109375 0.022078125
0 0.214703125 0.43295312499999994 0.014781250000000001 0.024796875
0 0.92465625 0.51646875 0.062453125 0.0724375
0 0.914046875 0.4930625 0.068953125 0.063765625
0 0.68946875 0.372109375 0.028171875000000002 0.034296875
0 0.628578125 0.4690625 0.024640625 0.018578125