0 0.0046875 0.77215625 0.009375 0.038046875
0 0.64140625 0.45390625 0.046875 0.0328125
0 0.71796875 0.621875 0.034375 0.021875
0 0.6624218749999999 0.53021875 0.0328125 0.0234375
0 0.04453125 0.517625 0.0375 0.0203125
0 0.18871875 0.2421875 0.01596875 0.021875
0 0.36953125 0.20078125 0.0140625 0.01875
0 0.38853125 0.260078125 0.07570312500000001 0.08646875000000001
0 0.95625 0.9078125 0.040625 0.03125
0 0.02734375 0.74375 0.0234375 0.0140625
0 0.63984375 0.27734375 0.0625 0.053125
0 0.71328125 0.79140625 0.040625 0.03125
0 0.05859375 0.821875 0.021875 0.01875
0 0.709375 0.03359375 0.0265625 0.0203125
0 0.20703125 0.18359375 0.0359375 0.0375
0 0.053125 0.5953125 0.028125 0.0203125
1 0.80078125 0.58125 0.1578125 0.1015625
0 0.640625 0.4953125 0.0578125 0.0578125
0 0.07578125 0.60859375 0.0234375 0.01875
0 0.2625 0.66015625 0.0453125 0.0375
0 0.0609375 0.54384375 0.03125 0.01509375
0 0.08359375 0.55546875 0.021875 0.015625
0 0.31640625 0.4453125 0.0453125 0.03125
0 0.18203125 0.4703125 0.028125 0.025
0 0.559375 0.47943749999999996 0.04721875 0.033859375000000004
0 0.02421875 0.62734375 0.034375 0.0203125
0 0.859375 0.0875 0.0875 0.075
0 0.47734375 0.22265625 0.040625 0.0296875
0 0.250265625 0.7 0.01875 0.0171875
0 0.38984375 0.1609375 0.0234375 0.0140625
0 0.44296875 0.30546875 0.0171875 0.0109375
0 0.159375 0.4265625 0.028125 0.021875
0 0.36771875 0.641671875 0.026203125 0.016843749999999998
1 0.7453125 0.49921875 0.090625 0.0640625
0 0.85390625 0.19765625 0.0859375 0.0515625
0 0.711796875 0.144625 0.095140625 0.163546875
0 0.3625 0.41640625 0.053125 0.0515625
0 0.8453125 0.7140625 0.04375 0.0390625
0 0.10112499999999999 0.51025 0.032296875 0.043578125
0 0.50078125 0.3671875 0.0875 0.1171875
0 0.5021718749999999 0.5308125 0.0234375 0.0171875
0 0.7578125 0.890625 0.0375 0.028125
0 0.43828125 0.43359375 0.0546875 0.0921875
0 0.49140625 0.55078125 0.028125 0.0265625
0 0.0109375 0.6453125 0.021875 0.01875
0 0.99453125 0.353125 0.0109375 0.021875
0 0.209375 0.57109375 0.021875 0.01875
0 0.92734375 0.1 0.059375 0.0421875
0 0.19609375 0.5203125 0.025 0.0296875
0 0.6171875 0.71171875 0.0375 0.0296875
0 0.1109375 0.5546875 0.0140625 0.0109375
0 0.415984375 0.8808125 0.037171875 0.040109375
0 0.958859375 0.31310937499999997 0.0734375 0.046875
0 0.1015625 0.75703125 0.0203125 0.015625
0 0.34921875 0.66015625 0.0265625 0.0265625
0 0.70103125 0.587328125 0.0328125 0.0328125
0 0.120140625 0.7457499999999999 0.023796875000000002 0.028999999999999998
0 0.6953125 0.225 0.015625 0.0140625
0 0.498078125 0.5830625 0.052625 0.032984374999999996
0 0.3734375 0.67578125 0.0390625 0.0453125
0 0.69140625 0.76640625 0.0359375 0.0234375
0 0.19140625 0.60703125 0.025 0.0171875
0 0.56953125 0.5953125 0.0390625 0.0203125
0 0.678125 0.4953125 0.04375 0.034375
0 0.3265625 0.321875 0.0390625 0.0296875
0 0.5484375 0.10390625 0.0421875 0.0359375
0 0.09375 0.6828125 0.015625 0.0140625
0 0.31640625 0.415109375 0.0171875 0.015625
0 0.605296875 0.6203125 0.04184375 0.028125
0 0.6296875 0.39296875 0.0578125 0.0453125
0 0.951046875 0.43481249999999994 0.03071875 0.020999999999999998
0 0.00625 0.25234375 0.0125 0.03125
0 0.64653125 0.7680625 0.01875 0.0140625
0 0.43046875 0.49296875 0.059375 0.0265625
0 0.221875 0.60234375 0.0265625 0.0234375
0 0.965625 0.2015625 0.0296875 0.021875
0 0.05 0.8046875 0.025 0.015625
0 0.48203125 0.42421875 0.0203125 0.0171875
0 0.33671875 0.625 0.04375 0.0375
0 0.55234375 0.43203125 0.0328125 0.021875
0 0.16875 0.5046875 0.04375 0.05
0 0.08445312499999999 0.533765625 0.015625 0.0140625
0 0.22265625 0.2265625 0.0375 0.0296875
0 0.2875 0.7109375 0.05 0.0578125
0 0.4203125 0.29384375 0.0234375 0.01875
0 0.0140625 0.54696875 0.028125 0.022921875
0 0.415625 0.38359375 0.046875 0.0296875
0 0.11484375 0.39609375 0.0484375 0.059375
0 0.31953125 0.738546875 0.0203125 0.015625
0 0.37421875 0.827515625 0.01875 0.0125
0 0.00546875 0.85390625 0.0109375 0.0125
0 0.8921875 0.7484375 0.0265625 0.034375
0 0.684375 0.303125 0.0375 0.034375
0 0.547046875 0.530296875 0.08054687499999999 0.05
0 0.53046875 0.28984375 0.0203125 0.01875
0 0.66875 0.570921875 0.034375 0.040625
0 0.10234375 0.87734375 0.021875 0.0171875
0 0.671875 0.36640625 0.0453125 0.034375
0 0.31875 0.25625 0.0375 0.0296875
0 0.02553125 0.473609375 0.051046875000000005 0.071875
0 0.15034375 0.39409375 0.03125 0.021875
0 0.206953125 0.39253125 0.059375 0.0375
0 0.009375 0.596875 0.01875 0.021875
0 0.6515625 0.665625 0.03125 0.0265625
0 0.303734375 0.82534375 0.09132812500000001 0.1109375
0 0.07934375 0.49574999999999997 0.03646875 0.0381875
0 0.384375 0.45625 0.0484375 0.0328125
0 0.5109375 0.47421875 0.025 0.021875
0 0.584375 0.78359375 0.053125 0.0484375
0 0.20070312499999998 0.43046875 0.0390625 0.0359375
0 0.706171875 0.42856249999999996 0.0171875 0.0140625
0 0.394265625 0.8477499999999999 0.017703125 0.015625
0 0.16796875 0.57734375 0.071875 0.08125
0 0.75975 0.680640625 0.08375 0.021703125
0 0.13515625 0.45703125 0.0328125 0.0359375
0 0.3640625 0.4875 0.0390625 0.03125
0 0.2359375 0.47639062499999996 0.0390625 0.0265625
0 0.8875 0.52578125 0.1 0.0375
0 0.3 0.62734375 0.0140625 0.0125
0 0.5046875 0.27578125 0.0234375 0.021875
0 0.06015625 0.6828125 0.0296875 0.01875
0 0.577265625 0.7130156249999999 0.043937500000000004 0.04184375
0 0.8109375 0.700703125 0.046875 0.015796875
1 0.96596875 0.502515625 0.0680625 0.1140625
0 0.97903125 0.293234375 0.041921875 0.05278125
0 0.69028125 0.663015625 0.040625 0.0234375
0 0.626390625 0.519359375 0.030906250000000003 0.03471875
0 0.56796875 0.23984375 0.0421875 0.03125
0 0.428125 0.5375 0.0703125 0.053125
0 0.5835 0.63828125 0.03334375 0.035609375
0 0.96875 0.13359375 0.059375 0.0734375
0 0.1430625 0.704421875 0.038203125 0.04375
0 0.49375 0.49609375 0.0296875 0.0171875
0 0.40390625 0.3109375 0.028125 0.015625
0 0.309375 0.55703125 0.0828125 0.1109375
0 0.86953125 0.23359375 0.0453125 0.0328125
0 0.371875 0.6078125 0.0421875 0.046875
0 0.26571875 0.6331562500000001 0.0171875 0.0125
0 0.19178125 0.77659375 0.020499999999999997 0.010171875
0 0.22360937500000003 0.74565625 0.01875 0.010843750000000001
0 0.12432812499999998 0.8082499999999999 0.02328125 0.01571875
1 0.09373437500000001 0.827890625 0.05109375000000001 0.043875
1 0.01584375 0.588328125 0.0316875 0.026375
0 0.04071875 0.36735937500000004 0.07578125 0.12209375
0 0.052359375 0.29504687500000004 0.020499999999999997 0.02325
0 0.5120312499999999 0.15265625 0.028187499999999997 0.01940625
0 0.510640625 0.1365 0.024671875 0.016375
0 0.615984375 0.196796875 0.02953125 0.014000000000000002
1 0.631625 0.1460625 0.09767187499999999 0.142578125
0 0.76515625 0.30821875 0.0323125 0.011578125
1 0.790875 0.28634375 0.10115624999999999 0.069265625
1 0.734390625 0.270328125 0.057734375000000004 0.0955
1 0.889453125 0.3083125 0.22109375 0.284015625
1 0.909796875 0.70253125 0.099765625 0.08578125
0 0.5408906250000001 0.68428125 0.01496875 0.022859375
1 0.641890625 0.613515625 0.066734375 0.074671875
0 0.558265625 0.34304687500000003 0.06637499999999999 0.090765625
0 0.15059375 0.359890625 0.0535625 0.026484374999999998
0 0.26515625 0.355890625 0.048343750000000005 0.03446875
0 0.240296875 0.33765625 0.1230625 0.084171875
1 0.17353125 0.7458437499999999 0.1675625 0.146078125