0 0.59609375 0.7609375 0.078125 0.0859375
0 0.38359375 0.5234375 0.0171875 0.01875
0 0.678125 0.96171875 0.034375 0.0390625
0 0.76171875 0.73046875 0.034375 0.034375
0 0.4109375 0.9140625 0.0171875 0.0140625
0 0.55546875 0.94140625 0.040625 0.0390625
0 0.8046875 0.296875 0.0375 0.08125
1 0.634375 0.5359375 0.259375 0.203125
0 0.321875 0.94375 0.0171875 0.015625
0 0.45078125 0.8484375 0.065625 0.0671875
0 0.52734375 0.49296875 0.028125 0.028125
1 0.1359375 0.26953125 0.059375 0.0484375
0 0.48828125 0.5921875 0.0328125 0.04375
0 0.18359375 0.34765625 0.03125 0.03125
0 0.7265625 0.25546875 0.05 0.0640625
0 0.259375 0.4984375 0.0890625 0.0828125
0 0.384375 0.56328125 0.0296875 0.0421875
0 0.1875 0.240625 0.034375 0.0390625
0 0.60546875 0.25859375 0.0390625 0.0390625
0 0.77421875 0.40703125 0.0421875 0.05
0 0.6296875 0.93671875 0.0203125 0.0203125
0 0.43046875 0.57421875 0.025 0.034375
0 0.5671875 0.47578125 0.0671875 0.0625
0 0.5484375 0.97421875 0.021875 0.028125
0 0.41484375 0.771875 0.0515625 0.040625
0 0.2078125 0.40234375 0.0296875 0.025
0 0.4109375 0.61328125 0.0359375 0.0515625
0 0.67890625 0.20703125 0.0359375 0.046875
0 0.746875 0.475 0.01875 0.021875
1 0.26640625 0.24609375 0.09375 0.0734375
0 0.640625 0.96796875 0.0421875 0.0390625
0 0.38984375 0.9265625 0.0140625 0.0125
0 0.76484375 0.62265625 0.034375 0.034375
0 0.30078125 0.49140625 0.0265625 0.025
0 0.31015625 0.609375 0.10625 0.103125
0 0.20546875 0.4796875 0.0171875 0.015625
0 0.46328125 0.55390625 0.0203125 0.0328125
0 0.834375 0.3359375 0.0390625 0.0875
0 0.42421875 0.65390625 0.0484375 0.04375
0 0.27890625 0.765625 0.0140625 0.015625
0 0.3078125 0.73828125 0.059375 0.06875
0 0.71875 0.36015625 0.0234375 0.0265625
0 0.6921875 0.3453125 0.0421875 0.040625
0 0.76171875 0.2984375 0.0515625 0.0484375
0 0.51328125 0.56328125 0.0203125 0.028125
0 0.2140625 0.3390625 0.0421875 0.03125
0 0.67890625 0.3234375 0.028125 0.0421875
0 0.30703125 0.52734375 0.09375 0.0703125
0 0.40546875 0.44140625 0.0875 0.046875
0 0.646875 0.65546875 0.03125 0.0296875
0 0.91328125 0.76875 0.065625 0.0625
0 0.22421875 0.57578125 0.0296875 0.028125
0 0.4890625 0.60703125 0.0234375 0.0234375
0 0.49296875 0.8703125 0.0421875 0.05
0 0.5125 0.990625 0.03125 0.01875
0 0.740625 0.32890625 0.034375 0.034375
0 0.86171875 0.94140625 0.040625 0.0265625
0 0.85390625 0.746875 0.0390625 0.0515625
0 0.290625 0.7921875 0.015625 0.0171875
0 0.3421875 0.6859375 0.059375 0.059375
0 0.84765625 0.27265625 0.034375 0.034375
0 0.809375 0.60234375 0.0328125 0.028125
0 0.5328125 0.53125 0.021875 0.025
0 0.7296875 0.571875 0.025 0.03125
0 0.178125 0.37734375 0.0328125 0.0390625
0 0.51875 0.73359375 0.040625 0.0328125
0 0.53671875 0.7390625 0.0328125 0.034375
0 0.71796875 0.91796875 0.04375 0.0546875
0 0.57734375 0.925 0.0140625 0.015625
1 0.6234375 0.8953125 0.1 0.0828125
1 0.58515625 0.85859375 0.059375 0.1078125
1 0.628125 0.83515625 0.071875 0.0828125
1 0.728125 0.88671875 0.1765625 0.190625
0 0.74375 0.9640625 0.0390625 0.0171875
0 0.68984375 0.4390625 0.03125 0.0375
0 0.6546875 0.4578125 0.0265625 0.0359375
1 0.665625 0.4171875 0.1984375 0.14375
0 0.81640625 0.41640625 0.03125 0.040625
0 0.284375 0.34765625 0.0984375 0.04375
0 0.4421875 0.56953125 0.1984375 0.1484375