0 0.040625 0.446875 0.0234375 0.0265625
0 0.32734375 0.29921875 0.046875 0.03125
0 0.240625 0.66328125 0.0390625 0.0375
0 0.259375 0.2015625 0.05 0.0390625
0 0.77421875 0.44453125 0.0796875 0.0703125
0 0.00625 0.2046875 0.0125 0.01875
0 0.403125 0.909375 0.034375 0.0390625
0 0.83984375 0.84609375 0.0375 0.0859375
0 0.40390625 0.05703125 0.09375 0.053125
0 0.6671875 0.765625 0.084375 0.0984375
0 0.44453125 0.2640625 0.034375 0.0703125
0 0.46875 0.41484375 0.0375 0.03125
0 0.73359375 0.48359375 0.04375 0.034375
0 0.33203125 0.059375 0.05625 0.0546875
0 0.9828125 0.91015625 0.034375 0.096875
0 0.5734375 0.5484375 0.053125 0.0609375
0 0.670734375 0.31796875 0.1015625 0.1171875
0 0.92421875 0.47109375 0.1015625 0.0859375
0 0.11875 0.12421875 0.0234375 0.021875
1 0.19140625 0.425 0.1140625 0.128125
0 0.653125 0.54765625 0.0546875 0.04375
0 0.85234375 0.45625 0.040625 0.034375
0 0.39140625 0.4125 0.096875 0.05
0 0.6234375 0.7 0.053125 0.071875
0 0.93125 0.84296875 0.034375 0.034375
0 0.509375 0.49921875 0.05 0.06875
0 0.4296875 0.19296875 0.059375 0.053125
0 0.76484375 0.28515625 0.028125 0.034375
0 0.35625 0.134375 0.01875 0.0171875
0 0.57578125 0.275 0.0796875 0.0671875
0 0.45546875 0.73671875 0.0203125 0.0203125
0 0.26015625 0.3109375 0.021875 0.015625
0 0.965625 0.68046875 0.0375 0.05
0 0.325 0.17734375 0.0640625 0.0875
0 0.4640625 0.61796875 0.053125 0.078125
0 0.76796875 0.2078125 0.05 0.0515625
0 0.384375 0.69453125 0.04375 0.0390625
0 0.36875 0.1046875 0.04375 0.034375
0 0.04140625 0.57578125 0.025 0.028125
0 0.56796875 0.08046875 0.071875 0.0390625
0 0.3375 0.35234375 0.09375 0.0703125
0 0.359375 0.215625 0.0828125 0.053125
0 0.30078125 0.615625 0.0375 0.028125
0 0.040625 0.27890625 0.015625 0.015625
0 0.05703125 0.61484375 0.0453125 0.046875
0 0.4140625 0.1046875 0.03125 0.0265625
0 0.2125 0.7203125 0.0359375 0.0375
0 0.99140625 0.34609375 0.0171875 0.025
0 0.82265625 0.40390625 0.0625 0.05
0 0.29375 0.534375 0.0875 0.078125
0 0.021875 0.4609375 0.0140625 0.0203125
0 0.696875 0.25703125 0.0703125 0.0640625
0 0.31953125 0.66640625 0.0421875 0.0390625
0 0.16875 0.90078125 0.0375 0.0375
0 0.6609375 0.6296875 0.034375 0.0265625
0 0.115625 0.690625 0.090625 0.075
0 0.60353125 0.224421875 0.025828125 0.037921875
0 0.528125 0.153125 0.0578125 0.053125
0 0.85546875 0.27734375 0.0359375 0.0328125
0 0.44375 0.4828125 0.059375 0.065625
0 0.68515625 0.4 0.0546875 0.05
0 0.45390625 0.1 0.053125 0.053125
0 0.53828125 0.18515625 0.0546875 0.040625
0 0.08359375 0.1421875 0.0359375 0.0375
0 0.90703125 0.3953125 0.0171875 0.015625
0 0.14140625 0.87890625 0.028125 0.0359375
0 0.2109375 0.1921875 0.0171875 0.0234375
0 0.5140625 0.590625 0.08125 0.04375
1 0.090625 0.190625 0.0734375 0.1
0 0.5125 0.25625 0.075 0.103125
0 0.6890625 0.153125 0.028125 0.021875
0 0.228125 0.584375 0.040625 0.04375
0 0.3859375 0.571875 0.10625 0.1875
0 0.82578125 0.6296875 0.065625 0.0734375
0 0.41640625 0.153125 0.046875 0.0390625
0 0.3203125 0.82265625 0.040625 0.0375
0 0.26171875 0.36171875 0.0484375 0.059375
0 0.71953125 0.4421875 0.0203125 0.0328125
0 0.9734375 0.79453125 0.0390625 0.0359375
0 0.878125 0.321875 0.0375 0.040625
0 0.22734375 0.61484375 0.040625 0.04375
0 0.27578125 0.75859375 0.0375 0.0359375
0 0.0453125 0.203125 0.046875 0.0609375
0 0.95234375 0.57578125 0.0328125 0.0234375
0 0.021875 0.25625 0.04375 0.0484375
0 0.146875 0.6171875 0.0671875 0.0625
0 0.3046875 0.2625 0.059375 0.05625
0 0.790625 0.303125 0.0265625 0.021875
0 0.5546875 0.49765625 0.0265625 0.034375
0 0.95 0.33203125 0.034375 0.034375
0 0.225 0.33046875 0.0359375 0.0328125
0 0.6296875 0.49921875 0.0671875 0.059375
0 0.28125 0.6484375 0.0328125 0.0390625
0 0.153125 0.50390625 0.0453125 0.0390625
0 0.890625 0.353125 0.0328125 0.0359375
0 0.02578125 0.30546875 0.0328125 0.0421875
0 0.609375 0.1984375 0.025 0.0203125
0 0.62890625 0.15234375 0.0453125 0.021875
0 0.6828125 0.17890625 0.0375 0.0328125
0 0.02890625 0.15546875 0.025 0.028125
0 0.15234375 0.35546875 0.1125 0.1390625
0 0.57890625 0.63515625 0.059375 0.065625
0 0.3546875 0.84453125 0.034375 0.0359375
0 0.215625 0.290625 0.034375 0.0375
0 0.3578125 0.75625 0.0296875 0.028125
0 0.009375 0.68046875 0.01875 0.0328125
0 0.07265625 0.2546875 0.040625 0.040625
0 0.12734375 0.084375 0.034375 0.034375
0 0.01796875 0.63203125 0.0359375 0.0359375
0 0.3796875 0.88125 0.0375 0.0375
0 0.909375 0.2890625 0.034375 0.021875
0 0.03359375 0.36875 0.0671875 0.1234375
0 0.678125 0.678125 0.053125 0.065625
0 0.43515625 0.33671875 0.134375 0.0765625
0 0.6203125 0.240625 0.040625 0.0328125
0 0.884375 0.38203125 0.0171875 0.015625
0 0.971875 0.415625 0.0546875 0.06875
0 0.3078125 0.4125 0.065625 0.05625
0 0.559375 0.325 0.0265625 0.0390625
0 0.5578125 0.68046875 0.028125 0.034375
0 0.27578125 0.47734375 0.0484375 0.04375
1 0.20203125000000002 0.5101093750000001 0.12146874999999999 0.125734375
0 0.5546875 0.4265625 0.0828125 0.096875
0 0.4375 0.84765625 0.03125 0.0265625
0 0.609375 0.43671875 0.0265625 0.040625
0 0.8796875 0.2078125 0.0484375 0.0515625
0 0.9765625 0.30546875 0.046875 0.046875
0 0.609375 0.7765625 0.084375 0.059375
0 0.75703125 0.24765625 0.034375 0.0375
0 0.68921875 0.5295156249999999 0.030406250000000003 0.0355
0 0.093125 0.47242187500000005 0.08796875 0.112203125
1 0.09709375 0.09121875 0.072546875 0.07340624999999999
0 0.9224218750000001 0.566484375 0.0354375 0.026640625
0 0.99528125 0.595890625 0.009421875 0.228703125
0 0.906765625 0.6539843750000001 0.18648437499999998 0.331625