0 0.49453125 0.45546875 0.0796875 0.1296875
0 0.28125 0.44296875 0.040625 0.0390625
0 0.778125 0.49140625 0.0484375 0.0546875
0 0.72578125 0.19453125 0.0296875 0.0203125
0 0.3640625 0.53828125 0.0375 0.04375
0 0.015625 0.4125 0.03125 0.06875
0 0.7015625 0.31640625 0.04375 0.040625
0 0.903125 0.24609375 0.0328125 0.0359375
0 0.8296875 0.3671875 0.1046875 0.1109375
0 0.94609375 0.165625 0.01875 0.0296875
0 0.15546875 0.60390625 0.065625 0.059375
0 0.7265625 0.14375 0.0375 0.0359375
0 0.7578125 0.2 0.0234375 0.021875
0 0.79296875 0.7265625 0.0796875 0.0671875
0 0.30703125 0.16875 0.040625 0.0421875
0 0.753125 0.16875 0.0234375 0.028125
0 0.9359375 0.76796875 0.0453125 0.04375
0 0.92578125 0.02109375 0.0125 0.0203125
0 0.05625 0.846875 0.01875 0.0296875
0 0.95703125 0.4109375 0.053125 0.078125
0 0.3734375 0.759375 0.0390625 0.0421875
0 0.3578125 0.7046875 0.0390625 0.0390625
0 0.70078125 0.1109375 0.021875 0.0140625
0 0.67578125 0.3765625 0.078125 0.065625
0 0.38515625 0.57890625 0.0375 0.0609375
0 0.71953125 0.66484375 0.0859375 0.1078125
0 0.13359375 0.196875 0.034375 0.0296875
0 0.31328125 0.79453125 0.040625 0.0375
0 0.14375 0.31796875 0.0421875 0.040625
0 0.0921875 0.975 0.053125 0.05
0 0.39296875 0.51796875 0.0390625 0.0375
0 0.72109375 0.34609375 0.053125 0.046875
0 0.60390625 0.21953125 0.025 0.034375
0 0.653125 0.16953125 0.078125 0.0859375
0 0.42265625 0.6671875 0.0453125 0.040625
0 0.53125 0.57421875 0.134375 0.1359375
0 0.71875 0.4984375 0.0484375 0.0609375
0 0.46171875 0.2171875 0.021875 0.0265625
0 0.3703125 0.334375 0.03125 0.0265625
0 0.55625 0.8140625 0.0578125 0.0546875
0 0.68984375 0.86875 0.1046875 0.084375
0 0.9859375 0.41953125 0.021875 0.0421875
0 0.86875 0.80859375 0.05 0.0453125
0 0.6921875 0.2 0.0265625 0.025
0 0.35390625 0.659375 0.05 0.0453125
0 0.421875 0.45390625 0.0875 0.0984375
0 0.7046875 0.171875 0.03125 0.025
0 0.271875 0.47734375 0.040625 0.0390625
0 0.8265625 0.90703125 0.0515625 0.0484375
0 0.06875 0.440625 0.0546875 0.053125
0 0.93046875 0.06328125 0.0140625 0.0203125
0 0.1875 0.96640625 0.05 0.046875
0 0.51875 0.8640625 0.0375 0.04375
0 0.26796875 0.190625 0.0328125 0.028125
0 0.17890625 0.33984375 0.040625 0.040625
0 0.67421875 0.12109375 0.034375 0.03125
0 0.2265625 0.93359375 0.040625 0.0390625
0 0.1296875 0.70859375 0.053125 0.0453125
0 0.81171875 0.190625 0.1078125 0.096875
0 0.37265625 0.11328125 0.0375 0.04375
0 0.15859375 0.5828125 0.0578125 0.0640625
0 0.4390625 0.1484375 0.0390625 0.0296875
0 0.153125 0.5453125 0.05625 0.05625
0 0.77421875 0.10078125 0.028125 0.0234375
0 0.93828125 0.20859375 0.0484375 0.053125
0 0.27265625 0.3953125 0.03125 0.0265625
0 0.9890625 0.87578125 0.021875 0.0828125
0 0.3859375 0.22890625 0.0375 0.0296875
0 0.38515625 0.3046875 0.0359375 0.0328125
0 0.99609375 0.65078125 0.0078125 0.0328125
0 0.42734375 0.36640625 0.0890625 0.1140625
0 0.74453125 0.54375 0.0515625 0.0546875
0 0.56953125 0.9875 0.059375 0.025
0 0.2828125 0.525 0.0421875 0.0453125
0 0.86484375 0.19140625 0.025 0.021875
0 0.7125 0.253125 0.071875 0.084375
0 0.13046875 0.834375 0.0546875 0.0484375
0 0.89765625 0.20546875 0.0578125 0.0515625
0 0.13984375 0.48046875 0.034375 0.028125
0 0.63828125 0.584375 0.1140625 0.1359375
0 0.62578125 0.35859375 0.0453125 0.05
0 0.89921875 0.2796875 0.040625 0.0390625
0 0.20390625 0.75078125 0.10625 0.13125
0 0.7625 0.28984375 0.0265625 0.028125
0 0.50390625 0.38828125 0.0359375 0.040625
0 0.43125 0.5875 0.0375 0.0421875
0 0.3171875 0.146875 0.040625 0.040625
0 0.296875 0.41484375 0.03125 0.0265625
0 0.23515625 0.53125 0.0390625 0.0359375
0 0.915625 0.16015625 0.040625 0.0390625
0 0.66796875 0.9453125 0.078125 0.0765625
0 0.234375 0.81796875 0.1109375 0.121875
0 0.615625 0.69609375 0.090625 0.15
0 0.77890625 0.24296875 0.046875 0.046875
0 0.578125 0.91171875 0.0828125 0.0703125
0 0.109375 0.3796875 0.0390625 0.0390625
0 0.78203125 0.67421875 0.053125 0.0515625
0 0.746875 0.38984375 0.0515625 0.053125
0 0.98515625 0.4921875 0.0296875 0.04375
0 0.4140625 0.11875 0.04375 0.0359375
0 0.91171875 0.534375 0.1140625 0.2015625
1 0.9203125 0.5328125 0.159375 0.24375
0 0.99609375 0.52734375 0.0078125 0.0234375
0 0.35546875 0.50390625 0.0265625 0.04375
0 0.59296875 0.415625 0.0890625 0.0703125
0 0.9375 0.096875 0.0109375 0.0171875
0 0.87265625 0.20859375 0.0234375 0.021875