0 0.759375 0.8078125 0.1125 0.10625
0 0.534375 0.56015625 0.0390625 0.0375
0 0.525 0.4515625 0.053125 0.0296875
0 0.6796875 0.3375 0.065625 0.05
0 0.43984375 0.53203125 0.0453125 0.0375
0 0.53984375 0.6671875 0.059375 0.040625
0 0.68046875 0.71015625 0.03125 0.046875
0 0.87578125 0.63984375 0.0296875 0.040625
0 0.66875 0.8578125 0.06875 0.0625
0 0.73984375 0.29140625 0.040625 0.0265625
0 0.75 0.50859375 0.025 0.0265625
0 0.69375 0.64609375 0.0828125 0.06875
0 0.65703125 0.92890625 0.05625 0.0609375
0 0.4234375 0.94375 0.065625 0.053125
0 0.1109375 0.76875 0.028125 0.025
0 0.46015625 0.72578125 0.0453125 0.06875
0 0.40078125 0.85625 0.021875 0.025
0 0.7203125 0.94375 0.065625 0.0625
0 0.7859375 0.603125 0.0421875 0.05625
0 0.0734375 0.87578125 0.040625 0.0484375
0 0.3234375 0.88125 0.0171875 0.0265625
0 0.740625 0.34765625 0.0734375 0.084375
0 0.625 0.76640625 0.0234375 0.0296875
0 0.54375 0.8984375 0.078125 0.053125
0 0.52578125 0.50234375 0.1390625 0.103125
0 0.96953125 0.9578125 0.0484375 0.0390625
0 0.665625 0.40078125 0.06875 0.0859375
0 0.859375 0.4859375 0.1 0.0984375
0 0.1890625 0.73671875 0.040625 0.0359375
0 0.940625 0.85 0.040625 0.0421875
0 0.04921875 0.82421875 0.053125 0.0578125
0 0.928125 0.2375 0.0703125 0.0515625
0 0.4203125 0.7390625 0.0484375 0.0484375
0 0.9296875 0.6859375 0.0578125 0.0796875
0 0.55234375 0.75703125 0.0375 0.0484375
0 0.603125 0.9484375 0.0671875 0.0734375
0 0.58671875 0.875 0.0921875 0.0609375
0 0.734375 0.8875 0.0296875 0.03125
0 0.93671875 0.503125 0.1265625 0.30625
0 0.440625 0.59921875 0.0859375 0.0953125
0 0.8640625 0.35625 0.221875 0.1921875
0 0.98671875 0.71328125 0.0265625 0.0546875
0 0.83515625 0.6921875 0.090625 0.084375
0 0.746875 0.42109375 0.0234375 0.034375
0 0.7203125 0.6984375 0.065625 0.08125
0 0.67265625 0.56953125 0.1296875 0.1109375
0 0.38515625 0.78203125 0.04375 0.0453125
0 0.784375 0.26328125 0.0609375 0.04375
0 0.94375 0.76171875 0.028125 0.0328125
0 0.87265625 0.58828125 0.053125 0.0671875
0 0.2328125 0.721875 0.0234375 0.0203125
0 0.03671875 0.7953125 0.0140625 0.009375
0 0.0515625 0.7875 0.0140625 0.009375
0 0.02265625 0.796875 0.0125 0.0140625
0 0.12421875 0.96484375 0.2046875 0.0703125
0 0.3453125 0.8390625 0.0265625 0.0234375
0 0.4109375 0.82890625 0.0203125 0.034375
0 0.5890625 0.65546875 0.01875 0.0140625
0 0.59765625 0.675 0.0203125 0.021875
0 0.63203125 0.71953125 0.0484375 0.046875
0 0.5328125 0.96875 0.01875 0.0171875
0 0.628125 0.3875 0.046875 0.0515625
0 0.584375 0.42890625 0.034375 0.021875
0 0.559375 0.44140625 0.0375 0.025
0 0.84296875 0.86875 0.23125 0.2390625
0 0.99296875 0.771875 0.0140625 0.05625
1 0.984375 0.82109375 0.03125 0.3078125
1 0.54375 0.74140625 0.16875 0.1875
1 0.63828125 0.9484375 0.2484375 0.103125
1 0.41953125 0.88984375 0.19375 0.196875
1 0.3578125 0.86953125 0.140625 0.1515625
0 0.23046875 0.8234375 0.275 0.1875