0 0.41640625 0.81484375 0.025 0.0234375
0 0.534375 0.74765625 0.065625 0.0265625
0 0.29375 0.41953125 0.03125 0.034375
0 0.49296875 0.16953125 0.053125 0.1
0 0.71640625 0.3875 0.0203125 0.021875
0 0.7125 0.25703125 0.028125 0.053125
0 0.315625 0.19609375 0.0265625 0.04375
0 0.64609375 0.3828125 0.0421875 0.0375
0 0.48359375 0.72734375 0.025 0.0265625
0 0.45703125 0.37109375 0.0140625 0.0171875
0 0.85625 0.9515625 0.0375 0.0328125
0 0.70390625 0.109375 0.04375 0.05
0 0.72734375 0.47421875 0.0140625 0.0125
0 0.56875 0.0984375 0.028125 0.0359375
0 0.50234375 0.47109375 0.0203125 0.0203125
0 0.38203125 0.596875 0.078125 0.0703125
0 0.41640625 0.34453125 0.034375 0.034375
0 0.17890625 0.8234375 0.05625 0.059375
0 0.509375 0.7234375 0.025 0.025
0 0.26875 0.79453125 0.065625 0.0390625
0 0.84921875 0.43515625 0.0234375 0.01875
0 0.31640625 0.36875 0.0609375 0.0265625
0 0.46015625 0.98515625 0.0265625 0.0296875
0 0.46953125 0.903125 0.134375 0.0890625
0 0.50390625 0.49296875 0.0140625 0.015625
0 0.62265625 0.7390625 0.0515625 0.0453125
0 0.29296875 0.853125 0.025 0.021875
0 0.40546875 0.284375 0.0203125 0.0203125
0 0.3171875 0.728125 0.021875 0.021875
0 0.52890625 0.6125 0.05625 0.05
0 0.16328125 0.665625 0.0171875 0.0203125
0 0.471875 0.315625 0.015625 0.015625
0 0.40703125 0.7609375 0.034375 0.021875
0 0.41953125 0.73515625 0.046875 0.0296875
0 0.453125 0.671875 0.096875 0.09375
0 0.58984375 0.94296875 0.021875 0.021875
0 0.45390625 0.753125 0.0375 0.0296875
0 0.73125 0.74140625 0.015625 0.0109375
0 0.55078125 0.39453125 0.0296875 0.03125
0 0.25234375 0.734375 0.0296875 0.0234375
0 0.15078125 0.6703125 0.0171875 0.0234375
0 0.35 0.36015625 0.0296875 0.021875
0 0.365625 0.81953125 0.0515625 0.0453125
0 0.5421875 0.459375 0.0515625 0.034375
0 0.596875 0.0375 0.04375 0.053125
0 0.42734375 0.40703125 0.0875 0.034375
0 0.36953125 0.990625 0.0234375 0.0171875
0 0.84609375 0.728125 0.05 0.0328125
0 0.38359375 0.82265625 0.0421875 0.059375
0 0.34375 0.95078125 0.0265625 0.0265625
0 0.3265625 0.83984375 0.015625 0.015625
0 0.5359375 0.671875 0.0859375 0.071875
0 0.43515625 0.32265625 0.034375 0.034375
0 0.42421875 0.7875 0.040625 0.0390625
0 0.79453125 0.75859375 0.0609375 0.046875
0 0.2640625 0.75390625 0.078125 0.034375
0 0.40390625 0.53828125 0.0203125 0.0265625
0 0.359375 0.74375 0.0328125 0.0328125
0 0.259375 0.46015625 0.034375 0.040625
0 0.67734375 0.7734375 0.0265625 0.025
0 0.32734375 0.503125 0.09375 0.065625
0 0.21015625 0.51953125 0.09375 0.028125
0 0.1734375 0.746875 0.040625 0.021875
0 0.74296875 0.78046875 0.04375 0.0203125
0 0.59296875 0.3234375 0.0421875 0.0359375
0 0.58125 0.87265625 0.0265625 0.0328125
0 0.6140625 0.90234375 0.0890625 0.0828125
0 0.37109375 0.2953125 0.03125 0.028125
0 0.82578125 0.41015625 0.0234375 0.021875
0 0.38125 0.715625 0.04375 0.0390625
0 0.51640625 0.95078125 0.0328125 0.034375
0 0.728125 0.703125 0.0171875 0.015625
0 0.29765625 0.35546875 0.05625 0.0234375
0 0.746875 0.40546875 0.01875 0.015625
0 0.84375 0.38515625 0.0234375 0.0234375
0 0.478125 0.846875 0.034375 0.0171875
0 0.715625 0.2140625 0.025 0.025
0 0.321875 0.02734375 0.028125 0.0375
0 0.378125 0.06171875 0.03125 0.0375
0 0.546875 0.421875 0.0421875 0.03125
0 0.60234375 0.43125 0.059375 0.0546875
0 0.3109375 0.06171875 0.03125 0.034375
0 0.32734375 0.5578125 0.0625 0.0515625
0 0.74765625 0.45546875 0.0265625 0.025
0 0.821875 0.4921875 0.021875 0.015625
0 0.5171875 0.509375 0.01875 0.0203125
0 0.36796875 0.55 0.025 0.0359375
0 0.315625 0.28984375 0.0140625 0.015625
0 0.33203125 0.4453125 0.059375 0.0625
0 0.59140625 0.81796875 0.075 0.040625
0 0.66484375 0.85625 0.0765625 0.0828125
0 0.43203125 0.8578125 0.0390625 0.04375
0 0.4921875 0.7453125 0.015625 0.021875
0 0.346875 0.81640625 0.028125 0.025
0 0.75625 0.1453125 0.028125 0.034375
0 0.4453125 0.13984375 0.0375 0.04375
0 0.5078125 0.784375 0.121875 0.0484375
0 0.5765625 0.378125 0.021875 0.0203125
0 0.53203125 0.159375 0.053125 0.096875
0 0.1828125 0.39140625 0.0328125 0.0359375
0 0.6734375 0.6703125 0.0125 0.0125
0 0.26640625 0.98828125 0.028125 0.0234375
0 0.35546875 0.68203125 0.0609375 0.0453125
0 0.68828125 0.0140625 0.028125 0.028125
0 0.23125 0.4296875 0.059375 0.0515625
0 0.4515625 0.58671875 0.05 0.0546875
0 0.48203125 0.059375 0.1109375 0.1171875
0 0.353125 0.7796875 0.05625 0.046875
0 0.271875 0.1671875 0.028125 0.0328125
0 0.246875 0.3515625 0.028125 0.025
0 0.19609375 0.20625 0.0921875 0.084375
0 0.37890625 0.26875 0.021875 0.0234375
0 0.32734375 0.759375 0.0265625 0.0328125
0 0.83359375 0.34375 0.025 0.021875
0 0.63671875 0.10078125 0.0328125 0.034375
0 0.30234375 0.2515625 0.03125 0.05
0 0.553125 0.7125 0.0359375 0.034375
0 0.50078125 0.82265625 0.1046875 0.0546875
0 0.409375 0.43203125 0.0203125 0.0203125
0 0.73671875 0.6734375 0.0140625 0.0109375
0 0.6859375 0.9453125 0.0421875 0.0515625
0 0.36171875 0.95859375 0.0234375 0.0359375
0 0.21796875 0.29375 0.05 0.0484375
0 0.271875 0.234375 0.034375 0.0484375
0 0.1453125 0.578125 0.0734375 0.084375
0 0.5859375 0.6765625 0.0109375 0.0125
0 0.32890625 0.70546875 0.021875 0.015625
0 0.45390625 0.72890625 0.0359375 0.028125
0 0.54296875 0.53046875 0.0453125 0.034375
0 0.83203125 0.540625 0.03125 0.0328125
0 0.72265625 0.45234375 0.021875 0.01875
0 0.48671875 0.48125 0.0125 0.0125
0 0.23125 0.59140625 0.034375 0.0421875
0 0.228125 0.0328125 0.028125 0.0296875
0 0.69609375 0.79609375 0.046875 0.040625
0 0.63046875 0.965625 0.034375 0.028125
0 0.51171875 0.35625 0.059375 0.059375
0 0.6015625 0.475 0.0390625 0.034375
0 0.640625 0.67734375 0.0140625 0.015625
0 0.625 0.5828125 0.03125 0.0328125
0 0.82109375 0.459375 0.0171875 0.0203125
0 0.6375 0.31484375 0.0390625 0.0828125
0 0.43046875 0.4828125 0.0703125 0.0515625
0 0.26484375 0.878125 0.0296875 0.021875
0 0.1109375 0.72578125 0.0359375 0.025
0 0.46171875 0.43828125 0.1078125 0.04375
0 0.70625 0.90546875 0.0234375 0.0359375
0 0.809375 0.646875 0.01875 0.015625
0 0.81328125 0.809375 0.06875 0.040625
0 0.54140625 0.93671875 0.03125 0.028125
0 0.48125 0.60859375 0.0234375 0.0203125
0 0.30390625 0.8125 0.0109375 0.0109375
0 0.2375 0.821875 0.025 0.0203125
0 0.79296875 0.29140625 0.0359375 0.05625
0 0.659375 0.96484375 0.025 0.021875
0 0.3390625 0.8765625 0.025 0.025
0 0.0828125 0.63203125 0.034375 0.0421875
0 0.1140625 0.5046875 0.034375 0.0625
0 0.309375 0.9234375 0.0234375 0.021875
0 0.51796875 0.2484375 0.0609375 0.05625
0 0.67265625 0.51796875 0.046875 0.040625
0 0.6703125 0.49296875 0.05625 0.0484375
0 0.66640625 0.59765625 0.0125 0.00625
0 0.68515625 0.6 0.015625 0.0140625
0 0.71875 0.490625 0.01875 0.0140625
0 0.6515625 0.7875 0.0140625 0.015625
0 0.496875 0.6875 0.0109375 0.0109375
0 0.55703125 0.80390625 0.0140625 0.0109375
0 0.51484375 0.571875 0.021875 0.0203125
0 0.51953125 0.55 0.028125 0.03125
0 0.4109375 0.63984375 0.0234375 0.034375
0 0.1296875 0.68203125 0.015625 0.0125
0 0.12734375 0.67109375 0.0140625 0.0109375
0 0.10546875 0.6 0.0109375 0.0171875
0 0.096875 0.59375 0.0125 0.0125
0 0.2984375 0.01328125 0.01875 0.0265625
0 0.5921875 0.55546875 0.0578125 0.0296875
0 0.56875 0.49140625 0.0390625 0.0171875
0 0.578125 0.64140625 0.0296875 0.0171875
0 0.57578125 0.575 0.0125 0.0171875
1 0.38046875 0.57890625 0.2703125 0.1625
0 0.3421875 0.89453125 0.015625 0.009375
0 0.26171875 0.91640625 0.0890625 0.0453125
1 0.459375 0.89140625 0.24375 0.1203125