0 0.88515625 0.23515625 0.0484375 0.059375
0 0.803125 0.07109375 0.0375 0.0359375
0 0.1046875 0.27734375 0.0703125 0.040625
0 0.2046875 0.2671875 0.0515625 0.0375
0 0.98671875 0.653125 0.0265625 0.034375
0 0.821875 0.175 0.0265625 0.0296875
0 0.49765625 0.090625 0.0234375 0.021875
0 0.29609375 0.36328125 0.0359375 0.0328125
0 0.0953125 0.31640625 0.0296875 0.028125
0 0.090625 0.09293749999999999 0.18125 0.18587499999999998
0 0.378125 0.246875 0.0375 0.034375
0 0.565625 0.090625 0.0390625 0.0328125
0 0.26875 0.4625 0.0828125 0.071875
0 0.234375 0.18125 0.196875 0.140625
0 0.87109375 0.08671875 0.046875 0.04375
0 0.008375 0.41615624999999995 0.016734375000000003 0.060390624999999996
0 0.25234375 0.26484375 0.04375 0.0265625
0 0.02240625 0.131140625 0.044796875 0.07603125
0 0.73203125 0.283390625 0.025 0.034375
0 0.603125 0.07421875 0.015625 0.0296875
0 0.41875 0.1453125 0.040625 0.034375
0 0.9203125 0.096875 0.01875 0.01875
0 0.028921875000000003 0.52815625 0.057828124999999994 0.0499375
0 0.43359375 0.203125 0.03125 0.0375
0 0.553125 0.01796875 0.059375 0.0328125
0 0.28125 0.328125 0.0796875 0.059375
0 0.10287500000000001 0.545375 0.0578125 0.0421875
0 0.553125 0.053125 0.053125 0.0421875
0 0.840625 0.271875 0.0375 0.05625
0 0.8442812500000001 0.532875 0.0546875 0.05
1 0.6640625 0.47421875 0.153125 0.1875
0 0.859375 0.00546875 0.034375 0.0109375
0 0.33671875 0.31484375 0.0296875 0.03125
0 0.94140625 0.02109375 0.109375 0.0421875
0 0.63828125 0.02734375 0.015625 0.015625
0 0.871875 0.4609375 0.05 0.05
0 0.05859375 0.190625 0.075 0.059375
0 0.028421875000000003 0.23967187499999998 0.056843750000000005 0.045234375
0 0.41015625 0.2359375 0.034375 0.028125
0 0.46328125 0.128125 0.04375 0.0390625
0 0.16953125 0.12890625 0.028125 0.03125
0 0.8546875 0.365625 0.034375 0.03125
0 0.04296875 0.3640625 0.0859375 0.096875
0 0.85703125 0.171875 0.0390625 0.0375
0 0.1921875 0.44453125 0.0796875 0.0890625
0 0.3609375 0.22421875 0.0328125 0.0296875
0 0.28203125 0.028187499999999997 0.0859375 0.048546875
0 0.9328125 0.38671875 0.0578125 0.0578125
0 0.92421875 0.603125 0.0546875 0.0578125
0 0.959375 0.2515625 0.053125 0.040625
0 0.3015625 0.27109375 0.053125 0.053125
0 0.290625 0.4125 0.015625 0.021875
0 0.9671875 0.20625 0.0515625 0.040625
1 0.563 0.058515625 0.134515625 0.11703125
1 0.682203125 0.022125 0.12181249999999999 0.04425
0 0.40053124999999995 0.043953124999999996 0.134484375 0.073375
0 0.355703125 0.08165625 0.11553125 0.06442187499999999
0 0.223046875 0.03128125 0.0538125 0.03209375
0 0.129703125 0.31240625 0.041125 0.038593749999999996
0 0.024234375 0.5558125 0.04846875 0.032796874999999996