0 0.36953125 0.7828125 0.0203125 0.0203125
0 0.44453125 0.678125 0.025 0.0328125
0 0.3296875 0.5421875 0.0171875 0.015625
0 0.4765625 0.50703125 0.034375 0.025
0 0.26640625 0.465625 0.059375 0.0640625
0 0.5125 0.41796875 0.034375 0.025
1 0.965625 0.715671875 0.06875 0.091375
0 0.246875 0.53359375 0.01875 0.034375
0 0.39375 0.1484375 0.04375 0.034375
0 0.91484375 0.49140625 0.0875 0.0953125
0 0.45 0.409375 0.0171875 0.015625
0 0.4515625 0.4984375 0.025 0.0109375
0 0.23359375 0.36875 0.0390625 0.0703125
0 0.946875 0.26328125 0.028125 0.040625
0 0.21484375 0.54609375 0.021875 0.0390625
0 0.4828125 0.028125 0.090625 0.05625
0 0.44375 0.61484375 0.021875 0.01875
0 0.525 0.55234375 0.084375 0.0765625
0 0.36953125 0.11875 0.0546875 0.040625
0 0.86484375 0.2015625 0.0375 0.0328125
0 0.34921875 0.83515625 0.0125 0.015625
0 0.87578125 0.2609375 0.040625 0.034375
0 0.521875 0.84296875 0.025 0.034375
0 0.19765625 0.50390625 0.0265625 0.0359375
0 0.228125 0.3109375 0.034375 0.03125
0 0.9609375 0.6125 0.05 0.0390625
1 0.35278125 0.29490625000000004 0.106765625 0.0850625
0 0.3390625 0.79609375 0.0078125 0.0140625
0 0.815625 0.453125 0.03125 0.0328125
0 0.1 0.15390625 0.034375 0.0328125
1 0.48128125 0.2918125 0.187609375 0.064875
0 0.01328125 0.33515625 0.015625 0.0265625
0 0.3625 0.46328125 0.034375 0.0375
0 0.134375 0.465625 0.015625 0.0265625
0 0.8421875 0.46953125 0.034375 0.028125
0 0.44453125 0.109375 0.0421875 0.034375
0 0.18046875 0.24140625 0.040625 0.096875
0 0.365625 0.34921875 0.0859375 0.0734375
1 0.539484375 0.318140625 0.194578125 0.073171875
0 0.35625 0.721875 0.0484375 0.0484375
1 0.255515625 0.7301875 0.041125 0.121125
0 0.41953125 0.646875 0.021875 0.025
0 0.18359375 0.7234375 0.021875 0.0421875
0 0.5578125 0.153125 0.028125 0.0265625
0 0.71171875 0.484375 0.0734375 0.103125
0 0.93671875 0.67734375 0.0375 0.028125
0 0.9 0.3046875 0.05 0.096875
0 0.9234375 0.59375 0.03125 0.0265625
0 0.13984375 0.171875 0.04375 0.034375
0 0.965421875 0.9274687500000001 0.0359375 0.028125
0 0.46595312499999997 0.07246875 0.0609375 0.0390625
0 0.36796875 0.63671875 0.021875 0.021875
0 0.146875 0.38359375 0.05 0.1203125
0 0.9765625 0.55390625 0.046875 0.128125
0 0.503125 0.440625 0.0390625 0.0359375
0 0.428125 0.22734375 0.059375 0.065625
0 0.87109375 0.5125 0.034375 0.034375
0 0.1765625 0.3421875 0.0390625 0.06875
0 0.3890625 0.5265625 0.021875 0.021875
0 0.078125 0.040625 0.0203125 0.03125
0 0.509375 0.90703125 0.0265625 0.03125
1 0.48489062499999996 0.762609375 0.08021875 0.1341875
0 0.40703125 0.86015625 0.0140625 0.009375
0 0.07421875 0.20703125 0.034375 0.0421875
0 0.71328125 0.559375 0.034375 0.0421875
0 0.7328125 0.60234375 0.034375 0.0375
0 0.2140625 0.4046875 0.0453125 0.084375
0 0.9640625 0.65390625 0.025 0.03125
0 0.32578125 0.24178125 0.0265625 0.027375
0 0.59453125 0.25703125 0.0359375 0.0546875
0 0.79375 0.0875 0.1015625 0.0953125
0 0.421875 0.7859375 0.025 0.046875
0 0.2671875 0.6390625 0.0375 0.0609375
0 0.34140625 0.65078125 0.015625 0.0328125
0 0.1828125 0.47890625 0.0375 0.0859375
0 0.24765625 0.41328125 0.0296875 0.0265625
0 0.14734375 0.53734375 0.06665625 0.10493749999999999
0 0.75625 0.646875 0.0375 0.0359375
0 0.6837187499999999 0.08128125 0.04375 0.034375
0 0.38984375 0.6265625 0.021875 0.0359375
1 0.1515625 0.62578125 0.0390625 0.084375
0 0.83359375 0.7859375 0.0453125 0.034375
0 0.1984375 0.86796875 0.0203125 0.0421875
0 0.87890625 0.378125 0.034375 0.034375
0 0.4953125 0.2171875 0.04375 0.0375
0 0.3125 0.61875 0.0609375 0.1265625
0 0.44765625 0.1765625 0.046875 0.0390625
0 0.93203125 0.57109375 0.0421875 0.0421875
0 0.93125 0.19609375 0.046875 0.0328125
0 0.83046875 0.30078125 0.0390625 0.0296875
0 0.25 0.8265625 0.009375 0.0203125
0 0.25859375 0.26484375 0.021875 0.021875
0 0.3859375 0.671875 0.0203125 0.0234375
0 0.05078125 0.115625 0.0546875 0.040625
0 0.91875 0.84609375 0.01875 0.0203125
0 0.40390625 0.5625 0.025 0.025
0 0.09921875 0.09453125 0.0234375 0.0390625
0 0.1078125 0.2390625 0.0453125 0.059375
0 0.03359375 0.28828125 0.021875 0.0265625
1 0.18484375 0.797234375 0.033765625 0.11476562500000001
0 0.2875 0.36484375 0.03125 0.03125
0 0.22109375 0.696875 0.046875 0.1328125
0 0.1828125 0.628125 0.021875 0.0203125
0 0.371875 0.50625 0.015625 0.01875
0 0.203125 0.17890625 0.034375 0.0328125
0 0.446875 0.915625 0.025 0.0203125
0 0.62265625 0.40390625 0.1578125 0.1640625
1 0.4390625 0.508609375 0.1109375 0.168734375
0 0.865625 0.68359375 0.034375 0.028125
0 0.27734375 0.834375 0.009375 0.0125
0 0.23046875 0.8484375 0.0140625 0.0171875
0 0.89609375 0.7296875 0.0359375 0.028125
0 0.1989375 0.56921875 0.038671875 0.06890625
0 0.36171875 0.66328125 0.0171875 0.0265625
0 0.20390625 0.83984375 0.0171875 0.0265625
0 0.825 0.33203125 0.0359375 0.028125
0 0.91796875 0.140625 0.0421875 0.034375
0 0.3015625 0.69140625 0.034375 0.046875
0 0.33671875 0.578125 0.01875 0.0203125
0 0.93828125 0.40546875 0.046875 0.1640625
0 0.35625 0.59609375 0.01875 0.021875
0 0.225 0.6109375 0.0171875 0.034375
0 0.988703125 0.905890625 0.022578124999999998 0.018359375
0 0.992984375 0.922578125 0.014015625 0.01475
0 0.8563750000000001 0.888984375 0.044671875 0.047015625
0 0.597359375 0.03509375 0.094703125 0.034296875
0 0.595328125 0.01125 0.09065625000000001 0.022484375
0 0.230125 0.25396874999999997 0.037453125 0.014046875
0 0.0128125 0.212734375 0.019375 0.1316875
0 0.01640625 0.37096874999999996 0.013953125 0.047859374999999996
0 0.07525 0.34954687500000003 0.019859375000000002 0.01390625
0 0.13770312499999998 0.5720468750000001 0.01125 0.01903125
0 0.12371875000000002 0.579484375 0.020265625000000002 0.023078124999999998
0 0.17828125 0.6881406250000001 0.0094375 0.011359375
0 0.27440625 0.707609375 0.023328124999999998 0.057937499999999996
0 0.192171875 0.7560781249999999 0.010296875 0.014453125
0 0.208625 0.7545468750000001 0.010296875 0.02165625
1 0.08921875 0.41842187500000005 0.046953125 0.11881250000000002
1 0.10018750000000001 0.299734375 0.096984375 0.061640625000000004
1 0.09384375 0.412421875 0.110984375 0.23149999999999998
0 0.22923437500000002 0.4726875 0.028109375 0.050624999999999996
0 0.20821874999999998 0.43792187499999996 0.024625 0.024703125