0 0.17734375 0.76015625 0.05 0.0484375
0 0.66328125 0.75859375 0.025 0.0359375
0 0.49921875 0.40078125 0.1015625 0.1109375
0 0.3734375 0.425 0.0453125 0.0375
0 0.69375 0.9734375 0.075 0.053125
0 0.91484375 0.415625 0.025 0.03125
0 0.6203125 0.70625 0.034375 0.053125
0 0.6453125 0.49609375 0.0296875 0.0359375
0 0.3453125 0.36640625 0.1875 0.0921875
0 0.8546875 0.74140625 0.028125 0.021875
0 0.2828125 0.60078125 0.0578125 0.0671875
0 0.43359375 0.16953125 0.034375 0.0375
0 0.00859375 0.50390625 0.0171875 0.0671875
0 0.759375 0.82734375 0.0875 0.078125
0 0.87421875 0.75703125 0.0390625 0.0390625
0 0.01796875 0.7609375 0.0359375 0.046875
0 0.81484375 0.46171875 0.134375 0.134375
0 0.30625 0.53671875 0.11875 0.128125
0 0.38359375 0.26015625 0.0734375 0.0703125
0 0.40546875 0.6640625 0.1359375 0.1921875
0 0.30390625 0.29140625 0.075 0.06875
0 0.0328125 0.696875 0.0578125 0.059375
0 0.20234375 0.240625 0.05 0.04375
0 0.8390625 0.790625 0.0421875 0.0578125
0 0.53828125 0.26953125 0.1125 0.146875
0 0.990625 0.3453125 0.01875 0.03125
0 0.3 0.2109375 0.075 0.0640625
0 0.47109375 0.15703125 0.0625 0.071875
0 0.7890625 0.93828125 0.109375 0.1234375
0 0.225 0.15703125 0.0890625 0.096875
0 0.0953125 0.01953125 0.0625 0.0390625
0 0.625 0.54609375 0.0390625 0.0375
0 0.69296875 0.8578125 0.0296875 0.03125
1 0.89765625 0.725 0.0609375 0.075
0 0.121875 0.85546875 0.034375 0.034375
0 0.01015625 0.940625 0.0203125 0.053125
0 0.23203125 0.80078125 0.053125 0.0546875
0 0.7578125 0.52578125 0.021875 0.040625
0 0.246875 0.7171875 0.0328125 0.03125
0 0.990625 0.4171875 0.01875 0.028125
0 0.1734375 0.6671875 0.0390625 0.040625
0 0.27578125 0.84453125 0.0453125 0.040625
0 0.603125 0.78984375 0.0375 0.040625
0 0.80390625 0.34375 0.0296875 0.0328125
0 0.3046875 0.66484375 0.05625 0.05625
0 0.8296875 0.41953125 0.0296875 0.03125
0 0.5609375 0.36171875 0.040625 0.04375
0 0.08984375 0.51796875 0.0296875 0.025
0 0.6984375 0.56015625 0.0671875 0.13125
0 0.56953125 0.46640625 0.04375 0.0578125
0 0.9671875 0.409375 0.025 0.025
0 0.69375 0.325 0.021875 0.0328125
0 0.99453125 0.50703125 0.0109375 0.0296875
0 0.45234375 0.3828125 0.0296875 0.028125
0 0.9734375 0.56875 0.028125 0.028125
0 0.3578125 0.26953125 0.046875 0.05
0 0.91796875 0.55 0.015625 0.0125
0 0.89765625 0.52421875 0.0265625 0.0234375
0 0.09921875 0.603125 0.0765625 0.0828125
0 0.76328125 0.621875 0.0265625 0.021875
0 0.6015625 0.56328125 0.04375 0.0359375
0 0.946875 0.628125 0.0234375 0.0234375
0 0.8609375 0.30703125 0.04375 0.05
0 0.925 0.51328125 0.040625 0.0640625
0 0.6578125 0.5234375 0.03125 0.0375
0 0.66171875 0.66953125 0.06875 0.14375
0 0.990625 0.46328125 0.01875 0.0359375
0 0.96015625 0.61328125 0.0234375 0.0203125
0 0.05390625 0.175 0.0671875 0.05
0 0.63671875 0.90546875 0.0640625 0.078125
0 0.9765625 0.5390625 0.0390625 0.0421875
0 0.38984375 0.03203125 0.1421875 0.0640625
0 0.35 0.740625 0.028125 0.025
0 0.42578125 0.09609375 0.0734375 0.0703125
0 0.22578125 0.4578125 0.2203125 0.11875
0 0.490625 0.11328125 0.0421875 0.0359375
0 0.68984375 0.36015625 0.0296875 0.0375
0 0.95703125 0.6765625 0.0296875 0.0328125
0 0.196875 0.5375 0.0953125 0.0921875
0 0.46796875 0.79921875 0.13125 0.1703125
0 0.92578125 0.7796875 0.0265625 0.021875
0 0.98828125 0.38046875 0.0234375 0.0421875
0 0.81875 0.57890625 0.0453125 0.0453125
0 0.121875 0.95390625 0.0515625 0.0453125
0 0.70703125 0.76875 0.0359375 0.0359375
0 0.96953125 0.6640625 0.0140625 0.0171875
0 0.628125 0.78203125 0.0140625 0.0171875
0 0.209375 0.603125 0.0625 0.0578125
0 0.71953125 0.37265625 0.0328125 0.0328125
0 0.68203125 0.43359375 0.025 0.0359375
0 0.37421875 0.47265625 0.053125 0.0375
0 0.21328125 0.33046875 0.0671875 0.0359375
0 0.71953125 0.68671875 0.0109375 0.0140625
0 0.2453125 0.31640625 0.0421875 0.025
0 0.7375 0.71875 0.0515625 0.078125
0 0.3296875 0.6203125 0.0390625 0.0375
0 0.27734375 0.1078125 0.0546875 0.046875
0 0.9375 0.690625 0.021875 0.0265625
0 0.81015625 0.278125 0.0609375 0.0578125
0 0.8171875 0.66640625 0.134375 0.1
0 0.71953125 0.44609375 0.0515625 0.0734375
0 0.8328125 0.90859375 0.0734375 0.08125
0 0.24375 0.96796875 0.034375 0.028125
0 0.39140625 0.52578125 0.04375 0.053125
0 0.05546875 0.6328125 0.0765625 0.071875
0 0.484375 0.05 0.05625 0.0609375
0 0.5953125 0.6046875 0.03125 0.053125
0 0.40703125 0.421875 0.0484375 0.0453125
0 0.3265625 0.85625 0.0265625 0.0234375
0 0.8609375 0.36875 0.009375 0.0078125
0 0.55546875 0.8953125 0.0328125 0.0328125
1 0.090625 0.24765625 0.175 0.384375
0 0.0375 0.5640625 0.075 0.059375
0 0.78203125 0.4671875 0.0296875 0.0296875
0 0.77890625 0.52421875 0.0390625 0.0421875
1 0.8109375 0.553125 0.1921875 0.221875