0 0.5015625 0.759375 0.0203125 0.01875
0 0.5734375 0.3203125 0.0390625 0.0328125
0 0.378125 0.6015625 0.046875 0.0390625
0 0.36640625 0.40859375 0.046875 0.0859375
0 0.490625 0.41328125 0.0375 0.0265625
0 0.4359375 0.209375 0.025 0.0328125
0 0.43671875 0.45078125 0.071875 0.0734375
0 0.4125 0.296875 0.0109375 0.021875
0 0.5234375 0.24453125 0.0453125 0.0359375
0 0.4953125 0.628125 0.04375 0.03125
0 0.2953125 0.5015625 0.021875 0.03125
0 0.3625 0.69453125 0.0140625 0.0140625
0 0.28303124999999996 0.47046875000000005 0.0484375 0.084375
0 0.4359375 0.4515625 0.0359375 0.046875
0 0.49375 0.553125 0.0375 0.0359375
0 0.37578125 0.4734375 0.0484375 0.05
0 0.290625 0.3453125 0.025 0.021875
0 0.446875 0.2734375 0.0296875 0.034375
0 0.70390625 0.55725 0.034375 0.04375
0 0.29453125 0.58203125 0.025 0.046875
0 0.6765625 0.11171875 0.0546875 0.040625
0 0.59140625 0.6453125 0.021875 0.015625
0 0.246875 0.80859375 0.05 0.05625
0 0.6109375 0.28671875 0.0671875 0.06875
0 0.3671875 0.265625 0.0125 0.0140625
0 0.32109375 0.70859375 0.0359375 0.034375
0 0.77734375 0.07734375 0.009375 0.01875
0 0.4203125 0.753125 0.021875 0.0203125
0 0.6734375 0.31796875 0.0359375 0.046875
0 0.521875 0.67578125 0.021875 0.01875
0 0.7453125 0.03984375 0.0703125 0.0703125
0 0.346875 0.303125 0.01875 0.0234375
0 0.378125 0.28359375 0.01875 0.025
0 0.466734375 0.32584375 0.128125 0.0734375
0 0.56875 0.628125 0.01875 0.0140625
0 0.28203125 0.653125 0.053125 0.0609375
0 0.4453125 0.69453125 0.021875 0.015625
0 0.3375 0.421875 0.03125 0.071875
0 0.5625 0.2828125 0.0390625 0.03125
0 0.7578125 0.278125 0.034375 0.0515625
0 0.7046875 0.221875 0.1015625 0.065625
0 0.68359375 0.80703125 0.0921875 0.0890625
0 0.246875 0.39609375 0.0359375 0.028125
0 0.50546875 0.4359375 0.0359375 0.028125
0 0.55546875 0.84921875 0.021875 0.01875
0 0.7171875 0.84609375 0.0328125 0.025
0 0.25546875 0.703125 0.059375 0.0640625
0 0.45703125 0.85390625 0.0140625 0.0171875
0 0.47265625 0.22578125 0.015625 0.015625
0 0.23059375000000001 0.35659375 0.0240625 0.025
0 0.771875 0.2515625 0.01875 0.0203125
0 0.665625 0.60703125 0.021875 0.0171875
0 0.225 0.6320781249999999 0.0140625 0.06571875
0 0.70703125 0.35546875 0.0703125 0.08125
0 0.759375 0.321875 0.04375 0.0703125
0 0.43671875 0.53203125 0.040625 0.0421875
0 0.4921875 0.35078125 0.034375 0.0296875
0 0.73359375 0.64140625 0.0359375 0.0421875
0 0.5234375 0.3609375 0.034375 0.03125
0 0.77734375 0.19921875 0.0125 0.021875
0 0.75625 0.37890625 0.0515625 0.05
0 0.37421875 0.52734375 0.0578125 0.046875
0 0.4015625 0.82109375 0.0203125 0.0171875
0 0.5720468750000001 0.45971875000000006 0.08499999999999999 0.0818125
0 0.287546875 0.5407656249999999 0.025656250000000002 0.045296875
0 0.246375 0.480625 0.027546875 0.038765625
0 0.22484375 0.425 0.014374999999999999 0.021875
0 0.30703125 0.80234375 0.0703125 0.0625
0 0.4875 0.734375 0.0203125 0.0171875
0 0.47578125 0.83046875 0.01875 0.0171875
0 0.246875 0.54375 0.0453125 0.0765625
0 0.22109375 0.5046875 0.009375 0.021875
0 0.7375 0.7140625 0.078125 0.090625
0 0.428125 0.83828125 0.0125 0.01875
0 0.578125 0.71875 0.021875 0.015625
0 0.7421875 0.16171875 0.0734375 0.0734375
0 0.7765625 0.10625 0.0109375 0.034375
0 0.3703125 0.346875 0.046875 0.071875
0 0.5890625 0.3734375 0.0671875 0.05625
0 0.384375 0.6375 0.05 0.0390625
0 0.25759375 0.63221875 0.0278125 0.058140625
0 0.25028125 0.6184999999999999 0.023890625 0.029984375
0 0.282359375 0.572359375 0.01534375 0.028203125000000002
0 0.2688125 0.5837656250000001 0.01534375 0.024640625
0 0.25598437500000004 0.578421875 0.04384375 0.078796875
0 0.32315625 0.472953125 0.02853125 0.051000000000000004
0 0.322265625 0.5125 0.050265625 0.091640625
0 0.31656249999999997 0.42821875 0.013203125 0.01575
0 0.335796875 0.3744375 0.034578125 0.067734375
0 0.31442187499999996 0.398828125 0.021046875 0.035328125
0 0.3105 0.380140625 0.049546875000000004 0.098375