0 0.41640625 0.35234375 0.0515625 0.053125
0 0.46015625 0.32890625 0.053125 0.0484375
0 0.32890625 0.3234375 0.0375 0.0484375
0 0.46171875 0.29140625 0.0234375 0.0390625
1 0.4828125 0.846875 0.128125 0.1
0 0.5953125 0.19453125 0.025 0.025
1 0.690625 0.8 0.0921875 0.0765625
0 0.64765625 0.07265625 0.0890625 0.11875
0 0.24765625 0.7796875 0.0296875 0.0328125
0 0.3015625 0.81953125 0.0328125 0.034375
0 0.2890625 0.90703125 0.0328125 0.0390625
0 0.9125 0.09765625 0.0359375 0.0375
0 0.5609375 0.7640625 0.0234375 0.0203125
0 0.325 0.3609375 0.040625 0.0390625
0 0.3046875 0.65703125 0.0296875 0.0359375
0 0.3015625 0.57578125 0.03125 0.0359375
0 0.19921875 0.81328125 0.028125 0.0296875
0 0.44765625 0.26875 0.0328125 0.0390625
0 0.36953125 0.66328125 0.0328125 0.0359375
0 0.42109375 0.65703125 0.0203125 0.025
1 0.53125 0.56015625 0.121875 0.0859375
0 0.58203125 0.8203125 0.046875 0.046875
0 0.3453125 0.62890625 0.0546875 0.046875
0 0.4046875 0.26015625 0.0375 0.0453125
0 0.5890625 0.0328125 0.075 0.059375
0 0.5703125 0.9640625 0.053125 0.05
1 0.578125 0.40546875 0.1328125 0.159375
1 0.740625 0.7734375 0.115625 0.1
0 0.24296875 0.12109375 0.0390625 0.05
0 0.69921875 0.34453125 0.01875 0.021875
0 0.78125 0.3734375 0.01875 0.0203125
0 0.603125 0.14609375 0.0390625 0.040625
0 0.72265625 0.29609375 0.0515625 0.0421875
1 0.63359375 0.77734375 0.090625 0.0875
0 0.52734375 0.3359375 0.0390625 0.0546875
1 0.40390625 0.784375 0.153125 0.140625
0 0.29296875 0.69609375 0.046875 0.05
0 0.31484375 0.62734375 0.015625 0.01875
0 0.34921875 0.91328125 0.0296875 0.0375
0 0.64609375 0.24765625 0.0515625 0.059375
0 0.56640625 0.73203125 0.015625 0.0171875
0 0.11015625 0.09609375 0.1015625 0.1703125
0 0.396875 0.20078125 0.0328125 0.0390625
0 0.42734375 0.7875 0.0515625 0.053125
0 0.5578125 0.1640625 0.1 0.18125
0 0.2515625 0.2015625 0.0890625 0.0625
1 0.21015625 0.8765625 0.1203125 0.1203125
1 0.25703125 0.83828125 0.071875 0.05
1 0.40703125 0.52265625 0.078125 0.0421875
0 0.33046875 0.24765625 0.0546875 0.0640625
0 0.565625 0.3109375 0.0453125 0.0578125
0 0.7375 0.89765625 0.053125 0.0484375
0 0.36640625 0.29375 0.0546875 0.0609375
0 0.46015625 0.7375 0.0953125 0.0875
0 0.609375 0.27578125 0.0546875 0.0578125
0 0.4375 0.08828125 0.078125 0.109375
0 0.471875 0.21171875 0.0390625 0.0484375
0 0.77265625 0.0484375 0.0375 0.028125
0 0.27265625 0.54921875 0.0703125 0.0828125
1 0.1734375 0.76328125 0.084375 0.096875
1 0.24765625 0.61328125 0.08125 0.1125
0 0.2265625 0.0203125 0.084375 0.040625
0 0.8796875 0.33359375 0.0203125 0.01875
1 0.4578125 0.45859375 0.140625 0.1328125
0 0.29375 0.315625 0.0421875 0.0390625
1 0.55234375 0.52734375 0.0734375 0.0515625
1 0.640625 0.5640625 0.1109375 0.071875
1 0.56796875 0.74296875 0.0765625 0.0515625
1 0.37265625 0.771875 0.0453125 0.0578125
1 0.2203125 0.68515625 0.115625 0.1546875
1 0.56328125 0.84296875 0.0765625 0.0484375
0 0.58125 0.903125 0.0140625 0.015625
0 0.5578125 0.85390625 0.015625 0.0140625
0 0.27265625 0.85078125 0.015625 0.0140625