0 0.9296875 0.571875 0.021875 0.0203125
0 0.94453125 0.1890625 0.078125 0.0859375
0 0.01484375 0.34296875 0.0296875 0.046875
0 0.783125 0.418640625 0.058765625 0.06384375
0 0.60859375 0.48359375 0.0390625 0.0421875
0 0.134578125 0.62559375 0.055078125 0.06882812499999999
0 0.148328125 0.683953125 0.021875 0.0203125
0 0.76171875 0.92734375 0.0328125 0.0265625
0 0.8265625 0.571875 0.053125 0.046875
0 0.946875 0.6125 0.10625 0.109375
1 0.378125 0.315625 0.1203125 0.1546875
0 0.31484375 0.8359375 0.0546875 0.053125
0 0.503125 0.12109375 0.0484375 0.0390625
0 0.859375 0.140625 0.121875 0.096875
0 0.375 0.93984375 0.0109375 0.009375
0 0.60625 0.37734375 0.1234375 0.065625
0 0.0453125 0.54765625 0.0234375 0.01875
0 0.05078125 0.58828125 0.0375 0.0328125
0 0.01484375 0.58359375 0.0296875 0.1359375
0 0.89875 0.8397500000000001 0.057843750000000006 0.0828125
0 0.73359375 0.86640625 0.0203125 0.0203125
0 0.5390625 0.67734375 0.021875 0.0203125
0 0.87265625 0.71328125 0.04375 0.0328125
0 0.4265625 0.53359375 0.028125 0.021875
0 0.96953125 0.303125 0.059375 0.046875
0 0.3421875 0.8875 0.0296875 0.028125
0 0.03828125 0.40625 0.0546875 0.046875
0 0.29140625 0.33359375 0.040625 0.0359375
0 0.10078125 0.603125 0.021875 0.015625
0 0.15625 0.83359375 0.0234375 0.0203125
0 0.365625 0.734375 0.03125 0.046875
1 0.37546875 0.121796875 0.1103125 0.10298437499999999
0 0.3171875 0.38984375 0.0296875 0.0234375
0 0.52890625 0.65 0.021875 0.021875
0 0.84921875 0.72109375 0.0265625 0.025
0 0.821875 0.921875 0.0421875 0.028125
0 0.70703125 0.1640625 0.0703125 0.109375
0 0.8640625 0.6875 0.046875 0.028125
0 0.6234375 0.35 0.121875 0.0921875
0 0.5609375 0.53046875 0.0171875 0.0140625
0 0.734375 0.390625 0.0546875 0.0421875
0 0.28046875 0.26015625 0.025 0.021875
0 0.4453125 0.22734375 0.04375 0.034375
0 0.796875 0.7578125 0.0578125 0.0828125
0 0.98828125 0.25078125 0.0234375 0.04375
0 0.96953125 0.67734375 0.034375 0.0203125
0 0.13515625 0.36640625 0.0328125 0.028125
0 0.56953125 0.790625 0.0390625 0.0265625
0 0.125 0.90234375 0.10625 0.11875
0 0.19040625 0.6937656249999999 0.028125 0.034375
0 0.10625 0.75078125 0.034375 0.03125
0 0.76640625 0.9 0.04375 0.034375
0 0.32421875 0.90625 0.0265625 0.021875
0 0.05234375 0.36171875 0.0515625 0.04375
0 0.60703125 0.6375 0.0203125 0.0203125
0 0.54765625 0.45703125 0.0984375 0.08125
0 0.459375 0.17734375 0.04375 0.040625
0 0.3265625 0.41875 0.028125 0.0234375
0 0.00390625 0.46875 0.0078125 0.040625
0 0.3578125 0.6640625 0.084375 0.059375
0 0.5296875 0.30078125 0.096875 0.084375
0 0.07578125 0.32421875 0.0546875 0.0328125
0 0.2703125 0.68984375 0.0625 0.096875
0 0.57109375 0.940625 0.0140625 0.0203125
0 0.40546875 0.4078125 0.059375 0.06875
0 0.21953125 0.6765625 0.028125 0.034375
0 0.20078125 0.353125 0.1078125 0.09375
0 0.20625 0.4484375 0.06875 0.059375
1 0.62265625 0.70625 0.159375 0.1453125
0 0.41640625 0.5100625 0.0359375 0.028125
0 0.240625 0.075 0.071875 0.0640625
0 0.2546875 0.8 0.0625 0.08125
0 0.48828125 0.70078125 0.0265625 0.0234375
0 0.33515625 0.296875 0.0296875 0.05
0 0.97890625 0.7296875 0.0421875 0.046875
0 0.98703125 0.811140625 0.024546875000000003 0.030328125
0 0.15390625 0.253125 0.0453125 0.0390625
0 0.54296875 0.509375 0.0203125 0.01875
0 0.484375 0.6578125 0.0640625 0.065625
0 0.234375 0.634375 0.0359375 0.034375
0 0.215625 0.7234375 0.040625 0.05
0 0.9828125 0.4546875 0.034375 0.040625
0 0.79140625 0.64140625 0.0390625 0.034375
0 0.0765625 0.56953125 0.03125 0.025
0 0.51015625 0.2265625 0.046875 0.0421875
0 0.08671875 0.2 0.09375 0.0609375
0 0.254265625 0.55571875 0.075 0.0984375
0 0.090625 0.43203125 0.053125 0.0609375
1 0.640890625 0.565625 0.04375 0.0421875
0 0.8421875 0.61875 0.0515625 0.04375
0 0.0703125 0.546875 0.021875 0.01875
0 0.0171875 0.24609375 0.034375 0.128125
0 0.903125 0.3875 0.0828125 0.096875
0 0.634375 0.33359375 0.1015625 0.05
0 0.728125 0.696875 0.046875 0.03125
0 0.4390625 0.55859375 0.034375 0.028125
0 0.81796875 0.653125 0.03125 0.028125
0 0.88125 0.5390625 0.1046875 0.146875
0 0.93046875 0.684375 0.0359375 0.0203125
0 0.325 0.14375 0.0390625 0.0375
0 0.99140625 0.66796875 0.0171875 0.0390625
0 0.7671875 0.534375 0.0765625 0.0671875
0 0.39140625 0.73984375 0.034375 0.0515625
0 0.98671875 0.7765625 0.0265625 0.028125
0 0.2265625 0.94375 0.053125 0.06875
0 0.0921875 0.2796875 0.0515625 0.03125
0 0.446875 0.0609375 0.084375 0.075
0 0.51640625 0.059375 0.046875 0.0453125
0 0.92265625 0.28046875 0.0578125 0.0453125
0 0.75390625 0.79921875 0.046875 0.04375
0 0.234375 0.28671875 0.034375 0.0296875
0 0.3171875 0.74140625 0.09375 0.090625
0 0.70390625 0.484375 0.04375 0.04375
0 0.47734375 0.45234375 0.0296875 0.0328125
0 0.15625 0.46875 0.0515625 0.0484375
0 0.9625 0.85703125 0.071875 0.0640625
0 0.9890625 0.228125 0.0203125 0.028125
0 0.428125 0.465625 0.05 0.053125
0 0.08203125 0.65390625 0.08125 0.059375
0 0.9828125 0.3390625 0.034375 0.0421875
0 0.22578125 0.590625 0.0375 0.04375
0 0.346875 0.955703125 0.0453125 0.04265625
0 0.6553125 0.705265625 0.012484375 0.014640624999999999
0 0.1594375 0.657375 0.030843749999999996 0.027046874999999998
0 0.2835625 0.9071875 0.044578125 0.03821875
0 0.29234375 0.8889687500000001 0.03828125 0.0328125
0 0.908578125 0.381359375 0.015546874999999998 0.017
1 0.969328125 0.455453125 0.061343749999999996 0.11664062500000001
1 0.97871875 0.50184375 0.041453125 0.02365625