0 0.2953125 0.7375 0.034375 0.028125
0 0.2703125 0.0421875 0.13125 0.06875
0 0.67421875 0.2734375 0.0421875 0.0375
0 0.6578125 0.5765625 0.0625 0.05
0 0.17109375 0.81015625 0.0421875 0.0296875
0 0.7125 0.778125 0.040625 0.0703125
0 0.40625 0.4546875 0.13125 0.1203125
0 0.8203125 0.37890625 0.05625 0.0453125
0 0.83828125 0.51640625 0.0640625 0.0703125
0 0.5734375 0.49921875 0.11875 0.2171875
0 0.77265625 0.928125 0.025 0.025
0 0.46328125 0.3515625 0.075 0.0453125
0 0.83125 0.92890625 0.0359375 0.0328125
0 0.578125 0.68046875 0.0203125 0.021875
0 0.64765625 0.54140625 0.034375 0.0515625
0 0.790625 0.475 0.059375 0.0578125
0 0.49921875 0.59453125 0.05625 0.0515625
0 0.09375 0.01640625 0.05 0.0328125
0 0.54296875 0.25546875 0.096875 0.0671875
0 0.690625 0.15390625 0.0296875 0.0328125
0 0.94453125 0.76875 0.0390625 0.0390625
0 0.540625 0.16015625 0.071875 0.0546875
0 0.7484375 0.11171875 0.1265625 0.0890625
0 0.68046875 0.51640625 0.040625 0.04375
0 0.2328125 0.77265625 0.0421875 0.025
0 0.76640625 0.39375 0.0484375 0.05
0 0.09296875 0.52421875 0.05 0.03125
0 0.61875 0.6375 0.04375 0.04375
0 0.99609375 0.371875 0.0078125 0.05625
0 0.94921875 0.57734375 0.0171875 0.01875
0 0.4 0.328125 0.075 0.059375
0 0.81171875 0.875 0.0125 0.015625
0 0.7359375 0.4765625 0.04375 0.05
0 0.909375 0.06953125 0.0546875 0.0296875
0 0.3828125 0.09375 0.1984375 0.1296875
0 0.809375 0.17421875 0.1640625 0.1046875
0 0.03359375 0.91796875 0.0359375 0.03125
0 0.6359375 0.3875 0.134375 0.2171875
0 0.2109375 0.22578125 0.209375 0.1375
0 0.2171875 0.81015625 0.01875 0.01875
0 0.79609375 0.6796875 0.0265625 0.0234375
0 0.921875 0.61328125 0.0421875 0.0703125
0 0.19453125 0.1046875 0.0953125 0.065625
0 0.178125 0.0140625 0.096875 0.028125
0 0.075 0.1375 0.0578125 0.1125
0 0.06484375 0.46640625 0.1296875 0.1171875
0 0.6703125 0.70703125 0.03125 0.025
0 0.82734375 0.3015625 0.0421875 0.040625
0 0.2890625 0.33203125 0.146875 0.1203125
0 0.9 0.45390625 0.06875 0.08125
0 0.8453125 0.79921875 0.0234375 0.0234375
0 0.9046875 0.8734375 0.0578125 0.0796875
0 0.89296875 0.70859375 0.0359375 0.0640625
0 0.75 0.66875 0.0515625 0.06875
0 0.896875 0.7703125 0.059375 0.08125
0 0.5515625 0.0265625 0.078125 0.053125
0 0.86171875 0.865625 0.025 0.028125
0 0.90234375 0.54609375 0.0578125 0.05
0 0.50234375 0.396875 0.0890625 0.084375
0 0.3875 0.3953125 0.0625 0.0640625
0 0.47890625 0.76796875 0.0375 0.03125
0 0.55234375 0.6828125 0.0375 0.0484375
0 0.1859375 0.46484375 0.04375 0.03125
0 0.2515625 0.55625 0.0953125 0.134375
0 0.85078125 0.64609375 0.025 0.01875
0 0.3 0.16015625 0.0703125 0.0484375
0 0.69453125 0.4890625 0.0234375 0.0171875
0 0.0484375 0.265625 0.0265625 0.025
0 0.878125 0.28984375 0.0375 0.0390625
0 0.46953125 0.8703125 0.034375 0.03125
0 0.63046875 0.66796875 0.0203125 0.01875
0 0.82109375 0.85 0.015625 0.015625
0 0.54140625 0.778125 0.0375 0.0296875
0 0.8671875 0.82421875 0.0671875 0.0703125
0 0.4765625 0.21171875 0.1328125 0.0828125
0 0.74453125 0.309375 0.059375 0.046875
0 0.73828125 0.72578125 0.05625 0.0703125
0 0.596875 0.85 0.03125 0.03125
0 0.6359375 0.25703125 0.025 0.0265625
0 0.30625 0.54453125 0.021875 0.015625
0 0.37109375 0.27734375 0.1078125 0.0734375
0 0.928125 0.25625 0.1296875 0.159375
0 0.03515625 0.55703125 0.0703125 0.0828125
0 0.8609375 0.43671875 0.05625 0.05625
0 0.85703125 0.696875 0.065625 0.0609375
0 0.1734375 0.59140625 0.040625 0.0328125
0 0.853125 0.77734375 0.025 0.021875
0 0.89609375 0.2609375 0.04375 0.04375
0 0.728125 0.66015625 0.0265625 0.0265625
0 0.86171875 0.071875 0.0625 0.0484375
0 0.35390625 0.56171875 0.1234375 0.1015625
0 0.140625 0.3515625 0.1234375 0.115625
0 0.6765625 0.85859375 0.015625 0.0171875
0 0.74609375 0.57265625 0.096875 0.1671875
0 0.9078125 0.35703125 0.0859375 0.10625
0 0.70625 0.890625 0.078125 0.0953125
0 0.159375 0.71796875 0.025 0.0203125
0 0.81796875 0.25703125 0.0625 0.05
0 0.94453125 0.72578125 0.0140625 0.0109375
0 0.82890625 0.6078125 0.0203125 0.0109375
1 0.85390625 0.60703125 0.109375 0.0890625
1 0.83203125 0.58984375 0.1125 0.0984375
0 0.9703125 0.6546875 0.0296875 0.046875
0 0.96640625 0.6078125 0.0578125 0.090625
0 0.9625 0.5296875 0.0640625 0.0484375
0 0.98984375 0.553125 0.0171875 0.015625
0 0.9953125 0.52421875 0.009375 0.0203125
0 0.97109375 0.4265625 0.0578125 0.071875
1 0.9375 0.4890625 0.125 0.1375
0 0.31171875 0.70625 0.0375 0.0234375
1 0.28359375 0.6546875 0.11875 0.1171875