0 0.4953125 0.54453125 0.06875 0.1265625
0 0.7 0.6046875 0.0375 0.0375
0 0.22734375 0.4453125 0.04375 0.0515625
0 0.2109375 0.746875 0.0296875 0.0171875
0 0.64140625 0.49375 0.034375 0.040625
0 0.9640625 0.696875 0.0515625 0.065625
0 0.26171875 0.63359375 0.040625 0.0375
0 0.05078125 0.65625 0.0296875 0.0328125
0 0.14921875 0.55546875 0.096875 0.1046875
0 0.85859375 0.4765625 0.0609375 0.05625
0 0.19921875 0.79609375 0.034375 0.0328125
0 0.18125 0.734375 0.021875 0.0203125
0 0.265625 0.21328125 0.075 0.0609375
0 0.6140625 0.865625 0.0390625 0.040625
0 0.17890625 0.765625 0.021875 0.0265625
0 0.1359375 0.140625 0.04375 0.040625
0 0.034375 0.48359375 0.046875 0.075
0 0.68203125 0.27578125 0.0375 0.0390625
0 0.68515625 0.3328125 0.0359375 0.0359375
0 0.21640625 0.834375 0.0203125 0.0125
0 0.30078125 0.58046875 0.0734375 0.059375
0 0.6296875 0.4484375 0.0328125 0.059375
0 0.32265625 0.290625 0.078125 0.103125
0 0.78828125 0.878125 0.0328125 0.0265625
0 0.7484375 0.2546875 0.0375 0.0359375
0 0.80625 0.75703125 0.040625 0.0390625
0 0.9890625 0.12578125 0.021875 0.0515625
0 0.60859375 0.50703125 0.0359375 0.034375
0 0.95390625 0.9390625 0.025 0.028125
0 0.25 0.6 0.05 0.04375
0 0.8875 0.0421875 0.0671875 0.0375
0 0.33515625 0.75 0.021875 0.0328125
0 0.2765625 0.7875 0.071875 0.08125
0 0.6125 0.3546875 0.0421875 0.0375
0 0.4859375 0.4203125 0.125 0.1265625
0 0.28671875 0.45234375 0.04375 0.0578125
0 0.47421875 0.784375 0.0203125 0.025
0 0.5890625 0.690625 0.0296875 0.0234375
0 0.515625 0.18125 0.0546875 0.05
0 0.3984375 0.0984375 0.1 0.0765625
0 0.00859375 0.46796875 0.0171875 0.0421875
0 0.21015625 0.11640625 0.046875 0.0421875
0 0.2453125 0.74921875 0.025 0.0234375
0 0.678125 0.378125 0.046875 0.0421875
0 0.56640625 0.5625 0.08125 0.0921875
0 0.22734375 0.7734375 0.0296875 0.021875
0 0.7171875 0.5734375 0.0375 0.0375
0 0.2734375 0.0296875 0.0484375 0.0453125
0 0.90625 0.6546875 0.0515625 0.05
0 0.97109375 0.77734375 0.025 0.0375
0 0.909375 0.115625 0.046875 0.04375
0 0.56328125 0.14140625 0.034375 0.040625
0 0.65625 0.85390625 0.03125 0.025
0 0.7765625 0.728125 0.0390625 0.0390625
0 0.2453125 0.8296875 0.0328125 0.028125
0 0.86328125 0.1390625 0.0375 0.0375
0 0.9078125 0.3796875 0.05 0.0421875
0 0.1265625 0.73125 0.1015625 0.0890625
0 0.5375 0.90546875 0.034375 0.040625
0 0.85078125 0.49609375 0.053125 0.059375
0 0.48046875 0.85625 0.0375 0.028125
0 0.8484375 0.53359375 0.053125 0.0515625
0 0.14296875 0.82734375 0.0265625 0.021875
0 0.01484375 0.6859375 0.0296875 0.05
0 0.69765625 0.653125 0.0296875 0.0234375
0 0.08359375 0.02890625 0.0640625 0.0578125
0 0.55 0.78984375 0.0359375 0.0265625
0 0.56796875 0.71640625 0.0328125 0.0296875
0 0.04453125 0.23984375 0.0171875 0.0328125
0 0.540625 0.64609375 0.0796875 0.1078125
0 0.271875 0.40234375 0.0484375 0.0515625
0 0.5421875 0.009375 0.059375 0.01875
0 0.7171875 0.525 0.0390625 0.04375
0 0.075 0.71875 0.0234375 0.0203125
0 0.2375 0.69296875 0.065625 0.0796875
0 0.034375 0.178125 0.028125 0.028125
0 0.93515625 0.25703125 0.0515625 0.04375
0 0.04609375 0.69765625 0.0546875 0.046875
0 0.84609375 0.6 0.0328125 0.025
0 0.384375 0.38671875 0.1046875 0.128125
0 0.34609375 0.61015625 0.0421875 0.046875
0 0.0609375 0.625 0.0375 0.0375
0 0.8453125 0.321875 0.096875 0.125
0 0.196875 0.6453125 0.025 0.0265625
0 0.47109375 0.60859375 0.034375 0.0375
0 0.58671875 0.4296875 0.034375 0.0390625
0 0.5984375 0.88515625 0.0390625 0.0390625
0 0.67890625 0.628125 0.0296875 0.0234375
0 0.76484375 0.5296875 0.0359375 0.0328125
0 0.01875 0.7375 0.0375 0.0375
0 0.43671875 0.03203125 0.0734375 0.0640625
0 0.83046875 0.25 0.103125 0.1140625
0 0.43125 0.2828125 0.078125 0.1453125
0 0.1703125 0.6875 0.04375 0.04375
0 0.51640625 0.08125 0.0796875 0.0640625
0 0.85390625 0.7046875 0.0359375 0.0359375
0 0.2640625 0.26640625 0.05 0.0484375
0 0.23515625 0.5515625 0.0484375 0.05
0 0.021875 0.396875 0.034375 0.040625
0 0.49765625 0.890625 0.040625 0.0328125
0 0.10625 0.3734375 0.0984375 0.196875
1 0.084375 0.3703125 0.16875 0.23125
0 0.01796875 0.3609375 0.015625 0.0234375
0 0.03046875 0.2765625 0.01875 0.0265625
0 0.6421875 0.52890625 0.0234375 0.0421875
0 0.390625 0.5609375 0.084375 0.0640625
0 0.07109375 0.7 0.021875 0.0203125