0 0.82734375 0.3171875 0.0296875 0.0359375
0 0.64453125 0.796875 0.0421875 0.034375
0 0.0234375 0.55234375 0.046875 0.0328125
0 0.5921875 0.6484375 0.05 0.0515625
0 0.953125 0.46640625 0.0421875 0.03125
0 0.14296875 0.6640625 0.0484375 0.0328125
0 0.54921875 0.2890625 0.0234375 0.0171875
0 0.46796875 0.44140625 0.046875 0.0390625
0 0.29765625 0.32109375 0.153125 0.1359375
0 0.41328125 0.53671875 0.0625 0.0390625
0 0.103125 0.75390625 0.05625 0.04375
0 0.6921875 0.27109375 0.0203125 0.015625
0 0.9375 0.69453125 0.0640625 0.0421875
0 0.3671875 0.36796875 0.0484375 0.0359375
0 0.7203125 0.08125 0.0171875 0.0203125
0 0.3234375 0.196875 0.0640625 0.0390625
0 0.4015625 0.23125 0.109375 0.06875
0 0.8875 0.16796875 0.0484375 0.0328125
0 0.77265625 0.359375 0.0796875 0.040625
0 0.55078125 0.4453125 0.0421875 0.040625
0 0.85859375 0.71171875 0.071875 0.0640625
0 0.0359375 0.6734375 0.0359375 0.0203125
0 0.37890625 0.81640625 0.0703125 0.0609375
0 0.70859375 0.3828125 0.0375 0.028125
0 0.36328125 0.88671875 0.0859375 0.0828125
0 0.084375 0.44296875 0.16875 0.1546875
0 0.571875 0.2375 0.0375 0.0375
0 0.76875 0.50078125 0.0375 0.03125
0 0.67578125 0.82109375 0.0421875 0.025
0 0.4265625 0.27734375 0.0453125 0.0421875
0 0.1453125 0.03671875 0.1 0.0734375
0 0.96796875 0.31796875 0.040625 0.0390625
0 0.8421875 0.39375 0.0421875 0.034375
0 0.4765625 0.87421875 0.1 0.09375
0 0.92734375 0.21953125 0.0796875 0.065625
0 0.6859375 0.23984375 0.05 0.0375
0 0.97265625 0.37578125 0.0546875 0.0859375
0 0.5625 0.1953125 0.0703125 0.0421875
0 0.0421875 0.21484375 0.0484375 0.0453125
0 0.4203125 0.775 0.0953125 0.121875
0 0.54765625 0.8453125 0.053125 0.040625
0 0.1859375 0.78984375 0.1125 0.1671875
0 0.04140625 0.7140625 0.04375 0.0375
0 0.83515625 0.1765625 0.0234375 0.0203125
0 0.98125 0.69140625 0.015625 0.0359375
0 0.32890625 0.778125 0.0390625 0.04375
0 0.96484375 0.16875 0.0703125 0.1125
0 0.9765625 0.07578125 0.046875 0.0703125
0 0.30859375 0.67109375 0.0359375 0.0359375
0 0.51015625 0.69296875 0.0640625 0.0625
0 0.928125 0.7640625 0.0984375 0.0703125
0 0.575 0.384375 0.1078125 0.0703125
0 0.74609375 0.5265625 0.03125 0.01875
0 0.9453125 0.3390625 0.04375 0.0390625
0 0.059375 0.38515625 0.034375 0.034375
0 0.0953125 0.18828125 0.0734375 0.0796875
0 0.653125 0.353125 0.0578125 0.053125
0 0.35546875 0.45859375 0.0640625 0.0546875
0 0.56015625 0.7328125 0.0390625 0.0390625
0 0.58984375 0.5640625 0.0640625 0.0546875
0 0.45078125 0.01484375 0.0703125 0.0296875
0 0.9515625 0.38359375 0.0328125 0.021875
0 0.5125 0.6453125 0.0421875 0.034375
0 0.04609375 0.59921875 0.0921875 0.0640625
0 0.84453125 0.6671875 0.0296875 0.021875
0 0.34921875 0.43046875 0.0625 0.0421875
0 0.7296875 0.7453125 0.1109375 0.1140625
0 0.1109375 0.32578125 0.1046875 0.1171875
0 0.89765625 0.43046875 0.05 0.03125
0 0.29140625 0.09921875 0.0265625 0.01875
0 0.7453125 0.4390625 0.1546875 0.103125
0 0.50546875 0.6109375 0.0296875 0.0359375
0 0.4859375 0.21015625 0.021875 0.0140625
0 0.3703125 0.65390625 0.034375 0.0328125
0 0.71953125 0.5765625 0.0234375 0.0203125
0 0.73359375 0.55078125 0.0578125 0.034375
0 0.4953125 0.5109375 0.0984375 0.0921875
0 0.20234375 0.17578125 0.0140625 0.0125
0 0.90078125 0.83125 0.1265625 0.065625
0 0.434375 0.63359375 0.0640625 0.0359375
0 0.13203125 0.5421875 0.0875 0.05625
0 0.24296875 0.3609375 0.0625 0.0421875
0 0.0359375 0.04375 0.0109375 0.0234375
0 0.25625 0.70546875 0.0375 0.0375
0 0.71484375 0.04609375 0.0203125 0.0171875
0 0.021875 0.38359375 0.034375 0.0765625
0 0.43828125 0.715625 0.075 0.0796875
0 0.32734375 0.64921875 0.0484375 0.034375
0 0.42890625 0.3140625 0.05 0.0421875
0 0.98515625 0.46015625 0.0296875 0.0546875
0 0.9703125 0.60703125 0.05 0.06875
0 0.79375 0.26171875 0.0234375 0.0203125
0 0.475 0.775 0.053125 0.05625
0 0.77421875 0.3234375 0.075 0.046875
0 0.146875 0.48359375 0.053125 0.0546875
0 0.75234375 0.81015625 0.078125 0.0625
0 0.21171875 0.23984375 0.128125 0.1109375
0 0.68671875 0.6203125 0.06875 0.0671875
0 0.88125 0.58125 0.084375 0.0921875
0 0.75859375 0.6234375 0.0140625 0.021875
0 0.796875 0.64296875 0.04375 0.0234375
0 0.9734375 0.52734375 0.053125 0.0734375
0 0.57421875 0.46796875 0.025 0.0359375
0 0.32109375 0.540625 0.0109375 0.0171875
0 0.27890625 0.6203125 0.0265625 0.025
1 0.84453125 0.5703125 0.265625 0.2734375
1 0.65703125 0.5828125 0.2859375 0.346875
1 0.2421875 0.515625 0.2109375 0.328125
0 0.24921875 0.5 0.125 0.1703125
0 0.99140625 0.19375 0.0171875 0.015625