0 0.14375 0.50859375 0.228125 0.390625
0 0.165625 0.78359375 0.1546875 0.0984375
0 0.7984375 0.40546875 0.1171875 0.1515625
0 0.03671875 0.840625 0.0734375 0.159375
0 0.053125 0.3609375 0.0734375 0.078125
0 0.4796875 0.8875 0.1375 0.225
0 0.43984375 0.10859375 0.115625 0.1640625
0 0.075 0.95390625 0.1140625 0.0765625
0 0.2453125 0.15234375 0.2625 0.2796875
0 0.6703125 0.4625 0.078125 0.0671875
0 0.92109375 0.68203125 0.1546875 0.146875
0 0.81796875 0.87421875 0.3546875 0.2515625
0 0.75 0.02109375 0.0703125 0.0359375
0 0.53203125 0.01953125 0.0765625 0.0390625
0 0.67578125 0.5875 0.15 0.1421875
0 0.8953125 0.05390625 0.109375 0.0953125
0 0.7625 0.18203125 0.1140625 0.1421875
0 0.6671875 0.253125 0.1390625 0.2046875
0 0.93828125 0.15625 0.059375 0.09375
0 0.0140625 0.55234375 0.028125 0.1515625
0 0.521875 0.4609375 0.2265625 0.2421875
0 0.94765625 0.37890625 0.1046875 0.1578125
0 0.984375 0.0984375 0.03125 0.159375
0 0.33125 0.82421875 0.184375 0.3078125
0 0.0953125 0.3140625 0.065625 0.1125
0 0.525 0.31953125 0.090625 0.0671875
0 0.6234375 0.0140625 0.06875 0.025
0 0.01171875 0.34453125 0.0203125 0.0734375
0 0.403125 0.95625 0.121875 0.0859375
0 0.11875 0.1 0.153125 0.2
0 0.86875 0.55234375 0.1078125 0.2328125
0 0.6515625 0.75625 0.1375 0.175