0 0.77265625 0.65 0.021875 0.021875
0 0.6734375 0.56796875 0.034375 0.0265625
0 0.53046875 0.67265625 0.0171875 0.01875
0 0.50546875 0.52421875 0.0265625 0.0359375
0 0.44921875 0.73046875 0.06875 0.0640625
0 0.41875 0.48203125 0.0265625 0.0359375
1 0.74765625 0.05078125 0.0953125 0.075
0 0.515625 0.7546875 0.0359375 0.021875
0 0.1421875 0.58125 0.0375 0.0453125
0 0.5203125 0.0859375 0.1015625 0.09375
0 0.40625 0.54375 0.0171875 0.01875
0 0.4953125 0.5484375 0.0125 0.025
0 0.35078125 0.75625 0.0734375 0.04375
0 0.2953125 0.0375 0.0421875 0.03125
0 0.52578125 0.7875 0.040625 0.025
0 0.0296875 0.484375 0.059375 0.09375
0 0.6109375 0.5640625 0.0203125 0.0234375
0 0.55390625 0.47890625 0.0828125 0.0890625
0 0.1109375 0.60390625 0.04375 0.0578125
0 0.228125 0.11484375 0.0359375 0.0390625
0 0.8234375 0.6734375 0.0171875 0.0140625
0 0.2875 0.10859375 0.0375 0.0421875
0 0.84375 0.50234375 0.0359375 0.0265625
0 0.4828125 0.8015625 0.0375 0.0296875
0 0.2921875 0.7578125 0.0328125 0.0359375
0 0.64453125 0.04765625 0.0421875 0.053125
1 0.28515625 0.63203125 0.0921875 0.1125
0 0.784375 0.68125 0.0140625 0.009375
0 0.475 0.18203125 0.034375 0.0328125
0 0.1265625 0.875 0.034375 0.0359375
1 0.29140625 0.50390625 0.078125 0.1921875
0 0.3015625 0.97421875 0.028125 0.0171875
0 0.45390625 0.634375 0.0390625 0.0375
0 0.43984375 0.8625 0.028125 0.0171875
0 0.49375 0.15625 0.0296875 0.0359375
0 0.10625 0.528125 0.0375 0.04375
0 0.21953125 0.80078125 0.1 0.046875
0 0.33984375 0.6234375 0.0796875 0.090625
1 0.32109375 0.44765625 0.0875 0.2
0 0.7109375 0.65859375 0.0515625 0.0515625
1 0.7125 0.76015625 0.125 0.0484375
0 0.640625 0.590625 0.0265625 0.0234375
0 0.70078125 0.83125 0.04375 0.025
0 0.1578125 0.41796875 0.028125 0.0296875
0 0.49921875 0.2875 0.1078125 0.0796875
0 0.70703125 0.0765625 0.03125 0.0390625
0 0.3328125 0.0875 0.1 0.05625
0 0.6234375 0.084375 0.028125 0.0328125
0 0.14765625 0.83671875 0.0375 0.0453125
0 0.95859375 0.065625 0.03125 0.0375
0 0.07109375 0.5046875 0.04375 0.0640625
0 0.62734375 0.64140625 0.0234375 0.0234375
0 0.359375 0.84453125 0.1234375 0.0578125
0 0.58671875 0.028125 0.13125 0.05625
0 0.440625 0.49296875 0.0390625 0.0421875
0 0.22265625 0.55234375 0.0703125 0.0640625
0 0.53828125 0.13046875 0.0359375 0.0359375
0 0.3203125 0.81171875 0.071875 0.04375
0 0.51875 0.6125 0.0234375 0.0234375
0 0.0140625 0.8890625 0.028125 0.021875
0 0.90703125 0.51875 0.0328125 0.028125
1 0.7609375 0.5328125 0.1390625 0.0890625
0 0.853125 0.61796875 0.0109375 0.0140625
0 0.178125 0.9046875 0.04375 0.0375
0 0.57421875 0.29140625 0.04375 0.0375
0 0.61796875 0.275 0.0390625 0.0375
0 0.38515625 0.77890625 0.0875 0.0515625
0 0.6859375 0.04765625 0.0328125 0.0265625
0 0.2296875 0.65546875 0.0296875 0.028125
0 0.2640625 0.3890625 0.0578125 0.0390625
0 0.109375 0.178125 0.1015625 0.1078125
0 0.7796875 0.59765625 0.0484375 0.028125
0 0.62265625 0.7421875 0.0640625 0.0421875
0 0.6390625 0.66875 0.034375 0.0171875
0 0.45703125 0.81484375 0.0890625 0.04375
0 0.39609375 0.7453125 0.028125 0.03125
0 0.5125 0.85390625 0.109375 0.075
0 0.6640625 0.2546875 0.0390625 0.040625
0 0.0953125 0.2875 0.0375 0.0453125
0 0.61875 0.61875 0.0375 0.025
1 0.60078125 0.85625 0.0875 0.0453125
0 0.80859375 0.1875 0.0375 0.046875
0 0.84609375 0.8265625 0.04375 0.0234375
0 0.4046875 0.11328125 0.0359375 0.0359375
0 0.2171875 0.48515625 0.040625 0.046875
0 0.60546875 0.6953125 0.13125 0.0703125
0 0.1734375 0.5296875 0.0421875 0.05
0 0.60078125 0.07421875 0.0453125 0.0453125
0 0.2265625 0.0484375 0.0359375 0.0484375
0 0.32421875 0.15625 0.0328125 0.040625
0 0.80859375 0.771875 0.0203125 0.0109375
0 0.2484375 0.72421875 0.0234375 0.0234375
0 0.66328125 0.62578125 0.025 0.021875
0 0.08515625 0.92109375 0.04375 0.0578125
0 0.87421875 0.10625 0.021875 0.0203125
0 0.55546875 0.6 0.0265625 0.0265625
0 0.0671875 0.871875 0.040625 0.0265625
0 0.2125 0.87265625 0.0625 0.05
0 0.25625 0.95078125 0.028125 0.0234375
1 0.77421875 0.83515625 0.115625 0.0421875
0 0.35 0.70234375 0.0328125 0.0328125
0 0.6765625 0.7921875 0.1359375 0.05625
0 0.60546875 0.825 0.021875 0.0234375
0 0.49765625 0.628125 0.0203125 0.0171875
0 0.15859375 0.7734375 0.034375 0.0359375
0 0.9109375 0.58203125 0.021875 0.0265625
0 0.4125 0.37109375 0.175 0.16875
1 0.5046875 0.56171875 0.1765625 0.121875
0 0.70859375 0.1484375 0.0296875 0.0359375
0 0.81796875 0.7453125 0.0125 0.0109375
0 0.82890625 0.79296875 0.01875 0.015625
0 0.75703125 0.12109375 0.03125 0.0375
0 0.5484375 0.8046875 0.071875 0.04375
0 0.653125 0.64921875 0.028125 0.01875
0 0.81875 0.81875 0.028125 0.01875
0 0.35546875 0.1640625 0.03125 0.0375
0 0.1703125 0.0578125 0.0375 0.04375
0 0.67734375 0.7109375 0.0484375 0.0375
0 0.56640625 0.66796875 0.021875 0.0203125
0 0.4359375 0.05625 0.1671875 0.0578125
0 0.5859375 0.65 0.0234375 0.0203125
0 0.59140625 0.78203125 0.0359375 0.0203125
0 0.9390625 0.040625 0.0203125 0.0234375
0 0.95625 0.0375 0.015625 0.015625
0 0.91328125 0.171875 0.05 0.0484375
0 0.04296875 0.3703125 0.040625 0.096875
0 0.01875 0.37109375 0.028125 0.0921875
0 0.2359375 0.7515625 0.0171875 0.0390625
0 0.17890625 0.96640625 0.1328125 0.028125
0 0.3375 0.9734375 0.05 0.0171875
0 0.3203125 0.91328125 0.015625 0.021875
0 0.54609375 0.86640625 0.01875 0.0125
0 0.553125 0.88125 0.025 0.021875
0 0.665625 0.834375 0.0109375 0.009375
0 0.69140625 0.73984375 0.059375 0.028125
0 0.734375 0.825 0.0140625 0.0125
0 0.73359375 0.80859375 0.021875 0.0125
1 0.390625 0.90390625 0.121875 0.0546875
1 0.27265625 0.88515625 0.0671875 0.1015625
1 0.384375 0.89921875 0.2390625 0.1265625
0 0.45390625 0.76875 0.0515625 0.03125
0 0.41796875 0.78671875 0.0265625 0.0265625