0 0.58515625 0.21328125 0.046875 0.0578125
0 0.10625 0.6109375 0.065625 0.0875
0 0.9953125 0.059375 0.009375 0.028125
0 0.9403124999999999 0.10874999999999999 0.0765625 0.0734375
0 0.60625 0.09765625 0.0625 0.05
0 0.15859375 0.24609375 0.071875 0.0390625
0 0.8852343749999999 0.8321093749999999 0.03390625 0.02640625
0 0.7671875 0.12390625 0.09375 0.0821875
0 0.140625 0.884375 0.0828125 0.1046875
0 0.45703125 0.61171875 0.05625 0.0453125
0 0.6125 0.29765625 0.0640625 0.0421875
0 0.37765624999999997 0.25046875 0.04375 0.0375
0 0.5546875 0.8796875 0.015625 0.015625
0 0.22421875 0.71328125 0.0375 0.028125
0 0.7875 0.434375 0.096875 0.084375
0 0.9796875 0.68984375 0.0375 0.0421875
0 0.3409375 0.27749999999999997 0.034375 0.0296875
0 0.3703125 0.34921875 0.040625 0.0265625
0 0.665625 0.66328125 0.040625 0.03125
0 0.82265625 0.67734375 0.0296875 0.01875
0 0.615625 0.740625 0.03125 0.0265625
0 0.66640625 0.625 0.034375 0.0390625
0 0.68671875 0.46328125 0.028125 0.015625
0 0.06953125 0.32265625 0.034375 0.034375
0 0.13125 0.43046875 0.0515625 0.0390625
0 0.5640625 0.4515625 0.075 0.0484375
0 0.425 0.34296875 0.0453125 0.0359375
0 0.00859375 0.58046875 0.0171875 0.0453125
0 0.79421875 0.5240625 0.0546875 0.0359375
0 0.2515625 0.9515625 0.0328125 0.028125
0 0.48203125 0.8065625000000001 0.1265625 0.200625
0 0.515625 0.459375 0.0203125 0.01875
0 0.74296875 0.19929687499999998 0.0828125 0.07671875
0 0.39765625 0.68359375 0.0796875 0.0921875
0 0.31875 0.71328125 0.090625 0.078125
0 0.975 0.137578125 0.05 0.08171874999999999
0 0.05546875 0.92421875 0.10625 0.0828125
0 0.971875 0.65546875 0.05625 0.05
0 0.97890625 0.903359375 0.033125 0.02390625
0 0.58828125 0.15625 0.0671875 0.0609375
0 0.78203125 0.721875 0.084375 0.06875
0 0.1125 0.34296875 0.0703125 0.053125
0 0.525 0.55546875 0.05 0.0390625
0 0.0078125 0.72421875 0.0125 0.0359375
0 0.7203125 0.0421875 0.171875 0.084375
0 0.703125 0.39765625 0.059375 0.0734375
0 0.234375 0.546875 0.0390625 0.0296875
0 0.44765625 0.59296875 0.06875 0.0828125
0 0.20390625 0.671796875 0.1484375 0.16640625
0 0.99453125 0.009375 0.0109375 0.0171875
0 0.73203125 0.7921875 0.028125 0.021875
0 0.9140625 0.728125 0.0359375 0.0234375
0 0.6390625 0.50625 0.1453125 0.0609375
0 0.63359375 0.59765625 0.034375 0.03125
0 0.46875 0.2234375 0.1375 0.11875
0 0.28984375 0.64609375 0.034375 0.0328125
0 0.06999999999999999 0.7115625 0.1234375 0.16499999999999998
0 0.8885937500000001 0.422734375 0.2228125 0.22859375
0 0.5109375 0.13671875 0.10625 0.071875
1 0.915078125 0.25984375000000004 0.149828125 0.12562500000000001
0 0.85859375 0.715625 0.059375 0.0390625
0 0.31796875 0.43203125 0.046875 0.0375
0 0.9624218750000001 0.404609375 0.07515625000000001 0.14421875
0 0.33828125 0.82890625 0.0296875 0.025
0 0.0265625 0.38515625 0.05 0.071875
0 0.018734375 0.49037499999999995 0.037453125 0.075890625
0 0.546453125 0.8129687499999999 0.025765624999999997 0.02915625
0 0.987859375 0.53678125 0.024281249999999997 0.026359375
0 0.9551093749999999 0.32253125 0.026296874999999997 0.021593750000000002
0 0.878203125 0.29484374999999996 0.029109375 0.0235