0 0.06328125 0.248390625 0.1265625 0.090625
0 0.78515625 0.425 0.034375 0.0296875
0 0.53671875 0.3296875 0.071875 0.046875
0 0.31875 0.45859375 0.090625 0.121875
0 0.81484375 0.4046875 0.046875 0.0328125
0 0.45390625 0.49296875 0.071875 0.071875
1 0.71640625 0.4609375 0.096875 0.078125
0 0.56875 0.0828125 0.084375 0.0453125
0 0.7265625 0.67890625 0.021875 0.0234375
0 0.7296875 0.546875 0.04375 0.0359375
0 0.73978125 0.291296875 0.017078125 0.01071875
0 0.9890625 0.29921875 0.021875 0.0375
0 0.21875 0.36796875 0.0625 0.0359375
0 0.7953125 0.3578125 0.034375 0.0265625
0 0.705953125 0.269484375 0.0359375 0.021875
0 0.48125 0.2890625 0.04375 0.05
0 0.94453125 0.30703125 0.0703125 0.0984375
0 0.86484375 0.11015625 0.046875 0.03125
0 0.28984375 0.3 0.0375 0.0375
0 0.86796875 0.1390625 0.034375 0.028125
0 0.25078125 0.5 0.046875 0.05
0 0.42578125 0.46640625 0.009375 0.0140625
0 0.165625 0.2875 0.065625 0.05
0 0.6421875 0.49375 0.0484375 0.0265625
0 0.88515625 0.1859375 0.065625 0.03125
0 0.48828125 0.59765625 0.140625 0.078125
0 0.5803281250000001 0.42915625 0.20832812500000003 0.10603125
0 0.87578125 0.07578125 0.065625 0.03125
0 0.86484375 0.64140625 0.0234375 0.0234375
0 0.83984375 0.3875 0.021875 0.0140625
0 0.77109375 0.52578125 0.0390625 0.03125
0 0.14375 0.69375 0.0375 0.0296875
0 0.8296875 0.62421875 0.0265625 0.01875
0 0.02734375 0.05625 0.0546875 0.0578125
0 0.8175625 0.145265625 0.040625 0.025
0 0.371875 0.14609375 0.0375 0.025
0 0.00859375 0.48515625 0.0171875 0.0609375
0 0.31171875 0.3234375 0.0375 0.0375
0 0.678125 0.50625 0.065625 0.04375
0 0.84609375 0.2921875 0.05 0.0296875
0 0.62421875 0.25859375 0.0546875 0.0578125
0 0.865625 0.59609375 0.021875 0.01875
0 0.3546875 0.23671875 0.034375 0.03125
0 0.5359375 0.221875 0.096875 0.0625
0 0.384375 0.35078125 0.096875 0.125
0 0.3828125 0.6390625 0.046875 0.028125
0 0.415625 0.178125 0.05 0.0328125
0 0.83125 0.540625 0.046875 0.084375
0 0.146875 0.196875 0.059375 0.034375
0 0.81953125 0.3390625 0.0421875 0.0234375
0 0.95546875 0.390625 0.0390625 0.034375
0 0.0421875 0.01640625 0.0515625 0.0328125
0 0.93515625 0.43359375 0.059375 0.0484375
0 0.990625 0.378125 0.0171875 0.0375
0 0.9765625 0.11015625 0.0390625 0.0375
0 0.8515625 0.8453125 0.021875 0.028125
0 0.87753125 0.535203125 0.02009375 0.0309375
0 0.977890625 0.459390625 0.037015625 0.08903124999999999
0 0.29140625 0.69296875 0.10625 0.075
0 0.91875 0.38125 0.0375 0.05625
0 0.25703125 0.346875 0.0609375 0.0359375
0 0.89375 0.4671875 0.065625 0.04375
0 0.053796875 0.609484375 0.107578125 0.16584375
0 0.584375 0.82734375 0.0609375 0.0421875
0 0.90625 0.69765625 0.071875 0.0421875
0 0.63825 0.678859375 0.14375 0.0828125
0 0.620921875 0.54725 0.07153125 0.055421874999999995
0 0.3625 0.171875 0.034375 0.03125
0 0.2671875 0.57109375 0.0171875 0.0125
0 0.546875 0.71640625 0.171875 0.134375
0 0.55234375 0.1390625 0.0328125 0.0296875
0 0.403125 0.5453125 0.0453125 0.03125
0 0.83359375 0.6765625 0.025 0.021875
0 0.877828125 0.5032656249999999 0.03378125 0.03103125
0 0.79765625 0.5984375 0.0265625 0.0203125
0 0.753125 0.25546875 0.0546875 0.0609375
0 0.8578125 0.75703125 0.0234375 0.0234375
0 0.97421875 0.21125 0.0515625 0.0803125
0 0.2578125 0.8140625 0.0234375 0.01875
0 0.8421875 0.4625 0.040625 0.034375
0 0.84375 0.25546875 0.0625 0.040625
0 0.421875 0.24453125 0.0734375 0.0625
0 0.884375 0.2265625 0.034375 0.034375
0 0.778125 0.83515625 0.028125 0.0234375
0 0.98984375 0.65625 0.0203125 0.028125
0 0.20703125 0.40625 0.0359375 0.05
0 0.22890625 0.5802968749999999 0.05625 0.0421875
0 0.96328125 0.15234375 0.0265625 0.0296875
0 0.12037500000000001 0.13179687499999998 0.1595 0.11515625
0 0.390625 0.775 0.1109375 0.08125
0 0.729390625 0.16893750000000002 0.03103125 0.027671875000000002
0 0.32953125 0.5511874999999999 0.027671875000000002 0.025421875
0 0.332265625 0.5426562500000001 0.037593749999999995 0.028890624999999996
0 0.61171875 0.305578125 0.0560625 0.034671875000000005
0 0.5123593750000001 0.2480625 0.031453125 0.028140625000000002
0 0.594546875 0.194875 0.02753125 0.02603125
0 0.6267031249999999 0.10689062499999999 0.022203125 0.01553125
0 0.98815625 0.1564375 0.023671875000000002 0.04196875
1 0.563109375 0.336078125 0.28765625 0.19540625