0 0.66015625 0.65859375 0.046875 0.053125
1 0.8515625 0.7421875 0.296875 0.29375
0 0.70234375 0.02890625 0.0703125 0.0578125
0 0.65625 0.084375 0.04375 0.0453125
0 0.615625 0.12265625 0.0453125 0.040625
0 0.94765625 0.5078125 0.0515625 0.065625
0 0.1484375 0.4109375 0.053125 0.0703125
1 0.98515625 0.8234375 0.0296875 0.09375
0 0.29765625 0.34921875 0.0734375 0.0765625
0 0.259375 0.653125 0.1265625 0.0671875
0 0.93046875 0.08671875 0.01875 0.05625
0 0.8546875 0.29921875 0.275 0.3109375
0 0.67578125 0.28828125 0.1203125 0.1484375
0 0.703125 0.58828125 0.0640625 0.071875
0 0.33359375 0.4390625 0.146875 0.11875
0 0.840625 0.4625 0.0359375 0.0390625
0 0.371875 0.03359375 0.0453125 0.0375
0 0.28203125 0.728125 0.0328125 0.0390625
0 0.13515625 0.08515625 0.0453125 0.053125
0 0.95234375 0.428125 0.0953125 0.15
0 0.9015625 0.034375 0.05625 0.06875
1 0.88671875 0.88203125 0.2265625 0.1484375
0 0.86015625 0.43125 0.0203125 0.0234375
1 0.98671875 0.8828125 0.0265625 0.071875
0 0.815625 0.5734375 0.1984375 0.2484375
0 0.76875 0.684375 0.0390625 0.0484375
0 0.5015625 0.69375 0.0875 0.0796875
0 0.71640625 0.70390625 0.0578125 0.065625
0 0.190625 0.25703125 0.0375 0.040625
1 0.64296875 0.8546875 0.4015625 0.290625
0 0.77421875 0.07890625 0.109375 0.10625
0 0.61328125 0.66953125 0.0328125 0.0390625
0 0.72578125 0.41640625 0.0765625 0.0984375
0 0.27578125 0.71953125 0.059375 0.0703125
0 0.3390625 0.1890625 0.35625 0.3421875
0 0.82578125 0.1515625 0.0796875 0.096875
0 0.90234375 0.51484375 0.053125 0.0671875
0 0.3984375 0.35078125 0.0671875 0.0796875
0 0.49765625 0.390625 0.0390625 0.0390625
0 0.72734375 0.35390625 0.0390625 0.0421875
0 0.95390625 0.6078125 0.059375 0.059375
0 0.54453125 0.171875 0.1046875 0.1171875
1 0.90703125 0.3703125 0.1828125 0.2109375
0 0.57109375 0.425 0.040625 0.0328125