0 0.5328125 0.77109375 0.03125 0.03125
0 0.5234375 0.36875 0.0875 0.0734375
0 0.59296875 0.6671875 0.0578125 0.04375
0 0.5234375 0.45546875 0.0296875 0.0328125
0 0.77890625 0.66875 0.04375 0.034375
0 0.3203125 0.72890625 0.040625 0.0390625
0 0.6921875 0.35703125 0.0375 0.040625
0 0.83515625 0.95078125 0.015625 0.01875
0 0.1796875 0.1828125 0.065625 0.06875
0 0.7328125 0.05625 0.0234375 0.03125
0 0.5390625 0.22109375 0.15 0.128125
0 0.09140625 0.16171875 0.05 0.0421875
0 0.5515625 0.75078125 0.0296875 0.0328125
0 0.89375 0.30703125 0.03125 0.0390625
0 0.64609375 0.03828125 0.0265625 0.034375
0 0.7796875 0.30078125 0.0234375 0.0296875
0 0.41875 0.421875 0.040625 0.053125
0 0.209375 0.59375 0.090625 0.0765625
0 0.4421875 0.4484375 0.0125 0.0140625
0 0.43984375 0.6578125 0.0328125 0.0296875
0 0.709375 0.0671875 0.0171875 0.0234375
0 0.02734375 0.18046875 0.0546875 0.0953125
0 0.35078125 0.125 0.0421875 0.040625
0 0.596875 0.571875 0.05625 0.084375
0 0.6984375 0.3859375 0.0375 0.040625
0 0.44296875 0.3046875 0.065625 0.06875
0 0.54375 0.48125 0.03125 0.034375
0 0.8921875 0.390625 0.0609375 0.09375
0 0.8296875 0.3453125 0.025 0.0421875
0 0.359375 0.3515625 0.0796875 0.0640625
0 0.6875 0.4109375 0.0171875 0.021875
0 0.203125 0.4359375 0.1625 0.1640625
0 0.72109375 0.2109375 0.021875 0.028125
0 0.83046875 0.46328125 0.0234375 0.025
0 0.53671875 0.6234375 0.0515625 0.071875
0 0.63984375 0.67109375 0.0546875 0.0421875
0 0.7015625 0.04921875 0.0203125 0.0265625
0 0.121875 0.37890625 0.08125 0.0875
0 0.3234375 0.246875 0.0421875 0.040625
0 0.615625 0.73671875 0.025 0.0265625
1 0.528125 0.0984375 0.184375 0.196875
0 0.80234375 0.028125 0.1078125 0.05625
0 0.8109375 0.08828125 0.0265625 0.0234375
0 0.0546875 0.08359375 0.1078125 0.1140625
1 0.5125 0.884375 0.178125 0.1828125
0 0.3640625 0.45625 0.0734375 0.05625
0 0.228125 0.28515625 0.0453125 0.0421875
0 0.37265625 0.575 0.121875 0.1109375
0 0.22265625 0.52578125 0.04375 0.0375
0 0.3515625 0.6296875 0.0375 0.0421875
0 0.27734375 0.83828125 0.065625 0.0703125
0 0.5546875 0.66171875 0.025 0.021875
0 0.73359375 0.39453125 0.0171875 0.0203125
0 0.37109375 0.70390625 0.0328125 0.0296875
0 0.53984375 0.934375 0.028125 0.03125
0 0.61796875 0.0546875 0.053125 0.0375
0 0.6984375 0.0203125 0.046875 0.040625
0 0.56796875 0.98046875 0.0171875 0.0203125
0 0.446875 0.215625 0.096875 0.065625
0 0.51796875 0.31171875 0.0796875 0.05
0 0.12421875 0.55703125 0.1203125 0.06875
0 0.49765625 0.53203125 0.03125 0.0359375
0 0.30234375 0.05625 0.0296875 0.01875
0 0.471875 0.19296875 0.0453125 0.0375
0 0.56015625 0.4046875 0.0234375 0.025
0 0.4546875 0.5359375 0.0375 0.0453125
0 0.615625 0.4421875 0.0484375 0.05
0 0.64375 0.3078125 0.034375 0.0546875
0 0.84921875 0.2078125 0.0484375 0.0578125
0 0.8421875 0.06796875 0.059375 0.0453125
0 0.5421875 0.04140625 0.0484375 0.0515625
0 0.32109375 0.51015625 0.071875 0.0515625
0 0.671875 0.14140625 0.071875 0.075
0 0.615625 0.4875 0.05 0.0546875
0 0.63515625 0.83984375 0.0609375 0.1375
0 0.496875 0.65859375 0.0359375 0.0328125
0 0.47734375 0.7359375 0.040625 0.053125
0 0.4328125 0.71015625 0.0453125 0.0546875
0 0.4359375 0.0453125 0.071875 0.078125
0 0.57109375 0.7609375 0.0328125 0.0359375
0 0.8171875 0.66953125 0.03125 0.04375
0 0.36640625 0.84375 0.015625 0.015625
0 0.63671875 0.96640625 0.01875 0.021875
0 0.66640625 0.0828125 0.065625 0.0859375
0 0.93515625 0.91640625 0.0125 0.0203125
0 0.40703125 0.5015625 0.034375 0.0390625
0 0.65546875 0.64765625 0.021875 0.0234375
0 0.74765625 0.08125 0.021875 0.03125
0 0.9109375 0.91953125 0.015625 0.0234375
0 0.2203125 0.05078125 0.0421875 0.0421875
0 0.74140625 0.97734375 0.0359375 0.0171875
0 0.73515625 0.35625 0.04375 0.04375
0 0.846875 0.753125 0.015625 0.0265625
0 0.128125 0.0546875 0.0609375 0.0625
0 0.54765625 0.01640625 0.0453125 0.0328125
0 0.29453125 0.71640625 0.0296875 0.021875
0 0.52421875 0.70859375 0.0328125 0.0390625
0 0.6234375 0.40078125 0.0359375 0.0328125
0 0.48515625 0.45390625 0.025 0.021875
0 0.89921875 0.55703125 0.015625 0.01875
0 0.71640625 0.91171875 0.028125 0.0375
0 0.74140625 0.9359375 0.0265625 0.0421875
0 0.86796875 0.81484375 0.0109375 0.025
0 0.89375 0.73515625 0.009375 0.0234375
1 0.88671875 0.84921875 0.1515625 0.259375
1 0.8921875 0.834375 0.1875 0.2890625
0 0.52421875 0.6640625 0.0234375 0.021875
0 0.63828125 0.5515625 0.034375 0.0171875
0 0.671875 0.03359375 0.0125 0.021875
0 0.77265625 0.11171875 0.0125 0.015625
0 0.58046875 0.10859375 0.0171875 0.034375
0 0.54765625 0.05625 0.0171875 0.0125
0 0.59296875 0.0890625 0.0125 0.0125
0 0.5765625 0.00546875 0.04375 0.0109375
1 0.55859375 0.625 0.2453125 0.2
1 0.51328125 0.35859375 0.13125 0.13125