0 0.8171875 0.7671875 0.05 0.0515625
0 0.72265625 0.28984375 0.0375 0.028125
0 0.40234375 0.51953125 0.115625 0.10625
0 0.45078125 0.63828125 0.0390625 0.046875
0 0.93515625 0.2171875 0.071875 0.078125
0 0.3375 0.109375 0.0328125 0.0265625
0 0.6796875 0.3421875 0.0546875 0.0375
0 0.46875 0.35859375 0.0375 0.0328125
0 0.3984375 0.67734375 0.1015625 0.190625
0 0.66953125 0.10625 0.0234375 0.028125
0 0.640625 0.69375 0.0703125 0.0609375
0 0.18828125 0.628125 0.0390625 0.0359375
0 0.59765625 0.9828125 0.0671875 0.025
0 0.771875 0.18359375 0.08125 0.090625
0 0.68125 0.08359375 0.040625 0.040625
0 0.85078125 0.93046875 0.05 0.053125
0 0.40234375 0.19765625 0.140625 0.140625
0 0.57265625 0.6828125 0.1328125 0.125
0 0.28671875 0.66015625 0.0734375 0.0765625
0 0.67890625 0.56171875 0.1984375 0.1453125
0 0.3328125 0.73203125 0.071875 0.078125
0 0.78203125 0.92109375 0.0625 0.0609375
0 0.3015625 0.84140625 0.0453125 0.0515625
0 0.72109375 0.11171875 0.059375 0.0453125
0 0.26640625 0.50703125 0.1515625 0.11875
0 0.25390625 0.04140625 0.0328125 0.0328125
0 0.2546875 0.7515625 0.0671875 0.0765625
0 0.16953125 0.59453125 0.075 0.065625
0 0.88046875 0.13046875 0.1375 0.115625
0 0.21640625 0.83515625 0.1 0.09375
0 0.096875 0.978125 0.059375 0.04375
0 0.521875 0.36796875 0.0390625 0.0421875
0 0.81484375 0.2421875 0.0328125 0.03125
1 0.6453125 0.06640625 0.078125 0.0640625
0 0.92109375 0.803125 0.0359375 0.0359375
0 0.84609375 0.70546875 0.0578125 0.05625
0 0.47578125 0.24140625 0.040625 0.0234375
0 0.76171875 0.70703125 0.0328125 0.034375
0 0.32421875 0.03125 0.0296875 0.0265625
0 0.7265625 0.78828125 0.0421875 0.040625
0 0.88125 0.6546875 0.0421875 0.046875
0 0.76484375 0.34296875 0.0421875 0.0390625
0 0.28828125 0.23125 0.034375 0.03125
0 0.69921875 0.66015625 0.059375 0.059375
0 0.35859375 0.19140625 0.0328125 0.03125
0 0.35234375 0.4671875 0.0453125 0.0421875
0 0.59609375 0.89921875 0.0265625 0.03125
0 0.52109375 0.29375 0.134375 0.0734375
0 0.45390625 0.43828125 0.059375 0.046875
0 0.32265625 0.059375 0.0265625 0.0265625
0 0.29140625 0.34296875 0.0328125 0.0234375
0 0.4125 0.0125 0.03125 0.0140625
0 0.39453125 0.56875 0.0296875 0.03125
0 0.4765625 0.021875 0.0296875 0.0296875
0 0.30078125 0.68359375 0.0515625 0.0484375
0 0.46953125 0.08046875 0.0125 0.0171875
0 0.44765625 0.1046875 0.025 0.028125
0 0.67734375 0.87421875 0.0859375 0.08125
0 0.56953125 0.21796875 0.0234375 0.0265625
0 0.54296875 0.38828125 0.0375 0.0453125
0 0.540625 0.03671875 0.025 0.025
0 0.24140625 0.18203125 0.0515625 0.0453125
0 0.43203125 0.08046875 0.065625 0.04375
0 0.49296875 0.340625 0.0390625 0.0328125
0 0.63515625 0.30859375 0.146875 0.0765625
0 0.3703125 0.02265625 0.0359375 0.025
0 0.5234375 0.0265625 0.021875 0.0234375
0 0.265625 0.9828125 0.053125 0.034375
0 0.87265625 0.28828125 0.0796875 0.0671875
0 0.446875 0.025 0.04375 0.040625
0 0.05546875 0.69765625 0.084375 0.1453125
0 0.76484375 0.6015625 0.0265625 0.0296875
0 0.11796875 0.65 0.0734375 0.0765625
0 0.5109375 0.77734375 0.1296875 0.225
0 0.121875 0.58359375 0.0375 0.04375
0 0.32578125 0.340625 0.0390625 0.03125
0 0.58671875 0.01796875 0.034375 0.03125
0 0.59453125 0.790625 0.096875 0.0984375
0 0.8 0.47421875 0.1765625 0.1390625
0 0.69296875 0.028125 0.0234375 0.0265625
0 0.2890625 0.03828125 0.04375 0.0359375
0 0.51640625 0.171875 0.046875 0.046875
0 0.72421875 0.24609375 0.0390625 0.0390625
0 0.571875 0.0078125 0.0171875 0.0140625
0 0.75234375 0.3203125 0.0171875 0.0140625
0 0.65703125 0.765625 0.059375 0.065625
0 0.33359375 0.30859375 0.034375 0.034375
0 0.4 0.33359375 0.0375 0.028125
0 0.496875 0.62890625 0.040625 0.0546875
0 0.38828125 0.81328125 0.0390625 0.06875
0 0.64140625 0.24921875 0.015625 0.0109375
0 0.36796875 0.78515625 0.0265625 0.04375
0 0.66953125 0.225 0.0796875 0.05625
0 0.65078125 0.64453125 0.0390625 0.0421875
0 0.15703125 0.79296875 0.05 0.05625
0 0.603125 0.03359375 0.0265625 0.0234375
0 0.22265625 0.23828125 0.0609375 0.0640625
0 0.60234375 0.15703125 0.10625 0.1375
0 0.40546875 0.29453125 0.075 0.0546875
0 0.8375 0.0953125 0.084375 0.078125
0 0.99609375 0.66171875 0.0078125 0.0359375
0 0.54609375 0.6015625 0.0546875 0.046875
0 0.71484375 0.9109375 0.075 0.0796875
0 0.06171875 0.60078125 0.0640625 0.059375
0 0.584375 0.38671875 0.0546875 0.034375
0 0.44140625 0.60625 0.046875 0.05
0 0.8828125 0.60234375 0.025 0.028125
0 0.30234375 0.17109375 0.009375 0.0109375
0 0.87734375 0.3703125 0.034375 0.034375
1 0.3296875 0.9265625 0.390625 0.146875
0 0.6515625 0.9453125 0.0640625 0.0859375
0 0.4140625 0.2296875 0.03125 0.03125
0 0.4703125 0.221875 0.04375 0.040625
1 0.49296875 0.184375 0.2296875 0.2015625