1 0.075 0.27109375 0.15 0.1859375
0 0.6421875 0.47578125 0.1453125 0.1234375
0 0.49296875 0.046875 0.0609375 0.05
0 0.59453125 0.6546875 0.0796875 0.0640625
0 0.8171875 0.6546875 0.0828125 0.1046875
0 0.7609375 0.709375 0.0484375 0.0609375
0 0.25703125 0.3640625 0.15625 0.1203125
0 0.1015625 0.46875 0.053125 0.05
0 0.15625 0.76796875 0.0421875 0.0484375
0 0.584375 0.95703125 0.0296875 0.0328125
0 0.93125 0.01640625 0.0875 0.0328125
0 0.06796875 0.52265625 0.059375 0.06875
0 0.6171875 0.07421875 0.0609375 0.0578125
0 0.64375 0.70859375 0.05625 0.06875
0 0.0625 0.17578125 0.0484375 0.075
0 0.1671875 0.62890625 0.0671875 0.0640625
0 0.57421875 0.315625 0.0609375 0.08125
0 0.6828125 0.96953125 0.0609375 0.046875
0 0.0765625 0.84375 0.025 0.03125
0 0.37421875 0.79140625 0.11875 0.128125
0 0.8359375 0.9640625 0.0953125 0.0359375
0 0.60859375 0.346875 0.05625 0.0703125
0 0.2875 0.734375 0.125 0.121875
1 0.86484375 0.82109375 0.2703125 0.2609375
0 0.59765625 0.76796875 0.0296875 0.03125
0 0.4375 0.028125 0.0453125 0.05
0 0.6953125 0.1734375 0.065625 0.090625
0 0.09765625 0.8046875 0.0375 0.053125
0 0.99140625 0.92109375 0.0171875 0.0390625
0 0.1875 0.26796875 0.1671875 0.13125
0 0.678125 0.0859375 0.05625 0.059375
0 0.66640625 0.64453125 0.0609375 0.0484375
0 0.31484375 0.92265625 0.065625 0.08125
0 0.97890625 0.85546875 0.0421875 0.1328125
0 0.26875 0.9203125 0.0390625 0.0671875
0 0.24921875 0.63671875 0.0671875 0.078125
0 0.1734375 0.04765625 0.0671875 0.065625
0 0.08515625 0.05546875 0.0453125 0.05625
0 0.72109375 0.72421875 0.0453125 0.0671875
0 0.79375 0.13671875 0.1375 0.078125
0 0.65625 0.81796875 0.125 0.090625
0 0.928125 0.17421875 0.109375 0.0828125
0 0.76640625 0.0515625 0.0703125 0.103125
0 0.02890625 0.66875 0.05 0.15
0 0.99375 0.95859375 0.0125 0.0328125
0 0.28125 0.084375 0.0796875 0.0953125
0 0.54375 0.2828125 0.03125 0.04375
0 0.5640625 0.24140625 0.03125 0.053125
0 0.52265625 0.22265625 0.103125 0.1296875
0 0.753125 0.48046875 0.25 0.2984375
0 0.18125 0.44140625 0.1125 0.1125
0 0.41015625 0.74140625 0.034375 0.0375
0 0.765625 0.96875 0.08125 0.040625
1 0.53046875 0.28203125 0.26875 0.3359375
0 0.590625 0.4109375 0.0296875 0.0375
1 0.16484375 0.4234375 0.209375 0.215625