0 0.621875 0.91484375 0.1046875 0.0734375
0 0.38671875 0.85625 0.0734375 0.0484375
0 0.0140625 0.2671875 0.028125 0.05
0 0.703125 0.7890625 0.0546875 0.0421875
0 0.8234375 0.54609375 0.1765625 0.1625
0 0.13828125 0.60859375 0.0421875 0.0328125
0 0.0890625 0.98515625 0.075 0.0296875
0 0.11015625 0.853125 0.034375 0.0234375
0 0.1171875 0.11640625 0.0421875 0.0359375
0 0.80859375 0.68046875 0.1265625 0.1
0 0.36484375 0.56875 0.025 0.021875
0 0.1828125 0.4203125 0.05 0.0390625
0 0.0703125 0.6203125 0.05 0.0375
0 0.96328125 0.6234375 0.0734375 0.1
0 0.81640625 0.11875 0.0359375 0.0328125
0 0.940625 0.04765625 0.0328125 0.040625
0 0.87890625 0.3703125 0.0578125 0.065625
0 0.18515625 0.965625 0.065625 0.0390625
0 0.19609375 0.09296875 0.084375 0.075
0 0.190625 0.7875 0.0390625 0.0359375
0 0.6484375 0.125 0.0328125 0.0375
0 0.71328125 0.728125 0.05625 0.059375
0 0.34921875 0.634375 0.065625 0.05
0 0.89765625 0.19140625 0.0390625 0.0453125
0 0.065625 0.69375 0.0984375 0.1125
0 0.2375 0.4734375 0.0921875 0.0859375
0 0.74453125 0.62265625 0.065625 0.0578125
0 0.9640625 0.715625 0.071875 0.078125
0 0.87421875 0.1015625 0.115625 0.1578125
0 0.165625 0.8640625 0.0453125 0.05
0 0.1859375 0.89921875 0.05625 0.040625
0 0.13203125 0.09296875 0.0453125 0.04375
0 0.4703125 0.75703125 0.0203125 0.0203125
0 0.61328125 0.4875 0.065625 0.0484375
0 0.9703125 0.4390625 0.059375 0.090625
0 0.50546875 0.5390625 0.0625 0.0921875
0 0.375 0.9421875 0.171875 0.115625
0 0.6765625 0.55703125 0.1515625 0.13125
0 0.65703125 0.36953125 0.0828125 0.0703125
0 0.64140625 0.828125 0.053125 0.0625
0 0.9734375 0.30859375 0.01875 0.01875
0 0.06328125 0.8078125 0.06875 0.05625
0 0.58046875 0.65703125 0.1421875 0.1109375
0 0.92734375 0.2203125 0.0203125 0.0203125
0 0.590625 0.38671875 0.0703125 0.0890625
0 0.91484375 0.55078125 0.0671875 0.065625
0 0.971875 0.34921875 0.0296875 0.0296875
0 0.7609375 0.07578125 0.096875 0.0828125
0 0.95625 0.37578125 0.04375 0.046875
0 0.59765625 0.3296875 0.075 0.0640625
0 0.92421875 0.57578125 0.0640625 0.05
0 0.74765625 0.48984375 0.04375 0.03125
0 0.72265625 0.43359375 0.1671875 0.1453125
0 0.38984375 0.55546875 0.025 0.0171875
0 0.50390625 0.68359375 0.090625 0.0359375
0 0.12421875 0.43671875 0.1328125 0.1234375
0 0.03203125 0.40625 0.0609375 0.1109375
0 0.38515625 0.5203125 0.0765625 0.075
0 0.1828125 0.51796875 0.0265625 0.021875
0 0.4625 0.32578125 0.2265625 0.1921875
0 0.096875 0.90859375 0.1140625 0.1109375
0 0.31484375 0.24609375 0.2484375 0.2375
0 0.94765625 0.0859375 0.0265625 0.0296875
0 0.04453125 0.4984375 0.0484375 0.028125
0 0.56953125 0.159375 0.20625 0.21875
0 0.6015625 0.51875 0.0296875 0.028125
0 0.296875 0.7640625 0.1953125 0.1328125
0 0.92265625 0.26484375 0.0453125 0.0578125
0 0.209375 0.63125 0.246875 0.184375
0 0.16796875 0.80234375 0.05 0.034375
0 0.465625 0.60625 0.071875 0.0515625
0 0.559375 0.91015625 0.0765625 0.0734375
0 0.553125 0.7515625 0.1953125 0.1125
0 0.0328125 0.5765625 0.05625 0.0484375
0 0.903125 0.734375 0.05 0.0421875
0 0.2015625 0.35078125 0.234375 0.159375
0 0.98359375 0.490625 0.0328125 0.025
0 0.503125 0.8296875 0.028125 0.0203125
0 0.86171875 0.6984375 0.0390625 0.040625
0 0.9015625 0.23046875 0.0328125 0.0421875
0 0.784375 0.31640625 0.09375 0.06875
0 0.2015625 0.72734375 0.1203125 0.0875
0 0.94765625 0.18046875 0.05625 0.1390625
0 0.26796875 0.86953125 0.071875 0.0484375
0 0.00859375 0.1296875 0.0171875 0.06875
0 0.73828125 0.20703125 0.090625 0.0765625
0 0.91171875 0.45625 0.0328125 0.025
0 0.4109375 0.6859375 0.040625 0.0515625
0 0.9375 0.328125 0.0796875 0.0828125
0 0.44140625 0.2234375 0.025 0.021875
0 0.771875 0.7421875 0.13125 0.0875
0 0.93671875 0.69765625 0.0765625 0.0546875
0 0.1609375 0.25703125 0.05 0.0234375
0 0.89921875 0.3 0.0359375 0.05
0 0.1953125 0.83203125 0.04375 0.0484375
0 0.9875 0.80390625 0.025 0.0484375
0 0.5640625 0.58125 0.0640625 0.0609375
0 0.83125 0.34609375 0.059375 0.0515625
0 0.97421875 0.55625 0.028125 0.0421875
0 0.93984375 0.4671875 0.0359375 0.0296875
0 0.984375 0.3734375 0.0125 0.0359375
0 0.978125 0.3328125 0.015625 0.0171875
0 0.61796875 0.42734375 0.03125 0.0140625
0 0.0046875 0.38125 0.009375 0.0625
0 0.83671875 0.65390625 0.0609375 0.0375
0 0.890625 0.609375 0.065625 0.028125
0 0.89375 0.6421875 0.0609375 0.0546875
0 0.77890625 0.4796875 0.0375 0.0234375
0 0.80859375 0.446875 0.059375 0.05625
0 0.859375 0.40625 0.0140625 0.021875
0 0.575 0.52265625 0.046875 0.0765625
0 0.6625 0.6890625 0.0203125 0.034375
0 0.67734375 0.66171875 0.0296875 0.059375
0 0.69609375 0.63359375 0.034375 0.0625
0 0.65703125 0.6296875 0.0296875 0.03125