0 0.68671875 0.65 0.0609375 0.05
0 0.6984375 0.56171875 0.034375 0.0234375
0 0.603125 0.62421875 0.028125 0.0265625
0 0.540625 0.7640625 0.0234375 0.0203125
0 0.97265625 0.60625 0.0546875 0.0734375
0 0.375 0.08671875 0.04375 0.065625
0 0.52109375 0.7984375 0.01875 0.028125
0 0.334375 0.68515625 0.0203125 0.028125
0 0.66015625 0.98515625 0.0265625 0.021875
0 0.89765625 0.928125 0.0296875 0.0296875
0 0.4796875 0.6859375 0.021875 0.0203125
0 0.8296875 0.859375 0.1515625 0.0953125
0 0.54453125 0.184375 0.0578125 0.0671875
0 0.29921875 0.478125 0.1046875 0.0796875
0 0.55546875 0.05234375 0.059375 0.0953125
0 0.5796875 0.83515625 0.021875 0.0265625
0 0.30703125 0.8390625 0.021875 0.0171875
0 0.37109375 0.6078125 0.103125 0.1484375
0 0.75078125 0.8390625 0.01875 0.028125
0 0.5515625 0.7921875 0.021875 0.0234375
0 0.28203125 0.16875 0.0359375 0.065625
0 0.33203125 0.39375 0.0234375 0.034375
0 0.78359375 0.6109375 0.0640625 0.05
0 0.60234375 0.01796875 0.0421875 0.0328125
0 0.834375 0.07734375 0.05625 0.0859375
0 0.5296875 0.64140625 0.0578125 0.0484375
0 0.42890625 0.353125 0.0125 0.015625
0 0.38046875 0.6828125 0.0609375 0.065625
0 0.9546875 0.01171875 0.0546875 0.01875
0 0.31796875 0.8953125 0.0125 0.01875
0 0.2921875 0.62890625 0.021875 0.03125
0 0.61484375 0.75390625 0.0390625 0.0453125
0 0.29140625 0.1203125 0.01875 0.0328125
0 0.79765625 0.984375 0.021875 0.0234375
0 0.86484375 0.93203125 0.0296875 0.0375
0 0.4 0.7625 0.0203125 0.025
0 0.73828125 0.75 0.20625 0.1
0 0.63671875 0.4296875 0.03125 0.0171875
0 0.3859375 0.91875 0.0203125 0.021875
0 0.946875 0.49453125 0.10625 0.15
0 0.3703125 0.5015625 0.0296875 0.0390625
0 0.44296875 0.4859375 0.1078125 0.090625
0 0.99140625 0.16171875 0.0171875 0.0890625
0 0.459375 0.30703125 0.0453125 0.075
0 0.6359375 0.0515625 0.0796875 0.075
0 0.24140625 0.25703125 0.04375 0.0671875
0 0.896875 0.7078125 0.0828125 0.0515625
0 0.7234375 0.8296875 0.0296875 0.0296875
0 0.95 0.70546875 0.01875 0.0171875
0 0.67265625 0.740625 0.00625 0.0109375
0 0.709375 0.01875 0.05625 0.0375
0 0.70390625 0.53046875 0.0453125 0.034375
0 0.23671875 0.38828125 0.046875 0.040625
0 0.9828125 0.98125 0.0328125 0.0265625
0 0.57578125 0.625 0.0265625 0.0203125
0 0.5890625 0.69140625 0.05 0.053125
0 0.89921875 0.22734375 0.13125 0.24375
0 0.5796875 0.8 0.021875 0.03125
0 0.72265625 0.684375 0.034375 0.0421875
0 0.57578125 0.39609375 0.06875 0.0390625
0 0.24296875 0.14296875 0.0515625 0.0640625
0 0.59609375 0.21015625 0.0609375 0.0765625
0 0.796875 0.6578125 0.034375 0.040625
0 0.646875 0.6140625 0.0359375 0.0390625
0 0.71640625 0.0828125 0.1078125 0.1015625
0 0.84140625 0.57734375 0.0609375 0.046875
0 0.6625 0.8203125 0.1046875 0.090625
0 0.82734375 0.690625 0.0375 0.0359375
0 0.4484375 0.42734375 0.034375 0.046875
0 0.82578125 0.596875 0.0125 0.0140625
0 0.821875 0.8125 0.065625 0.0640625
0 0.371875 0.95703125 0.08125 0.0625
0 0.9765625 0.728125 0.046875 0.096875
0 0.55234375 0.81015625 0.021875 0.034375
0 0.42578125 0.38359375 0.034375 0.025
0 0.803125 0.52109375 0.0796875 0.0703125
0 0.92421875 0.971875 0.0390625 0.0359375
0 0.59765625 0.78203125 0.025 0.0359375
0 0.52421875 0.7203125 0.0140625 0.0203125
0 0.928125 0.93359375 0.046875 0.0453125
0 0.7796875 0.025 0.034375 0.05
0 0.88125 0.98515625 0.0359375 0.0265625
0 0.9828125 0.2984375 0.034375 0.096875
0 0.5875 0.7625 0.0296875 0.03125
0 0.3640625 0.00859375 0.0546875 0.0171875
0 0.29765625 0.525 0.0203125 0.0203125
0 0.62109375 0.72734375 0.025 0.0203125
0 0.453125 0.7796875 0.046875 0.0484375
0 0.31953125 0.221875 0.0203125 0.025
0 0.58125 0.29921875 0.0640625 0.0875
0 0.928125 0.05234375 0.028125 0.0375
1 0.8203125 0.071875 0.1453125 0.14375
1 0.9609375 0.240625 0.078125 0.2390625
0 0.86328125 0.61171875 0.0265625 0.021875
0 0.5640625 0.4203125 0.0234375 0.028125
0 0.48203125 0.4046875 0.028125 0.0390625
0 0.29765625 0.68984375 0.0671875 0.0421875
0 0.33515625 0.72421875 0.059375 0.0375
0 0.33828125 0.746875 0.0140625 0.01875
0 0.36015625 0.86953125 0.0234375 0.0125
0 0.40859375 0.9921875 0.015625 0.015625
0 0.74296875 0.86953125 0.034375 0.0171875
0 0.8875 0.87734375 0.0140625 0.0125
0 0.90390625 0.884375 0.0140625 0.0203125
0 0.91484375 0.890625 0.0171875 0.021875
0 0.8828125 0.85078125 0.0390625 0.040625
0 0.9046875 0.8203125 0.028125 0.034375
0 0.928125 0.7828125 0.034375 0.0359375
0 0.8859375 0.7921875 0.0296875 0.034375
0 0.6125 0.84609375 0.01875 0.0234375
0 0.675 0.425 0.0234375 0.028125
1 0.64765625 0.971875 0.15 0.05625
1 0.76875 0.97109375 0.078125 0.0484375
1 0.51953125 0.8890625 0.1859375 0.1296875
1 0.55078125 0.95625 0.04375 0.0375
1 0.690625 0.9203125 0.2375 0.1453125
1 0.48203125 0.253125 0.546875 0.24375
0 0.52734375 0.14140625 0.04375 0.015625