0 0.6328125 0.39453125 0.046875 0.0453125
0 0.6625 0.43359375 0.0421875 0.046875
0 0.64765625 0.303125 0.04375 0.03125
0 0.7 0.4296875 0.0359375 0.01875
1 0.1546875 0.5375 0.0828125 0.1171875
0 0.81640625 0.54609375 0.021875 0.021875
1 0.23359375 0.7355 0.0640625 0.082140625
0 0.945703125 0.578953125 0.10859375 0.07353125
0 0.184375 0.29453125 0.0296875 0.025
0 0.153125 0.35390625 0.0296875 0.028125
0 0.06484375 0.35546875 0.034375 0.028125
0 0.96171875 0.84453125 0.0328125 0.03125
0 0.2484375 0.6015625 0.0171875 0.0203125
0 0.61015625 0.30584375 0.034375 0.036125000000000004
0 0.3140625 0.33203125 0.0328125 0.025
0 0.39375 0.315625 0.0328125 0.0265625
0 0.14375 0.2515625 0.0265625 0.025
0 0.7203125 0.4125 0.034375 0.028125
0 0.31796875 0.396875 0.03125 0.028125
0 0.3328125 0.446875 0.021875 0.0171875
1 0.44532812499999996 0.5406718749999999 0.06878125 0.11259375
0 0.196875 0.63125 0.040625 0.040625
0 0.3484375 0.3671875 0.0390625 0.0484375
0 0.721875 0.36875 0.040625 0.03125
0 0.975 0.514640625 0.05 0.06875
0 0.05234375 0.6421875 0.04375 0.046875
1 0.60546875 0.5622499999999999 0.143734375 0.110453125
1 0.26796875 0.78046875 0.084375 0.103125
0 0.834375 0.18642187500000001 0.0453125 0.0328125
0 0.684375 0.67265625 0.0203125 0.015625
0 0.66875 0.7578125 0.01875 0.015625
0 0.865625 0.546875 0.0359375 0.034375
0 0.7359375 0.68828125 0.0359375 0.046875
1 0.246875 0.67528125 0.0765625 0.07910937500000001
0 0.66640625 0.5015625 0.05 0.03125
1 0.20409375000000002 0.44901562500000003 0.120703125 0.13590625
0 0.27421875 0.32578125 0.04375 0.040625
0 0.3453125 0.33671875 0.0171875 0.0125
0 0.06796875 0.415625 0.034375 0.025
0 0.771875 0.6046875 0.053125 0.04375
0 0.28125 0.6015625 0.015625 0.0140625
0 0.8379375 0.051453125 0.15887500000000002 0.077921875
0 0.7796875 0.3515625 0.034375 0.028125
0 0.2046875 0.4734375 0.046875 0.0453125
0 0.841015625 0.504390625 0.17109375 0.07284375
0 0.7564375 0.207609375 0.05 0.0828125
1 0.0828125 0.27265625 0.1046875 0.1046875
1 0.128125 0.31328125 0.040625 0.065625
1 0.4631875 0.41159375000000004 0.0314375 0.07320312500000001
0 0.72265625 0.29296875 0.0578125 0.046875
0 0.696875 0.53515625 0.053125 0.0375
0 0.14453125 0.796875 0.0421875 0.046875
0 0.6828125 0.3359375 0.0546875 0.046875
0 0.259375 0.49765625 0.075 0.084375
0 0.73828125 0.57265625 0.0515625 0.046875
0 0.896875 0.37421875 0.1015625 0.0625
0 0.78046875 0.42734375 0.04375 0.0328125
0 0.98828125 0.6984375 0.0234375 0.034375
0 0.415625 0.2828125 0.075 0.059375
1 0.1890625 0.21875 0.0859375 0.071875
1 0.3484375 0.26875 0.103125 0.065625
0 0.9578125 0.150578125 0.084375 0.071875
0 0.7234375 0.84921875 0.015625 0.01875
1 0.5345625 0.451359375 0.1140625 0.125
0 0.65025 0.26715625 0.033687499999999995 0.038093749999999996
1 0.481265625 0.5563281250000001 0.04196875 0.067359375
1 0.45859375 0.649203125 0.0560625 0.103765625
1 0.270109375 0.6055625 0.040015625 0.0703125
1 0.21159374999999997 0.416609375 0.052640624999999996 0.037593749999999995
1 0.27353125 0.252296875 0.141453125 0.096078125
1 0.171359375 0.616515625 0.037578125000000004 0.0718125
0 0.11479687499999999 0.64284375 0.01415625 0.0123125
0 0.159421875 0.612625 0.012703125000000001 0.014265625
0 0.118203125 0.330546875 0.01315625 0.013703125