0 0.1875 0.75390625 0.103125 0.1109375
0 0.4390625 0.53359375 0.0375 0.0390625
0 0.54765625 0.52578125 0.028125 0.053125
0 0.659375 0.6828125 0.0484375 0.0640625
0 0.46875 0.4390625 0.0375 0.0453125
0 0.3328125 0.5375 0.0390625 0.059375
0 0.28671875 0.67734375 0.046875 0.03125
0 0.35390625 0.8734375 0.040625 0.0296875
0 0.1390625 0.6625 0.0609375 0.0671875
0 0.7046875 0.74375 0.0265625 0.040625
0 0.48671875 0.75 0.0265625 0.025
0 0.35 0.69140625 0.0671875 0.08125
0 0.06796875 0.64921875 0.059375 0.0546875
0 0.0578125 0.415625 0.0515625 0.0640625
0 0.23828125 0.10625 0.025 0.028125
0 0.275 0.45625 0.06875 0.04375
0 0.1453125 0.39453125 0.0234375 0.021875
0 0.05234375 0.7125 0.0609375 0.0640625
0 0.3921875 0.784375 0.05625 0.040625
0 0.13125 0.0671875 0.0484375 0.0390625
0 0.121875 0.3171875 0.025 0.0171875
0 0.6484375 0.74375 0.084375 0.071875
0 0.23125 0.6203125 0.028125 0.0234375
0 0.10078125 0.53671875 0.053125 0.0765625
0 0.496875 0.52578125 0.1015625 0.1375
0 0.03359375 0.9609375 0.0375 0.0484375
0 0.596875 0.6671875 0.084375 0.0671875
0 0.5078125 0.859375 0.096875 0.0984375
0 0.26875 0.18515625 0.0359375 0.040625
0 0.1421875 0.934375 0.0421875 0.040625
0 0.18359375 0.04375 0.05625 0.0515625
0 0.75546875 0.9328125 0.05 0.06875
0 0.2625 0.41640625 0.0484375 0.046875
0 0.30703125 0.9265625 0.078125 0.05625
0 0.2421875 0.5484375 0.0484375 0.0359375
0 0.05 0.5953125 0.071875 0.0671875
0 0.1234375 0.58046875 0.059375 0.090625
0 0.10859375 0.728125 0.03125 0.0296875
0 0.48828125 0.93828125 0.3046875 0.1234375
0 0.4015625 0.43828125 0.09375 0.084375
0 0.63671875 0.86640625 0.1890625 0.21875
0 0.27734375 0.98515625 0.0546875 0.0296875
0 0.30234375 0.83203125 0.0828125 0.0890625
0 0.57421875 0.7484375 0.0328125 0.0234375
0 0.2984375 0.71640625 0.0796875 0.0640625
0 0.428125 0.67109375 0.109375 0.128125
0 0.21953125 0.3796875 0.0453125 0.04375
0 0.73203125 0.78828125 0.0421875 0.0609375
0 0.23046875 0.9390625 0.0328125 0.028125
0 0.4046875 0.87109375 0.065625 0.0515625
0 0.2828125 0.2296875 0.01875 0.021875
0 0.21328125 0.03125 0.009375 0.0140625
0 0.22109375 0.046875 0.009375 0.0140625
0 0.2109375 0.01796875 0.0140625 0.0125
0 0.03671875 0.115625 0.0734375 0.203125
0 0.1640625 0.33984375 0.0234375 0.025
0 0.1734375 0.40546875 0.0328125 0.0203125
0 0.34296875 0.5859375 0.0125 0.01875
0 0.3234375 0.59453125 0.0203125 0.01875
0 0.27890625 0.628125 0.0453125 0.0484375
0 0.03125 0.525 0.015625 0.0171875
0 0.61015625 0.6296875 0.0515625 0.0453125
0 0.56953125 0.5859375 0.021875 0.0328125
0 0.5578125 0.56015625 0.025 0.0375
0 0.12578125 0.83671875 0.2359375 0.228125
0 0.21875 0.99140625 0.05625 0.0171875
1 0.16953125 0.9828125 0.3078125 0.034375
1 0.2578125 0.53984375 0.184375 0.165625
1 0.04921875 0.63046875 0.0984375 0.246875
1 0.11171875 0.4125 0.19375 0.190625
1 0.1328125 0.35078125 0.15 0.1375
0 0.18125 0.225 0.1828125 0.271875