0 0.22734375 0.5140625 0.0296875 0.0296875
0 0.629046875 0.532625 0.06740625 0.082125
0 0.3265625 0.58125 0.040625 0.0546875
0 0.54296875 0.5265625 0.03125 0.028125
0 0.8875 0.0140625 0.090625 0.028125
0 0.3125 0.76640625 0.03125 0.0421875
0 0.284375 0.3046875 0.0359375 0.0375
0 0.62890625 0.7015625 0.0390625 0.034375
0 0.0265625 0.8030156249999999 0.0171875 0.0140625
0 0.8390625 0.20234375 0.0640625 0.0609375
0 0.926375 0.76290625 0.029578125 0.022140625
0 0.77578125 0.55859375 0.11875 0.1421875
0 0.865625 0.115625 0.0390625 0.046875
0 0.24609375 0.53359375 0.03125 0.028125
0 0.66484375 0.90625 0.0375 0.028125
0 0.95078125 0.678125 0.0328125 0.025
0 0.678578125 0.7931874999999999 0.028125 0.021875
0 0.58359375 0.42421875 0.05 0.0375
0 0.4265625 0.20390625 0.0703125 0.0859375
0 0.55546875 0.44609375 0.0140625 0.0109375
0 0.346875 0.42890625 0.028125 0.03125
0 0.9171875 0.7390625 0.021875 0.015625
0 0.8524218749999999 0.0450625 0.090625 0.0609375
0 0.884375 0.37734375 0.0375 0.0390625
0 0.421875 0.59140625 0.08125 0.05
0 0.6 0.70625 0.0390625 0.034375
0 0.6984375 0.45703125 0.0640625 0.0609375
0 0.515625 0.5453125 0.0328125 0.0296875
0 0.582109375 0.8988437499999999 0.090625 0.0546875
0 0.63125 0.83984375 0.040625 0.021875
0 0.6578125 0.3703125 0.059375 0.075
0 0.5761093749999999 0.6930468750000001 0.0203125 0.015625
0 0.584375 0.20859375 0.153125 0.1515625
0 0.77265625 0.7404375 0.0265625 0.0203125
0 0.51328125 0.83203125 0.0234375 0.021875
0 0.37421875 0.528125 0.06875 0.046875
0 0.31978125 0.62734375 0.0390625 0.0515625
0 0.9359375 0.7328125 0.025 0.01875
0 0.646875 0.13125 0.0828125 0.075
0 0.76484375 0.34140625 0.0375 0.0390625
0 0.25546875 0.5984375 0.025 0.0234375
1 0.9025000000000001 0.557171875 0.19498437500000002 0.17185937499999998
0 0.96015625 0.8359375 0.0734375 0.103125
0 0.8890625 0.8390625 0.021875 0.025
0 0.9464218750000001 0.08490625 0.10714062499999999 0.1
1 0.115625 0.4859375 0.171875 0.1671875
0 0.553125 0.3671875 0.0515625 0.0703125
0 0.73359375 0.24375 0.0390625 0.0421875
0 0.434375 0.36796875 0.103125 0.115625
0 0.49375 0.221875 0.034375 0.0421875
0 0.38125 0.34296875 0.040625 0.034375
0 0.178125 0.25390625 0.065625 0.0609375
0 0.335375 0.54259375 0.01978125 0.022796875
0 0.588734375 0.740703125 0.01875 0.015625
0 0.30546875 0.35703125 0.028125 0.03125
0 0.0640625 0.509375 0.0296875 0.0265625
0 0.9362031249999999 0.6486875000000001 0.034484375 0.05175
0 0.9686718750000001 0.73225 0.046875 0.04375
0 0.015625 0.534375 0.01875 0.015625
0 0.7875 0.4671875 0.059375 0.0921875
0 0.68634375 0.531421875 0.0453125 0.0765625
0 0.46934375 0.121359375 0.061312500000000006 0.11509375
0 0.46796875 0.4953125 0.034375 0.0296875
0 0.95596875 0.33334375 0.017109375 0.028125
0 0.80859375 0.49375 0.034375 0.04375
0 0.590625 0.56640625 0.0234375 0.021875
0 0.4671875 0.45234375 0.04375 0.034375
0 0.54921875 0.61953125 0.046875 0.0453125
0 0.68203125 0.65703125 0.053125 0.03125
0 0.7671875 0.86875 0.0546875 0.0453125
0 0.90703125 0.871875 0.0421875 0.05625
0 0.9546875 0.57421875 0.0484375 0.0453125
0 0.50234375 0.32109375 0.046875 0.06875
0 0.84609375 0.696875 0.0703125 0.0671875
0 0.5046875 0.61640625 0.0515625 0.046875
0 0.1515625 0.6109375 0.134375 0.0515625
0 0.3421875 0.4859375 0.03125 0.034375
0 0.26640625 0.4609375 0.05 0.0375
0 0.2953125 0.41796875 0.0515625 0.0421875
0 0.9578125 0.46796875 0.0734375 0.0671875
0 0.234375 0.55234375 0.034375 0.03125
0 0.308453125 0.8044375 0.041546875 0.028125
0 0.16640625 0.34296875 0.0140625 0.0140625
0 0.025 0.60390625 0.0203125 0.0171875
0 0.9050625 0.695078125 0.08060937500000001 0.058703125
0 0.05390625 0.9046875 0.0203125 0.0109375
0 0.5046875 0.40703125 0.0375 0.03125
0 0.9921875 0.775 0.009375 0.0125
0 0.3421875 0.64453125 0.021875 0.0203125
0 0.90096875 0.7763125 0.0296875 0.0203125
0 0.053125 0.88046875 0.021875 0.0140625
0 0.9679062500000001 0.25196874999999996 0.0390625 0.0390625
0 0.00703125 0.7078125 0.0140625 0.034375
0 0.62734375 0.74446875 0.040625 0.040515625
0 0.2234375 0.828125 0.025 0.0140625
0 0.9703125 0.16023437499999998 0.059375 0.05625
0 0.9820156250000001 0.5809375 0.035984375 0.041625
0 0.2984375 0.2796875 0.0203125 0.028125
0 0.290625 0.509375 0.0375 0.0296875
0 0.590625 0.6296875 0.03125 0.034375
0 0.546875 0.48828125 0.0203125 0.0234375
0 0.415625 0.89453125 0.0171875 0.0140625
0 0.07415625 0.68778125 0.035671875 0.024640625
0 0.048765625 0.709984375 0.040734375 0.023265625
0 0.16040625 0.845640625 0.024265625 0.009984375
0 0.237953125 0.8763125 0.023765625000000002 0.008140625
1 0.12493749999999999 0.8618750000000001 0.24987499999999999 0.134
1 0.139125 0.8682812500000001 0.278234375 0.16878125
0 0.33428125 0.512296875 0.01965625 0.02146875
0 0.4390625 0.634265625 0.016046875 0.03303125
0 0.953125 0.70425 0.0219375 0.0109375
0 0.86778125 0.7989531249999999 0.015078125000000001 0.0109375
0 0.884953125 0.6081562500000001 0.032968750000000005 0.015515625
0 0.9391718750000001 0.57840625 0.010499999999999999 0.017359375
0 0.903484375 0.6214375000000001 0.012328124999999999 0.010921875000000001
0 0.992359375 0.6106874999999999 0.015296874999999998 0.042499999999999996
1 0.3708125 0.550078125 0.1849375 0.2324375
1 0.639546875 0.523625 0.12328125000000001 0.12275