0 0.3286875 0.5515 0.12125 0.15523437499999998
0 0.73046875 0.72890625 0.021875 0.0265625
0 0.45859375 0.21640625 0.03125 0.0234375
0 0.3578125 0.72734375 0.046875 0.0359375
0 0.508015625 0.308375 0.02303125 0.06609374999999999
0 0.04296875 0.64140625 0.0859375 0.16875
0 0.54765625 0.43046875 0.028125 0.021875
0 0.30859375 0.2609375 0.0609375 0.0453125
0 0.22734375 0.30625 0.1296875 0.090625
0 0.20460937499999998 0.7110624999999999 0.03465625 0.0228125
0 0.65234375 0.3921875 0.0828125 0.0984375
0 0.39140625 0.39140625 0.059375 0.0421875
0 0.53046875 0.365625 0.021875 0.015625
0 0.33654687499999997 0.787578125 0.0714375 0.048015625
0 0.174375 0.796890625 0.059375 0.0390625
0 0.21796875 0.39453125 0.0671875 0.05625
0 0.32578125 0.0390625 0.140625 0.078125
0 0.331453125 0.650859375 0.0671875 0.05
0 0.02734375 0.021875 0.0515625 0.0390625
0 0.22421875 0.14375 0.0578125 0.0484375
0 0.553125 0.5953125 0.046875 0.11875
0 0.6506406250000001 0.81440625 0.0484375 0.022343750000000002
0 0.40546875 0.7578125 0.0390625 0.0671875
0 0.1328125 0.3265625 0.059375 0.0484375
0 0.57421875 0.315625 0.046875 0.0390625
0 0.734375 0.23828125 0.0328125 0.028125
0 0.635671875 0.351703125 0.021359375 0.041921875
0 0.71875 0.1765625 0.0328125 0.03125
0 0.72265625 0.58671875 0.0734375 0.0515625
0 0.1265625 0.0421875 0.1390625 0.078125
0 0.76875 0.296875 0.0203125 0.034375
0 0.73671875 0.312046875 0.040625 0.033468750000000005
0 0.306375 0.73165625 0.084265625 0.03703125
0 0.596875 0.40078125 0.028125 0.021875
0 0.5778749999999999 0.120390625 0.0479375 0.044625
0 0.478125 0.3703125 0.0359375 0.0296875
0 0.226421875 0.8113125 0.0359375 0.0328125
0 0.01171875 0.05546875 0.0234375 0.025
0 0.596875 0.3515625 0.0484375 0.04375
0 0.1375 0.453125 0.0421875 0.0328125
0 0.603125 0.30703125 0.0265625 0.03125
0 0.19296875 0.43203125 0.0453125 0.0484375
0 0.31640625 0.33359375 0.0890625 0.0859375
0 0.16484375 0.5015625 0.0765625 0.05
0 0.24375 0.575 0.0484375 0.034375
0 0.52109375 0.27734375 0.034375 0.04375
0 0.16640625 0.7109375 0.025 0.01875
0 0.596875 0.59375 0.0390625 0.0234375
0 0.07734375 0.4234375 0.059375 0.0578125
0 0.246875 0.76015625 0.0515625 0.0359375
0 0.059375 0.24453125 0.06875 0.053125
0 0.121875 0.109375 0.0984375 0.0859375
0 0.65625 0.15859375 0.0734375 0.0890625
0 0.16171875 0.38203125 0.046875 0.046875
0 0.046875 0.37890625 0.046875 0.05
0 0.3203125 0.24296875 0.0625 0.0484375
0 0.196875 0.20703125 0.065625 0.0421875
0 0.68984375 0.3359375 0.040625 0.0328125
0 0.20390625 0.0125 0.05625 0.025
0 0.25078125 0.44375 0.0625 0.053125
0 0.2734375 0.8140625 0.034375 0.0328125
0 0.26953125 0.3859375 0.0421875 0.0234375
0 0.5875 0.66640625 0.04375 0.040625
0 0.107671875 0.7110937500000001 0.1046875 0.0453125
0 0.38046875 0.19375 0.040625 0.0375
0 0.22734375 0.61796875 0.0515625 0.0375
0 0.653125 0.6390625 0.0765625 0.0640625
0 0.64765625 0.28984375 0.0265625 0.03125
0 0.696875 0.5046875 0.028125 0.0234375
0 0.25703125 0.071875 0.0609375 0.04375
0 0.3894375 0.711859375 0.037796875 0.024890625
0 0.5451406249999999 0.667859375 0.056999999999999995 0.03675
0 0.6507968749999999 0.5677187499999999 0.048078125 0.029656250000000002
0 0.670390625 0.54865625 0.03525 0.016468749999999997
0 0.6076718750000001 0.51125 0.029562500000000002 0.023578125
0 0.53409375 0.38940625 0.026390625 0.02640625
0 0.566515625 0.381921875 0.032046875 0.031390625
0 0.631734375 0.31439062500000003 0.027765625 0.02890625
0 0.68071875 0.271984375 0.041671875000000004 0.031765625
0 0.7049531250000001 0.263953125 0.035296875 0.049812499999999996
0 0.724375 0.46920312500000005 0.026390625 0.017171875
1 0.747109375 0.37684375000000003 0.04853125 0.08909375
1 0.7376406249999999 0.539015625 0.046218749999999996 0.0836875
1 0.7525937500000001 0.6561874999999999 0.01428125 0.075484375
1 0.120921875 0.5835 0.24184375 0.396140625
1 0.555578125 0.61028125 0.140109375 0.4296875
1 0.39842187500000004 0.34540625 0.194265625 0.27551562500000004
1 0.452265625 0.17765625000000002 0.099453125 0.178984375