0 0.54375 0.9515625 0.04375 0.034375
0 0.409375 0.509375 0.03125 0.028125
0 0.27734375 0.721875 0.021875 0.0234375
0 0.89765625 0.24453125 0.0640625 0.046875
0 0.11640625 0.48828125 0.0296875 0.028125
0 0.3265625 0.88515625 0.0640625 0.0734375
0 0.9796875 0.6671875 0.040625 0.040625
0 0.28671875 0.74296875 0.0203125 0.0234375
0 0.2109375 0.30390625 0.015625 0.0171875
0 0.25625 0.73828125 0.034375 0.0328125
0 0.87578125 0.53828125 0.0296875 0.046875
0 0.83828125 0.22890625 0.0359375 0.0359375
0 0.15078125 0.5125 0.0265625 0.0375
0 0.7921875 0.44765625 0.0453125 0.0328125
0 0.59140625 0.61328125 0.0328125 0.046875
0 0.11953125 0.4015625 0.0515625 0.059375
0 0.796875 0.51640625 0.0796875 0.075
0 0.9578125 0.534375 0.0390625 0.0359375
0 0.89453125 0.5125 0.0328125 0.0375
0 0.21015625 0.25625 0.025 0.028125
0 0.95234375 0.31484375 0.05625 0.065625
0 0.24375 0.33203125 0.0171875 0.0203125
0 0.2296875 0.39453125 0.01875 0.0203125
0 0.68203125 0.24296875 0.0515625 0.059375
0 0.73203125 0.475 0.03125 0.0328125
0 0.76640625 0.67265625 0.046875 0.0390625
0 0.1578125 0.61953125 0.03125 0.03125
0 0.7921875 0.26796875 0.0328125 0.0296875
0 0.94375 0.80703125 0.0265625 0.025
0 0.675 0.771875 0.0125 0.0171875
0 0.35625 0.778125 0.0296875 0.0296875
0 0.6 0.92109375 0.01875 0.021875
0 0.5234375 0.82734375 0.0265625 0.021875
0 0.93515625 0.62890625 0.0640625 0.0703125
0 0.45 0.6859375 0.040625 0.0453125
0 0.28671875 0.76796875 0.03125 0.03125
0 0.33515625 0.59921875 0.025 0.0203125
0 0.253125 0.69765625 0.0171875 0.0171875
0 0.67265625 0.47421875 0.0328125 0.0390625
0 0.475 0.41875 0.0578125 0.071875
0 0.56640625 0.49140625 0.0234375 0.0234375
0 0.9609375 0.71171875 0.0375 0.0296875
0 0.31875 0.68828125 0.0125 0.021875
0 0.5375 0.86875 0.040625 0.0515625
0 0.57578125 0.8265625 0.0625 0.0875
0 0.871875 0.58515625 0.034375 0.0328125
0 0.33203125 0.40625 0.05 0.0546875
0 0.61875 0.10390625 0.096875 0.0890625
0 0.9828125 0.76640625 0.034375 0.0359375
0 0.5125 0.2890625 0.0625 0.0625
0 0.3421875 0.4671875 0.025 0.0203125
0 0.31328125 0.2703125 0.015625 0.0171875
0 0.07890625 0.52421875 0.04375 0.059375
0 0.31953125 0.5 0.040625 0.05
0 0.596875 0.6953125 0.0203125 0.0234375
0 0.47734375 0.734375 0.05 0.059375
0 0.42578125 0.8875 0.040625 0.0484375
0 0.8140625 0.62734375 0.04375 0.04375
0 0.20625 0.56953125 0.0734375 0.1046875
0 0.23359375 0.21171875 0.0890625 0.071875
0 0.28125 0.4625 0.1015625 0.075
0 0.6 0.653125 0.0375 0.0453125
0 0.625 0.3109375 0.071875 0.0875
0 0.3578125 0.81953125 0.0546875 0.078125
0 0.71015625 0.36875 0.0296875 0.0328125
0 0.76640625 0.2859375 0.0375 0.0359375
0 0.07734375 0.38359375 0.0734375 0.0609375
0 0.421875 0.94375 0.0390625 0.05625
0 0.43984375 0.91796875 0.0375 0.034375
0 0.3359375 0.628125 0.028125 0.028125
0 0.11484375 0.565625 0.025 0.0265625
0 0.25234375 0.778125 0.028125 0.0390625
0 0.57265625 0.9265625 0.0484375 0.0546875
0 0.2265625 0.36171875 0.0359375 0.0375
0 0.640625 0.85 0.09375 0.1125
0 0.6578125 0.62421875 0.0140625 0.021875
0 0.77890625 0.57265625 0.034375 0.0421875
0 0.3484375 0.9609375 0.021875 0.021875
0 0.93671875 0.0859375 0.0109375 0.0296875
0 0.5078125 0.34453125 0.04375 0.05625
0 0.24375 0.4109375 0.0234375 0.021875
0 0.44140625 0.76171875 0.0515625 0.0625
0 0.34140625 0.75 0.025 0.0265625
0 0.29765625 0.3875 0.034375 0.0484375
0 0.30859375 0.5890625 0.0140625 0.0125
0 0.3125 0.8296875 0.021875 0.0296875
0 0.19453125 0.35390625 0.0328125 0.034375
0 0.725 0.58515625 0.0359375 0.0390625
0 0.14140625 0.56484375 0.0234375 0.025
0 0.9515625 0.2671875 0.0375 0.0390625
0 0.9625 0.84140625 0.046875 0.046875
0 0.72734375 0.4453125 0.0375 0.0375
0 0.08515625 0.4234375 0.0390625 0.0390625
0 0.39921875 0.22734375 0.053125 0.053125
0 0.4640625 0.65234375 0.0140625 0.0265625
0 0.6984375 0.4046875 0.0390625 0.0390625
0 0.92421875 0.59140625 0.0421875 0.0390625
0 0.3796875 0.296875 0.090625 0.1078125
0 0.26640625 0.6859375 0.028125 0.0234375
0 0.2796875 0.67109375 0.0296875 0.025
0 0.56015625 0.78046875 0.015625 0.01875
0 0.57109375 0.28984375 0.0609375 0.084375
0 0.55546875 0.66171875 0.03125 0.03125
0 0.97421875 0.6078125 0.025 0.0265625
0 0.7234375 0.17578125 0.0359375 0.034375
0 0.23203125 0.66640625 0.046875 0.0546875
0 0.275 0.4234375 0.053125 0.053125
0 0.91875 0.371875 0.040625 0.040625
0 0.359375 0.86640625 0.021875 0.021875
0 0.2796875 0.60078125 0.0546875 0.0890625
0 0.934375 0.16171875 0.0421875 0.046875
0 0.81484375 0.415625 0.0421875 0.0375
0 0.41328125 0.440625 0.015625 0.0140625
0 0.64375 0.23828125 0.0640625 0.0484375
0 0.7703125 0.65234375 0.0171875 0.0171875
0 0.98671875 0.52734375 0.0265625 0.0359375
0 0.7921875 0.4734375 0.0453125 0.03125
0 0.73125 0.5359375 0.0390625 0.0375
0 0.65546875 0.40234375 0.03125 0.0375
0 0.37109375 0.91171875 0.021875 0.025
0 0.05390625 0.471875 0.01875 0.03125
0 0.796875 0.13203125 0.0328125 0.028125
0 0.34921875 0.68671875 0.0265625 0.0390625
0 0.221875 0.7375 0.0265625 0.025
0 0.371875 0.95546875 0.0203125 0.021875
0 0.4203125 0.4875 0.021875 0.0296875
0 0.08046875 0.4578125 0.028125 0.0234375
0 0.0703125 0.484375 0.0203125 0.021875
0 0.45390625 0.26484375 0.0796875 0.090625
0 0.9609375 0.57578125 0.028125 0.0296875
0 0.6109375 0.6125 0.028125 0.0390625
0 0.753125 0.5703125 0.01875 0.0203125
0 0.34921875 0.890625 0.01875 0.0234375
0 0.23125 0.5015625 0.0109375 0.0171875
0 0.5828125 0.7515625 0.0328125 0.0328125
0 0.84609375 0.68203125 0.04375 0.03125
0 0.8421875 0.18203125 0.025 0.0203125
0 0.63984375 0.46015625 0.0234375 0.0265625
0 0.31640625 0.9484375 0.0453125 0.046875
0 0.403125 0.3109375 0.0453125 0.0515625
0 0.4828125 0.60078125 0.0265625 0.0234375
0 0.51328125 0.696875 0.084375 0.14375
0 0.6 0.36015625 0.0390625 0.046875
0 0.2953125 0.70859375 0.01875 0.021875
0 0.52578125 0.6359375 0.034375 0.046875
0 0.178125 0.32578125 0.0515625 0.065625
0 0.3609375 0.45390625 0.0328125 0.034375
0 0.1125 0.35234375 0.025 0.025
0 0.43984375 0.79375 0.0421875 0.0453125
0 0.1328125 0.43515625 0.04375 0.034375
0 0.4046875 0.6796875 0.0234375 0.025
0 0.3109375 0.84921875 0.0265625 0.034375
0 0.93046875 0.7171875 0.0203125 0.0203125
0 0.7734375 0.421875 0.0390625 0.0375
0 0.46015625 0.48125 0.0359375 0.0296875
0 0.64296875 0.36875 0.0578125 0.0703125
0 0.771875 0.36796875 0.0296875 0.034375
0 0.36015625 0.69609375 0.01875 0.021875
0 0.77734375 0.39296875 0.04375 0.03125
0 0.58046875 0.50859375 0.0328125 0.0328125
0 0.76015625 0.1328125 0.0546875 0.0515625
0 0.675 0.1140625 0.0359375 0.0375
0 0.53828125 0.7953125 0.0125 0.0171875
0 0.36484375 0.421875 0.0375 0.04375
0 0.484375 0.91015625 0.01875 0.0203125
0 0.2234375 0.63125 0.025 0.0234375
0 0.103125 0.5359375 0.0171875 0.015625
0 0.109375 0.609375 0.0671875 0.0703125
0 0.946875 0.4640625 0.0390625 0.046875
0 0.3921875 0.90390625 0.0359375 0.05
0 0.17734375 0.51015625 0.0265625 0.03125
0 0.26015625 0.6578125 0.0234375 0.01875
0 0.17265625 0.64609375 0.0359375 0.040625
0 0.5984375 0.7234375 0.0171875 0.015625
0 0.80234375 0.17890625 0.090625 0.0828125
0 0.78515625 0.7046875 0.0390625 0.0328125
0 0.32421875 0.6109375 0.028125 0.0203125
0 0.39609375 0.71484375 0.053125 0.0484375
0 0.51953125 0.9015625 0.0296875 0.0453125
0 0.31953125 0.46875 0.0328125 0.0328125
0 0.35390625 0.2734375 0.0484375 0.05
0 0.128125 0.509375 0.0296875 0.028125
0 0.053125 0.5109375 0.0234375 0.0453125
0 0.1765625 0.67109375 0.04375 0.040625
0 0.50859375 0.96328125 0.0390625 0.0421875
0 0.38359375 0.57734375 0.0265625 0.0234375
0 0.875 0.66484375 0.0234375 0.025
0 0.1 0.46328125 0.025 0.028125
0 0.7375 0.35546875 0.040625 0.0359375
0 0.50859375 0.84765625 0.0234375 0.0203125
0 0.86875 0.825 0.05625 0.059375
0 0.34921875 0.72578125 0.025 0.0296875
0 0.540625 0.078125 0.065625 0.0671875
0 0.05625 0.428125 0.015625 0.0203125
0 0.31484375 0.3578125 0.0453125 0.0375
0 0.25703125 0.53984375 0.071875 0.0859375
0 0.41015625 0.40703125 0.0359375 0.0421875
0 0.675 0.5625 0.0703125 0.08125
0 0.83671875 0.5671875 0.0421875 0.0421875
0 0.89765625 0.72421875 0.0453125 0.0375
0 0.2453125 0.6015625 0.025 0.0234375
0 0.93125 0.85078125 0.025 0.0234375
0 0.85546875 0.865625 0.0578125 0.0515625
0 0.77734375 0.6171875 0.0359375 0.040625
0 0.77109375 0.59921875 0.0171875 0.0140625
0 0.98828125 0.5671875 0.015625 0.0171875
0 0.9140625 0.4859375 0.0421875 0.0375
0 0.98203125 0.503125 0.0359375 0.0375
0 0.9828125 0.4796875 0.034375 0.034375
0 0.8375 0.32890625 0.01875 0.021875
0 0.8890625 0.09296875 0.053125 0.0453125
0 0.85703125 0.09296875 0.0125 0.0109375
0 0.89140625 0.07109375 0.0578125 0.0421875
0 0.86953125 0.03515625 0.0296875 0.025
0 0.64609375 0.190625 0.0609375 0.0578125
0 0.66484375 0.17109375 0.05625 0.075
0 0.43515625 0.15234375 0.0140625 0.0203125
0 0.4484375 0.146875 0.0140625 0.015625
0 0.59140625 0.22890625 0.0171875 0.0109375
0 0.59140625 0.240625 0.0140625 0.0125
0 0.578125 0.44375 0.0140625 0.015625
0 0.61328125 0.46015625 0.0640625 0.046875
0 0.6078125 0.78515625 0.03125 0.0375
0 0.5734375 0.7 0.0375 0.04375
0 0.5609375 0.7203125 0.03125 0.0421875
0 0.6203125 0.91328125 0.03125 0.0328125
0 0.58515625 0.88515625 0.0140625 0.0125
0 0.5671875 0.88359375 0.01875 0.025
0 0.3953125 0.84140625 0.021875 0.0171875
0 0.41171875 0.76171875 0.0203125 0.028125
0 0.40625 0.903125 0.0171875 0.0171875
0 0.32734375 0.790625 0.01875 0.0265625
0 0.3203125 0.75390625 0.0390625 0.0546875
0 0.20703125 0.70546875 0.0484375 0.0375
0 0.26875 0.6390625 0.0140625 0.0171875
0 0.13046875 0.53046875 0.0109375 0.0140625
0 0.14140625 0.5453125 0.0171875 0.015625
0 0.3296875 0.553125 0.0453125 0.0375
0 0.309375 0.55078125 0.0140625 0.01875
0 0.3765625 0.52421875 0.0515625 0.028125
0 0.46171875 0.62421875 0.025 0.025
0 0.4296875 0.61328125 0.0375 0.0453125
0 0.4265625 0.66171875 0.05625 0.0625
0 0.3890625 0.65390625 0.0140625 0.0140625
0 0.378125 0.69453125 0.0234375 0.0265625
0 0.45859375 0.86640625 0.0125 0.0109375
1 0.38125 0.7765625 0.13125 0.184375
0 0.31171875 0.703125 0.0125 0.0125
0 0.23671875 0.65234375 0.021875 0.0203125
0 0.20859375 0.640625 0.0171875 0.015625
0 0.3640625 0.59609375 0.03125 0.015625
0 0.36953125 0.6140625 0.04375 0.0375
0 0.1796875 0.60546875 0.025 0.0390625
0 0.196875 0.6453125 0.025 0.03125
0 0.49921875 0.6234375 0.0265625 0.03125
1 0.4625 0.41171875 0.1 0.178125
1 0.35703125 0.54140625 0.1375 0.1453125
1 0.7453125 0.29140625 0.1203125 0.1140625
0 0.809375 0.2953125 0.0390625 0.0328125
1 0.86484375 0.3265625 0.08125 0.08125
1 0.85234375 0.39921875 0.0609375 0.0609375
1 0.925 0.46171875 0.125 0.1125
1 0.94765625 0.20703125 0.028125 0.0328125
1 0.87421875 0.02734375 0.0734375 0.0546875