0 0.5984375 0.8640625 0.075 0.0546875
0 0.2234375 0.840625 0.18125 0.0796875
0 0.240625 0.60078125 0.0640625 0.0703125
0 0.15 0.171875 0.0828125 0.05625
1 0.124046875 0.6644062500000001 0.24809375 0.2555625
0 0.92890625 0.63046875 0.046875 0.0390625
0 0.74375 0.1875 0.071875 0.053125
0 0.6828125 0.10703125 0.109375 0.0796875
0 0.81953125 0.26640625 0.1 0.0765625
0 0.874625 0.21832812499999998 0.110171875 0.09603125
0 0.50909375 0.561328125 0.058359375000000005 0.058609375
0 0.5796875 0.05078125 0.0734375 0.0578125
0 0.8484375 0.7703125 0.109375 0.109375
0 0.1078125 0.778125 0.0203125 0.015625
0 0.62578125 0.66640625 0.040625 0.0515625
0 0.6390625 0.02421875 0.075 0.0484375
0 0.0875 0.9703125 0.0421875 0.0375
0 0.9078125 0.559375 0.046875 0.0359375
0 0.6375 0.6015625 0.0640625 0.0640625
1 0.93203125 0.70859375 0.1359375 0.1640625
0 0.85234375 0.378125 0.04375 0.0375
0 0.25625 0.086890625 0.171875 0.1078125
1 0.228484375 0.4891875 0.169828125 0.12356249999999999
0 0.97109375 0.66796875 0.0453125 0.034375
0 0.520359375 0.094359375 0.07976562499999999 0.10024999999999999
0 0.02890625 0.028125 0.0578125 0.05
0 0.51640625 0.23125 0.10625 0.115625
0 0.98671875 0.54375 0.0234375 0.04375
0 0.5722031249999999 0.5370781250000001 0.07221875 0.11196874999999999
0 0.56015625 0.3390625 0.0515625 0.053125
0 0.398125 0.562578125 0.044687500000000005 0.029515625
0 0.745484375 0.47109375 0.058140625 0.0640625
0 0.49296875 0.11953125 0.05625 0.0796875
0 0.2859375 0.7140625 0.084375 0.0609375
0 0.3375 0.01640625 0.075 0.0328125
0 0.065625 0.20234375 0.0421875 0.0296875
0 0.8088906250000001 0.8220625 0.041828125 0.040015625
0 0.5815 0.45609374999999996 0.048609374999999996 0.028234375
0 0.81328125 0.34453125 0.0296875 0.0359375
0 0.7328125 0.27265625 0.0328125 0.04375
0 0.990625 0.446875 0.01875 0.034375
0 0.49453125 0.8796875 0.1390625 0.115625
0 0.09375 0.1203125 0.1875 0.1640625
0 0.8375 0.56171875 0.046875 0.03125
0 0.490625 0.47890625 0.1296875 0.1046875
0 0.72421875 0.97578125 0.04375 0.0421875
0 0.5859375 0.63828125 0.0671875 0.0484375
0 0.05546875 0.59921875 0.103125 0.121875
0 0.43371875 0.169109375 0.0856875 0.12584375
0 0.93559375 0.789859375 0.02734375 0.0244375
1 0.784296875 0.609828125 0.24440625 0.2171875
1 0.6715625000000001 0.44810937500000003 0.17684375000000002 0.20099999999999998
1 0.644859375 0.334234375 0.14710937500000001 0.26764062499999997