0 0.4953125 0.9625 0.028125 0.0265625
0 0.31875 0.69296875 0.0359375 0.05
0 0.68984375 0.740625 0.040625 0.0421875
0 0.228125 0.7703125 0.04375 0.053125
0 0.41640625 0.2328125 0.078125 0.0859375
0 0.9171875 0.55390625 0.0421875 0.0375
0 0.80859375 0.12578125 0.0890625 0.046875
0 0.06953125 0.6421875 0.0625 0.0984375
0 0.746875 0.30625 0.10625 0.09375
0 0.27109375 0.5796875 0.0734375 0.0421875
0 0.41875 0.53984375 0.034375 0.040625
0 0.459375 0.26953125 0.0390625 0.046875
0 0.0796875 0.71328125 0.0609375 0.0609375
0 0.540625 0.421875 0.065625 0.059375
0 0.30078125 0.34921875 0.1265625 0.1125
0 0.4265625 0.08125 0.0953125 0.109375
0 0.16640625 0.91875 0.0234375 0.025
1 0.4578125 0.81484375 0.1390625 0.1265625
0 0.53125 0.34296875 0.05 0.059375
0 0.41953125 0.15390625 0.0390625 0.04375
0 0.42421875 0.6171875 0.059375 0.1015625
0 0.6859375 0.35625 0.0765625 0.0609375
0 0.79609375 0.03515625 0.0375 0.0375
0 0.4984375 0.490625 0.0734375 0.05625
0 0.20234375 0.60234375 0.059375 0.0640625
0 0.25859375 0.259375 0.0375 0.03125
0 0.1515625 0.68125 0.01875 0.0203125
0 0.26796875 0.4484375 0.075 0.0859375
0 0.73984375 0.51953125 0.021875 0.021875
0 0.33671875 0.75859375 0.0171875 0.0234375
0 0.6296875 0.01953125 0.053125 0.0390625
0 0.19765625 0.7078125 0.09375 0.0734375
0 0.62109375 0.5234375 0.0828125 0.0609375
0 0.18125 0.2640625 0.05625 0.0546875
0 0.70546875 0.59453125 0.04375 0.046875
0 0.1203125 0.671875 0.0390625 0.046875
0 0.6234375 0.9484375 0.03125 0.028125
0 0.07578125 0.4765625 0.046875 0.075
0 0.3703125 0.67734375 0.0796875 0.1
0 0.23203125 0.66953125 0.0609375 0.0875
0 0.6359375 0.6859375 0.03125 0.040625
0 0.328125 0.9796875 0.0171875 0.0171875
0 0.66015625 0.92890625 0.0515625 0.05
0 0.115625 0.6265625 0.0296875 0.034375
0 0.74921875 0.76328125 0.040625 0.0390625
0 0.2953125 0.02734375 0.0265625 0.0203125
0 0.37109375 0.1890625 0.05625 0.0671875
0 0.55546875 0.7015625 0.0875 0.0953125
0 0.5109375 0.9796875 0.021875 0.015625
0 0.2375 0.3296875 0.0703125 0.0765625
0 0.684375 0.66171875 0.04375 0.0453125
0 0.93359375 0.7875 0.040625 0.040625
0 0.6125 0.3265625 0.0296875 0.0375
0 0.7296875 0.8625 0.084375 0.0984375
0 0.21484375 0.42578125 0.040625 0.0296875
0 0.15234375 0.50859375 0.059375 0.0625
0 0.24140625 0.16953125 0.0359375 0.0390625
0 0.4890625 0.5578125 0.071875 0.065625
0 0.38125 0.3265625 0.0546875 0.059375
0 0.10703125 0.5875 0.0578125 0.0578125
0 0.1828125 0.49453125 0.046875 0.059375
0 0.1875 0.9515625 0.040625 0.0390625
0 0.353125 0.10625 0.0171875 0.01875
0 0.9140625 0.8171875 0.0390625 0.03125
0 0.22421875 0.81953125 0.025 0.0203125
0 0.58828125 0.4765625 0.0515625 0.0859375
1 0.23515625 0.93984375 0.1078125 0.0828125
0 0.25625 0.51328125 0.1109375 0.0859375
0 0.13515625 0.3484375 0.025 0.0296875
0 0.6125 0.76171875 0.0484375 0.0453125
0 0.58359375 0.60625 0.196875 0.125
0 0.5953125 0.1625 0.0796875 0.0734375
0 0.1640625 0.61953125 0.04375 0.05
0 0.83984375 0.6453125 0.0421875 0.04375
0 0.3875 0.7515625 0.0640625 0.0546875
0 0.41953125 0.2875 0.034375 0.0234375
0 0.74296875 0.009375 0.0390625 0.01875
0 0.28359375 0.1421875 0.04375 0.0421875
0 0.64296875 0.759375 0.0484375 0.0453125
0 0.78046875 0.69609375 0.0390625 0.040625
0 0.2515625 0.978125 0.065625 0.04375
0 0.528125 0.0421875 0.0265625 0.034375
0 0.3078125 0.98828125 0.053125 0.0234375
0 0.653125 0.8390625 0.06875 0.0734375
0 0.284375 0.71875 0.0625 0.065625
0 0.2734375 0.23125 0.025 0.028125
0 0.4921875 0.44609375 0.0375 0.0296875
0 0.2859375 0.0703125 0.0375 0.0375
0 0.36015625 0.79140625 0.0359375 0.0390625
0 0.4859375 0.37109375 0.065625 0.0734375
0 0.6703125 0.70234375 0.0421875 0.0359375
0 0.53984375 0.84453125 0.04375 0.0484375
0 0.31328125 0.1265625 0.0390625 0.0359375
0 0.35546875 0.98671875 0.0453125 0.0265625
0 0.18828125 0.42265625 0.0234375 0.0265625
0 0.140625 0.4078125 0.0265625 0.046875
0 0.16171875 0.3515625 0.0359375 0.040625
0 0.20625 0.9953125 0.03125 0.009375
0 0.39296875 0.8609375 0.15 0.1265625
0 0.62578125 0.40703125 0.071875 0.065625
0 0.8578125 0.60859375 0.0390625 0.0375
0 0.321875 0.8046875 0.040625 0.0375
0 0.76953125 0.61484375 0.03125 0.0328125
0 0.73046875 0.96875 0.034375 0.021875
0 0.30078125 0.95078125 0.0453125 0.0453125
0 0.12578125 0.9140625 0.0375 0.0375
0 0.68203125 0.965625 0.0390625 0.0390625
0 0.89140625 0.5796875 0.040625 0.040625
0 0.24765625 0.11484375 0.025 0.0359375
0 0.41796875 0.96875 0.1296875 0.0625
0 0.65859375 0.30390625 0.0703125 0.059375
0 0.34453125 0.58125 0.090625 0.1421875
0 0.2296875 0.4078125 0.0375 0.04375
0 0.3421875 0.1296875 0.0171875 0.01875
0 0.36640625 0.03984375 0.0734375 0.0609375
0 0.4328125 0.7 0.0625 0.071875
0 0.31953125 0.459375 0.0421875 0.03125
0 0.6734375 0.4234375 0.0375 0.03125
0 0.50078125 0.725 0.0484375 0.053125
1 0.54140625 0.7953125 0.1375 0.134375
0 0.42109375 0.453125 0.1046875 0.0921875
0 0.85234375 0.52578125 0.0296875 0.034375
0 0.42578125 0.39765625 0.04375 0.03125
0 0.16953125 0.153125 0.05625 0.053125
0 0.25703125 0.04609375 0.0515625 0.0515625
0 0.76328125 0.3625 0.0671875 0.090625
0 0.221875 0.27109375 0.040625 0.0375
0 0.509375 0.30859375 0.0390625 0.0328125
0 0.515625 0.9078125 0.1203125 0.0984375
1 0.1359375 0.94375 0.08125 0.0796875
0 0.521875 0.07265625 0.0296875 0.0390625
0 0.54375 0.00703125 0.228125 0.0140625
0 0.61015625 0.09453125 0.3484375 0.1890625