0 0.659375 0.88359375 0.0234375 0.01875
0 0.475 0.53715625 0.0390625 0.028125
0 0.840625 0.4375 0.04375 0.040625
0 0.65078125 0.3004375 0.040625 0.0421875
0 0.2390625 0.277921875 0.05 0.037093749999999995
1 0.1 0.24921875 0.09375 0.1125
0 0.222578125 0.22134375 0.065796875 0.034875
0 0.74734375 0.12028125 0.07875 0.0563125
0 0.915625 0.35703125 0.1203125 0.0921875
0 0.02734375 0.7046875 0.0515625 0.053125
0 0.709375 0.77940625 0.04375 0.028125
0 0.68125 0.21953125 0.065625 0.04375
1 0.03646875 0.4805 0.064 0.159953125
0 0.5765 0.742265625 0.045171875 0.02828125
0 0.87421875 0.46640625 0.0265625 0.01875
0 0.6249374999999999 0.851578125 0.040625 0.0265625
0 0.10240625 0.302 0.078125 0.0453125
0 0.71640625 0.296875 0.0390625 0.034375
0 0.262140625 0.7495937500000001 0.025 0.015625
0 0.4484375 0.4686875 0.0390625 0.0296875
0 0.77421875 0.340625 0.0515625 0.0453125
0 0.523015625 0.58871875 0.040625 0.0296875
0 0.8125 0.15859375 0.0640625 0.0453125
0 0.38671875 0.1390625 0.059375 0.0453125
0 0.015625 0.65234375 0.028125 0.0421875
0 0.203125 0.42209375 0.0203125 0.017625
1 0.912296875 0.279515625 0.17540625 0.11954687500000001
0 0.26640625 0.95390625 0.015625 0.0125
0 0.7453125 0.06640625 0.0734375 0.05
0 0.61953125 0.9066875 0.0421875 0.0265625
0 0.02109375 0.94296875 0.0421875 0.0640625
0 0.1984375 0.8140625 0.0609375 0.046875
0 0.06484375 0.329546875 0.0546875 0.03721875
0 0.7753593750000001 0.293296875 0.048734375 0.04240625
0 0.15390625 0.41640625 0.0453125 0.0390625
0 0.1546875 0.16015625 0.04375 0.034375
0 0.415625 0.58125 0.028125 0.028125
0 0.46839062499999995 0.57990625 0.034375 0.0265625
0 0.634375 0.49140625 0.115625 0.184375
0 0.48671875 0.25703125 0.0578125 0.0421875
0 0.20859375 0.396703125 0.025 0.023109374999999998
0 0.04140625 0.5734375 0.0171875 0.015625
0 0.44573437499999996 0.5152187500000001 0.0390625 0.0265625
0 0.2265625 0.590625 0.078125 0.0421875
0 0.23720312500000001 0.67003125 0.122484375 0.097890625
0 0.14765625 0.63046875 0.021875 0.0140625
0 0.09765625 0.9375 0.1328125 0.0953125
1 0.06587499999999999 0.746921875 0.106765625 0.0749375
0 0.80546875 0.415625 0.025 0.0203125
0 0.221875 0.09453125 0.046875 0.0640625
0 0.6308906249999999 0.798734375 0.040625 0.0265625
0 0.97890625 0.60234375 0.0421875 0.046875
0 0.662859375 0.7211093749999999 0.0359375 0.028125
0 0.46953125 0.9125 0.0421875 0.0265625
0 0.10390625 0.42890625 0.059375 0.0453125
0 0.38203125 0.36171875 0.1421875 0.1109375
0 0.5063125 0.3759375 0.0421875 0.0234375
0 0.507453125 0.33132812500000003 0.04375 0.0265625
0 0.784375 0.486796875 0.059375 0.0453125
0 0.590625 0.2640625 0.0890625 0.1109375
0 0.715625 0.1734375 0.0671875 0.05625
0 0.009375 0.3578125 0.0171875 0.0296875
0 0.3125 0.42578125 0.096875 0.0734375
0 0.23959375 0.6268906249999999 0.027937499999999997 0.025656250000000002
0 0.7323125 0.8049843750000001 0.0203125 0.0203125
0 0.536296875 0.399375 0.0390625 0.0265625
0 0.5166875 0.7306250000000001 0.0375 0.0265625
0 0.841796875 0.29 0.06003125 0.058828124999999995
0 0.476625 0.446890625 0.040625 0.0265625
0 0.171875 0.65625 0.021875 0.0140625
0 0.6921875 0.8609375 0.0265625 0.021875
0 0.778125 0.44140625 0.046875 0.05625
0 0.5109375 0.19921875 0.084375 0.1078125
0 0.55775 0.563078125 0.0421875 0.034375
0 0.19609375 0.46015625 0.059375 0.0421875
0 0.9 0.5453125 0.159375 0.1296875
0 0.45078125 0.8293437499999999 0.04375 0.0296875
0 0.434375 0.17578125 0.040625 0.0375
0 0.211296875 0.34675 0.034375 0.0348125
0 0.6046875 0.58125 0.028125 0.0375
1 0.32796875000000003 0.48565625 0.212203125 0.182078125
0 0.20503125 0.24953124999999998 0.0701875 0.038890625
0 0.6205 0.411140625 0.0231875 0.015703125000000002
0 0.90128125 0.712390625 0.07373437499999999 0.04675
0 0.9449375 0.74765625 0.056984375 0.02753125
0 0.9053906250000001 0.77259375 0.02634375 0.019703125
0 0.8471249999999999 0.8559687500000001 0.021046875 0.03875
0 0.08512499999999999 0.747484375 0.0249375 0.020015625000000002
1 0.08832812500000001 0.54490625 0.07840625 0.178421875
1 0.14553125 0.53853125 0.0844375 0.179265625