0 0.40234375 0.34609375 0.0546875 0.0578125
0 0.63125 0.79296875 0.0953125 0.10625
0 0.0890625 0.04609375 0.0328125 0.0390625
0 0.41484375 0.840625 0.0171875 0.015625
0 0.7078125 0.9765625 0.0140625 0.0140625
0 0.59296875 0.7375 0.0203125 0.0140625
0 0.71875 0.14921875 0.0171875 0.0234375
0 0.10234375 0.24375 0.034375 0.0375
0 0.17578125 0.753125 0.040625 0.05
1 0.54375 0.2296875 0.05 0.05625
0 0.240625 0.61484375 0.0234375 0.0203125
0 0.7890625 0.26953125 0.0171875 0.025
0 0.67265625 0.90234375 0.015625 0.0234375
1 0.5953125 0.01640625 0.046875 0.0328125
0 0.4609375 0.446875 0.01875 0.0296875
0 0.7546875 0.240625 0.0703125 0.0921875
0 0.77890625 0.53984375 0.0453125 0.05
0 0.571875 0.28203125 0.05 0.0453125
0 0.6546875 0.46953125 0.0140625 0.0234375
0 0.0625 0.19140625 0.0734375 0.0921875
0 0.77578125 0.39765625 0.0140625 0.0140625
0 0.25625 0.0296875 0.03125 0.0265625
0 0.69453125 0.83828125 0.0171875 0.01875
0 0.27578125 0.4703125 0.09375 0.096875
0 0.52265625 0.40859375 0.0375 0.0375
0 0.459375 0.99140625 0.01875 0.015625
0 0.521875 0.18203125 0.0546875 0.0453125
0 0.20390625 0.57109375 0.028125 0.0296875
0 0.80390625 0.49921875 0.0390625 0.0703125
0 0.14375 0.82265625 0.0515625 0.0390625
0 0.41015625 0.50625 0.0453125 0.0484375
0 0.2765625 0.6 0.0171875 0.0203125
0 0.06328125 0.9921875 0.0296875 0.015625
0 0.4875 0.2 0.0484375 0.0578125
0 0.41015625 0.93515625 0.015625 0.0234375
0 0.29140625 0.79609375 0.034375 0.0421875
0 0.2390625 0.26328125 0.025 0.025
0 0.2359375 0.3203125 0.0609375 0.109375
0 0.5515625 0.53359375 0.028125 0.0296875
0 0.1640625 0.86875 0.0640625 0.05
0 0.5515625 0.15078125 0.0390625 0.0375
0 0.3484375 0.64765625 0.0265625 0.025
0 0.50390625 0.90078125 0.034375 0.0265625
1 0.36953125 0.91796875 0.1578125 0.1640625
0 0.4265625 0.475 0.01875 0.0234375
0 0.53515625 0.490625 0.03125 0.0515625
0 0.39453125 0.15703125 0.0203125 0.028125
0 0.47734375 0.8890625 0.0265625 0.0203125
0 0.67421875 0.2296875 0.03125 0.034375
0 0.59140625 0.8671875 0.0375 0.0453125
0 0.4828125 0.7609375 0.0625 0.1125
0 0.46875 0.51171875 0.078125 0.1
0 0.01953125 0.225 0.03125 0.025
0 0.0125 0.2703125 0.025 0.046875
0 0.24453125 0.74609375 0.0890625 0.0765625
1 0.51640625 0.93203125 0.1296875 0.1359375
0 0.67890625 0.03125 0.0671875 0.0625
0 0.290625 0.02265625 0.0234375 0.0203125
0 0.76640625 0.0578125 0.0421875 0.06875
0 0.14140625 0.23203125 0.03125 0.0203125
0 0.553125 0.36171875 0.021875 0.0234375
0 0.13984375 0.04921875 0.0234375 0.0234375
0 0.4953125 0.26953125 0.0203125 0.0265625
0 0.29140625 0.71875 0.0234375 0.0234375
0 0.31328125 0.8671875 0.05625 0.0359375
0 0.3328125 0.303125 0.0453125 0.040625
0 0.253125 0.19609375 0.0578125 0.0515625
0 0.23359375 0.85859375 0.09375 0.0625
0 0.3125 0.36328125 0.0140625 0.0140625
0 0.46484375 0.6453125 0.05 0.046875
0 0.484375 0.7140625 0.025 0.0296875
0 0.140625 0.63671875 0.0328125 0.0265625
0 0.7375 0.81328125 0.01875 0.01875
0 0.296875 0.12578125 0.0171875 0.01875
1 0.459375 0.0734375 0.078125 0.1
0 0.19921875 0.35625 0.0296875 0.040625
0 0.53515625 0.8625 0.046875 0.05
0 0.30078125 0.06328125 0.05625 0.0609375
0 0.2546875 0.659375 0.040625 0.0375
0 0.55859375 0.95859375 0.0296875 0.0421875
0 0.50078125 0.39140625 0.0484375 0.046875
0 0.21953125 0.80703125 0.1 0.065625
0 0.121875 0.75234375 0.0609375 0.05
0 0.58515625 0.81640625 0.0328125 0.0484375
0 0.41015625 0.70625 0.0265625 0.0359375
0 0.5140625 0.66171875 0.0328125 0.034375
0 0.41640625 0.01171875 0.0265625 0.0125
0 0.696875 0.81875 0.0328125 0.0265625
0 0.61875 0.28046875 0.0578125 0.0640625
0 0.69609375 0.20078125 0.0703125 0.0953125
0 0.31640625 0.390625 0.0203125 0.025
0 0.4375 0.6828125 0.059375 0.0921875
0 0.20078125 0.21328125 0.03125 0.0359375
0 0.50625 0.7078125 0.01875 0.025
0 0.39921875 0.6265625 0.0234375 0.0234375
0 0.23671875 0.58125 0.0375 0.03125
0 0.70859375 0.7453125 0.01875 0.01875
0 0.6140625 0.33828125 0.0765625 0.0828125
0 0.6953125 0.43828125 0.0390625 0.06875
0 0.171875 0.04296875 0.0328125 0.0375
0 0.809375 0.78203125 0.059375 0.0515625
0 0.21328125 0.0375 0.046875 0.0375
0 0.16796875 0.10234375 0.0359375 0.0265625
0 0.20546875 0.63046875 0.0234375 0.028125
0 0.559375 0.83671875 0.0234375 0.0234375
0 0.203125 0.59921875 0.025 0.025
0 0.60390625 0.5765625 0.0265625 0.0375
0 0.38203125 0.375 0.040625 0.0265625
0 0.46640625 0.9203125 0.0234375 0.0328125
0 0.50625 0.7875 0.015625 0.0234375
0 0.68984375 0.12265625 0.0234375 0.025
0 0.2625 0.11875 0.05625 0.0734375
0 0.61875 0.0875 0.053125 0.084375
0 0.64296875 0.9171875 0.05625 0.0765625
0 0.0453125 0.8734375 0.0375 0.0390625
0 0.790625 0.8140625 0.021875 0.021875
0 0.12265625 0.68671875 0.0265625 0.028125
0 0.1328125 0.91015625 0.0390625 0.0453125
0 0.61015625 0.40546875 0.0453125 0.046875
0 0.17890625 0.68828125 0.11875 0.0921875
0 0.67734375 0.54140625 0.0171875 0.015625
0 0.0640625 0.77890625 0.0703125 0.0515625
0 0.74765625 0.14296875 0.0171875 0.01875
0 0.503125 0.0453125 0.0203125 0.0171875
0 0.76953125 0.81484375 0.015625 0.0140625
0 0.375 0.6171875 0.0203125 0.028125
1 0.69765625 0.0796875 0.059375 0.06875
0 0.51171875 0.32421875 0.0296875 0.05
0 0.6796875 0.98203125 0.021875 0.0140625
0 0.28046875 0.28203125 0.03125 0.0421875
0 0.08125 0.67109375 0.075 0.0578125
0 0.5984375 0.49609375 0.1 0.0953125
0 0.33671875 0.5703125 0.1234375 0.078125
0 0.14453125 0.615625 0.028125 0.0234375
0 0.36015625 0.67265625 0.0171875 0.021875
0 0.28359375 0.634375 0.0640625 0.059375
0 0.0421875 0.0765625 0.084375 0.09375
0 0.7140625 0.79453125 0.03125 0.0265625
0 0.53671875 0.68828125 0.028125 0.0359375
0 0.19375 0.165625 0.053125 0.046875
0 0.3359375 0.7578125 0.075 0.075
0 0.2890625 0.146875 0.0453125 0.04375
0 0.365625 0.23359375 0.0421875 0.05625
0 0.30390625 0.6765625 0.0234375 0.0265625
0 0.5421875 0.73671875 0.0796875 0.0796875
0 0.45078125 0.60625 0.028125 0.03125
0 0.45234375 0.1796875 0.015625 0.0171875
0 0.61484375 0.209375 0.0390625 0.0484375
0 0.790625 0.30546875 0.021875 0.021875
0 0.3734375 0.74375 0.04375 0.05
0 0.5734375 0.425 0.0453125 0.046875
0 0.6359375 0.16875 0.021875 0.0296875
0 0.425 0.18515625 0.01875 0.0234375
0 0.44140625 0.85625 0.03125 0.0265625
0 0.18203125 0.4125 0.0234375 0.0296875
0 0.36171875 0.1515625 0.021875 0.0265625
0 0.27421875 0.3328125 0.040625 0.0859375
0 0.74609375 0.4015625 0.0234375 0.0484375
0 0.73515625 0.48671875 0.1171875 0.140625
0 0.1921875 0.97109375 0.075 0.0578125
0 0.40078125 0.75390625 0.028125 0.0328125
0 0.1359375 0.153125 0.096875 0.0921875
0 0.2734375 0.4125 0.065625 0.0578125
0 0.61640625 0.9671875 0.046875 0.05
0 0.31875 0.15078125 0.059375 0.0453125
0 0.49921875 0.0078125 0.0296875 0.015625
0 0.44140625 0.24921875 0.059375 0.05625
0 0.5390625 0.26328125 0.015625 0.0296875
0 0.5390625 0.28828125 0.015625 0.01875
0 0.53984375 0.31171875 0.0125 0.0234375
0 0.5265625 0.30234375 0.0109375 0.0140625
1 0.53671875 0.30546875 0.128125 0.140625
0 0.65546875 0.6765625 0.009375 0.0109375
0 0.63046875 0.665625 0.0140625 0.015625
0 0.62578125 0.71015625 0.0828125 0.0875
1 0.2328125 0.896875 0.2875 0.20625
0 0.3234375 0.6375 0.0453125 0.0546875
1 0.31015625 0.1171875 0.175 0.134375
1 0.315625 0.09375 0.2078125 0.1734375
0 0.334375 0.440625 0.028125 0.0359375