0 0.925 0.3265625 0.0421875 0.03125
0 0.73046875 0.359375 0.034375 0.034375
0 0.34609375 0.30859375 0.05 0.03125
0 0.515625 0.90625 0.071875 0.053125
0 0.05078125 0.12578125 0.06875 0.05625
0 0.8608281249999999 0.5955625 0.0691875 0.08040625
0 0.9581406250000001 0.555484375 0.072546875 0.064109375
0 0.2390625 0.6203125 0.028125 0.0203125
0 0.8671875 0.7640625 0.071875 0.059375
0 0.90546875 0.4203125 0.075 0.04375
0 0.421875 0.81015625 0.025 0.021875
0 0.74140625 0.7125 0.03125 0.021875
0 0.98125 0.33984375 0.034375 0.025
0 0.41990625000000004 0.524421875 0.141390625 0.14021875
0 0.8390625 0.7171875 0.05 0.0578125
0 0.1828125 0.9390625 0.04375 0.0265625
0 0.03984375 0.203125 0.034375 0.0296875
0 0.9328125 0.778125 0.0984375 0.0703125
0 0.646875 0.82421875 0.021875 0.01875
0 0.26760937500000004 0.503328125 0.08832812500000001 0.06603125
0 0.69765625 0.4046875 0.04375 0.0484375
0 0.809375 0.7484375 0.05625 0.0359375
0 0.409375 0.846875 0.034375 0.0234375
0 0.3578125 0.8921875 0.040625 0.0359375
0 0.609375 0.428125 0.059375 0.0828125
0 0.25390625 0.4140625 0.0921875 0.059375
0 0.0171875 0.60859375 0.0328125 0.059375
0 0.37421875 0.646875 0.0234375 0.01875
0 0.76328125 0.44140625 0.0375 0.03125
0 0.818546875 0.539625 0.06915625 0.062921875
0 0.33203125 0.91640625 0.025 0.0265625
0 0.91015625 0.5265625 0.046875 0.0390625
0 0.359375 0.59609375 0.0625 0.059375
0 0.92109375 0.59859375 0.05625 0.05437499999999999
0 0.91484375 0.2953125 0.040625 0.03125
0 0.32578125 0.65703125 0.0625 0.0609375
0 0.90078125 0.4625 0.0734375 0.05
0 0.33128125 0.2401875 0.096921875 0.058499999999999996
0 0.7734375 0.4140625 0.0359375 0.028125
0 0.434375 0.303125 0.03125 0.034375
0 0.66171875 0.70859375 0.028125 0.0203125
0 0.353125 0.77109375 0.025 0.021875
0 0.2609375 0.21796875 0.0390625 0.0265625
0 0.015625 0.44609375 0.03125 0.034375
0 0.065625 0.17421875 0.071875 0.0484375
0 0.68203125 0.7609375 0.1109375 0.08125
0 0.328125 0.3359375 0.040625 0.034375
0 0.9640625 0.365625 0.071875 0.046875
0 0.88203125 0.8140625 0.075 0.08125
0 0.26015625 0.9125 0.11875 0.0953125
0 0.903125 0.87109375 0.034375 0.021875
0 0.7765625 0.78046875 0.0203125 0.0140625
0 0.61328125 0.80859375 0.034375 0.025
0 0.63125 0.615625 0.0328125 0.021875
0 0.55390625 0.64765625 0.1359375 0.084375
0 0.6296875 0.68984375 0.028125 0.021875
0 0.6140625 0.3546875 0.096875 0.078125
0 0.33515625 0.2609375 0.0484375 0.0375
0 0.609375 0.55859375 0.0484375 0.0421875
0 0.37109375 0.109375 0.0921875 0.0765625
0 0.134375 0.10625 0.065625 0.0375
0 0.415625 0.16640625 0.0546875 0.0375
0 0.39140625 0.8875 0.025 0.0265625
0 0.6984375 0.64921875 0.034375 0.0453125
0 0.89296875 0.2703125 0.0453125 0.034375
0 0.85078125 0.340625 0.046875 0.04375
0 0.91484375 0.696875 0.0625 0.059375
0 0.91234375 0.649390625 0.06415625 0.0734375
0 0.5666875 0.8940312499999999 0.08492187500000001 0.097453125
0 0.0328125 0.059375 0.0625 0.05
0 0.4984375 0.84296875 0.03125 0.01875
0 0.525 0.72578125 0.03125 0.0265625
0 0.18515625 0.5390625 0.06875 0.0609375
0 0.78203125 0.888671875 0.0921875 0.08985937499999999
0 0.25859375 0.16171875 0.0953125 0.0640625
0 0.71328125 0.31328125 0.0484375 0.0390625
0 0.721875 0.51796875 0.0546875 0.04375
0 0.9671875 0.61796875 0.040625 0.0390625
0 0.726921875 0.5835625 0.03821875 0.068703125
0 0.22265625 0.3140625 0.1734375 0.1421875
0 0.07890625 0.23203125 0.025 0.0203125
0 0.28828125 0.7953125 0.034375 0.03125
0 0.975 0.2671875 0.05 0.0453125
0 0.190625 0.17578125 0.065625 0.0453125
0 0.97578125 0.228125 0.040625 0.0328125
0 0.94375 0.4015625 0.0296875 0.0328125
0 0.37265625 0.73515625 0.0265625 0.01875
0 0.053125 0.47109375 0.0671875 0.034375
0 0.97265625 0.4421875 0.040625 0.0375
0 0.7 0.471875 0.0546875 0.0390625
0 0.08125 0.328125 0.159375 0.0828125
0 0.115625 0.01328125 0.0890625 0.0265625
0 0.50390625 0.671875 0.021875 0.0171875
0 0.97578125 0.5046875 0.040625 0.0453125
0 0.3968125 0.28540625 0.035625000000000004 0.043421875
0 0.477734375 0.4894375 0.070234375 0.072828125
0 0.56028125 0.541578125 0.0729375 0.037953125
0 0.721828125 0.41817187499999997 0.035125 0.07521875
0 0.031234374999999998 0.83940625 0.062468749999999997 0.09915625
0 0.08171874999999999 0.8350156249999999 0.163421875 0.270265625
0 0.113484375 0.54209375 0.2183125 0.34815625
0 0.808359375 0.50946875 0.019828125 0.018359375
0 0.810734375 0.6212500000000001 0.15509375 0.161984375