0 0.759375 0.5078125 0.01875 0.0203125
0 0.32265625 0.4203125 0.034375 0.040625
0 0.596875 0.625 0.040625 0.0484375
0 0.40390625 0.63046875 0.0875 0.05
0 0.41328125 0.50625 0.028125 0.0390625
0 0.20703125 0.55390625 0.034375 0.0265625
0 0.4484375 0.56171875 0.0765625 0.075
0 0.29375 0.58046875 0.021875 0.0109375
0 0.2453125 0.46796875 0.0375 0.046875
0 0.628125 0.509375 0.0328125 0.0453125
0 0.49453125 0.7046875 0.03125 0.0234375
0 0.68984375 0.64453125 0.0140625 0.0140625
0 0.4625 0.71640625 0.0859375 0.0515625
0 0.44921875 0.5625 0.0484375 0.0375
0 0.553125 0.5078125 0.0375 0.0390625
0 0.46875 0.6234375 0.0515625 0.05
0 0.33828125 0.70390625 0.0234375 0.025
0 0.271875 0.5453125 0.0359375 0.03125
0 0.5640625 0.2984375 0.0453125 0.0359375
0 0.575 0.70859375 0.0484375 0.0265625
0 0.11796875 0.31015625 0.0421875 0.05625
0 0.6484375 0.4140625 0.015625 0.021875
0 0.79921875 0.7640625 0.0578125 0.0515625
0 0.290625 0.38203125 0.0703125 0.0703125
0 0.2609375 0.62421875 0.0140625 0.0125
0 0.70234375 0.6859375 0.0359375 0.0375
0 0.0875 0.2078125 0.01875 0.009375
0 0.75 0.58828125 0.0203125 0.021875
0 0.32421875 0.3203125 0.0484375 0.0375
0 0.6765625 0.484375 0.01875 0.021875
0 0.0484375 0.2390625 0.0734375 0.0734375
0 0.29765625 0.64609375 0.0234375 0.0203125
0 0.2796875 0.6140625 0.025 0.0203125
0 0.325 0.52734375 0.078125 0.13125
0 0.63046875 0.4359375 0.0140625 0.01875
0 0.6453125 0.7234375 0.0625 0.0546875
0 0.6921875 0.56171875 0.015625 0.021875
0 0.41640625 0.659375 0.0734375 0.034375
0 0.28515625 0.4296875 0.0328125 0.040625
0 0.2875 0.234375 0.053125 0.0359375
0 0.22890625 0.2859375 0.06875 0.103125
0 0.81328125 0.32734375 0.0921875 0.0953125
0 0.3875 0.74921875 0.0296875 0.0375
0 0.4359375 0.4921875 0.0296875 0.0375
0 0.85078125 0.45703125 0.01875 0.021875
0 0.853125 0.2953125 0.0265625 0.034375
0 0.69453125 0.7515625 0.065625 0.0609375
0 0.85234375 0.55546875 0.0171875 0.0140625
0 0.225 0.51796875 0.015625 0.015625
0 0.346875 0.7640625 0.0265625 0.025
0 0.2609375 0.21953125 0.0203125 0.01875
0 0.6125 0.33828125 0.0171875 0.021875
0 0.62265625 0.7796875 0.065625 0.015625
0 0.3625 0.28828125 0.084375 0.0734375
0 0.33125 0.234375 0.071875 0.046875
0 0.5296875 0.5640625 0.04375 0.0421875
0 0.35078125 0.50234375 0.03125 0.0359375
0 0.64921875 0.27109375 0.04375 0.0375
0 0.36171875 0.471875 0.0328125 0.0359375
0 0.209375 0.2125 0.021875 0.0125
0 0.38828125 0.23984375 0.0515625 0.053125
0 0.52265625 0.6265625 0.0484375 0.059375
0 0.8171875 0.609375 0.0171875 0.0203125
0 0.46171875 0.4265625 0.084375 0.0875
0 0.5328125 0.7140625 0.046875 0.0265625
0 0.471875 0.753125 0.040625 0.0296875
0 0.415625 0.771875 0.021875 0.0140625
0 0.7953125 0.703125 0.065625 0.071875
0 0.73359375 0.5203125 0.0171875 0.0203125
0 0.8296875 0.5359375 0.0171875 0.01875
0 0.53515625 0.7546875 0.078125 0.0484375
0 0.4953125 0.77890625 0.021875 0.009375
0 0.721875 0.2703125 0.09375 0.08125
0 0.8359375 0.58359375 0.01875 0.0125
0 0.72109375 0.4296875 0.015625 0.021875
0 0.1703125 0.24609375 0.0765625 0.0765625
0 0.11640625 0.21015625 0.034375 0.0125
0 0.3421875 0.62421875 0.0734375 0.05
0 0.3765625 0.40625 0.0578125 0.06875
0 0.63359375 0.6203125 0.040625 0.0515625
0 0.6234375 0.746875 0.059375 0.0296875
0 0.61015625 0.75390625 0.03125 0.025
0 0.56484375 0.7203125 0.028125 0.0171875
0 0.57578125 0.734375 0.025 0.0171875
0 0.56953125 0.74609375 0.0796875 0.046875
0 0.46640625 0.67578125 0.053125 0.0296875
0 0.50625 0.678125 0.09375 0.053125
0 0.421875 0.68125 0.015625 0.0125
0 0.36875 0.659375 0.06875 0.0359375
0 0.3921875 0.68203125 0.0359375 0.021875
0 0.37421875 0.6859375 0.1 0.053125