0 0.37265625 0.31328125 0.040625 0.046875
1 0.16875 0.18828125 0.33125 0.246875
0 0.015625 0.01875 0.015625 0.0375
0 0.20859375 0.93515625 0.0609375 0.0734375
0 0.26796875 0.878125 0.0375 0.0390625
0 0.3140625 0.8484375 0.040625 0.034375
0 0.034375 0.9703125 0.06875 0.04375
0 0.06171875 0.40703125 0.04375 0.059375
0 0.828125 0.65390625 0.04375 0.0640625
1 0.05078125 0.08359375 0.0890625 0.08125
0 0.6703125 0.68671875 0.0640625 0.06875
0 0.76484375 0.3953125 0.121875 0.0484375
0 0.00234375 0.82265625 0.0046875 0.0546875
0 0.115625 0.62890625 0.23125 0.2796875
0 0.28671875 0.67421875 0.1 0.134375
0 0.31796875 0.375 0.0546875 0.065625
0 0.6515625 0.59140625 0.134375 0.0984375
0 0.15859375 0.471875 0.0296875 0.034375
0 0.53671875 0.98203125 0.040625 0.03125
0 0.75703125 0.31796875 0.0265625 0.034375
0 0.77890625 0.9765625 0.0390625 0.046875
0 0.03984375 0.4828125 0.0796875 0.140625
0 0.01796875 0.8875 0.0359375 0.08125
1 0.19140625 0.05390625 0.2140625 0.1078125
0 0.13359375 0.49921875 0.0171875 0.0203125
1 0.06953125 0.02890625 0.0703125 0.0578125
0 0.2046875 0.3671875 0.165625 0.2265625
0 0.27109375 0.26796875 0.03125 0.04375
0 0.53515625 0.309375 0.078125 0.06875
0 0.01171875 0.28828125 0.0171875 0.053125
0 0.32578125 0.25859375 0.05 0.059375
0 0.75703125 0.79765625 0.03125 0.0359375
1 0.4265625 0.121875 0.3703125 0.2421875
0 0.15078125 0.8609375 0.096875 0.0921875
0 0.42109375 0.31171875 0.0265625 0.034375
0 0.2625 0.5390625 0.0640625 0.090625
0 0.76171875 0.32734375 0.0515625 0.0640625
0 0.59921875 0.8359375 0.315625 0.296875
0 0.1140625 0.7796875 0.0671875 0.0890625
0 0.1078125 0.40859375 0.0453125 0.0609375
0 0.57109375 0.66640625 0.0578125 0.071875
0 0.48203125 0.6078125 0.034375 0.034375
0 0.24921875 0.6 0.0328125 0.0375
0 0.075 0.30703125 0.053125 0.053125
0 0.39375 0.8140625 0.0890625 0.1046875
1 0.0765625 0.55 0.153125 0.190625
0 0.41640625 0.56015625 0.0359375 0.0265625