0 0.534375 0.21640625 0.1390625 0.1609375
0 0.2796875 0.8328125 0.1578125 0.1796875
0 0.040625 0.1203125 0.08125 0.184375
0 0.19296875 0.67421875 0.115625 0.109375
0 0.165625 0.4765625 0.0234375 0.015625
0 0.99609375 0.7421875 0.0078125 0.06875
0 0.83125 0.82109375 0.1015625 0.0796875
0 0.0328125 0.609375 0.05625 0.0953125
0 0.62734375 0.13046875 0.165625 0.11875
0 0.690625 0.22421875 0.1203125 0.1015625
0 0.1171875 0.8296875 0.1328125 0.134375
0 0.78203125 0.07109375 0.3703125 0.1421875
0 0.315625 0.6015625 0.0515625 0.1
0 0.19296875 0.05625 0.2625 0.0890625
0 0.103125 0.41171875 0.20625 0.3078125
0 0.69921875 0.9421875 0.1671875 0.1015625
0 0.29765625 0.4640625 0.04375 0.0484375
0 0.74921875 0.42734375 0.2375 0.2875
0 0.99453125 0.6640625 0.0109375 0.065625
0 0.33671875 0.1546875 0.1375 0.115625
0 0.91484375 0.590625 0.1703125 0.11875
0 0.0984375 0.9515625 0.121875 0.096875
0 0.41328125 0.0609375 0.2234375 0.121875
0 0.89375 0.31796875 0.2125 0.346875
0 0.64375 0.82890625 0.1734375 0.13125