0 0.5671875 0.38359375 0.0671875 0.05
0 0.4015625 0.35390625 0.0390625 0.0421875
0 0.81015625 0.253125 0.0625 0.0484375
0 0.47890625 0.22265625 0.1 0.0875
0 0.7828125 0.1390625 0.028125 0.03125
0 0.3328125 0.159375 0.015625 0.021875
0 0.565625 0.19296875 0.0515625 0.0453125
0 0.3078125 0.29609375 0.0625 0.059375
0 0.40390625 0.7515625 0.028125 0.028125
0 0.865625 0.90234375 0.046875 0.0515625
1 0.7109375 0.74296875 0.09375 0.0796875
0 0.25234375 0.72578125 0.0296875 0.034375
0 0.64296875 0.9203125 0.034375 0.0375
0 0.315625 0.35390625 0.028125 0.0203125
0 0.67109375 0.7640625 0.025 0.028125
0 0.2484375 0.66640625 0.03125 0.0390625
0 0.77265625 0.8890625 0.03125 0.0390625
0 0.571875 0.74375 0.0359375 0.0296875
1 0.8734375 0.02421875 0.0828125 0.046875
0 0.203125 0.98984375 0.03125 0.0203125
0 0.60234375 0.93046875 0.0375 0.034375
0 0.259375 0.22109375 0.0296875 0.0359375
0 0.15390625 0.771875 0.08125 0.090625
0 0.496875 0.9203125 0.0890625 0.0796875
0 0.625 0.203125 0.01875 0.01875
0 0.4 0.3234375 0.0140625 0.015625
0 0.309375 0.5140625 0.1265625 0.134375
0 0.1421875 0.87109375 0.0328125 0.0359375
0 0.4046875 0.59453125 0.11875 0.084375
0 0.15859375 0.3765625 0.03125 0.0359375
0 0.36015625 0.28046875 0.0265625 0.0359375
0 0.90625 0.815625 0.0296875 0.0296875
0 0.715625 0.22578125 0.028125 0.028125
0 0.47265625 0.10234375 0.0578125 0.0546875
0 0.5625 0.93671875 0.0421875 0.034375
0 0.665625 0.1796875 0.015625 0.01875
0 0.503125 0.74453125 0.0875 0.0640625
0 0.51328125 0.17578125 0.071875 0.0625
0 0.65 0.73671875 0.028125 0.021875
0 0.29375 0.978125 0.0515625 0.040625
0 0.7453125 0.48125 0.090625 0.0875
0 0.6125 0.728125 0.0359375 0.0375
0 0.4828125 0.803125 0.0234375 0.03125
0 0.17578125 0.0703125 0.0546875 0.06875
0 0.6765625 0.82890625 0.028125 0.0328125
0 0.2578125 0.38515625 0.015625 0.01875
0 0.36328125 0.78359375 0.0234375 0.034375
0 0.5625 0.56328125 0.13125 0.084375
0 0.20859375 0.39296875 0.0421875 0.046875
0 0.86953125 0.3 0.0140625 0.0109375
0 0.36953125 0.209375 0.09375 0.084375
0 0.34453125 0.7140625 0.078125 0.0609375
0 0.53671875 0.1171875 0.04375 0.0546875
0 0.5625 0.66171875 0.1171875 0.121875
0 0.4703125 0.378125 0.046875 0.046875
0 0.91328125 0.6609375 0.0265625 0.0390625
0 0.43046875 0.703125 0.1421875 0.046875
0 0.83125 0.82734375 0.01875 0.01875
0 0.521875 0.78828125 0.028125 0.0328125
0 0.61953125 0.6296875 0.0359375 0.0296875
0 0.203125 0.66953125 0.03125 0.03125
0 0.62890625 0.28359375 0.15625 0.071875
0 0.3046875 0.7265625 0.0296875 0.0359375
0 0.3390625 0.771875 0.025 0.03125
0 0.3328125 0.01484375 0.0375 0.0296875
0 0.25546875 0.14765625 0.021875 0.0296875
0 0.4703125 0.82265625 0.0296875 0.0234375
0 0.778125 0.06171875 0.015625 0.0125
0 0.890625 0.7828125 0.0375 0.0328125
0 0.5953125 0.76328125 0.0265625 0.0265625
0 0.48515625 0.0109375 0.0453125 0.021875
0 0.184375 0.284375 0.0953125 0.0828125
0 0.9046875 0.3453125 0.046875 0.0734375
0 0.64921875 0.01484375 0.09375 0.0296875
0 0.36171875 0.365625 0.0375 0.0375
0 0.71875 0.8140625 0.0296875 0.0359375
0 0.70625 0.71796875 0.040625 0.034375
0 0.30703125 0.66484375 0.0359375 0.0265625
0 0.85859375 0.8671875 0.0171875 0.0171875
0 0.4703125 0.42109375 0.015625 0.015625
0 0.24140625 0.35234375 0.028125 0.034375
0 0.6328125 0.340625 0.034375 0.0203125
0 0.21796875 0.03359375 0.034375 0.05
0 0.83515625 0.29140625 0.015625 0.0109375
0 0.5109375 0.3328125 0.0203125 0.01875
0 0.3109375 0.10234375 0.0453125 0.0375
0 0.70703125 0.15625 0.01875 0.0203125
0 0.390625 0.26796875 0.0328125 0.03125
0 0.32265625 0.32578125 0.0234375 0.025
0 0.13203125 0.365625 0.034375 0.046875
0 0.30546875 0.23671875 0.0609375 0.0625
0 0.3140625 0.4109375 0.03125 0.0390625
1 0.77734375 0.0109375 0.040625 0.021875
0 0.10390625 0.93828125 0.025 0.090625
0 0.08125 0.93671875 0.01875 0.08125
0 0.1984375 0.36015625 0.03125 0.0296875
0 0.19609375 0.34609375 0.03125 0.0296875