1 0.025546875000000004 0.15453125 0.051109375 0.140671875
0 0.5963125 0.6012500000000001 0.192265625 0.08171874999999999
0 0.0765625 0.1899375 0.034375 0.033
1 0.05234375 0.415625 0.0828125 0.0921875
1 0.09296875 0.6515625 0.1859375 0.10625
1 0.296875 0.70078125 0.196875 0.115625
0 0.409375 0.296875 0.0859375 0.0609375
0 0.472125 0.547703125 0.0520625 0.10510937499999999
1 0.10434375 0.075328125 0.2055625 0.06828125
0 0.295546875 0.46526562499999996 0.0671875 0.054609375
1 0.03159375 0.327328125 0.0631875 0.1654375
0 0.287359375 0.13089062499999998 0.0296875 0.034375
0 0.76925 0.69628125 0.0203125 0.01875
0 0.39609375 0.22146875000000002 0.028125 0.03125
0 0.715625 0.4265625 0.1328125 0.1140625
0 0.17481249999999998 0.28296875 0.0875 0.12728124999999998
0 0.28984375 0.281828125 0.0484375 0.11554687500000001
1 0.504703125 0.737171875 0.262921875 0.19215625
0 0.4265625 0.37578125 0.03125 0.03125
0 0.340875 0.36290625 0.137765625 0.07175000000000001
1 0.56121875 0.378640625 0.241640625 0.2209375
1 0.502484375 0.7439843749999999 0.07078124999999999 0.052203124999999996
0 0.055015625 0.063296875 0.11004687500000002 0.030765625
0 0.40239062499999995 0.52859375 0.080671875 0.057406250000000006