0 0.88046875 0.228125 0.05 0.0609375
0 0.7953125 0.065625 0.0375 0.0359375
0 0.10078125 0.284375 0.0703125 0.0421875
0 0.20078125 0.27265625 0.0515625 0.0390625
0 0.9875 0.64375 0.025 0.034375
0 0.81640625 0.16953125 0.0265625 0.0296875
0 0.490625 0.090625 0.0234375 0.021875
0 0.29375 0.3671875 0.0359375 0.0328125
0 0.0921875 0.3234375 0.0296875 0.028125
0 0.0875 0.09921875 0.175 0.1890625
0 0.3734375 0.24921875 0.0375 0.034375
0 0.55859375 0.08984375 0.0390625 0.0328125
0 0.26796875 0.46640625 0.084375 0.0734375
0 0.22890625 0.1859375 0.2 0.14375
0 0.8640625 0.08046875 0.046875 0.0453125
0 0.0078125 0.42421875 0.015625 0.0609375
0 0.2484375 0.26953125 0.04375 0.0265625
0 0.01953125 0.13984375 0.0390625 0.0765625
0 0.728125 0.2796875 0.025 0.034375
0 0.5953125 0.07265625 0.015625 0.0296875
0 0.4125 0.146875 0.040625 0.034375
0 0.91328125 0.08984375 0.01875 0.01875
0 0.0296875 0.53671875 0.059375 0.0515625
0 0.428125 0.2046875 0.03125 0.0375
0 0.54453125 0.0171875 0.059375 0.034375
0 0.278125 0.33203125 0.08125 0.0609375
0 0.10390625 0.55234375 0.0578125 0.04375
0 0.5453125 0.05234375 0.053125 0.04375
0 0.83671875 0.265625 0.0390625 0.05625
0 0.8453125 0.5265625 0.05625 0.0515625
1 0.66328125 0.47109375 0.15625 0.190625
0 0.85 0.00234375 0.034375 0.0046875
0 0.33359375 0.31796875 0.0296875 0.03125
0 0.9328125 0.0171875 0.109375 0.034375
0 0.6296875 0.025 0.015625 0.015625
0 0.87109375 0.4546875 0.0515625 0.0515625
0 0.053125 0.1984375 0.0765625 0.0609375
0 0.02578125 0.2484375 0.0515625 0.046875
0 0.40546875 0.2375 0.034375 0.028125
0 0.45703125 0.12890625 0.04375 0.0390625
0 0.16328125 0.134375 0.028125 0.03125
0 0.85234375 0.359375 0.034375 0.03125
0 0.0421875 0.37109375 0.084375 0.0984375
0 0.8515625 0.165625 0.0390625 0.0375
0 0.19140625 0.45 0.08125 0.090625
0 0.35625 0.2265625 0.0328125 0.0296875
0 0.27421875 0.03203125 0.0875 0.05
0 0.93046875 0.37890625 0.059375 0.059375
0 0.92578125 0.59609375 0.05625 0.059375
0 0.9546875 0.24375 0.053125 0.0421875
0 0.29765625 0.27421875 0.0546875 0.0546875
0 0.2890625 0.41640625 0.015625 0.021875
0 0.96171875 0.1984375 0.0515625 0.0421875
1 0.55546875 0.05859375 0.1359375 0.1171875
1 0.6734375 0.0203125 0.121875 0.040625
0 0.39296875 0.0453125 0.1359375 0.075
0 0.3484375 0.084375 0.1171875 0.065625
0 0.215625 0.0359375 0.053125 0.034375
0 0.1265625 0.31875 0.040625 0.0390625
0 0.025 0.5640625 0.0484375 0.034375