0 0.51875 0.8640625 0.0578125 0.0453125
0 0.40546875 0.72578125 0.021875 0.0203125
0 0.253125 0.5625 0.0578125 0.0515625
0 0.596875 0.5703125 0.040625 0.040625
0 0.36796875 0.3828125 0.0328125 0.028125
0 0.96796875 0.52265625 0.059375 0.0578125
0 0.671875 0.43828125 0.034375 0.0421875
0 0.87421875 0.434375 0.021875 0.034375
0 0.7328125 0.84296875 0.0734375 0.071875
0 0.14765625 0.23984375 0.059375 0.0453125
0 0.86015625 0.36875 0.034375 0.0265625
0 0.8984375 0.40859375 0.075 0.053125
0 0.13828125 0.384375 0.1875 0.0859375
0 0.3890625 0.75703125 0.021875 0.0203125
0 0.6125 0.68203125 0.021875 0.01875
0 0.44140625 0.228125 0.046875 0.0359375
0 0.09296875 0.4875 0.0640625 0.034375
0 0.84296875 0.54140625 0.0359375 0.034375
0 0.1171875 0.1421875 0.0609375 0.0421875
0 0.66875 0.6421875 0.0265625 0.0265625
0 0.0125 0.02890625 0.025 0.0453125
0 0.734375 0.4453125 0.028125 0.025
0 0.7578125 0.61875 0.115625 0.1375
0 0.78203125 0.70234375 0.0421875 0.046875
0 0.72578125 0.46796875 0.028125 0.0265625
0 0.796875 0.38046875 0.0390625 0.0375
0 0.80234375 0.596875 0.0546875 0.0671875
0 0.9875 0.58984375 0.025 0.0390625
0 0.1359375 0.196875 0.059375 0.05
0 0.8296875 0.82734375 0.0296875 0.021875
0 0.028125 0.271875 0.05625 0.053125
0 0.43828125 0.46015625 0.034375 0.021875
0 0.203125 0.1765625 0.0546875 0.03125
0 0.1859375 0.06953125 0.0703125 0.0703125
0 0.421875 0.33046875 0.028125 0.0375
0 0.3171875 0.87890625 0.096875 0.0796875
0 0.95625 0.63046875 0.0328125 0.028125
0 0.00625 0.13359375 0.0125 0.021875
0 0.159375 0.29296875 0.0234375 0.0171875
0 0.97734375 0.66484375 0.04375 0.04375
0 0.9703125 0.8359375 0.021875 0.0140625
0 0.8421875 0.45234375 0.0625 0.0375
0 0.5984375 0.78359375 0.028125 0.0203125
0 0.128125 0.27109375 0.03125 0.0234375
0 0.91015625 0.31640625 0.0578125 0.0375
0 0.40390625 0.178125 0.075 0.0671875
0 0.296875 0.63515625 0.021875 0.01875
0 0.9 0.5203125 0.0421875 0.0359375
0 0.97890625 0.4234375 0.0359375 0.0921875
0 0.853125 0.34296875 0.0296875 0.028125
0 0.97421875 0.2984375 0.04375 0.025
0 0.60234375 0.4609375 0.0484375 0.078125
0 0.69296875 0.59296875 0.03125 0.0515625
0 0.84921875 0.6 0.04375 0.04375
0 0.853125 0.753125 0.0796875 0.059375
0 0.75625 0.72890625 0.046875 0.034375
0 0.690625 0.5359375 0.0421875 0.034375
0 0.57421875 0.5625 0.0296875 0.0265625
0 0.76953125 0.55234375 0.059375 0.0546875
0 0.7296875 0.75546875 0.015625 0.0125
0 0.2515625 0.2390625 0.053125 0.0390625
0 0.44140625 0.5375 0.1140625 0.1296875
0 0.8859375 0.6171875 0.034375 0.0296875
0 0.65703125 0.740625 0.0890625 0.075
0 0.5125 0.67265625 0.021875 0.015625
0 0.27890625 0.3625 0.1390625 0.1296875
0 0.703125 0.7 0.0234375 0.01875
0 0.1015625 0.62578125 0.05625 0.0578125
0 0.38125 0.35625 0.04375 0.028125
0 0.62578125 0.7953125 0.0203125 0.0171875
0 0.03046875 0.34609375 0.0609375 0.046875
0 0.88046875 0.56640625 0.05625 0.053125
0 0.40625 0.653125 0.01875 0.0171875
0 0.50546875 0.81328125 0.025 0.01875
0 0.3671875 0.6609375 0.0515625 0.05
0 0.39296875 0.8578125 0.03125 0.0265625
0 0.3921875 0.60625 0.0484375 0.0515625
0 0.91328125 0.28203125 0.0515625 0.034375
0 0.615625 0.6203125 0.0265625 0.01875
0 0.8359375 0.3203125 0.0390625 0.0296875
0 0.14140625 0.5078125 0.05625 0.0265625
0 0.48828125 0.509375 0.0578125 0.065625
0 0.60546875 0.39453125 0.078125 0.0640625
0 0.3734375 0.3109375 0.040625 0.034375
0 0.30703125 0.45 0.071875 0.053125
0 0.41875 0.853125 0.021875 0.0234375
0 0.70078125 0.3984375 0.0265625 0.028125
0 0.559375 0.85078125 0.0671875 0.0765625
0 0.3734375 0.8796875 0.021875 0.0234375
0 0.6390625 0.703125 0.0234375 0.01875
0 0.3375 0.7796875 0.03125 0.028125
0 0.675 0.496875 0.04375 0.03125
0 0.309375 0.22421875 0.078125 0.0546875
0 0.31015625 0.27421875 0.0296875 0.021875
0 0.528125 0.7140625 0.021875 0.0203125
0 0.06171875 0.75546875 0.059375 0.03125
0 0.6875 0.35859375 0.0421875 0.034375
0 0.4328125 0.8203125 0.0265625 0.0203125
0 0.44609375 0.78828125 0.0203125 0.01875
0 0.3171875 0.53046875 0.0703125 0.05625
0 0.8953125 0.46796875 0.0296875 0.0296875
0 0.8390625 0.4875 0.0609375 0.0421875
0 0.365625 0.2828125 0.0703125 0.0390625
0 0.815625 0.7890625 0.0546875 0.0578125
0 0.803125 0.753125 0.0546875 0.0640625
0 0.84140625 0.646875 0.05 0.0640625
0 0.84296875 0.6875 0.053125 0.0515625
0 0.69296875 0.45078125 0.028125 0.065625
0 0.9125 0.3890625 0.034375 0.0296875
0 0.41171875 0.34921875 0.0546875 0.046875
0 0.0796875 0.86875 0.159375 0.165625
0 0.25546875 0.90390625 0.028125 0.028125
0 0.12265625 0.6890625 0.2453125 0.4859375
0 0.1953125 0.5671875 0.16875 0.309375
0 0.54765625 0.60078125 0.0453125 0.03125
0 0.55703125 0.65234375 0.10625 0.075
0 0.9953125 0.8203125 0.009375 0.01875
0 0.76171875 0.52734375 0.0171875 0.0140625
0 0.99609375 0.62265625 0.0078125 0.01875