0 0.240625 0.27109375 0.04375 0.03125
0 0.575 0.43203125 0.146875 0.0875
0 0.9640625 0.14609375 0.0640625 0.0875
1 0.228796875 0.35348437499999996 0.082578125 0.07573437499999999
0 0.92734375 0.3453125 0.046875 0.0328125
0 0.45078125 0.6953125 0.06875 0.05625
0 0.18046875 0.20859375 0.046875 0.03125
0 0.66484375 0.50390625 0.0234375 0.0140625
0 0.46875 0.7546875 0.0296875 0.01875
0 0.946875 0.546875 0.0390625 0.0265625
0 0.96796875 0.484375 0.0453125 0.03125
0 0.62109375 0.21328125 0.05 0.075
0 0.78828125 0.05703125 0.040625 0.0375
0 0.72734375 0.274765625 0.040625 0.0453125
0 0.784375 0.5609375 0.0375 0.0453125
0 0.425 0.2703125 0.128125 0.103125
0 0.74296875 0.33359375 0.04375 0.0328125
0 0.82578125 0.20859375 0.0515625 0.0390625
0 0.40546875 0.69453125 0.025 0.015625
0 0.74921875 0.50546875 0.04375 0.0359375
0 0.45703125 0.625 0.028125 0.0171875
0 0.165625 0.5625 0.034375 0.025
0 0.1203125 0.31796875 0.1078125 0.0578125
0 0.246875 0.2359375 0.0421875 0.034375
0 0.81640625 0.4953125 0.0359375 0.05
0 0.2390625 0.7125 0.071875 0.0671875
0 0.44609375 0.334375 0.0453125 0.0296875
0 0.07421875 0.4015625 0.0515625 0.034375
0 0.3296875 0.33203125 0.121875 0.090625
0 0.1015625 0.375 0.0421875 0.0328125
0 0.21875 0.521875 0.0375 0.0453125
0 0.446875 0.371875 0.046875 0.0265625
0 0.628125 0.35078125 0.059375 0.059375
0 0.86484375 0.3203125 0.046875 0.0359375
0 0.815625 0.728125 0.021875 0.0125
0 0.78515625 0.17421875 0.1578125 0.0703125
0 0.1296875 0.471875 0.0234375 0.025
0 0.371875 0.0546875 0.046875 0.0375
0 0.4765625 0.00703125 0.046875 0.0140625
0 0.16015625 0.4734375 0.0515625 0.0296875
0 0.09609375 0.7078125 0.034375 0.01875
0 0.9796875 0.4546875 0.034375 0.0296875
0 0.5375 0.34140625 0.05625 0.046875
0 0.89296875 0.121875 0.0421875 0.034375
0 0.328125 0.09921875 0.0671875 0.084375
0 0.5855625 0.46978125000000004 0.036546875 0.020203125
0 0.42228125 0.069859375 0.0375 0.0234375
0 0.976171875 0.337171875 0.04765625 0.08034375
0 0.6095625 0.482703125 0.0171875 0.0140625
0 0.9109375 0.67890625 0.053125 0.0390625
0 0.690625 0.59140625 0.0578125 0.059375
0 0.9203125 0.51015625 0.034375 0.05
1 0.19453125 0.434375 0.08125 0.0640625
0 0.0421875 0.4203125 0.0265625 0.0203125
0 0.5140625 0.14609375 0.1171875 0.1421875
0 0.30234375 0.26796875 0.046875 0.03125
0 0.984375 0.678125 0.025 0.0375
0 0.46796875 0.38984375 0.034375 0.021875
0 0.49765625 0.6765625 0.0328125 0.0203125
0 0.969109375 0.20746875 0.034375 0.01875
0 0.71171875 0.70078125 0.1015625 0.1140625
0 0.18125 0.65 0.0234375 0.01875
0 0.909375 0.29921875 0.0609375 0.0484375
0 0.64765625 0.61640625 0.015625 0.01875
1 0.3078125 0.1515625 0.040625 0.0484375
0 0.13828125 0.578125 0.0375 0.021875
0 0.6686875 0.264421875 0.039546874999999995 0.0236875
0 0.92578125 0.59453125 0.0515625 0.04375
0 0.6609375 0.53359375 0.046875 0.0390625
0 0.05859375 0.628125 0.025 0.0296875
0 0.43203125 0.453125 0.034375 0.021875
0 0.6375 0.43359375 0.028125 0.021875
0 0.441703125 0.537796875 0.013109375000000001 0.013109375000000001
0 0.51015625 0.3953125 0.01875 0.0125
0 0.96875 0.278125 0.0484375 0.0296875
0 0.07265625 0.271875 0.0484375 0.03125
0 0.828125 0.24296875 0.046875 0.0375
0 0.36953125 0.16640625 0.046875 0.0359375
0 0.26275 0.46425 0.028125 0.028125
0 0.184375 0.6140625 0.034375 0.0234375
0 0.130078125 0.248828125 0.054703125 0.04140625
0 0.921875 0.43359375 0.071875 0.059375
0 0.734375 0.23515625 0.071875 0.04375
0 0.88984375 0.371875 0.0484375 0.03125
0 0.67890625 0.31484375 0.046875 0.0296875
0 0.015625 0.43359375 0.0234375 0.01875
0 0.9828125 0.61171875 0.034375 0.034375
0 0.50859375 0.56328125 0.046875 0.0421875
0 0.19375 0.709375 0.0375 0.0265625
0 0.41171875 0.43125 0.0375 0.021875
0 0.7296875 0.61875 0.0203125 0.015625
0 0.18515625 0.33515625 0.046875 0.03125
0 0.78359375 0.52578125 0.025 0.01875
0 0.85234375 0.7578125 0.0546875 0.0359375
0 0.13671875 0.12890625 0.146875 0.0890625
0 0.7765625 0.4390625 0.075 0.1296875
0 0.01953125 0.515625 0.0390625 0.0375
0 0.009375 0.21484375 0.0171875 0.053125
0 0.7921875 0.70703125 0.0203125 0.0140625
0 0.040625 0.07265625 0.08125 0.0453125
0 0.8625 0.28515625 0.0203125 0.0171875
0 0.08203125 0.53203125 0.1171875 0.08125
0 0.48671875 0.36609375 0.015625 0.0078125
0 0.9546875 0.08125 0.01875 0.0140625
0 0.4796875 0.60859375 0.0296875 0.028125
0 0.653125 0.57265625 0.0125 0.01875
0 0.025671875 0.161828125 0.05134375 0.0796875
0 0.70859375 0.50390625 0.0140625 0.0109375
0 0.5125 0.31640625 0.053125 0.040625
0 0.2625 0.28984375 0.03125 0.0265625
0 0.74334375 0.064359375 0.021875 0.0234375
0 0.63125 0.465625 0.034375 0.025
0 0.1671875 0.5265625 0.04375 0.034375
0 0.88828125 0.19375 0.04375 0.0328125
0 0.95078125 0.3875 0.0546875 0.0390625
0 0.66953125 0.17578125 0.059375 0.0375
0 0.615625 0.29140625 0.0390625 0.0390625
0 0.03515625 0.38046875 0.0703125 0.0828125
0 0.201453125 0.447671875 0.0224375 0.0225
0 0.220796875 0.360375 0.025656250000000002 0.016296875
1 0.304328125 0.41278125 0.064703125 0.091390625
0 0.993265625 0.193125 0.013484375000000002 0.023171875
0 0.65509375 0.37553125 0.055296875 0.044578125
0 0.6695625 0.21985937500000002 0.03215625 0.028296875
0 0.76721875 0.01640625 0.034296875 0.032796874999999996
0 0.787984375 0.01240625 0.025546875000000004 0.024796875
0 0.045765625 0.1444375 0.023828125 0.040046874999999996
1 0.550125 0.61990625 0.21665625 0.14803125
0 0.6152968750000001 0.65025 0.01190625 0.0120625