0 0.66796875 0.86640625 0.0203125 0.01875
0 0.61015625 0.346875 0.04375 0.0390625
0 0.521875 0.78984375 0.025 0.025
0 0.1953125 0.33359375 0.0484375 0.0359375
0 0.7015625 0.8203125 0.0359375 0.025
0 0.3890625 0.80625 0.0359375 0.0265625
0 0.578125 0.6484375 0.1 0.065625
0 0.5875 0.99375 0.0359375 0.0109375
0 0.665625 0.50859375 0.04375 0.03125
0 0.64609375 0.59921875 0.1 0.0859375
0 0.815625 0.09140625 0.09375 0.05
0 0.0375 0.62734375 0.0453125 0.0328125
0 0.026640625 0.98359375 0.05014062500000001 0.0296875
0 0.75390625 0.9890625 0.046875 0.021875
0 0.3265625 0.9109375 0.1140625 0.08125
0 0.484375 0.5375 0.071875 0.0796875
0 0.496875 0.490625 0.0234375 0.028125
0 0.73125 0.74765625 0.0203125 0.0203125
0 0.221875 0.76328125 0.059375 0.0421875
0 0.103125 0.3609375 0.08125 0.0328125
0 0.67578125 0.44921875 0.0875 0.10625
0 0.23828125 0.23984375 0.1234375 0.0765625
0 0.128125 0.66796875 0.034375 0.0296875
0 0.17734375 0.73671875 0.090625 0.071875
0 0.74609375 0.02734375 0.1171875 0.0546875
0 0.678125 0.70546875 0.04375 0.0265625
0 0.521875 0.9125 0.03125 0.0296875
0 0.15984375 0.25773437499999996 0.06875 0.04296875
0 0.7125 0.66640625 0.05625 0.0359375
0 0.34921875 0.57421875 0.0953125 0.109375
0 0.27890625 0.83984375 0.2359375 0.1359375
0 0.52109375 0.3984375 0.134375 0.1265625
0 0.82578125 0.15078125 0.0765625 0.059375
0 0.153125 0.4453125 0.125 0.065625
0 0.378125 0.521875 0.0953125 0.125
0 0.740625 0.2953125 0.0390625 0.03125
0 0.4546875 0.315625 0.121875 0.0625
0 0.59140625 0.46171875 0.071875 0.059375
0 0.03671875 0.33125 0.0734375 0.0453125
0 0.5578125 0.8859375 0.028125 0.034375
0 0.7203125 0.78203125 0.0375 0.0453125
0 0.74765625 0.6296875 0.0578125 0.0359375
0 0.665625 0.83359375 0.0375 0.034375
0 0.32890625 0.09140625 0.0671875 0.0421875
0 0.78671875 0.4625 0.1234375 0.1734375
0 0.60390625 0.1 0.078125 0.06875
0 0.675 0.209375 0.0890625 0.075
0 0.3921875 0.653125 0.009375 0.0203125
0 0.13671875 0.51796875 0.0734375 0.040625
0 0.5953125 0.53203125 0.0828125 0.0828125
0 0.55390625 0.578125 0.0671875 0.059375
0 0.9359375 0.13203125 0.1 0.071875
0 0.33046875 0.640625 0.0640625 0.06875
0 0.6046875 0.28984375 0.0703125 0.0671875
0 0.62109375 0.178125 0.1 0.06875
0 0.984375 0.071875 0.0265625 0.06875
0 0.903125 0.29140625 0.075 0.05
0 0.03828125 0.59296875 0.046875 0.03125
1 0.089296875 0.039765625 0.11671875000000001 0.07953125
0 0.246875 0.59140625 0.0921875 0.084375
0 0.10625 0.91484375 0.04375 0.021875
0 0.759375 0.58125 0.1 0.0640625
0 0.6387968749999999 0.958203125 0.08384375 0.08359375
0 0.946875 0.58515625 0.0515625 0.0421875
0 0.63359375 0.7109375 0.0359375 0.0265625
0 0.66796875 0.67109375 0.034375 0.0265625
0 0.16171875 0.83828125 0.071875 0.0640625
0 0.56875 0.75703125 0.0578125 0.09375
0 0.5078125 0.79296875 0.046875 0.0234375
0 0.40234375 0.7234375 0.059375 0.0640625
0 0.91171875 0.0234375 0.0765625 0.046875
0 0.98046875 0.46275000000000005 0.0390625 0.0390625
0 0.671875 0.29867187500000003 0.0640625 0.061406249999999996
0 0.98359375 0.234375 0.028125 0.05625
0 0.292578125 0.36875 0.19453125 0.11625
0 0.0921875 0.63125 0.040625 0.028125
0 0.059375 0.95 0.046875 0.0296875
0 0.69375 0.32578125 0.071875 0.065625
0 0.88984375 0.23046875 0.090625 0.071875
0 0.1359375 0.59453125 0.13125 0.0796875
0 0.36953125 0.6890625 0.0640625 0.071875
0 0.490625 0.753125 0.034375 0.0265625
0 0.15196875 0.9175156250000001 0.0203125 0.0171875
0 0.821875 0.12109375 0.084375 0.0984375
0 0.065625 0.784375 0.13125 0.1125
0 0.453125 0.9015625 0.071875 0.0546875
0 0.18515625 0.07734375 0.234375 0.090625
0 0.29921875 0.2203125 0.065625 0.0453125
0 0.04296875 0.4890625 0.084375 0.2140625
0 0.7109375 0.63671875 0.021875 0.01875
0 0.371875 0.21953125 0.0234375 0.0140625
0 0.4921875 0.76875 0.040625 0.0390625
0 0.60703125 0.78984375 0.05625 0.0421875
0 0.98671875 0.50078125 0.0234375 0.03125
0 0.2796875 0.690625 0.0484375 0.034375
0 0.0890625 0.3015625 0.021875 0.015625
0 0.6203125 0.41484375 0.0546875 0.05
0 0.45390625 0.48671875 0.0390625 0.040625
0 0.48671875 0.16640625 0.1046875 0.0890625
0 0.34609375 0.8078125 0.0453125 0.028125
0 0.40554687500000003 0.024140625 0.18765625 0.04828125
0 0.021625 0.84765625 0.04325 0.103125
0 0.6484375 0.74140625 0.0390625 0.0234375
0 0.672796875 0.95790625 0.0556875 0.06029687500000001
0 0.34740625 0.2800625 0.015921875 0.032453125
0 0.3600625 0.298109375 0.018734375 0.027296874999999998
0 0.792390625 0.269046875 0.017796875 0.02915625
0 0.81115625 0.26365625000000004 0.022484375 0.020234375
0 0.8741562500000001 0.538609375 0.14784375 0.149859375
0 0.798109375 0.754578125 0.022234375 0.026609375
0 0.9176249999999999 0.9920625 0.060906249999999995 0.015875
0 0.11495312499999999 0.993125 0.09859375000000001 0.013765625
1 0.34409375 0.588796875 0.27753125 0.405625
1 0.7994375 0.41676562500000003 0.18984375 0.38309375