0 0.37265625 0.10234375 0.121875 0.078125
0 0.37890625 0.5671875 0.059375 0.1046875
0 0.528125 0.8328125 0.08125 0.0765625
0 0.66796875 0.08828125 0.1609375 0.1765625
0 0.94453125 0.925 0.0921875 0.0359375
0 0.12421875 0.565625 0.078125 0.059375
0 0.5796875 0.115625 0.0515625 0.084375
0 0.66875 0.15390625 0.034375 0.028125
0 0.8875 0.86171875 0.0453125 0.0515625
0 0.49609375 0.88984375 0.0453125 0.0765625
0 0.98828125 0.66171875 0.0234375 0.1015625
0 0.99296875 0.54609375 0.0140625 0.0828125
0 0.775 0.1265625 0.0234375 0.0296875
0 0.69453125 0.55625 0.0765625 0.1046875
0 0.15546875 0.60546875 0.0484375 0.0484375
0 0.85703125 0.546875 0.1640625 0.1546875
0 0.725 0.665625 0.0984375 0.128125
0 0.56953125 0.20234375 0.0671875 0.05
0 0.99296875 0.91328125 0.0140625 0.0234375
1 0.478125 0.4046875 0.2234375 0.21875
0 0.88671875 0.06171875 0.0984375 0.0921875
0 0.0578125 0.2078125 0.115625 0.175
0 0.40234375 0.70234375 0.08125 0.078125
0 0.2328125 0.475 0.0703125 0.046875
0 0.4359375 0.51328125 0.04375 0.053125
0 0.35703125 0.96796875 0.0671875 0.0640625
0 0.1140625 0.728125 0.2046875 0.2984375
0 0.94453125 0.44765625 0.0546875 0.0734375
0 0.5421875 0.0546875 0.1375 0.109375
0 0.45859375 0.140625 0.0703125 0.075
0 0.4875 0.97578125 0.0875 0.0484375
0 0.4390625 0.04921875 0.08125 0.065625
0 0.8046875 0.353125 0.065625 0.0796875
0 0.075 0.38125 0.1453125 0.15
0 0.9734375 0.54921875 0.053125 0.0890625
0 0.8875 0.03046875 0.09375 0.0609375
0 0.18046875 0.51953125 0.0796875 0.053125
0 0.5953125 0.403125 0.11875 0.128125
0 0.11328125 0.13984375 0.2125 0.1953125
0 0.69296875 0.8140625 0.0828125 0.1125
0 0.44921875 0.63828125 0.0875 0.0609375
0 0.24921875 0.85546875 0.2734375 0.2890625
0 0.54453125 0.97578125 0.0421875 0.0484375
0 0.659375 0.31953125 0.1828125 0.2109375
0 0.796875 0.2359375 0.0625 0.075
0 0.07890625 0.97578125 0.0265625 0.0484375
0 0.92734375 0.85234375 0.0515625 0.053125
0 0.77890625 0.9015625 0.0359375 0.0484375
0 0.425 0.86328125 0.125 0.15
0 0.271875 0.5203125 0.0375 0.0515625
0 0.7671875 0.5078125 0.0359375 0.0375
0 0.7453125 0.61953125 0.0765625 0.103125
0 0.54140625 0.56328125 0.1640625 0.1546875
0 0.78359375 0.4578125 0.0734375 0.0546875
0 0.74140625 0.421875 0.065625 0.0484375
0 0.83671875 0.4390625 0.059375 0.06875
0 0.90703125 0.2546875 0.1453125 0.19375
0 0.42578125 0.44375 0.040625 0.0515625
1 0.9015625 0.7453125 0.196875 0.315625
0 0.6734375 0.4203125 0.0375 0.0390625
0 0.53359375 0.778125 0.0328125 0.040625
0 0.6984375 0.44375 0.05 0.0546875
0 0.86875 0.79140625 0.0953125 0.1296875
0 0.5046875 0.6953125 0.0890625 0.1125
0 0.30625 0.18828125 0.0453125 0.034375
0 0.36640625 0.03671875 0.10625 0.046875
0 0.33203125 0.025 0.0625 0.01875
0 0.44140625 0.009375 0.0796875 0.01875