0 0.13671875 0.47421875 0.0515625 0.0625
0 0.2875 0.37890625 0.0234375 0.0234375
0 0.46796875 0.24765625 0.0578125 0.0640625
0 0.41875 0.5875 0.0453125 0.0453125
0 0.63203125 0.38359375 0.03125 0.0359375
0 0.4203125 0.96171875 0.0640625 0.065625
0 0.540625 0.678125 0.0453125 0.0390625
0 0.51953125 0.8796875 0.0375 0.0265625
0 0.13125 0.6890625 0.0796875 0.08125
0 0.80078125 0.18203125 0.0515625 0.0640625
0 0.58671875 0.8734375 0.03125 0.0375
0 0.5421875 0.90625 0.0625 0.08125
0 0.65859375 0.1546875 0.1078125 0.196875
0 0.25859375 0.35859375 0.0234375 0.0234375
0 0.30546875 0.58984375 0.021875 0.0234375
0 0.77734375 0.475 0.040625 0.0515625
0 0.56171875 0.09765625 0.0421875 0.0671875
0 0.4171875 0.83515625 0.0390625 0.040625
0 0.9015625 0.16328125 0.05 0.065625
0 0.33828125 0.65 0.0296875 0.0296875
0 0.52578125 0.7390625 0.028125 0.03125
0 0.35078125 0.74140625 0.15 0.13125
0 0.26484375 0.75546875 0.0515625 0.046875
0 0.50390625 0.728125 0.0296875 0.03125
0 0.5828125 0.809375 0.0421875 0.04375
0 0.3671875 0.78828125 0.0734375 0.0625
0 0.3515625 0.97265625 0.0421875 0.0296875
0 0.8453125 0.17578125 0.05625 0.065625
0 0.13515625 0.7875 0.025 0.0328125
0 0.78359375 0.059375 0.059375 0.0625
0 0.546875 0.44375 0.0265625 0.0375
0 0.85703125 0.24453125 0.0375 0.0578125
0 0.96328125 0.240625 0.0734375 0.078125
0 0.678125 0.44296875 0.040625 0.0328125
0 0.14609375 0.27265625 0.090625 0.10625
0 0.31484375 0.93671875 0.03125 0.0359375
0 0.92421875 0.0546875 0.0234375 0.015625
0 0.746875 0.1875 0.0203125 0.025
0 0.278125 0.95390625 0.0484375 0.0484375
0 0.109375 0.92578125 0.0171875 0.0234375
0 0.50546875 0.8453125 0.0453125 0.0671875
0 0.20625 0.56328125 0.0234375 0.0296875
0 0.77265625 0.15859375 0.0265625 0.034375
0 0.63203125 0.9296875 0.04375 0.0625
0 0.83125 0.44375 0.0765625 0.0828125
0 0.390625 0.28203125 0.021875 0.0234375
0 0.43125 0.89453125 0.040625 0.046875
0 0.51796875 0.98046875 0.0953125 0.0390625
0 0.6125 0.86953125 0.03125 0.0328125
0 0.64140625 0.9859375 0.0296875 0.028125
0 0.5265625 0.60625 0.0828125 0.0578125
0 0.384375 0.68046875 0.0546875 0.0375
0 0.3578125 0.834375 0.0484375 0.0484375
0 0.20546875 0.81953125 0.06875 0.0859375
0 0.24140625 0.7265625 0.0390625 0.05
0 0.44140625 0.68515625 0.0390625 0.0453125
0 0.42890625 0.56640625 0.0296875 0.0328125
0 0.41484375 0.7609375 0.0609375 0.065625
0 0.21875 0.696875 0.0140625 0.0171875
0 0.7890625 0.28515625 0.0453125 0.0578125
0 0.46953125 0.4375 0.1421875 0.1296875
0 0.33671875 0.86875 0.034375 0.0375
0 0.2421875 0.6265625 0.0859375 0.096875
0 0.32734375 0.49140625 0.01875 0.0234375
0 0.66328125 0.29765625 0.1453125 0.153125
0 0.2765625 0.67734375 0.021875 0.025
0 0.4234375 0.0890625 0.0640625 0.0625
0 0.65703125 0.4 0.0328125 0.046875
0 0.19140625 0.5890625 0.0203125 0.021875
0 0.71015625 0.05234375 0.0546875 0.065625
0 0.3875 0.86953125 0.059375 0.0625
0 0.359375 0.38828125 0.01875 0.0203125
0 0.18828125 0.4671875 0.021875 0.0265625
0 0.35625 0.3484375 0.05625 0.0578125
0 0.1578125 0.35 0.0296875 0.034375
0 0.4078125 0.3796875 0.0578125 0.0546875
0 0.665625 0.93671875 0.040625 0.0546875
0 0.36640625 0.6 0.021875 0.028125
0 0.6375 0.85546875 0.034375 0.0421875
0 0.5359375 0.14296875 0.0328125 0.059375
0 0.4921875 0.4875 0.071875 0.065625
0 0.5921875 0.6171875 0.0734375 0.0859375
0 0.703125 0.39765625 0.0390625 0.04375
0 0.5734375 0.31484375 0.0609375 0.078125
0 0.159375 0.3765625 0.0265625 0.025
0 0.5765625 0.71171875 0.03125 0.0296875
0 0.14453125 0.51640625 0.084375 0.0765625
0 0.13828125 0.328125 0.0265625 0.025
0 0.28125 0.61328125 0.021875 0.025
0 0.2421875 0.3046875 0.03125 0.034375
0 0.48203125 0.67421875 0.0359375 0.046875
0 0.796875 0.34453125 0.0640625 0.084375
0 0.746875 0.3390625 0.025 0.0328125
0 0.284375 0.5015625 0.0234375 0.0234375
0 0.3 0.03359375 0.0375 0.0625
0 0.6171875 0.703125 0.0390625 0.0453125
0 0.190625 0.39453125 0.0234375 0.028125
0 0.2203125 0.41171875 0.0203125 0.021875
0 0.4921875 0.31484375 0.0640625 0.0765625
0 0.48359375 0.89609375 0.0328125 0.0328125
0 0.47109375 0.83828125 0.05 0.065625
0 0.73203125 0.39296875 0.046875 0.075
0 0.175 0.778125 0.0640625 0.0609375
0 0.21171875 0.7703125 0.0703125 0.0625
0 0.3125 0.82109375 0.0703125 0.0578125
0 0.271875 0.8171875 0.0578125 0.059375
0 0.525 0.69765625 0.06875 0.0359375
0 0.56015625 0.92265625 0.034375 0.0375
0 0.66015625 0.43046875 0.053125 0.059375
0 0.184375 0.06328125 0.184375 0.1265625
0 0.12890625 0.2078125 0.03125 0.03125
0 0.3578125 0.1265625 0.5125 0.253125
0 0.4703125 0.1890625 0.328125 0.2046875
0 0.39453125 0.53515625 0.0359375 0.0484375
0 0.3421875 0.53828125 0.0875 0.1140625
0 0.121875 0.95234375 0.0203125 0.0109375
0 0.440625 0.75625 0.015625 0.01875
0 0.31796875 0.97734375 0.0203125 0.009375