0 0.75859375 0.375 0.0796875 0.0359375
0 0.7421875 0.2875 0.103125 0.1171875
0 0.528125 0.13515625 0.1875 0.1078125
0 0.72734375 0.4390625 0.078125 0.1328125
0 0.8515625 0.03515625 0.090625 0.0703125
0 0.21484375 0.39296875 0.05 0.03125
0 0.584375 0.91015625 0.0234375 0.03125
0 0.75 0.609375 0.040625 0.0484375
0 0.44921875 0.82421875 0.0421875 0.040625
0 0.5140625 0.4515625 0.0453125 0.05
0 0.5296875 0.61171875 0.0890625 0.0640625
0 0.26015625 0.04609375 0.0390625 0.0359375
0 0.39609375 0.47890625 0.0328125 0.0296875
0 0.478125 0.62265625 0.028125 0.0328125
0 0.8046875 0.43359375 0.071875 0.059375
0 0.278125 0.33984375 0.1109375 0.059375
0 0.57734375 0.478125 0.0671875 0.0578125
0 0.57265625 0.82109375 0.0421875 0.0484375
0 0.96328125 0.23046875 0.0453125 0.05625
0 0.5765625 0.40859375 0.1 0.0921875
0 0.32890625 0.25078125 0.0359375 0.05
0 0.46015625 0.89140625 0.0390625 0.0390625
0 0.421875 0.77421875 0.040625 0.040625
0 0.9234375 0.03359375 0.09375 0.0671875
0 0.54140625 0.3296875 0.034375 0.0359375
0 0.30625 0.73125 0.0265625 0.034375
0 0.0859375 0.8671875 0.0296875 0.0390625
0 0.32890625 0.02578125 0.05 0.0390625
0 0.47109375 0.66796875 0.0234375 0.0234375
0 0.25234375 0.30546875 0.0171875 0.021875
0 0.08671875 0.0828125 0.0875 0.0796875
0 0.39609375 0.02734375 0.0453125 0.05
0 0.03359375 0.0375 0.0484375 0.0453125
0 0.37421875 0.83828125 0.021875 0.025
0 0.9078125 0.440625 0.04375 0.0640625
0 0.39921875 0.60625 0.078125 0.0625
0 0.31953125 0.6875 0.0453125 0.05
0 0.5796875 0.26484375 0.0890625 0.1171875
0 0.5046875 0.659375 0.0234375 0.021875
0 0.56640625 0.5421875 0.06875 0.071875
0 0.8046875 0.3515625 0.1046875 0.075
0 0.4640625 0.96484375 0.05 0.0609375
0 0.3609375 0.72890625 0.04375 0.0296875
0 0.33125 0.3828125 0.01875 0.015625
0 0.6890625 0.915625 0.0171875 0.0203125
0 0.93515625 0.509375 0.096875 0.0859375
0 0.66015625 0.91484375 0.0484375 0.0421875
0 0.37578125 0.26015625 0.053125 0.1046875
0 0.55859375 0.38515625 0.228125 0.1109375
0 0.85625 0.54375 0.0421875 0.05
0 0.67578125 0.25703125 0.1296875 0.0890625
0 0.3140625 0.99375 0.034375 0.0125
0 0.984375 0.4765625 0.03125 0.0390625
0 0.58125 0.41875 0.0546875 0.0640625
0 0.3203125 0.76640625 0.040625 0.0421875
0 0.7953125 0.0421875 0.1078125 0.05
0 0.4234375 0.2953125 0.0546875 0.06875
0 0.0203125 0.7390625 0.0265625 0.0359375
0 0.6734375 0.55234375 0.034375 0.04375
0 0.77578125 0.79140625 0.0546875 0.059375
0 0.9859375 0.35 0.01875 0.0546875
0 0.9609375 0.146875 0.0375 0.075
0 0.1390625 0.9609375 0.021875 0.025
0 0.82734375 0.15 0.046875 0.0578125
0 0.84765625 0.446875 0.0625 0.0734375
0 0.7046875 0.86875 0.040625 0.0421875
0 0.246875 0.97421875 0.0296875 0.0359375
0 0.48359375 0.071875 0.1375 0.0484375
0 0.8078125 0.7328125 0.0359375 0.0453125
0 0.678125 0.6859375 0.0484375 0.0484375
0 0.6421875 0.409375 0.0859375 0.053125
0 0.91640625 0.353125 0.053125 0.090625
0 0.67890625 0.034375 0.0953125 0.06875
0 0.07890625 0.95625 0.0609375 0.059375
0 0.4109375 0.1171875 0.0390625 0.046875
0 0.73046875 0.9078125 0.034375 0.0390625
0 0.51796875 0.03359375 0.1984375 0.0671875
0 0.2953125 0.12890625 0.1296875 0.1515625
0 0.4296875 0.40703125 0.0296875 0.034375
0 0.234375 0.6890625 0.0609375 0.053125
0 0.59296875 0.32578125 0.0640625 0.04375
0 0.678125 0.14921875 0.0484375 0.0609375
0 0.965625 0.01171875 0.028125 0.0234375
0 0.0234375 0.82734375 0.0234375 0.034375
0 0.2953125 0.97578125 0.0265625 0.0296875
0 0.94140625 0.4125 0.0171875 0.021875
0 0.2375 0.63671875 0.0859375 0.0609375
0 0.478125 0.2578125 0.0890625 0.134375
0 0.50078125 0.89609375 0.053125 0.0546875
0 0.40546875 0.19921875 0.0421875 0.1078125
0 0.80703125 0.28125 0.025 0.0328125
0 0.63671875 0.47421875 0.0578125 0.071875
0 0.68125 0.75390625 0.0421875 0.0484375
0 0.1734375 0.93671875 0.0375 0.0375
0 0.634375 0.671875 0.05 0.0453125
0 0.6328125 0.9796875 0.0234375 0.0296875
0 0.5078125 0.55546875 0.0265625 0.034375
0 0.8875 0.2296875 0.059375 0.109375
0 0.3625 0.43515625 0.1015625 0.0875
0 0.23359375 0.4484375 0.134375 0.0609375
0 0.32265625 0.4953125 0.0296875 0.03125
0 0.32890625 0.59375 0.0296875 0.021875
0 0.496875 0.05234375 0.0265625 0.015625
0 0.675 0.26796875 0.021875 0.0171875
0 0.98125 0.1328125 0.015625 0.0734375
0 0.5265625 0.98203125 0.04375 0.0359375
0 0.5671875 0.98046875 0.028125 0.0359375
0 0.2578125 0.76953125 0.0265625 0.034375
1 0.58671875 0.58125 0.225 0.175