0 0.39296875 0.509375 0.0171875 0.0171875
0 0.4171875 0.19609375 0.034375 0.0296875
0 0.85 0.584375 0.03125 0.0421875
0 0.24329687500000002 0.241734375 0.016968749999999998 0.023
0 0.865625 0.88125 0.01875 0.021875
0 0.6046875 0.12890625 0.046875 0.078125
0 0.8515625 0.403125 0.028125 0.03125
0 0.75203125 0.5138906249999999 0.01875 0.0234375
0 0.53671875 0.478125 0.0328125 0.0375
0 0.13125 0.459375 0.034375 0.05
0 0.72265625 0.2859375 0.0125 0.021875
0 0.7598125 0.412828125 0.0234375 0.0171875
0 0.34453125 0.80390625 0.0140625 0.0140625
0 0.65390625 0.86328125 0.0203125 0.01875
0 0.2734375 0.65546875 0.028125 0.021875
0 0.5046875 0.37109375 0.046875 0.0359375
0 0.259375 0.62890625 0.0234375 0.025
0 0.97265625 0.721875 0.034375 0.0421875
0 0.22890625 0.028125 0.1296875 0.05625
0 0.75390625 0.778125 0.0203125 0.015625
0 0.759375 0.21328125 0.0546875 0.0671875
0 0.57890625 0.54296875 0.03125 0.0453125
0 0.71796875 0.203125 0.021875 0.025
0 0.262046875 0.812484375 0.0328125 0.0703125
0 0.7478125 0.612625 0.022203125 0.014703125000000001
0 0.72421875 0.338734375 0.029015625 0.016296875
0 0.984375 0.640625 0.0296875 0.0234375
0 0.96953125 0.2890625 0.05 0.0390625
0 0.20078125 0.51796875 0.01875 0.025
0 0.31953125 0.359375 0.05 0.0546875
0 0.42946875 0.7953125 0.0171875 0.0171875
0 0.753125 0.653125 0.01875 0.015625
0 0.5890625 0.4546875 0.021875 0.021875
0 0.153296875 0.6196875000000001 0.02378125 0.020015625000000002
0 0.74809375 0.393734375 0.03125 0.025
0 0.10703125 0.2546875 0.03125 0.04375
0 0.190625 0.8171875 0.015625 0.021875
0 0.134375 0.28984375 0.025 0.0296875
0 0.20703125 0.45703125 0.021875 0.0359375
0 0.121875 0.4640625 0.0265625 0.0453125
0 0.45078125 0.30546875 0.040625 0.0359375
0 0.90703125 0.284375 0.059375 0.075
0 0.6875 0.60234375 0.0203125 0.028125
0 0.904125 0.581796875 0.0171875 0.015625
0 0.20078125 0.490625 0.015625 0.028125
0 0.809375 0.33359375 0.01875 0.015625
1 0.866171875 0.36953125 0.06984375000000001 0.056234375
0 0.446875 0.878125 0.028125 0.0390625
0 0.559375 0.19396875 0.0203125 0.03125
0 0.68225 0.21059375 0.04375 0.0375
0 0.52109375 0.771875 0.0203125 0.021875
0 0.878890625 0.8329531250000001 0.015625 0.021875
0 0.95703125 0.8234375 0.0609375 0.071875
0 0.75546875 0.46875 0.0203125 0.0265625
0 0.959375 0.40703125 0.04375 0.0609375
0 0.2828125 0.5515625 0.0296875 0.059375
0 0.75078125 0.2765625 0.0203125 0.0203125
0 0.828125 0.41171875 0.021875 0.021875
0 0.12109375 0.33203125 0.028125 0.025
0 0.13671875 0.1640625 0.0484375 0.059375
0 0.38359375 0.060703125000000004 0.0421875 0.03125
0 0.653125 0.39609375 0.01875 0.015625
0 0.953125 0.56946875 0.0359375 0.070171875
0 0.55703125 0.2328125 0.0390625 0.0546875
0 0.4203125 0.715625 0.0234375 0.0234375
0 0.259375 0.5671875 0.021875 0.0265625
0 0.4796875 0.646875 0.0265625 0.040625
0 0.165625 0.43203125 0.034375 0.05625
0 0.9390625 0.35703125 0.0203125 0.0546875
0 0.160375 0.05334375 0.0171875 0.0234375
0 0.84140625 0.478125 0.0203125 0.021875
0 0.259375 0.35703125 0.0390625 0.040625
0 0.7363906250000001 0.8348437499999999 0.020671875 0.055046874999999995
0 0.73515625 0.62890625 0.0203125 0.0203125
0 0.73515625 0.303125 0.015625 0.015625
0 0.10078125 0.40703125 0.021875 0.0203125
0 0.234484375 0.280453125 0.031468750000000004 0.03303125
0 0.4046875 0.603125 0.0234375 0.046875
0 0.2828125 0.7015625 0.0171875 0.025
0 0.23359375 0.384375 0.025 0.0296875
0 0.421875 0.671875 0.0203125 0.021875
0 0.58984375 0.41484375 0.034375 0.0484375
0 0.11171875 0.60703125 0.040625 0.046875
0 0.671875 0.45078125 0.025 0.046875
0 0.20390625 0.390625 0.0921875 0.1453125
0 0.2140625 0.629015625 0.021875 0.034390625
0 0.68671875 0.28828125 0.040625 0.04375
0 0.87578125 0.596875 0.01875 0.0234375
0 0.14871875 0.74809375 0.023546875000000002 0.032140625
0 0.7546875 0.83203125 0.015625 0.0140625
0 0.42734375 0.371875 0.078125 0.090625
0 0.6875 0.1734375 0.0359375 0.03125
0 0.48984375 0.228125 0.009375 0.015625
0 0.875 0.57265625 0.0203125 0.01875
0 0.9365 0.609421875 0.026109375 0.043859375
0 0.7046875 0.6140625 0.034375 0.034375
0 0.753125 0.67734375 0.0203125 0.015625
0 0.184375 0.4859375 0.021875 0.034375
0 0.496875 0.29921875 0.075 0.084375
0 0.24329687500000002 0.52153125 0.046875 0.0203125
0 0.4296875 0.60625 0.0265625 0.0265625
0 0.86796875 0.503125 0.0109375 0.015625
0 0.67890625 0.41015625 0.03125 0.0265625
0 0.88125 0.484375 0.021875 0.021875
0 0.25915625000000003 0.44251562499999997 0.015625 0.013843749999999998
0 0.909375 0.4328125 0.040625 0.0625
0 0.37421875 0.69296875 0.034375 0.0359375
0 0.834375 0.43203125 0.01875 0.0171875
0 0.26640625 0.25078125 0.0390625 0.040625
0 0.13125 0.65390625 0.01875 0.028125
0 0.31875 0.60703125 0.0296875 0.0421875
0 0.821875 0.353125 0.0171875 0.015625
0 0.315625 0.4328125 0.078125 0.071875
0 0.12734375 0.3859375 0.021875 0.0453125
0 0.91875 0.503125 0.0234375 0.059375
0 0.175 0.834375 0.0171875 0.0265625
0 0.05078125 0.15 0.034375 0.0328125
0 0.50390625 0.4421875 0.034375 0.034375
0 0.925 0.87890625 0.0171875 0.0140625
0 0.171875 0.640625 0.015625 0.0203125
0 0.15859375 0.54609375 0.021875 0.0203125
0 0.9328125 0.48828125 0.01875 0.0546875
0 0.5390625 0.13984375 0.0359375 0.0375
0 0.783875 0.361375 0.024890625 0.026546874999999998
0 0.055359375 0.36796875 0.046875 0.05
0 0.990625 0.50625 0.015625 0.01875
0 0.984375 0.365625 0.03125 0.03125
0 0.753125 0.72890625 0.034375 0.0421875
0 0.31953125 0.84453125 0.015625 0.0171875
0 0.3140625 0.6421875 0.0328125 0.034375
0 0.0140625 0.13046875 0.028125 0.128125
0 0.921875 0.813109375 0.016875 0.018109375
0 0.7859375 0.39375 0.021875 0.0234375
0 0.465625 0.4640625 0.0375 0.0453125
0 0.0296875 0.4640625 0.0484375 0.0421875
0 0.96015625 0.337484375 0.0234375 0.021875
0 0.7165625 0.8635781250000001 0.019734375000000002 0.05909375
0 0.8125 0.4234375 0.0203125 0.021875
0 0.75 0.334375 0.021875 0.0203125
0 0.51484375 0.5359375 0.01875 0.028125
0 0.6484375 0.15859375 0.03125 0.025
0 0.74609375 0.44765625 0.0203125 0.021875
0 0.015625 0.429390625 0.03125 0.0383125
0 0.88671875 0.34765625 0.021875 0.021875
0 0.340625 0.32421875 0.0421875 0.0515625
0 0.290625 0.10289062499999999 0.040625 0.0328125
0 0.7703125 0.6296875 0.0203125 0.0234375
0 0.9765625 0.790625 0.0140625 0.0125
0 0.1515625 0.596875 0.025 0.028125
0 0.09375 0.471875 0.040625 0.0609375
0 0.23203125 0.221875 0.03125 0.0359375
0 0.096875 0.209375 0.01875 0.021875
0 0.0734375 0.2625 0.0453125 0.0421875
0 0.58046875 0.334375 0.0828125 0.1
0 0.20390625 0.553125 0.025 0.034375
0 0.65390625 0.51640625 0.0890625 0.13125
0 0.21328125 0.18984375 0.0734375 0.04375
0 0.86796875 0.69609375 0.0203125 0.03125
0 0.3015625 0.78046875 0.025 0.034375
0 0.9703125 0.68046875 0.0265625 0.034375
0 0.40546875 0.31015625 0.0390625 0.03125
0 0.42734375 0.11215625 0.0328125 0.0328125
0 0.571875 0.47265625 0.0234375 0.021875
0 0.175 0.33203125 0.0203125 0.021875
0 0.459375 0.334375 0.015625 0.0171875
0 0.4015625 0.52734375 0.0203125 0.015625
0 0.46640625 0.76796875 0.0140625 0.021875
0 0.34296875 0.8515625 0.028125 0.034375
0 0.91640625 0.5671875 0.0359375 0.0375
0 0.065625 0.21015625 0.0375 0.0515625
0 0.490625 0.52734375 0.025 0.034375
0 0.85859375 0.41953125 0.03125 0.0453125
0 0.614953125 0.20189062500000002 0.0375 0.0359375
0 0.65078125 0.271875 0.040625 0.0375
0 0.96171875 0.46953125 0.0578125 0.0453125
0 0.703125 0.24921875 0.0265625 0.0265625
0 0.14296875 0.4984375 0.0203125 0.021875
0 0.51484375 0.18828125 0.03125 0.0296875
0 0.6296875 0.32578125 0.090625 0.065625
0 0.09418750000000001 0.1255 0.03996875 0.033171875
0 0.9078125 0.53203125 0.021875 0.021875
0 0.275 0.60859375 0.025 0.04375
0 0.10032812499999999 0.17376562499999998 0.0171875 0.0328125
0 0.08125 0.08515625 0.040625 0.03125
0 0.3609375 0.6046875 0.046875 0.0515625
0 0.1541875 0.71903125 0.01128125 0.019984375
0 0.27209374999999997 0.491125 0.034828125 0.028921875000000003
0 0.49375 0.7125 0.06875 0.0828125
0 0.16953125 0.13515625 0.028125 0.0296875
0 0.8640625 0.42734375 0.021875 0.034375
1 0.8328125 0.30089062499999997 0.10490625 0.0850625
0 0.19453125 0.1578125 0.046875 0.0515625
0 0.7234375 0.52578125 0.0203125 0.0203125
0 0.4234375 0.56484375 0.0171875 0.01875
0 0.4203125 0.53828125 0.0234375 0.01875
0 0.053125 0.0671875 0.0328125 0.0234375
0 0.20546875 0.32265625 0.0359375 0.03125
0 0.5140625 0.834375 0.05625 0.084375
0 0.38146874999999997 0.8821406250000001 0.0285625 0.039265625
0 0.079125 0.553125 0.041078125 0.0765625
0 0.71015625 0.4546875 0.046875 0.1078125
0 0.73359375 0.5703125 0.0640625 0.071875
0 0.44609375 0.703125 0.034375 0.0265625
0 0.556015625 0.8418281249999999 0.01603125 0.018828125
0 0.642109375 0.7933749999999999 0.019703125 0.030828125
0 0.544828125 0.731375 0.026390625 0.019765625000000002
0 0.46475 0.8374843750000001 0.012687499999999999 0.010796875000000001
0 0.33987500000000004 0.8866406250000001 0.023734375 0.0435625
0 0.249953125 0.85671875 0.029765625 0.035875000000000004
0 0.216515625 0.8194531250000001 0.025062499999999998 0.15384375
0 0.240078125 0.754234375 0.021374999999999998 0.082125
0 0.256796875 0.705796875 0.0260625 0.09031249999999999
0 0.239921875 0.675875 0.023046875 0.07525
0 0.180078125 0.732875 0.04715625 0.144484375
0 0.149984375 0.680203125 0.01303125 0.01096875
0 0.142953125 0.694078125 0.019046874999999998 0.03603125
0 0.14596875 0.727828125 0.012359375 0.00859375
0 0.199453125 0.68303125 0.029734375 0.021484375
0 0.09615625 0.55165625 0.019046874999999998 0.020125
0 0.12440625000000001 0.55615625 0.010015625 0.025656250000000002
0 0.04415625 0.426265625 0.012718750000000001 0.011453125
0 0.025765624999999997 0.363609375 0.051531249999999994 0.11003125
0 0.11303125 0.36390625 0.012687499999999999 0.012265624999999999
0 0.0958125 0.36425 0.02375 0.025828125
0 0.058703125 0.307765625 0.112015625 0.09465625
0 0.00453125 0.22082812500000001 0.0090625 0.039859375
0 0.21365625000000002 0.27765625 0.02003125 0.039859375
0 0.21734375 0.245734375 0.024046875000000002 0.026140625
0 0.00453125 0.041484375000000004 0.0090625 0.032796874999999996
0 0.04096875 0.02709375 0.081953125 0.054203125
0 0.341046875 0.173359375 0.016734375000000003 0.01378125
0 0.375984375 0.096984375 0.015734375000000002 0.01875
0 0.720015625 0.35539062499999996 0.03375 0.018140625
0 0.63225 0.392359375 0.025390625 0.016421875
0 0.767484375 0.43396875 0.02371875 0.01878125
0 0.9873125 0.47090624999999997 0.025390625 0.03903125
0 0.991828125 0.449515625 0.016359375000000002 0.018312500000000002
0 0.90053125 0.65309375 0.020546875 0.018609375
1 0.884015625 0.663375 0.038609375 0.037296875
0 0.5781875000000001 0.75703125 0.051390625 0.135578125
1 0.84740625 0.5138281250000001 0.02271875 0.027984375
1 0.82325 0.490765625 0.027390625000000002 0.034234375
1 0.7948906250000001 0.553828125 0.08721875 0.1678125
1 0.848640625 0.5701875000000001 0.0326875 0.094609375
1 0.8216875 0.6825625 0.090953125 0.162390625
1 0.8975625 0.5890625 0.06135937500000001 0.11114062499999999
1 0.676234375 0.448125 0.146484375 0.17278125
1 0.20968749999999997 0.6274375 0.05759375 0.10400000000000001
1 0.15423437499999998 0.551671875 0.061812500000000006 0.08609375
1 0.252578125 0.50840625 0.092390625 0.11404687499999999
1 0.274921875 0.290625 0.17024999999999998 0.222171875
1 0.164109375 0.25407812500000004 0.08642187500000001 0.12040625
1 0.12553125 0.16765625 0.122359375 0.12946875
0 0.16539062499999999 0.271265625 0.054031249999999996 0.040781250000000005