0 0.75546875 0.69609375 0.046875 0.0328125
0 0.65546875 0.61640625 0.021875 0.0140625
0 0.40078125 0.565625 0.0484375 0.0609375
0 0.58671875 0.6296875 0.0453125 0.03125
0 0.68203125 0.89375 0.0640625 0.0390625
0 0.74375 0.44921875 0.06875 0.0671875
0 0.6515625 0.7 0.034375 0.0234375
0 0.35 0.47421875 0.0625 0.0390625
0 0.8703125 0.6890625 0.1640625 0.134375
0 0.1375 0.409375 0.071875 0.0640625
0 0.69765625 0.86328125 0.046875 0.034375
0 0.47265625 0.2671875 0.03125 0.0234375
0 0.6171875 0.23359375 0.053125 0.05625
0 0.6078125 0.71484375 0.071875 0.065625
0 0.86796875 0.28203125 0.09375 0.0828125
0 0.03828125 0.228125 0.053125 0.0359375
0 0.2640625 0.5609375 0.0640625 0.0671875
0 0.50859375 0.775 0.046875 0.034375
0 0.56875 0.32265625 0.034375 0.028125
0 0.1203125 0.48203125 0.075 0.0671875
0 0.18515625 0.7640625 0.0609375 0.05625
0 0.3890625 0.7390625 0.0453125 0.0484375
0 0.725 0.80703125 0.0609375 0.046875
0 0.4203125 0.50234375 0.0515625 0.04375
0 0.7 0.65390625 0.0515625 0.040625
0 0.67265625 0.18125 0.0140625 0.0109375
0 0.5375 0.7265625 0.0828125 0.0671875
0 0.2578125 0.23984375 0.025 0.0234375
0 0.50703125 0.6625 0.1078125 0.1015625
0 0.321875 0.4015625 0.06875 0.0859375
0 0.3140625 0.5640625 0.0453125 0.046875
0 0.35390625 0.18984375 0.08125 0.08125
0 0.0375 0.63984375 0.0671875 0.0546875
0 0.6296875 0.39765625 0.0796875 0.1390625
0 0.59609375 0.6609375 0.0421875 0.0234375
0 0.00859375 0.2125 0.0171875 0.034375
0 0.31171875 0.2859375 0.1 0.0890625
0 0.7328125 0.15546875 0.0859375 0.040625
0 0.96484375 0.58671875 0.0703125 0.1171875
0 0.69140625 0.6171875 0.053125 0.040625
0 0.34296875 0.88828125 0.0734375 0.0671875
0 0.3046875 0.84609375 0.046875 0.0421875
0 0.58125 0.85078125 0.1078125 0.1046875
0 0.6828125 0.82578125 0.034375 0.03125
0 0.71875 0.7578125 0.025 0.01875
0 0.42421875 0.7890625 0.03125 0.028125
0 0.6828125 0.70078125 0.025 0.0296875
0 0.2640625 0.42578125 0.0796875 0.065625
0 0.2921875 0.72578125 0.0546875 0.040625
0 0.5359375 0.54765625 0.1171875 0.1
0 0.65859375 0.21484375 0.015625 0.0125
0 0.725 0.5421875 0.0546875 0.0453125
0 0.778125 0.53828125 0.021875 0.0140625
0 0.69921875 0.39375 0.034375 0.03125
0 0.94609375 0.43828125 0.0984375 0.121875
0 0.44140625 0.70390625 0.021875 0.0171875
0 0.67421875 0.50625 0.0234375 0.01875
0 0.48046875 0.51796875 0.0734375 0.071875
0 0.6765625 0.78125 0.046875 0.0328125
0 0.66171875 0.82890625 0.0390625 0.028125