0 0.203125 0.2203125 0.0921875 0.1109375
0 0.91171875 0.65546875 0.05 0.0453125
0 0.2375 0.565625 0.0296875 0.025
0 0.86953125 0.478125 0.059375 0.0703125
0 0.6203125 0.475 0.0234375 0.021875
0 0.87890625 0.440625 0.059375 0.05625
0 0.6390625 0.61875 0.0578125 0.0640625
0 0.60390625 0.50390625 0.05 0.0453125
0 0.74921875 0.89140625 0.03125 0.0359375
0 0.59765625 0.5953125 0.021875 0.0203125
0 0.44921875 0.746875 0.1640625 0.134375
0 0.05078125 0.56796875 0.0609375 0.06875
0 0.78203125 0.83359375 0.071875 0.0625
0 0.40390625 0.90078125 0.0453125 0.0359375
0 0.40859375 0.84609375 0.0640625 0.0484375
0 0.3921875 0.9671875 0.053125 0.0453125
0 0.30859375 0.58984375 0.0453125 0.046875
0 0.48671875 0.6140625 0.1578125 0.146875
0 0.8796875 0.18046875 0.2015625 0.234375
0 0.20625 0.83359375 0.1453125 0.1203125
0 0.88828125 0.0296875 0.04375 0.0390625
0 0.75625 0.9390625 0.034375 0.0390625
0 0.2609375 0.61328125 0.0609375 0.0453125
0 0.7140625 0.721875 0.0953125 0.1390625
0 0.10859375 0.39921875 0.059375 0.0640625
0 0.49453125 0.4875 0.1328125 0.1234375
0 0.95390625 0.28671875 0.0625 0.059375
0 0.97265625 0.7953125 0.0546875 0.05
0 0.29140625 0.51640625 0.1265625 0.10625
0 0.6953125 0.24921875 0.021875 0.025
0 0.00390625 0.3375 0.0078125 0.028125
0 0.0625 0.4234375 0.0203125 0.0296875
0 0.74375 0.634375 0.090625 0.1515625
0 0.5640625 0.7265625 0.05625 0.059375
0 0.81796875 0.69453125 0.01875 0.0171875
0 0.0328125 0.77421875 0.025 0.0640625
0 0.040625 0.50859375 0.065625 0.0671875
0 0.9125 0.85 0.0484375 0.0421875
0 0.47421875 0.86484375 0.1234375 0.1375
0 0.06953125 0.7671875 0.0765625 0.0921875
0 0.7796875 0.7203125 0.0421875 0.0375
0 0.7265625 0.834375 0.059375 0.0609375
0 0.1578125 0.4921875 0.0609375 0.1078125
0 0.16640625 0.7109375 0.1328125 0.14375
0 0.97734375 0.70078125 0.0453125 0.0640625
0 0.60078125 0.86015625 0.0609375 0.0484375
0 0.490625 0.3546875 0.0640625 0.053125
0 0.1421875 0.678125 0.0359375 0.0234375
0 0.54921875 0.9171875 0.040625 0.0390625
0 0.67734375 0.771875 0.046875 0.059375
0 0.1125 0.98515625 0.059375 0.0296875
0 0.63984375 0.82421875 0.05625 0.05
0 0.6984375 0.97265625 0.0640625 0.028125
0 0.89921875 0.32421875 0.046875 0.0328125
0 0.12265625 0.24140625 0.0984375 0.109375
0 0.29140625 0.66328125 0.0515625 0.0671875
0 0.12578125 0.85390625 0.08125 0.1140625
0 0.0609375 0.9390625 0.0515625 0.065625
0 0.39765625 0.41796875 0.0328125 0.0234375
0 0.88984375 0.7203125 0.05 0.0390625
0 0.79609375 0.77109375 0.034375 0.0328125
0 0.05703125 0.99140625 0.0328125 0.0171875
0 0.0109375 0.23203125 0.021875 0.0296875
0 0.92265625 0.4765625 0.05625 0.0484375
0 0.63359375 0.69140625 0.078125 0.084375
0 0.4 0.14765625 0.0921875 0.0921875
0 0.31953125 0.70703125 0.0421875 0.0640625
0 0.23515625 0.7640625 0.0859375 0.0796875
0 0.38203125 0.59140625 0.159375 0.1828125
0 0.18828125 0.55546875 0.0328125 0.028125
0 0.19375 0.4015625 0.08125 0.10625
0 0.33046875 0.16171875 0.0359375 0.03125
0 0.65 0.93359375 0.0515625 0.0484375
0 0.94453125 0.36328125 0.0578125 0.0515625
0 0.69765625 0.403125 0.1 0.096875
0 0.2703125 0.9875 0.05625 0.025
0 0.47578125 0.23125 0.03125 0.025
0 0.95390625 0.878125 0.05 0.040625
0 0.83203125 0.7796875 0.0765625 0.065625
0 0.334375 0.88671875 0.1125 0.1125
0 0.3703125 0.290625 0.1796875 0.1921875
0 0.98046875 0.459375 0.0390625 0.084375
0 0.0546875 0.684375 0.08125 0.084375
0 0.17109375 0.596875 0.0671875 0.0890625
0 0.61640625 0.56328125 0.0234375 0.021875
0 0.28359375 0.42578125 0.0796875 0.0734375
0 0.95078125 0.0125 0.0171875 0.025
0 0.21796875 0.46484375 0.0296875 0.025
0 0.53671875 0.31484375 0.05 0.0390625
0 0.87109375 0.61484375 0.0484375 0.0515625
0 0.209375 0.9234375 0.14375 0.109375
0 0.203125 0.5125 0.0375 0.0328125
0 0.79140625 0.63125 0.0421875 0.0375