0 0.92421875 0.98828125 0.0734375 0.0234375
0 0.81796875 0.48203125 0.128125 0.0734375
0 0.590625 0.0875 0.1421875 0.084375
0 0.19453125 0.596875 0.034375 0.0296875
0 0.70625 0.08515625 0.09375 0.078125
0 0.33984375 0.82109375 0.0453125 0.0484375
0 0.88125 0.2953125 0.0859375 0.0671875
0 0.3890625 0.91484375 0.0375 0.0375
0 0.70234375 0.52578125 0.0359375 0.021875
0 0.78515625 0.68125 0.0484375 0.03125
0 0.10859375 0.084375 0.0609375 0.0984375
0 0.4140625 0.878125 0.021875 0.0203125
0 0.93515625 0.70546875 0.1015625 0.0609375
0 0.48359375 0.96328125 0.025 0.03125
0 0.8484375 0.04921875 0.0703125 0.05625
0 0.5828125 0.50234375 0.05 0.034375
0 0.615625 0.234375 0.071875 0.05
0 0.43984375 0.5015625 0.0859375 0.05
0 0.12421875 0.26171875 0.1953125 0.1828125
0 0.43828125 0.69921875 0.0890625 0.040625
0 0.63828125 0.97109375 0.0921875 0.0578125
0 0.09609375 0.621875 0.040625 0.034375
0 0.30625 0.525 0.128125 0.090625
0 0.85078125 0.1859375 0.275 0.209375
0 0.06640625 0.0890625 0.08125 0.0921875
0 0.44921875 0.9421875 0.0265625 0.028125
0 0.40078125 0.678125 0.078125 0.03125
0 0.72265625 0.965625 0.0203125 0.0203125
0 0.42578125 0.984375 0.0359375 0.025
0 0.3765625 0.86015625 0.028125 0.0296875
0 0.58203125 0.81171875 0.025 0.0234375
0 0.1390625 0.60625 0.0671875 0.040625
0 0.12265625 0.3671875 0.0359375 0.0359375
0 0.04296875 0.0125 0.0203125 0.025
0 0.20625 0.96015625 0.0234375 0.0234375
0 0.49296875 0.721875 0.0390625 0.0390625
0 0.5203125 0.6234375 0.053125 0.046875
0 0.33359375 0.6046875 0.1 0.05625
0 0.16171875 0.40703125 0.059375 0.078125
0 0.34375 0.115625 0.06875 0.1015625
0 0.8109375 0.96953125 0.0515625 0.0359375
0 0.0234375 0.2734375 0.021875 0.0796875
0 0.92890625 0.97265625 0.01875 0.01875
0 0.56015625 0.99296875 0.0234375 0.0140625
0 0.55390625 0.3515625 0.0671875 0.0515625
0 0.403125 0.20078125 0.15 0.109375
0 0.559375 0.765625 0.0625 0.05625
0 0.65234375 0.47578125 0.0484375 0.0359375
0 0.7484375 0.97109375 0.0171875 0.0203125
0 0.48046875 0.79375 0.0171875 0.01875
0 0.9484375 0.54921875 0.1015625 0.0703125
0 0.89921875 0.578125 0.1109375 0.0640625
0 0.4984375 0.48984375 0.0484375 0.0375
0 0.35859375 0.04375 0.0609375 0.0875
0 0.18515625 0.1359375 0.0875 0.090625
0 0.15234375 0.5171875 0.0515625 0.0453125
0 0.20078125 0.5015625 0.0484375 0.040625
0 0.7734375 0.04453125 0.0765625 0.0546875
0 0.75390625 0.828125 0.053125 0.0625
0 0.32265625 0.70546875 0.1140625 0.08125
0 0.93984375 0.79765625 0.028125 0.021875
0 0.41796875 0.55 0.04375 0.025
0 0.7390625 0.5140625 0.08125 0.0390625
0 0.35546875 0.640625 0.059375 0.053125
0 0.5984375 0.13828125 0.0765625 0.065625
0 0.775 0.36171875 0.13125 0.0734375
0 0.84140625 0.534375 0.0640625 0.0421875
0 0.40078125 0.61796875 0.046875 0.034375
0 0.021875 0.59609375 0.04375 0.0421875
0 0.6046875 0.7265625 0.065625 0.05625
0 0.18515625 0.96875 0.0328125 0.021875
0 0.2921875 0.85390625 0.028125 0.0234375
0 0.5140625 0.54609375 0.103125 0.06875
0 0.03125 0.4421875 0.059375 0.05625
0 0.50390625 0.959375 0.0359375 0.028125
0 0.33359375 0.9546875 0.0234375 0.025
0 0.53046875 0.02421875 0.1296875 0.0484375
0 0.2140625 0.74765625 0.034375 0.0453125
0 0.15234375 0.915625 0.0859375 0.0734375
0 0.45859375 0.83828125 0.0359375 0.028125
0 0.2234375 0.565625 0.09375 0.0609375
0 0.24296875 0.63515625 0.125 0.046875
0 0.01328125 0.56171875 0.0265625 0.0359375
0 0.515625 0.2390625 0.071875 0.05625
0 0.2828125 0.87578125 0.0203125 0.0234375
0 0.65078125 0.040625 0.0890625 0.0578125
0 0.28671875 0.4625 0.0796875 0.075
0 0.33828125 0.915625 0.0359375 0.034375
0 0.4546875 0.6015625 0.0640625 0.034375
0 0.86640625 0.96875 0.021875 0.021875
0 0.9359375 0.05859375 0.128125 0.0671875
0 0.55625 0.9609375 0.025 0.0203125
0 0.0703125 0.68671875 0.140625 0.1171875
0 0.44453125 0.77109375 0.0359375 0.0359375
0 0.509375 0.16484375 0.078125 0.0875
0 0.6875 0.4015625 0.115625 0.0515625
0 0.2140625 0.1109375 0.1234375 0.1046875
0 0.178125 0.45625 0.06875 0.046875
0 0.41875 0.30078125 0.225 0.1140625
0 0.25546875 0.94296875 0.040625 0.0265625
0 0.384375 0.4015625 0.3265625 0.1921875
0 0.22265625 0.38828125 0.084375 0.0671875
0 0.221875 0.0328125 0.234375 0.065625
0 0.14453125 0.5796875 0.0609375 0.0421875
0 0.36875 0.796875 0.0578125 0.0453125
0 0.6953125 0.9875 0.021875 0.0203125
0 0.06015625 0.5296875 0.1203125 0.075
0 0.19609375 0.709375 0.0265625 0.0265625
0 0.7421875 0.33359375 0.08125 0.0640625
0 0.69453125 0.2921875 0.0671875 0.0671875
0 0.62578125 0.41328125 0.1015625 0.0703125
0 0.8859375 0.6828125 0.025 0.0140625
0 0.91640625 0.73125 0.025 0.0140625
0 0.296875 0.96015625 0.015625 0.0125
0 0.309375 0.96484375 0.0171875 0.0140625
0 0.29453125 0.97578125 0.03125 0.0140625
0 0.2515625 0.925 0.015625 0.015625
0 0.42734375 0.953125 0.021875 0.015625
0 0.3890625 0.96015625 0.0203125 0.015625
0 0.50234375 0.99296875 0.0515625 0.0140625
0 0.49296875 0.921875 0.015625 0.009375
0 0.5890625 0.99296875 0.021875 0.0140625
0 0.6671875 0.94609375 0.0171875 0.0171875
0 0.69609375 0.9484375 0.03125 0.0265625
0 0.6890625 0.8390625 0.0140625 0.015625
0 0.65546875 0.72265625 0.0171875 0.0203125
0 0.6484375 0.74375 0.0125 0.0125
0 0.62265625 0.81015625 0.03125 0.01875
0 0.60546875 0.78828125 0.0203125 0.0140625
0 0.58828125 0.7921875 0.0171875 0.015625
1 0.7046875 0.7859375 0.0625 0.078125
1 0.7359375 0.8984375 0.2296875 0.096875
1 0.59921875 0.8640625 0.153125 0.0796875
1 0.5109375 0.8296875 0.0609375 0.075
1 0.515625 0.87890625 0.096875 0.04375
1 0.590625 0.92265625 0.21875 0.09375
1 0.2703125 0.78125 0.090625 0.125
1 0.2125 0.825 0.134375 0.1609375
0 0.23125 0.67890625 0.0359375 0.0359375
0 0.16484375 0.64453125 0.103125 0.025
0 0.565625 0.184375 0.053125 0.0640625
0 0.78359375 0.09296875 0.03125 0.0359375
0 0.94375 0.26640625 0.0296875 0.0265625
0 0.875 0.39375 0.0234375 0.021875
0 0.23984375 0.24375 0.13125 0.0765625
0 0.309375 0.1875 0.06875 0.1125
0 0.0265625 0.209375 0.01875 0.0359375
0 0.53046875 0.66875 0.128125 0.0484375
0 0.5546875 0.70546875 0.01875 0.0234375
0 0.61796875 0.68515625 0.04375 0.0234375
0 0.59375 0.58203125 0.034375 0.0265625
0 0.6125 0.478125 0.0390625 0.0296875
1 0.590625 0.75703125 0.1921875 0.1421875
1 0.4453125 0.9703125 0.175 0.059375