0 0.96015625 0.953125 0.05 0.0390625
0 0.83359375 0.50078125 0.0765625 0.040625
0 0.46015625 0.90625 0.0625 0.0734375
0 0.9609375 0.3703125 0.078125 0.075
0 0.1375 0.590625 0.1515625 0.184375
0 0.69296875 0.41484375 0.0453125 0.0359375
0 0.9359375 0.46015625 0.04375 0.028125
0 0.53359375 0.8734375 0.0453125 0.0234375
0 0.8828125 0.9890625 0.071875 0.021875
0 0.4828125 0.98828125 0.146875 0.0234375
0 0.12578125 0.15 0.190625 0.1578125
0 0.89609375 0.88125 0.0359375 0.0265625
0 0.9640625 0.8359375 0.05 0.065625
0 0.94453125 0.21953125 0.04375 0.03125
0 0.35234375 0.68203125 0.040625 0.028125
0 0.60234375 0.58046875 0.175 0.1421875
0 0.6015625 0.73125 0.1484375 0.159375
0 0.75 0.759375 0.175 0.1234375
0 0.0875 0.92890625 0.08125 0.0765625
0 0.88671875 0.25234375 0.0359375 0.028125
0 0.96171875 0.61015625 0.05625 0.040625
0 0.2609375 0.8140625 0.0625 0.10625
0 0.059375 0.49921875 0.05625 0.071875
0 0.83828125 0.18671875 0.0390625 0.028125
0 0.0640625 0.77421875 0.059375 0.0390625
0 0.01640625 0.4375 0.0296875 0.040625
0 0.56328125 0.19765625 0.1484375 0.115625
0 0.61171875 0.4109375 0.0734375 0.1109375
0 0.734375 0.65078125 0.05 0.0546875
0 0.75078125 0.575 0.096875 0.071875
0 0.978125 0.75546875 0.028125 0.040625
0 0.9265625 0.65234375 0.0671875 0.0359375
0 0.36484375 0.975 0.0828125 0.04375
0 0.903125 0.4421875 0.0421875 0.0453125
0 0.64140625 0.8578125 0.084375 0.1171875
0 0.15 0.91953125 0.0546875 0.0390625
0 0.02265625 0.53984375 0.04375 0.09375
0 0.86796875 0.59375 0.05625 0.071875
0 0.3265625 0.71796875 0.0375 0.028125
0 0.434375 0.67109375 0.0296875 0.028125
0 0.3109375 0.82578125 0.0921875 0.0546875
0 0.93203125 0.1375 0.1015625 0.075
0 0.3640625 0.8921875 0.0609375 0.0421875
0 0.965625 0.296875 0.06875 0.071875
0 0.4546875 0.596875 0.1 0.0984375
0 0.85546875 0.73984375 0.040625 0.03125
0 0.81875 0.46328125 0.0421875 0.0328125
0 0.95546875 0.43203125 0.0484375 0.0359375
0 0.43671875 0.5390625 0.0296875 0.0265625
0 0.42734375 0.8046875 0.0234375 0.0203125
0 0.484375 0.72890625 0.096875 0.1046875
0 0.52265625 0.384375 0.025 0.028125
0 0.1390625 0.98046875 0.0828125 0.0171875
0 0.0203125 0.88203125 0.040625 0.0671875
0 0.2703125 0.928125 0.1046875 0.0859375
0 0.5765625 0.890625 0.090625 0.1109375
0 0.2375 0.6703125 0.1546875 0.1921875
0 0.81875 0.934375 0.034375 0.034375
0 0.84375 0.35703125 0.209375 0.134375