0 0.37890625 0.61875 0.0515625 0.05
0 0.3453125 0.5828125 0.046875 0.0515625
0 0.3734375 0.7109375 0.046875 0.0359375
0 0.30859375 0.590625 0.0375 0.021875
1 0.83984375 0.4265625 0.0953125 0.125
0 0.18046875 0.4875 0.0234375 0.0234375
1 0.740625 0.23828125 0.071875 0.0890625
0 0.05390625 0.4671875 0.1078125 0.084375
0 0.83515625 0.67109375 0.0328125 0.028125
0 0.86015625 0.609375 0.0328125 0.03125
0 0.94765625 0.5984375 0.0375 0.03125
0 0.0109375 0.2046875 0.021875 0.034375
0 0.73984375 0.37265625 0.01875 0.021875
0 0.4109375 0.7046875 0.0375 0.0390625
0 0.70234375 0.64765625 0.0359375 0.028125
0 0.625 0.671875 0.0359375 0.0296875
0 0.88046875 0.71015625 0.0296875 0.028125
0 0.28984375 0.61015625 0.0375 0.03125
0 0.6921875 0.58359375 0.034375 0.03125
0 0.671875 0.53515625 0.0234375 0.01875
1 0.55 0.45390625 0.0796875 0.11875
0 0.7875 0.3375 0.0453125 0.0453125
0 0.66484375 0.61640625 0.04375 0.0515625
0 0.29296875 0.65390625 0.04375 0.0359375
0 0.0265625 0.53515625 0.053125 0.0734375
0 0.93046875 0.31171875 0.0484375 0.0515625
1 0.38828125 0.44921875 0.1546875 0.125
1 0.7015625 0.196875 0.0953125 0.1109375
0 0.2 0.846875 0.0484375 0.0375
0 0.2984375 0.34765625 0.021875 0.0171875
0 0.30546875 0.2609375 0.0203125 0.0171875
0 0.13125 0.49140625 0.0390625 0.0375
0 0.2453125 0.3375 0.040625 0.05
1 0.73359375 0.29921875 0.084375 0.0875
0 0.334375 0.515625 0.053125 0.0359375
1 0.8 0.51953125 0.134375 0.1484375
0 0.74296875 0.65 0.0484375 0.0453125
0 0.67109375 0.64609375 0.01875 0.0140625
0 0.93828125 0.5390625 0.0375 0.028125
0 0.21875 0.42421875 0.0578125 0.0484375
0 0.70703125 0.37578125 0.0171875 0.015625
0 0.21015625 0.9671875 0.1671875 0.065625
0 0.2375 0.6765625 0.0375 0.03125
0 0.79609375 0.4953125 0.0515625 0.05
0 0.1609375 0.53125 0.178125 0.090625
0 0.27578125 0.8171875 0.0578125 0.0875
1 0.93828125 0.6828125 0.115625 0.115625
1 0.8890625 0.646875 0.046875 0.06875
1 0.54609375 0.58359375 0.0390625 0.0765625
0 0.3 0.72890625 0.0625 0.053125
0 0.30078125 0.4859375 0.05625 0.0421875
0 0.82265625 0.16796875 0.046875 0.0515625
0 0.33515625 0.68203125 0.059375 0.0515625
0 0.73984375 0.47734375 0.0828125 0.0921875
0 0.25546875 0.45234375 0.05625 0.0515625
0 0.11875 0.66640625 0.1078125 0.0734375
0 0.22890625 0.6015625 0.046875 0.0375
0 0.003125 0.35390625 0.00625 0.0359375
0 0.60625 0.70703125 0.08125 0.0671875
1 0.83828125 0.746875 0.09375 0.0796875
1 0.675 0.7140625 0.109375 0.0765625
0 0.08125 0.8953125 0.0921875 0.0796875
0 0.24140625 0.17578125 0.0171875 0.0203125
1 0.47109375 0.5515625 0.1265625 0.1359375
0 0.375 0.746875 0.0375 0.040625
1 0.5125 0.4421875 0.0484375 0.071875
1 0.52578125 0.34765625 0.0671875 0.1078125
1 0.7171875 0.37109375 0.0484375 0.0734375
1 0.7953125 0.553125 0.05625 0.0421875
1 0.7515625 0.72265625 0.1515625 0.109375
1 0.81484375 0.35 0.0453125 0.075
0 0.86796875 0.3171875 0.015625 0.0140625
0 0.82734375 0.35234375 0.0140625 0.015625
0 0.89765625 0.62890625 0.0140625 0.015625