0 0.23359375 0.8578125 0.0765625 0.096875
0 0.57890625 0.95390625 0.0375 0.03125
0 0.36015625 0.5734375 0.16875 0.1171875
0 0.77421875 0.0703125 0.0453125 0.040625
0 0.2359375 0.7265625 0.0265625 0.040625
0 0.54765625 0.91015625 0.0265625 0.0453125
0 0.7515625 0.2921875 0.065625 0.103125
0 0.78671875 0.909375 0.1015625 0.121875
0 0.084375 0.89609375 0.028125 0.028125
0 0.475 0.66953125 0.096875 0.1109375
0 0.2296875 0.93515625 0.075 0.0609375
0 0.040625 0.21796875 0.0359375 0.0546875
0 0.54296875 0.784375 0.021875 0.0484375
0 0.159375 0.65859375 0.0859375 0.103125
0 0.12109375 0.1203125 0.0359375 0.046875
0 0.07890625 0.6375 0.09375 0.059375
0 0.30390625 0.803125 0.0234375 0.0359375
0 0.346875 0.709375 0.01875 0.034375
0 0.59609375 0.71875 0.1234375 0.0953125
1 0.6953125 0.89453125 0.15625 0.2078125
1 0.1359375 0.9640625 0.128125 0.071875
0 0.79453125 0.44296875 0.059375 0.0828125
0 0.15234375 0.91875 0.028125 0.025
0 0.58828125 0.18125 0.29375 0.2796875
0 0.38828125 0.98125 0.1265625 0.0375
0 0.2328125 0.0234375 0.1234375 0.0390625
0 0.01328125 0.87734375 0.0109375 0.01875
0 0.36484375 0.7015625 0.01875 0.0234375
0 0.16640625 0.51484375 0.03125 0.046875
0 0.24453125 0.58671875 0.040625 0.046875
0 0.03671875 0.90078125 0.0140625 0.0203125
0 0.4609375 0.8203125 0.0703125 0.0953125
0 0.04296875 0.3296875 0.034375 0.0515625
0 0.11640625 0.90390625 0.0296875 0.040625
0 0.99296875 0.97265625 0.0140625 0.0328125
0 0.96796875 0.08203125 0.046875 0.05
0 0.8421875 0.528125 0.0640625 0.06875
0 0.24375 0.634375 0.0953125 0.059375
0 0.765625 0.14296875 0.0515625 0.0703125
0 0.36953125 0.925 0.0984375 0.0546875
0 0.50078125 0.903125 0.0625 0.0921875
0 0.05625 0.95078125 0.096875 0.0984375
0 0.91484375 0.89453125 0.1171875 0.121875
0 0.86796875 0.38125 0.0734375 0.1046875
0 0.0765625 0.05078125 0.06875 0.075
0 0.90625 0.61328125 0.1875 0.1984375
0 0.9953125 0.92421875 0.009375 0.0671875
0 0.2671875 0.07890625 0.0515625 0.0796875
0 0.2390625 0.378125 0.059375 0.0609375
0 0.27734375 0.59921875 0.0125 0.015625
0 0.9671875 0.3109375 0.0640625 0.2734375
0 0.90234375 0.53984375 0.0671875 0.0859375
0 0.52578125 0.98046875 0.04375 0.0390625
0 0.2078125 0.4203125 0.0234375 0.0296875
0 0.1703125 0.29609375 0.0578125 0.0484375
0 0.8265625 0.8984375 0.028125 0.025
0 0.6265625 0.41015625 0.071875 0.071875
0 0.378125 0.35 0.059375 0.05
0 0.43203125 0.94765625 0.0234375 0.025
0 0.76015625 0.63828125 0.15 0.1578125
0 0.33046875 0.3984375 0.059375 0.084375
0 0.26015625 0.14375 0.0640625 0.08125
0 0.50625 0.01796875 0.075 0.0359375
0 0.6265625 0.60625 0.0296875 0.046875
0 0.403125 0.184375 0.2671875 0.2015625
1 0.35703125 0.771875 0.1203125 0.1765625
1 0.36953125 0.7265625 0.125 0.184375
0 0.54296875 0.93515625 0.021875 0.0140625
1 0.5765625 0.85546875 0.225 0.278125