0 0.703125 0.7015625 0.08125 0.0328125
0 0.575 0.38125 0.10625 0.1
0 0.48046875 0.17265625 0.0703125 0.053125
0 0.8265625 0.23046875 0.05625 0.0453125
0 0.696875 0.62578125 0.0828125 0.075
0 0.865625 0.5375 0.0296875 0.01875
0 0.3296875 0.57421875 0.0625 0.0265625
0 0.12109375 0.796875 0.021875 0.021875
0 0.8203125 0.54140625 0.0484375 0.034375
0 0.91796875 0.64140625 0.05625 0.0421875
0 0.253125 0.44921875 0.19375 0.1359375
0 0.6984375 0.75234375 0.0640625 0.0359375
0 0.875 0.71328125 0.05625 0.028125
0 0.25625 0.6859375 0.0265625 0.034375
0 0.21328125 0.67421875 0.0625 0.034375
0 0.04140625 0.0421875 0.0828125 0.084375
0 0.63515625 0.7140625 0.0265625 0.01875
0 0.146875 0.87734375 0.0265625 0.01875
0 0.9203125 0.921875 0.015625 0.0125
0 0.65859375 0.74453125 0.025 0.015625
0 0.453125 0.596875 0.1171875 0.0734375
0 0.73125 0.770890625 0.0375 0.021875
0 0.06015625 0.11484375 0.096875 0.0546875
0 0.8421875 0.33203125 0.0265625 0.0265625
0 0.10078125 0.49921875 0.046875 0.03125
0 0.59921875 0.221875 0.065625 0.0484375
0 0.73671875 0.5703125 0.1265625 0.028125
0 0.953125 0.2609375 0.0875 0.115625
0 0.646875 0.2984375 0.04375 0.034375
0 0.2671875 0.2390625 0.0875 0.071875
0 0.775 0.53203125 0.0171875 0.0109375
0 0.36171875 0.83359375 0.0234375 0.0234375
0 0.4734375 0.378125 0.0703125 0.03125
0 0.9875 0.940625 0.0203125 0.0140625
0 0.75703125 0.78046875 0.028125 0.0140625
0 0.8703125 0.321875 0.0296875 0.03125
0 0.71015625 0.2265625 0.04375 0.034375
0 0.89375 0.75078125 0.0296875 0.015625
0 0.665625 0.42890625 0.1125 0.1734375
0 0.046875 0.85703125 0.034375 0.025
0 0.346875 0.2953125 0.040625 0.0359375
0 0.609375 0.271875 0.071875 0.040625
0 0.93125 0.71328125 0.040625 0.025
0 0.80625 0.19921875 0.065625 0.0375
0 0.69375 0.73125 0.0265625 0.015625
0 0.42578125 0.53203125 0.04375 0.028125
0 0.54453125 0.2984375 0.121875 0.1265625
0 0.459375 0.34140625 0.0640625 0.04375
0 0.784375 0.8625 0.090625 0.084375
0 0.8140625 0.778125 0.0640625 0.03125
0 0.79140625 0.721875 0.084375 0.065625
0 0.68046875 0.54296875 0.021875 0.0125
0 0.5703125 0.4796875 0.06875 0.096875
0 0.940625 0.4734375 0.1109375 0.09375
0 0.8765625 0.5734375 0.075 0.028125
0 0.01015625 0.30703125 0.0203125 0.0359375
0 0.20078125 0.7390625 0.071875 0.06875
0 0.065625 0.42890625 0.0890625 0.0734375
0 0.3171875 0.78046875 0.0484375 0.034375
0 0.75625 0.62578125 0.028125 0.0265625
0 0.78671875 0.67578125 0.0546875 0.01875
0 0.04296875 0.7953125 0.0859375 0.071875
0 0.43046875 0.27265625 0.0453125 0.04375
0 0.875 0.209375 0.0390625 0.034375
0 0.8640625 0.432453125 0.0640625 0.053125
0 0.9453125 0.61328125 0.059375 0.040625
0 0.890625 0.678125 0.075 0.0359375
0 0.03125 0.5140625 0.0625 0.075
0 0.64375 0.5375 0.0265625 0.01875
0 0.08046875 0.6734375 0.0609375 0.046875
0 0.93671875 0.7765625 0.040625 0.0234375
0 0.9828125 0.421875 0.0296875 0.0390625
0 0.865625 0.83125 0.040625 0.0375
0 0.978125 0.87734375 0.0171875 0.0125
0 0.6078125 0.60625 0.1125 0.078125
0 0.940625 0.90546875 0.0171875 0.0140625
0 0.371875 0.4796875 0.1171875 0.06875
0 0.3875 0.83828125 0.015625 0.0265625
0 0.48828125 0.4859375 0.0875 0.0625
0 0.8171875 0.34140625 0.0328125 0.0234375
0 0.328125 0.62265625 0.11875 0.0640625
0 0.310453125 0.8905 0.032203125 0.0390625
0 0.23671875 0.60078125 0.0265625 0.01875
0 0.06640625 0.91484375 0.1109375 0.071875
0 0.61953125 0.54296875 0.025 0.015625
0 0.33828125 0.375 0.0484375 0.034375
0 0.75234375 0.8203125 0.034375 0.01875
0 0.634375 0.6796875 0.0828125 0.046875
0 0.559375 0.753125 0.04375 0.0234375
0 0.909375 0.2734375 0.0390625 0.0375
0 0.88984375 0.7703125 0.04375 0.0203125
0 0.96640625 0.8203125 0.0453125 0.01875
1 0.9046875 0.64140625 0.1828125 0.096875
0 0.834375 0.37578125 0.059375 0.0453125
0 0.596875 0.84375 0.01875 0.0140625
0 0.2625 0.3203125 0.1203125 0.0953125
0 0.034375 0.65078125 0.0625 0.0484375
0 0.18125 0.78046875 0.0296875 0.0234375
0 0.8921875 0.8 0.0875 0.0375
0 0.084375 0.5828125 0.146875 0.0765625
0 0.946875 0.546875 0.096875 0.0453125
0 0.809375 0.753125 0.0796875 0.0375
0 0.734375 0.278125 0.128125 0.1
0 0.70703125 0.3359375 0.03125 0.01875
0 0.2390625 0.75078125 0.05 0.0390625
0 0.971875 0.3390625 0.0390625 0.0296875
0 0.484375 0.54296875 0.0296875 0.0140625
0 0.81875 0.69453125 0.01875 0.0109375
0 0.96796875 0.96640625 0.021875 0.0125
0 0.8609375 0.5546875 0.025 0.0140625
0 0.71640625 0.95234375 0.021875 0.0140625
0 0.6953125 0.83203125 0.01875 0.0140625
0 0.990625 0.78125 0.01875 0.0203125
0 0.350703125 0.548734375 0.02740625 0.01109375
0 0.55878125 0.6418125 0.0163125 0.015875