0 0.61640625 0.5671875 0.05 0.0671875
0 0.64609375 0.401265625 0.0421875 0.0390625
0 0.746875 0.81015625 0.0484375 0.0625
0 0.77734375 0.47890625 0.0875 0.1
0 0.8609375 0.7828125 0.03125 0.028125
0 0.840625 0.3328125 0.021875 0.015625
0 0.80703125 0.565625 0.0453125 0.0515625
0 0.70390625 0.3078125 0.059375 0.0625
0 0.2484375 0.40390625 0.028125 0.028125
0 0.09765625 0.865625 0.0515625 0.046875
1 0.257390625 0.7110937500000001 0.0796875 0.09375
0 0.27421875 0.25234375 0.034375 0.0296875
0 0.0796875 0.64296875 0.0375 0.034375
0 0.64609375 0.315625 0.0203125 0.028125
0 0.2359375 0.67109375 0.028125 0.025
0 0.33359375 0.2484375 0.0390625 0.03125
0 0.1109375 0.77265625 0.0390625 0.03125
0 0.25625 0.571875 0.0296875 0.0359375
1 0.976171875 0.8735468750000001 0.04765625 0.08301562500000001
0 0.01015625 0.203125 0.0203125 0.03125
0 0.06953125 0.60234375 0.034375 0.0375
0 0.77890625 0.259375 0.0359375 0.0296875
0 0.228125 0.15390625 0.090625 0.08125
0 0.0796875 0.496875 0.0796875 0.0890625
0 0.797234375 0.624796875 0.01875 0.01875
0 0.6765625 0.4 0.015625 0.0140625
0 0.4859375 0.309375 0.134375 0.1265625
0 0.12890625 0.1421875 0.0359375 0.0328125
0 0.40546875 0.4046875 0.084375 0.11875
0 0.6234375 0.15859375 0.0359375 0.03125
0 0.71953125 0.36015625 0.0359375 0.0265625
0 0.184375 0.90625 0.0296875 0.0296875
0 0.77421875 0.715640625 0.028125 0.028125
0 0.89765625 0.47265625 0.0546875 0.0578125
0 0.06328125 0.5625 0.034375 0.0421875
0 0.8203125 0.66584375 0.01875 0.015625
0 0.25546875 0.503125 0.0640625 0.0875
0 0.82421875 0.51328125 0.0625 0.071875
0 0.26328125 0.65 0.021875 0.028125
0 0.021875 0.29375 0.040625 0.0515625
0 0.51875 0.7453125 0.0875 0.090625
0 0.271875 0.6125 0.0375 0.0359375
0 0.196875 0.4828125 0.03125 0.0234375
0 0.9296875 0.17578125 0.06875 0.0546875
0 0.17109375 0.6765625 0.0328125 0.028125
0 0.61484375 0.2578125 0.01875 0.015625
0 0.21640625 0.36328125 0.034375 0.0234375
0 0.43671875 0.5625 0.084375 0.13125
0 0.60703125 0.20859375 0.046875 0.0421875
0 0.7 0.86953125 0.0109375 0.0140625
0 0.790921875 0.36971875 0.084375 0.09375
0 0.2859375 0.34453125 0.0609375 0.078125
0 0.8828125 0.53671875 0.0546875 0.04375
0 0.33828125 0.5625 0.121875 0.1171875
0 0.621875 0.4703125 0.046875 0.046875
0 0.3390625 0.91328125 0.0390625 0.0265625
0 0.296875 0.43046875 0.046875 0.1421875
0 0.172703125 0.831046875 0.01875 0.01875
0 0.21171875 0.521875 0.0328125 0.028125
0 0.3703125 0.61953125 0.0296875 0.0359375
0 0.33046875 0.203125 0.03125 0.03125
0 0.71640625 0.62890625 0.071875 0.15625
0 0.2734375 0.3046875 0.0359375 0.0296875
0 0.228125 0.3390625 0.03125 0.025
0 0.98515625 0.3328125 0.0296875 0.0375
0 0.85234375 0.25546875 0.0296875 0.021875
0 0.17734375 0.4703125 0.0234375 0.0296875
0 0.93828125 0.778125 0.0125 0.015625
0 0.2171875 0.890625 0.0328125 0.0375
0 0.23671875 0.5953125 0.0265625 0.0265625
0 0.9890625 0.48515625 0.021875 0.0453125
0 0.715625 0.184375 0.0828125 0.0953125
0 0.6544218749999999 0.9046875 0.072921875 0.046875
0 0.98515625 0.64921875 0.0296875 0.09375
0 0.634375 0.36171875 0.0375 0.0375
0 0.1859375 0.71875 0.0359375 0.0296875
0 0.28203125 0.70625 0.034375 0.040625
0 0.33515625 0.30703125 0.0265625 0.0359375
0 0.132765625 0.858484375 0.0171875 0.0171875
0 0.57890625 0.4703125 0.015625 0.015625
0 0.64765625 0.2415 0.034375 0.028125
0 0.659375 0.6328125 0.0203125 0.034375
0 0.96640625 0.21796875 0.05 0.034375
0 0.70859375 0.83515625 0.0109375 0.015625
0 0.6671875 0.5109375 0.01875 0.0203125
0 0.8979531250000001 0.311296875 0.0375 0.0453125
0 0.8434375 0.7072499999999999 0.0203125 0.01875
0 0.73203125 0.390625 0.03125 0.0328125
0 0.6743125 0.322671875 0.025 0.0234375
0 0.634375 0.13203125 0.046875 0.034375
0 0.76328125 0.30546875 0.0625 0.0609375
0 0.5890625 0.3140625 0.0390625 0.03125
1 0.9891406249999999 0.777328125 0.021703125 0.040765625
0 0.06165625 0.104125 0.090890625 0.024953125
0 0.06290625 0.081625 0.080875 0.018296875
0 0.63975 0.19853125 0.02953125 0.0305
0 0.6540781250000001 0.195796875 0.029562500000000002 0.031625