0 0.2890625 0.41796875 0.059375 0.0359375
0 0.3921875 0.05078125 0.25625 0.1015625
0 0.62109375 0.9171875 0.0578125 0.0828125
0 0.2203125 0.2015625 0.021875 0.025
0 0.20859375 0.35390625 0.05 0.0734375
0 0.5953125 0.725 0.0421875 0.0546875
0 0.77265625 0.653125 0.075 0.1015625
0 0.4328125 0.77109375 0.046875 0.06875
0 0.83984375 0.29765625 0.115625 0.15625
0 0.4046875 0.17109375 0.0453125 0.059375
0 0.29609375 0.33203125 0.0359375 0.0421875
0 0.96328125 0.90234375 0.0734375 0.1328125
0 0.46953125 0.2453125 0.0421875 0.04375
0 0.77421875 0.4015625 0.05 0.0703125
0 0.79609375 0.19296875 0.0328125 0.0578125
0 0.47734375 0.8671875 0.0640625 0.0671875
0 0.3203125 0.3796875 0.040625 0.0546875
0 0.8703125 0.1 0.021875 0.034375
0 0.0671875 0.1515625 0.0578125 0.0875
0 0.5828125 0.65859375 0.06875 0.071875
0 0.88203125 0.52578125 0.0703125 0.0671875
0 0.61953125 0.9796875 0.053125 0.025
0 0.70234375 0.378125 0.0515625 0.0734375
0 0.81875 0.390625 0.0375 0.053125
0 0.37734375 0.309375 0.0515625 0.0578125
0 0.1453125 0.26640625 0.140625 0.128125
0 0.58359375 0.1578125 0.08125 0.1015625
0 0.384375 0.7390625 0.0625 0.0640625
0 0.17890625 0.578125 0.121875 0.271875
0 0.159375 0.44921875 0.128125 0.165625
0 0.86796875 0.42265625 0.0953125 0.08125
0 0.42421875 0.2796875 0.0515625 0.0734375
0 0.50078125 0.21953125 0.065625 0.084375
0 0.278125 0.46484375 0.1359375 0.103125
0 0.52421875 0.07578125 0.23125 0.1265625
0 0.7203125 0.3125 0.0171875 0.03125
0 0.58984375 0.440625 0.0234375 0.0234375
0 0.29375 0.57734375 0.053125 0.0625
0 0.7328125 0.203125 0.0328125 0.0484375
0 0.54921875 0.4625 0.05 0.0765625
0 0.9015625 0.85859375 0.0578125 0.15
0 0.725 0.97421875 0.05625 0.0234375
0 0.70546875 0.15078125 0.0375 0.05
0 0.53984375 0.54453125 0.0609375 0.0671875
0 0.41640625 0.51171875 0.140625 0.1078125
0 0.08046875 0.31953125 0.0453125 0.0484375
0 0.9015625 0.8203125 0.0484375 0.0859375
0 0.45546875 0.15234375 0.0203125 0.021875
0 0.9609375 0.7390625 0.0453125 0.05
0 0.5765625 0.865625 0.05 0.040625
0 0.253125 0.96640625 0.125 0.0671875
0 0.765625 0.2109375 0.046875 0.0671875
0 0.6328125 0.82421875 0.084375 0.11875
0 0.65078125 0.3140625 0.0734375 0.075
0 0.52109375 0.59140625 0.0421875 0.0578125
0 0.834375 0.8265625 0.053125 0.0515625
0 0.33671875 0.57109375 0.0359375 0.0453125
0 0.16875 0.34765625 0.0421875 0.0484375
0 0.90390625 0.9109375 0.059375 0.1015625
0 0.90234375 0.7671875 0.05625 0.084375
0 0.33125 0.81796875 0.0484375 0.05625
0 0.67578125 0.9015625 0.0234375 0.0296875
0 0.31796875 0.196875 0.040625 0.0734375
0 0.57890625 0.23515625 0.040625 0.0578125
0 0.8578125 0.1796875 0.0421875 0.0734375
0 0.6234375 0.2109375 0.05 0.065625
0 0.6703125 0.178125 0.046875 0.06875
0 0.7875 0.91484375 0.053125 0.053125
0 0.6828125 0.25078125 0.059375 0.078125
0 0.21953125 0.03828125 0.040625 0.0390625
0 0.8375 0.6 0.04375 0.046875
0 0.6015625 0.5046875 0.0625 0.0828125
0 0.39453125 0.4546875 0.1203125 0.1046875
0 0.11015625 0.88359375 0.0234375 0.0296875
0 0.34921875 0.25546875 0.0390625 0.046875
0 0.75625 0.48359375 0.046875 0.0453125
0 0.33359375 0.3515625 0.034375 0.0421875
0 0.29140625 0.4890625 0.03125 0.015625
1 0.6 0.5109375 0.2125 0.21875
1 0.646875 0.79609375 0.253125 0.3921875