0 0.48984375 0.221875 0.08125 0.0875
0 0.61796875 0.5140625 0.01875 0.0203125
0 0.47265625 0.0125 0.0359375 0.025
0 0.321875 0.2 0.034375 0.0359375
0 0.71328125 0.13359375 0.0171875 0.015625
0 0.58359375 0.06328125 0.040625 0.040625
0 0.14765625 0.59921875 0.0390625 0.08125
1 0.3828125 0.425 0.2640625 0.2109375
0 0.80703125 0.1328125 0.0171875 0.0171875
0 0.65390625 0.18359375 0.0671875 0.06875
0 0.471875 0.4984375 0.0296875 0.0296875
1 0.775 0.83203125 0.0609375 0.05
0 0.5390625 0.415625 0.034375 0.0453125
0 0.75390625 0.7421875 0.0328125 0.0328125
0 0.20859375 0.6625 0.0515625 0.065625
0 0.72890625 0.57578125 0.090625 0.084375
0 0.6296875 0.475 0.03125 0.0421875
0 0.7171875 0.84296875 0.0359375 0.040625
0 0.325 0.696875 0.0390625 0.0390625
0 0.2109375 0.50390625 0.04375 0.0515625
0 0.51171875 0.04453125 0.0203125 0.021875
0 0.5890625 0.45078125 0.025 0.034375
0 0.428125 0.50234375 0.06875 0.0640625
0 0.60078125 0.03359375 0.0234375 0.028125
0 0.66484375 0.2671875 0.0515625 0.0421875
0 0.74765625 0.68359375 0.0296875 0.0265625
0 0.61953125 0.41953125 0.0375 0.053125
0 0.2390625 0.72265625 0.0375 0.0484375
0 0.2578125 0.44765625 0.01875 0.0234375
1 0.64375 0.81328125 0.0953125 0.0765625
0 0.51015625 0.015625 0.0421875 0.03125
0 0.73671875 0.128125 0.0140625 0.0125
0 0.2859375 0.3015625 0.034375 0.0359375
0 0.68671875 0.56953125 0.0265625 0.025
0 0.7140625 0.4546875 0.109375 0.10625
0 0.77421875 0.61015625 0.0171875 0.0171875
0 0.5515625 0.46015625 0.0203125 0.0328125
0 0.13125 0.55234375 0.0421875 0.0875
0 0.6203125 0.3765625 0.05 0.04375
0 0.79296875 0.315625 0.0140625 0.015625
0 0.75625 0.3328125 0.0609375 0.0703125
0 0.24921875 0.56484375 0.0234375 0.0265625
0 0.26953125 0.5875 0.04375 0.0421875
0 0.18828125 0.6109375 0.053125 0.05
0 0.50703125 0.43515625 0.021875 0.0296875
0 0.72265625 0.74140625 0.04375 0.0328125
0 0.27578125 0.6125 0.0296875 0.0421875
0 0.69140625 0.53359375 0.0953125 0.0734375
0 0.571875 0.58515625 0.0875 0.05
0 0.4078125 0.30703125 0.0328125 0.03125
0 0.18984375 0.1171875 0.0671875 0.0640625
0 0.7859375 0.51328125 0.03125 0.0296875
0 0.54375 0.4015625 0.0234375 0.0234375
0 0.62109375 0.15 0.04375 0.0515625
0 0.640625 0.02734375 0.03125 0.025
0 0.21875 0.58828125 0.034375 0.0359375
0 0.2390625 0.15546875 0.040625 0.0515625
0 0.7890625 0.28671875 0.0171875 0.0171875
0 0.7078125 0.371875 0.0609375 0.0609375
0 0.09921875 0.60859375 0.034375 0.0359375
0 0.2375 0.30703125 0.0328125 0.0296875
0 0.478125 0.46015625 0.021875 0.025
0 0.30390625 0.3609375 0.0265625 0.03125
0 0.76796875 0.71640625 0.034375 0.040625
0 0.5546875 0.27265625 0.0421875 0.034375
0 0.5390625 0.2609375 0.0328125 0.0359375
0 0.421875 0.03515625 0.0453125 0.05625
0 0.5578125 0.07265625 0.0140625 0.015625
1 0.5046875 0.0859375 0.1015625 0.0828125
1 0.5296875 0.13203125 0.0625 0.109375
1 0.48125 0.14140625 0.075 0.084375
1 0.403125 0.0796875 0.18125 0.159375
0 0.30078125 0.49921875 0.0328125 0.0390625
0 0.33984375 0.4921875 0.0265625 0.0359375
1 0.31640625 0.52734375 0.2015625 0.1484375
0 0.1734375 0.48203125 0.0328125 0.0421875
0 0.6578125 0.7109375 0.1 0.046875
0 0.5765625 0.4515625 0.2015625 0.153125