0 0.2078125 0.43515625 0.0609375 0.0515625
0 0.63828125 0.88515625 0.0921875 0.071875
0 0.02578125 0.03671875 0.028125 0.0109375
0 0.07890625 0.0875 0.078125 0.08125
0 0.09140625 0.421875 0.0546875 0.065625
0 0.2703125 0.85859375 0.04375 0.075
0 0.8046875 0.09296875 0.028125 0.0359375
0 0.10625 0.259375 0.0890625 0.1
0 0.90859375 0.83203125 0.1109375 0.090625
0 0.6140625 0.53515625 0.0484375 0.059375
0 0.290625 0.4015625 0.046875 0.0671875
0 0.26015625 0.63984375 0.040625 0.046875
0 0.875 0.41875 0.0171875 0.0171875
0 0.73203125 0.76015625 0.03125 0.0390625
0 0.41484375 0.21796875 0.090625 0.103125
0 0.65546875 0.0140625 0.0453125 0.028125
0 0.2890625 0.67421875 0.03125 0.0359375
0 0.35859375 0.63984375 0.0296875 0.0421875
0 0.6515625 0.3234375 0.034375 0.0421875
0 0.6546875 0.165625 0.0203125 0.03125
0 0.73203125 0.36796875 0.028125 0.0328125
0 0.61328125 0.325 0.040625 0.0375
0 0.45 0.31640625 0.0171875 0.0296875
0 0.353125 0.94140625 0.0359375 0.0359375
0 0.45625 0.87265625 0.0421875 0.0546875
0 0.446875 0.43984375 0.053125 0.078125
0 0.3484375 0.5859375 0.0390625 0.0484375
0 0.61484375 0.984375 0.046875 0.0203125
0 0.50390625 0.2046875 0.0390625 0.0578125
0 0.96796875 0.71640625 0.0296875 0.034375
0 0.80703125 0.496875 0.2078125 0.140625
0 0.45859375 0.4875 0.0203125 0.021875
0 0.1828125 0.27890625 0.0828125 0.0875
0 0.690625 0.5890625 0.096875 0.0859375
0 0.72578125 0.665625 0.084375 0.0953125
0 0.10546875 0.0515625 0.084375 0.05625
0 0.95390625 0.9140625 0.090625 0.1125
0 0.621875 0.02421875 0.053125 0.0484375
0 0.86875 0.00546875 0.025 0.0109375
0 0.15078125 0.4359375 0.065625 0.071875
0 0.7015625 0.203125 0.075 0.0890625
0 0.3703125 0.89765625 0.0578125 0.0734375
0 0.55390625 0.47109375 0.0421875 0.053125
0 0.7578125 0.975 0.0375 0.015625
0 0.03828125 0.31171875 0.0765625 0.1765625
0 0.38359375 0.3046875 0.078125 0.0640625
0 0.565625 0.76171875 0.0328125 0.040625
0 0.59609375 0.54609375 0.0875 0.075
0 0.6921875 0.78359375 0.175 0.159375
0 0.775 0.2484375 0.0234375 0.0296875
0 0.6984375 0.07109375 0.0265625 0.0375
0 0.496875 0.3609375 0.0703125 0.1484375
0 0.58828125 0.36015625 0.0328125 0.0359375
0 0.2265625 0.55078125 0.128125 0.1453125
0 0.66015625 0.69921875 0.034375 0.0359375
0 0.74140625 0.9140625 0.1734375 0.134375
0 0.3953125 0.11875 0.24375 0.2375
0 0.13671875 0.5140625 0.0796875 0.1109375
1 0.23203125 0.103125 0.1359375 0.1578125
0 0.68984375 0.12734375 0.04375 0.0625
0 0.44453125 0.68671875 0.040625 0.05
0 0.37265625 0.0453125 0.1484375 0.084375
0 0.8390625 0.63828125 0.0265625 0.03125
0 0.41875 0.9765625 0.075 0.046875
0 0.52421875 0.9796875 0.0796875 0.040625
0 0.809375 0.43203125 0.03125 0.0265625
0 0.5015625 0.01171875 0.028125 0.0234375
0 0.29140625 0.0578125 0.0234375 0.028125
0 0.26875 0.1375 0.025 0.03125