0 0.26796875 0.85234375 0.084375 0.1078125
0 0.45546875 0.54375 0.05 0.065625
0 0.39765625 0.5953125 0.0546875 0.0625
0 0.7421875 0.734375 0.0515625 0.05
0 0.315625 0.69140625 0.01875 0.025
0 0.31484375 0.39140625 0.078125 0.08125
0 0.22578125 0.67109375 0.0328125 0.0203125
0 0.16875 0.859375 0.034375 0.0328125
0 0.3921875 0.30703125 0.015625 0.015625
0 0.953125 0.57578125 0.0515625 0.040625
0 0.5046875 0.53984375 0.0625 0.0625
0 0.86953125 0.459375 0.034375 0.0421875
0 0.059375 0.3109375 0.1015625 0.1171875
0 0.021875 0.05625 0.04375 0.0375
0 0.56640625 0.878125 0.0421875 0.078125
0 0.35 0.41953125 0.040625 0.025
0 0.73984375 0.41640625 0.028125 0.0421875
0 0.3546875 0.4984375 0.0765625 0.1390625
0 0.87890625 0.5578125 0.0859375 0.0546875
0 0.5421875 0.16953125 0.03125 0.03125
0 0.98046875 0.70546875 0.0390625 0.04375
0 0.34296875 0.1984375 0.09375 0.084375
0 0.521875 0.125 0.0265625 0.021875
0 0.81953125 0.1828125 0.0421875 0.0375
0 0.55546875 0.7046875 0.015625 0.0265625
0 0.11328125 0.78046875 0.0765625 0.071875
0 0.05 0.73515625 0.0359375 0.0234375
0 0.81171875 0.53203125 0.0578125 0.04375
0 0.2125 0.43828125 0.08125 0.1578125
0 0.2234375 0.7859375 0.021875 0.05
0 0.66640625 0.4765625 0.1171875 0.109375
0 0.42734375 0.81796875 0.009375 0.0171875
0 0.8546875 0.621875 0.0734375 0.0640625
0 0.47109375 0.7640625 0.10625 0.0890625
0 0.00859375 0.6359375 0.0171875 0.0546875
0 0.97734375 0.7453125 0.0453125 0.034375
0 0.40234375 0.878125 0.015625 0.0109375
0 0.00625 0.52109375 0.0125 0.0421875
0 0.86875 0.3484375 0.071875 0.0609375
0 0.05234375 0.440625 0.1046875 0.1171875
0 0.8328125 0.25009375 0.071875 0.067359375
0 0.86171875 0.59453125 0.0796875 0.096875
0 0.1890625 0.54765625 0.0671875 0.0765625
0 0.8328125 0.690625 0.071875 0.0640625
0 0.74765625 0.290625 0.046875 0.03125
0 0.0078125 0.121875 0.015625 0.0328125
0 0.88984375 0.6671875 0.0734375 0.0546875
0 0.846875 0.41171875 0.046875 0.04375
0 0.41953125 0.3625 0.103125 0.1109375
0 0.340625 0.353125 0.03125 0.025
0 0.73828125 0.22265625 0.04375 0.034375
0 0.12890625 0.46875 0.053125 0.109375
0 0.30703125 0.15703125 0.046875 0.0328125
0 0.309375 0.53984375 0.015625 0.01875
0 0.10390625 0.55625 0.0671875 0.11875
0 0.2203125 0.3046875 0.1078125 0.1078125
0 0.21484375 0.628125 0.0375 0.0390625
0 0.10546875 0.35234375 0.0171875 0.01875
0 0.709375 0.74140625 0.0828125 0.0703125
0 0.87734375 0.821875 0.1015625 0.096875
0 0.940625 0.46484375 0.0421875 0.040625
0 0.3390625 0.075 0.103125 0.1
0 0.32109375 0.284375 0.121875 0.078125
0 0.7578125 0.16875 0.06875 0.053125
0 0.78515625 0.696875 0.0328125 0.028125
0 0.8296875 0.471875 0.046875 0.0453125
0 0.0609375 0.665625 0.0359375 0.028125
0 0.99140625 0.603125 0.0140625 0.015625
0 0.08515625 0.13046875 0.1265625 0.134375
0 0.06328125 0.59609375 0.03125 0.034375
0 0.178125 0.64453125 0.0328125 0.034375
0 0.221875 0.546875 0.1125 0.0890625
0 0.98125 0.42109375 0.034375 0.05
0 0.43828125 0.08984375 0.0484375 0.059375
0 0.019625 0.32632812499999997 0.039265625 0.05337499999999999
0 0.47109375 0.87265625 0.046875 0.034375
0 0.4359375 0.615625 0.021875 0.0390625
0 0.9140625 0.29453125 0.053125 0.05
0 0.15859375 0.81640625 0.0390625 0.025
0 0.318640625 0.610796875 0.0328125 0.038625
0 0.671875 0.67265625 0.0359375 0.0828125
0 0.68828125 0.3671875 0.115625 0.1046875
0 0.165625 0.246875 0.0390625 0.034375
0 0.5515625 0.421875 0.103125 0.0578125
0 0.93046875 0.35 0.034375 0.046875
0 0.24921875 0.03359375 0.115625 0.0671875
0 0.840625 0.45546875 0.0484375 0.0640625
0 0.478125 0.665625 0.05625 0.028125
0 0.04375 0.55078125 0.0578125 0.0578125
0 0.503234375 0.344625 0.05959375 0.061109375
0 0.121875 0.6515625 0.071875 0.1359375
0 0.728125 0.440625 0.0265625 0.0359375
0 0.221875 0.08671875 0.046875 0.040625
0 0.31328125 0.5859375 0.04375 0.0453125
0 0.25703125 0.546875 0.071875 0.0859375
0 0.68828125 0.278125 0.0515625 0.034375
0 0.97265625 0.78203125 0.021875 0.015625
0 0.059375 0.68984375 0.028125 0.0203125
0 0.89609375 0.75390625 0.0671875 0.0640625
0 0.51875 0.2734375 0.0765625 0.08125
0 0.03671875 0.63125 0.0484375 0.0484375
0 0.0125 0.69140625 0.021875 0.0609375
0 0.35703125 0.8015625 0.1171875 0.1453125
0 0.98515625 0.86484375 0.0265625 0.0328125
0 0.281796875 0.636484375 0.018984375 0.021625
0 0.7234375 0.58828125 0.1359375 0.134375
0 0.54453125 0.75625 0.034375 0.0375
0 0.59140625 0.340625 0.0890625 0.109375
0 0.52109375 0.47421875 0.125 0.06875
0 0.5140625 0.671875 0.0421875 0.0375
0 0.978125 0.55234375 0.040625 0.04375
0 0.44375 0.16328125 0.1078125 0.0765625
0 0.778125 0.384375 0.071875 0.10625
0 0.899640625 0.20625 0.08521875 0.0765625
0 0.12265625 0.8484375 0.065625 0.071875
0 0.18671875 0.184375 0.0546875 0.040625
0 0.71015625 0.834375 0.0265625 0.0265625
0 0.531859375 0.41865625 0.032078125 0.026125
0 0.658984375 0.547796875 0.018062500000000002 0.020125
0 0.9942187499999999 0.45971875000000006 0.011578125 0.0296875