0 0.3828125 0.38671875 0.040625 0.040625
0 0.25078125 0.5375 0.0328125 0.025
0 0.24984375 0.4840625 0.0265625 0.0265625
0 0.17578125 0.646875 0.040625 0.0328125
0 0.8175156250000001 0.8046093750000001 0.028125 0.021875
0 0.28515625 0.72578125 0.040625 0.03125
0 0.7109375 0.765625 0.0171875 0.015625
0 0.14910937500000002 0.81765625 0.025 0.0171875
0 0.59140625 0.80703125 0.028125 0.021875
0 0.89221875 0.53828125 0.14078125 0.07195312499999999
0 0.71875 0.2421875 0.06875 0.0484375
0 0.11171875 0.56171875 0.071875 0.0671875
0 0.3578125 0.646875 0.034375 0.0328125
0 0.51015625 0.53984375 0.115625 0.0984375
0 0.052015624999999996 0.527140625 0.032390625 0.028578125
0 0.109265625 0.7341562500000001 0.040609374999999996 0.030953124999999998
0 0.35703125 0.47421875 0.05 0.071875
0 0.16640625 0.60703125 0.046875 0.046875
0 0.246875 0.221875 0.0625 0.0921875
0 0.30078125 0.1775625 0.04375 0.034375
0 0.297984375 0.1088125 0.031390625 0.03325
0 0.9764843750000001 0.8323281250000001 0.0453125 0.024406249999999997
0 0.115625 0.50234375 0.0625 0.0890625
0 0.17921875 0.42046875000000006 0.053125 0.0671875
0 0.20078125 0.81953125 0.01875 0.015625
0 0.53515625 0.67109375 0.0515625 0.04375
0 0.21328125 0.3671875 0.0296875 0.0234375
0 0.3359375 0.68671875 0.05625 0.040625
0 0.14754687500000002 0.787765625 0.0234375 0.015625
0 0.10390625 0.8453125 0.028125 0.034375
0 0.019859375000000002 0.7495625 0.025703125 0.026359375
0 0.53359375 0.78046875 0.034375 0.0234375
0 0.6453125 0.53203125 0.0546875 0.046875
0 0.325 0.3365625 0.034375 0.034375
0 0.0875 0.66171875 0.021875 0.015625
0 0.03046875 0.55390625 0.0203125 0.015625
0 0.1875 0.71015625 0.0421875 0.040625
0 0.796546875 0.8591875 0.021875 0.0140625
0 0.20078125 0.53984375 0.0265625 0.0203125
0 0.63828125 0.42578125 0.059375 0.05
0 0.378125 0.61640625 0.04375 0.0375
0 0.19765625 0.7859375 0.0125 0.0125
0 0.9139843750000001 0.6498437499999999 0.097546875 0.077234375
0 0.6109375 0.10490625 0.059375 0.0453125
0 0.06875 0.853125 0.0375 0.034375
0 0.00625 0.8632500000000001 0.0125 0.021812500000000002
0 0.78359375 0.72421875 0.05625 0.0453125
0 0.896875 0.0578125 0.134375 0.0703125
0 0.7984375 0.26328125 0.1109375 0.103125
0 0.375859375 0.7107812499999999 0.021875 0.01875
0 0.271875 0.68046875 0.0953125 0.0546875
0 0.13046875 0.8765625 0.0109375 0.015625
0 0.01584375 0.723578125 0.028390625000000003 0.028125
0 0.0421875 0.49453125 0.0203125 0.0203125
0 0.5205 0.7521875 0.030953124999999998 0.027078124999999998
0 0.7366406249999999 0.55703125 0.099859375 0.0578125
0 0.22421875 0.71796875 0.034375 0.021875
0 0.93359375 0.01015625 0.0859375 0.0203125
0 0.386265625 0.23650000000000002 0.021359375 0.029984375
0 0.98203125 0.865625 0.0359375 0.0265625
0 0.07578125 0.59296875 0.0234375 0.025
0 0.23984375 0.44453125 0.0265625 0.0203125
0 0.19453125 0.75703125 0.021875 0.015625
0 0.2784375 0.24140625 0.03125 0.021875
0 0.0421875 0.57265625 0.0203125 0.01875
0 0.322171875 0.09040625 0.02321875 0.021875
0 0.309375 0.46171875 0.0421875 0.0453125
0 0.02165625 0.44165625000000003 0.040625 0.084375
0 0.87578125 0.3546875 0.1734375 0.1234375
0 0.7125 0.18828125 0.10625 0.0578125
0 0.9875 0.575703125 0.025 0.0421875
0 0.028125 0.30125 0.0515625 0.08687500000000001
0 0.789140625 0.6224999999999999 0.048515625 0.034375
0 0.362171875 0.180984375 0.034375 0.0234375
0 0.2203125 0.308125 0.059375 0.0625
0 0.303125 0.37421875 0.04375 0.0328125
0 0.45271875 0.72109375 0.116453125 0.090625
0 0.430875 0.8159218750000001 0.0296875 0.0171875
0 0.50625 0.13125 0.0515625 0.0359375
0 0.80234375 0.58203125 0.0625 0.05
0 0.9828125 0.35078125 0.034375 0.065625
0 0.075 0.43984375 0.0109375 0.0203125
0 0.15390625 0.87578125 0.0328125 0.03125
0 0.40234375 0.03125 0.09375 0.0625
0 0.1221875 0.3884375 0.040625 0.03125
0 0.039781250000000004 0.6325000000000001 0.0546875 0.028125
0 0.8319218749999999 0.6415625 0.111453125 0.08935937499999999
0 0.09609375 0.330625 0.053125 0.059687500000000004
0 0.1921875 0.8609375 0.021875 0.015625
0 0.660828125 0.579609375 0.05304687500000001 0.0414375
0 0.540625 0.81640625 0.0203125 0.0109375
0 0.141078125 0.731890625 0.023640625000000002 0.016265625
0 0.73203125 0.43046875 0.053125 0.0578125
0 0.20703125 0.50703125 0.05 0.0609375
0 0.23203125 0.58046875 0.0203125 0.0234375
0 0.2078125 0.5625 0.021875 0.0203125
0 0.71640625 0.37890625 0.053125 0.0515625
0 0.14296875 0.4625 0.0640625 0.103125
0 0.98515625 0.758484375 0.0296875 0.028125
0 0.082796875 0.745984375 0.0240625 0.02225
0 0.0921875 0.60859375 0.040625 0.0375
0 0.690625 0.0171875 0.0578125 0.034375
0 0.199109375 0.734046875 0.025953125 0.012265624999999999
0 0.12176562500000002 0.663703125 0.01940625 0.016890625
0 0.106859375 0.67521875 0.025312499999999998 0.010203125
0 0.106625 0.69475 0.01715625 0.010453125
1 0.14525 0.702421875 0.040640625 0.04375
0 0.055578125 0.60440625 0.0239375 0.016671875
0 0.0365 0.587359375 0.02325 0.012843750000000001
0 0.063265625 0.621921875 0.010828125 0.016984375
0 0.08201562500000001 0.630390625 0.028921875000000003 0.010890625
0 0.00690625 0.637046875 0.013796875 0.025124999999999998
0 0.00565625 0.49148437500000003 0.0113125 0.01675
0 0.0037343750000000003 0.518921875 0.007484375 0.02015625
0 0.385125 0.352703125 0.016890625 0.023546875000000002
0 0.427703125 0.44582812499999996 0.025015625000000003 0.0174375
0 0.3959375 0.4255 0.03853125 0.034499999999999996
0 0.48328125 0.36126562500000003 0.09234375 0.19396875
0 0.9572968749999999 0.24431250000000002 0.061750000000000006 0.143890625
1 0.41484375 0.35975 0.21328125 0.219234375