0 0.1421875 0.4953125 0.0671875 0.0375
0 0.62890625 0.62734375 0.025 0.0203125
0 0.11015625 0.465625 0.071875 0.0421875
0 0.47421875 0.82734375 0.0609375 0.0640625
0 0.3890625 0.71328125 0.0234375 0.025
0 0.59609375 0.83203125 0.0546875 0.0296875
0 0.19765625 0.53125 0.021875 0.025
0 0.17265625 0.871875 0.0109375 0.0109375
0 0.3890625 0.871875 0.0421875 0.028125
0 0.7265625 0.6484375 0.021875 0.025
0 0.65859375 0.41953125 0.0171875 0.015625
0 0.665625 0.0859375 0.0984375 0.1
0 0.871875 0.44765625 0.0390625 0.0265625
0 0.49453125 0.559375 0.025 0.025
0 0.37734375 0.740625 0.021875 0.0171875
0 0.621875 0.4265625 0.05625 0.053125
0 0.5 0.4171875 0.0390625 0.0390625
0 0.378125 0.584375 0.0234375 0.021875
0 0.375 0.14921875 0.025 0.034375
0 0.66015625 0.67265625 0.0203125 0.021875
0 0.14453125 0.0125 0.0546875 0.025
0 0.190625 0.00625 0.021875 0.0125
0 0.565625 0.3875 0.034375 0.0359375
0 0.7328125 0.5703125 0.0578125 0.05625
0 0.30078125 0.8125 0.03125 0.0328125
0 0.496875 0.91328125 0.05625 0.05625
0 0.46171875 0.79453125 0.0578125 0.0265625
0 0.38984375 0.22890625 0.0546875 0.0421875
0 0.1375 0.73671875 0.04375 0.0421875
0 0.65859375 0.878125 0.0453125 0.0578125
0 0.57421875 0.809375 0.025 0.025
0 0.5625 0.15234375 0.028125 0.0234375
0 0.3875 0.75625 0.040625 0.0390625
0 0.20859375 0.44453125 0.084375 0.0671875
0 0.1828125 0.1578125 0.0265625 0.0265625
0 0.12109375 0.65859375 0.0234375 0.01875
0 0.46171875 0.72265625 0.0171875 0.0109375
0 0.709375 0.4375 0.128125 0.1125
0 0.58671875 0.93046875 0.078125 0.0546875
0 0.76796875 0.59765625 0.034375 0.034375
0 0.5578125 0.68046875 0.0265625 0.0234375
0 0.1765625 0.8546875 0.0125 0.0140625
0 0.38203125 0.79765625 0.0796875 0.0578125
0 0.35390625 0.3765625 0.0609375 0.0546875
0 0.47421875 0.96171875 0.025 0.0296875
0 0.3625 0.4546875 0.0234375 0.025
0 0.57109375 0.7296875 0.0375 0.0359375
0 0.121875 0.39296875 0.025 0.028125
0 0.40859375 0.98046875 0.0421875 0.028125
0 0.39609375 0.8890625 0.040625 0.0328125
0 0.578125 0.8765625 0.0390625 0.0390625
0 0.61015625 0.61015625 0.03125 0.0375
0 0.28203125 0.9515625 0.0328125 0.0375
0 0.38515625 0.91875 0.0234375 0.025
0 0.46953125 0.01484375 0.0578125 0.0296875
0 0.13984375 0.51640625 0.0203125 0.021875
0 0.54453125 0.1609375 0.0203125 0.0265625
0 0.346875 0.95859375 0.090625 0.0578125
0 0.35078125 0.5828125 0.0265625 0.025
0 0.54296875 0.7359375 0.0375 0.0296875
0 0.265625 0.0046875 0.0375 0.009375
0 0.1359375 0.7109375 0.0234375 0.0234375
0 0.1625 0.2765625 0.025 0.0234375
0 0.85078125 0.603125 0.0421875 0.0453125
0 0.2515625 0.82734375 0.05 0.0296875
0 0.62578125 0.709375 0.01875 0.0203125
0 0.88828125 0.39296875 0.040625 0.04375
0 0.52109375 0.18046875 0.028125 0.0375
0 0.49921875 0.4734375 0.159375 0.115625
0 0.47265625 0.5546875 0.0265625 0.025
0 0.69296875 0.33203125 0.05 0.0609375
0 0.5921875 0.65703125 0.034375 0.0328125
0 0.15078125 0.453125 0.021875 0.028125
0 0.48125 0.5921875 0.028125 0.021875
0 0.36796875 0.7046875 0.028125 0.0265625
0 0.4296875 0.03125 0.046875 0.0421875
0 0.33046875 0.559375 0.0234375 0.021875
0 0.2359375 0.025 0.021875 0.0203125
0 0.853125 0.35390625 0.01875 0.0203125
0 0.96484375 0.17890625 0.0234375 0.0265625
0 0.6 0.26015625 0.059375 0.05625
0 0.259375 0.67578125 0.05 0.0328125
0 0.478125 0.73984375 0.025 0.025
0 0.665625 0.6328125 0.025 0.028125
0 0.3578125 0.75 0.0171875 0.01875
0 0.6203125 0.3421875 0.021875 0.0234375
0 0.2453125 0.24921875 0.0359375 0.034375
0 0.3046875 0.553125 0.021875 0.021875
0 0.32578125 0.13515625 0.0359375 0.034375
0 0.34453125 0.76953125 0.040625 0.0265625
0 0.175 0.22421875 0.1078125 0.09375
0 0.5125 0.94921875 0.028125 0.03125
0 0.5875 0.6203125 0.0234375 0.0203125
0 0.70234375 0.67734375 0.01875 0.0203125
0 0.55 0.55234375 0.1171875 0.071875
0 0.1828125 0.0234375 0.04375 0.0359375
0 0.4234375 0.55546875 0.0875 0.0890625
0 0.578125 0.41484375 0.0390625 0.0328125
0 0.75859375 0.09765625 0.078125 0.0796875
0 0.540625 0.9859375 0.046875 0.028125
0 0.92421875 0.51875 0.090625 0.0640625
0 0.62109375 0.77890625 0.0265625 0.0265625
0 0.60703125 0.52421875 0.0296875 0.034375
0 0.37890625 0.5640625 0.028125 0.03125
0 0.7046875 0.625 0.025 0.0203125
0 0.459375 0.86953125 0.078125 0.065625
0 0.78984375 0.67421875 0.084375 0.0671875
0 0.1828125 0.8203125 0.03125 0.0296875
0 0.6703125 0.02734375 0.01875 0.015625
0 0.13359375 0.83203125 0.0171875 0.0171875
0 0.540625 0.83671875 0.0703125 0.05625
0 0.6171875 0.85859375 0.025 0.025
0 0.33203125 0.921875 0.071875 0.0484375
0 0.678125 0.8140625 0.0921875 0.071875
0 0.26328125 0.86328125 0.034375 0.0296875
0 0.2359375 0.896875 0.046875 0.040625
0 0.55 0.603125 0.028125 0.0296875
0 0.4265625 0.9421875 0.0625 0.0796875
0 0.8765625 0.5625 0.0359375 0.0390625
0 0.48359375 0.3828125 0.0515625 0.040625
0 0.60859375 0.7984375 0.0171875 0.0140625
0 0.56484375 0.50625 0.053125 0.0390625
0 0.71328125 0.2328125 0.121875 0.1125
0 0.3953125 0.371875 0.01875 0.01875
0 0.790625 0.13359375 0.0703125 0.0640625
0 0.9109375 0.27265625 0.046875 0.053125
0 0.2484375 0.540625 0.0484375 0.04375
0 0.37578125 0.5125 0.034375 0.0390625
0 0.459375 0.99140625 0.025 0.0171875
0 0.52578125 0.60546875 0.0328125 0.0296875
0 0.32421875 0.47109375 0.0203125 0.01875
0 0.45078125 0.17421875 0.0375 0.040625
0 0.5390625 0.03203125 0.0640625 0.040625
0 0.65 0.6984375 0.0234375 0.021875
0 0.9890625 0.30625 0.021875 0.053125
0 0.47265625 0.0453125 0.053125 0.0453125
0 0.6296875 0.66328125 0.025 0.025
0 0.25625 0.1828125 0.0296875 0.025
0 0.496875 0.69921875 0.025 0.0265625
0 0.12578125 0.88046875 0.065625 0.0640625
0 0.82578125 0.434375 0.06875 0.05625
0 0.46328125 0.09375 0.0609375 0.0625
0 0.65546875 0.59296875 0.025 0.0484375
0 0.4921875 0.1796875 0.0234375 0.0171875
0 0.2546875 0.4171875 0.0328125 0.034375
0 0.14453125 0.05546875 0.046875 0.034375
0 0.2546875 0.35 0.1796875 0.1375
0 0.72265625 0.6140625 0.0234375 0.0140625
0 0.77890625 0.28203125 0.0515625 0.053125
0 0.50703125 0.30234375 0.0390625 0.0359375
0 0.52109375 0.27578125 0.040625 0.0375
0 0.14921875 0.7734375 0.0171875 0.015625
0 0.56484375 0.34609375 0.05 0.0453125
0 0.75703125 0.53359375 0.0546875 0.059375
0 0.13671875 0.128125 0.0484375 0.04375
0 0.2890625 0.2875 0.0328125 0.0359375
0 0.453125 0.77578125 0.0640625 0.0296875
0 0.203125 0.3953125 0.0390625 0.0328125
0 0.303125 0.884375 0.0265625 0.0296875
0 0.759375 0.0390625 0.0328125 0.0125
0 0.6375 0.48203125 0.01875 0.021875
0 0.7078125 0.4984375 0.0921875 0.1125
0 0.29453125 0.44375 0.0203125 0.0171875
0 0.6859375 0.66796875 0.0171875 0.0171875
0 0.23671875 0.125 0.021875 0.0234375
0 0.3125 0.84609375 0.0296875 0.021875
0 0.19765625 0.90234375 0.034375 0.0296875
0 0.42421875 0.7578125 0.028125 0.025
0 0.81171875 0.6265625 0.034375 0.0328125
0 0.31015625 0.22890625 0.1140625 0.1
0 0.36015625 0.54453125 0.0234375 0.028125
1 0.68203125 0.73203125 0.1078125 0.11875
0 0.784375 0.22421875 0.046875 0.0578125
0 0.52265625 0.78359375 0.06875 0.053125
1 0.59765625 0.7546875 0.06875 0.0765625
0 0.35859375 0.08671875 0.0484375 0.0484375
0 0.21640625 0.78203125 0.04375 0.040625
0 0.52421875 0.00859375 0.0484375 0.0171875
0 0.259375 0.790625 0.0390625 0.0328125
0 0.33515625 0.5390625 0.01875 0.01875
0 0.84609375 0.51171875 0.0484375 0.0546875
0 0.53359375 0.88203125 0.0234375 0.028125
0 0.3953125 0.43984375 0.0484375 0.053125
0 0.715625 0.66171875 0.0171875 0.0171875
0 0.35625 0.85078125 0.040625 0.0390625
0 0.9328125 0.43515625 0.053125 0.0515625
0 0.74453125 0.284375 0.021875 0.0203125
0 0.4296875 0.85390625 0.0328125 0.034375
0 0.55390625 0.89765625 0.0328125 0.0328125
0 0.625 0.90390625 0.025 0.025
0 0.8203125 0.5859375 0.05 0.053125
0 0.403125 0.49296875 0.0359375 0.0390625
0 0.7734375 0.3421875 0.1109375 0.1
0 0.6109375 0.3125 0.0515625 0.0546875
0 0.33515625 0.1734375 0.0375 0.046875
0 0.46171875 0.35 0.0328125 0.034375
0 0.45546875 0.146875 0.0625 0.0390625
0 0.41328125 0.90859375 0.0328125 0.0390625
0 0.16328125 0.34609375 0.025 0.01875
0 0.225 0.9328125 0.0234375 0.021875
0 0.62265625 0.50546875 0.01875 0.021875
0 0.5671875 0.696875 0.025 0.025
0 0.5625 0.6296875 0.025 0.025
0 0.41875 0.0046875 0.028125 0.009375
0 0.6046875 0.48359375 0.0203125 0.0203125
0 0.6078125 0.5625 0.0109375 0.01875
0 0.6125 0.56796875 0.0109375 0.015625
0 0.66875 0.603125 0.0171875 0.034375
0 0.08125 0.90546875 0.0640625 0.046875
0 0.32890625 0.775 0.0265625 0.01875
0 0.33671875 0.8859375 0.0140625 0.0140625
1 0.296875 0.6984375 0.046875 0.053125
1 0.4828125 0.671875 0.05 0.0390625
1 0.4578125 0.6953125 0.040625 0.0328125
1 0.3984375 0.68046875 0.10625 0.0578125
1 0.37421875 0.72890625 0.1390625 0.09375
1 0.2875 0.628125 0.1890625 0.1234375
1 0.42734375 0.6296875 0.1921875 0.121875
1 0.55234375 0.53046875 0.2265625 0.21875
1 0.83984375 0.103125 0.2828125 0.15
1 0.35703125 0.0890625 0.4921875 0.178125
1 0.58671875 0.0328125 0.1046875 0.0640625