0 0.33515625 0.76640625 0.03125 0.0234375
0 0.2015625 0.08359375 0.125 0.05
0 0.63671875 0.24921875 0.0375 0.03125
0 0.66796875 0.55078125 0.05625 0.0421875
0 0.2234375 0.857421875 0.0390625 0.0234375
0 0.753125 0.74140625 0.03125 0.065625
0 0.4 0.4703125 0.1171875 0.103125
0 0.79765625 0.33046875 0.0515625 0.0375
0 0.83671875 0.46328125 0.0546875 0.0625
0 0.57265625 0.4875 0.0875 0.20625
0 0.8359375 0.88046875 0.021875 0.021875
0 0.440625 0.359375 0.0703125 0.034375
0 0.89453125 0.871875 0.03125 0.028125
0 0.6055937499999999 0.666109375 0.017234375 0.018546874999999997
0 0.98984375 0.232203125 0.0203125 0.04253125
0 0.65234375 0.51796875 0.0265625 0.0484375
0 0.7828125 0.4296875 0.0515625 0.05
0 0.5140625 0.59375 0.05 0.04375
0 0.019578125 0.05682812499999999 0.0375 0.08790624999999999
0 0.50390625 0.2515625 0.0890625 0.0546875
0 0.634375 0.128125 0.025 0.0296875
0 0.98125 0.69609375 0.034375 0.034375
0 0.48671875 0.1578125 0.065625 0.0453125
0 0.684375 0.077296875 0.1171875 0.07178124999999999
0 0.0171875 0.90234375 0.0296875 0.05
0 0.68046875 0.48828125 0.034375 0.0390625
0 0.27921874999999996 0.8109375 0.039218750000000004 0.01875
0 0.74609375 0.353125 0.0421875 0.04375
0 0.1015625 0.5875 0.046875 0.025
0 0.6390625 0.6171875 0.0390625 0.0375
0 0.985203125 0.29489062499999996 0.029593750000000002 0.052296875
0 0.0109375 0.85234375 0.0171875 0.040625
0 0.95546875 0.50625 0.0140625 0.0171875
0 0.37421875 0.34609375 0.06875 0.05
0 0.86640625 0.821875 0.0109375 0.0140625
0 0.7296875 0.43984375 0.0375 0.0453125
0 0.83671875 0.0109375 0.0515625 0.021875
0 0.32109375 0.1171875 0.184375 0.1015625
0 0.75484375 0.12984374999999998 0.153125 0.08125
0 0.104546875 0.9859375 0.03309375 0.0265625
0 0.61640625 0.36796875 0.103125 0.203125
0 0.171875 0.27421875 0.1953125 0.1078125
0 0.26973437499999997 0.8506406249999999 0.015625 0.0171875
0 0.8203125 0.63125 0.0234375 0.0203125
0 0.9342499999999999 0.545859375 0.032968750000000005 0.065734375
0 0.13671875 0.156890625 0.0875 0.053125
0 0.10390625 0.049703125 0.0890625 0.0578125
0 0.0234375 0.20859375 0.0421875 0.1078125
0 0.0625 0.53515625 0.1203125 0.1
0 0.70078125 0.678125 0.028125 0.0203125
0 0.7921875 0.253125 0.0375 0.0359375
0 0.26564062499999996 0.36715624999999996 0.132765625 0.101515625
0 0.888296875 0.392 0.05815625 0.07275000000000001
0 0.8875 0.74140625 0.0203125 0.0203125
0 0.9578125 0.80546875 0.046875 0.0734375
0 0.9209531249999999 0.6448125 0.02628125 0.061484375
0 0.773640625 0.6274375 0.042578125 0.06231250000000001
0 0.934375 0.7046875 0.0484375 0.075
0 0.47621874999999997 0.024515625 0.071875 0.04375
0 0.91484375 0.8046875 0.021875 0.025
0 0.0109375 0.7390625 0.0171875 0.0515625
0 0.9044375 0.482640625 0.051078124999999995 0.041749999999999995
0 0.4859375 0.39765625 0.078125 0.0734375
0 0.37265625 0.4140625 0.0546875 0.05625
0 0.52109375 0.76796875 0.034375 0.0265625
0 0.58046875 0.67265625 0.03125 0.04375
0 0.184375 0.5140625 0.040625 0.025
0 0.26321875 0.5945625 0.076421875 0.12350000000000001
0 0.86965625 0.58909375 0.023875 0.015875
0 0.249421875 0.195359375 0.065625 0.0390625
0 0.690625 0.45859375 0.021875 0.0140625
0 0.0171875 0.3390625 0.0234375 0.021875
0 0.840625 0.23359375 0.0328125 0.034375
0 0.528125 0.8703125 0.03125 0.0265625
0 0.655765625 0.6451718750000001 0.01875 0.015625
0 0.871875 0.7953125 0.0140625 0.0140625
0 0.584375 0.76796875 0.034375 0.025
0 0.91328125 0.7625 0.0578125 0.0625
0 0.43203125 0.218453125 0.125 0.0640625
0 0.71171875 0.27325 0.0546875 0.0390625
0 0.77109375 0.6859375 0.046875 0.0640625
0 0.65078125 0.83046875 0.028125 0.0265625
0 0.59609375 0.2390625 0.021875 0.0234375
0 0.315375 0.574265625 0.0203125 0.0125
0 0.3375 0.30009375 0.1 0.0578125
0 0.884375 0.191875 0.10840625 0.14340625
0 0.040625 0.63046875 0.078125 0.071875
0 0.846875 0.38125 0.0484375 0.05
0 0.8834687499999999 0.63825 0.057765625 0.053078125
0 0.9828125 0.1375 0.015625 0.028125
0 0.19140625 0.64140625 0.0359375 0.028125
0 0.8921875 0.71875 0.021875 0.01875
0 0.85390625 0.2015625 0.0390625 0.0375
0 0.75078125 0.62265625 0.0234375 0.0234375
0 0.790625 0.0203125 0.05625 0.040625
0 0.365625 0.58359375 0.1109375 0.0859375
0 0.121875 0.409375 0.109375 0.1
0 0.73046875 0.8265625 0.0140625 0.015625
0 0.7546875 0.53359375 0.0734375 0.1578125
0 0.8801249999999999 0.2954375 0.07178124999999999 0.096625
0 0.764515625 0.8536250000000001 0.065140625 0.085375
0 0.1973125 0.768953125 0.021875 0.0171875
0 0.7754375 0.210453125 0.05625 0.0421875
0 0.9738749999999999 0.6528906250000001 0.01184375 0.00978125
0 0.841234375 0.555453125 0.018453125 0.008453125
1 0.8660937499999999 0.5499375 0.09812499999999999 0.0755625
1 0.842109375 0.5367656249999999 0.10115624999999999 0.082765625
0 0.9879374999999999 0.578546875 0.024125 0.04409375
0 0.977375 0.53390625 0.045234375 0.08496875000000001
0 0.9613437499999999 0.45710937500000004 0.05715625 0.040359374999999996
0 0.9918906249999999 0.47581249999999997 0.016203125 0.013750000000000002
0 0.995203125 0.44634375000000004 0.009609375 0.019015625
0 0.9650624999999999 0.35221874999999997 0.06987499999999999 0.06118749999999999
1 0.9380000000000001 0.41974999999999996 0.124 0.11971875000000001
0 0.34628125 0.732515625 0.03428125 0.018609375
1 0.31043750000000003 0.686796875 0.105171875 0.10124999999999999