0 0.8987187499999999 0.7500312499999999 0.09140625 0.050484375000000005
0 0.481734375 0.6211875 0.0546875 0.03125
0 0.93828125 0.0375 0.0484375 0.065625
0 0.725 0.29296875 0.0609375 0.05
0 0.5667500000000001 0.629578125 0.063375 0.034375
0 0.63515625 0.30078125 0.0234375 0.01875
0 0.4828125 0.12890625 0.0671875 0.05625
0 0.03396875 0.49165625 0.0679375 0.053390625000000004
0 0.965625 0.4015625 0.046875 0.0296875
0 0.01328125 0.77109375 0.0265625 0.03125
0 0.18221875 0.573046875 0.084359375 0.101359375
0 0.653125 0.05078125 0.0546875 0.040625
0 0.32578125 0.496875 0.0234375 0.01875
0 0.73359375 0.64609375 0.071875 0.0515625
0 0.096875 0.74375 0.034375 0.034375
0 0.92109375 0.59609375 0.0390625 0.0359375
0 0.23715625 0.564640625 0.047359374999999995 0.039453125
0 0.91875 0.1875 0.04375 0.0703125
0 0.65078125 0.65546875 0.071875 0.065625
0 0.6078125 0.42578125 0.04375 0.0421875
0 0.38468749999999996 0.375640625 0.07725 0.07628125
0 0.52578125 0.2578125 0.071875 0.0625
0 0.45703125 0.559375 0.046875 0.021875
0 0.6765625 0.39609375 0.03125 0.0203125
0 0.60390625 0.17734375 0.05625 0.0390625
0 0.7265625 0.69765625 0.0890625 0.05625
0 0.303125 0.3734375 0.03125 0.03125
0 0.2921875 0.540140625 0.046875 0.047453125
0 0.590625 0.73203125 0.0265625 0.015625
0 0.39921875 0.79296875 0.0578125 0.0625
0 0.615625 0.45859375 0.021875 0.015625
0 0.199828125 0.4574375 0.065625 0.0421875
0 0.42890625 0.54921875 0.021875 0.0125
0 0.64921875 0.45234375 0.0375 0.0375
0 0.353125 0.2296875 0.09375 0.0703125
0 0.022343750000000002 0.402375 0.044687500000000005 0.0445625
0 0.859375 0.43359375 0.0421875 0.0390625
0 0.265625 0.35234375 0.046875 0.0265625
0 0.721875 0.13515625 0.0578125 0.053125
0 0.33853125 0.28828125 0.0703125 0.0671875
0 0.79609375 0.72734375 0.05 0.05
0 0.7015625 0.55078125 0.021875 0.021875
0 0.81875 0.603125 0.040625 0.0296875
0 0.93046875 0.10546875 0.0640625 0.0796875
0 0.32353125 0.334625 0.047046875 0.06925
0 0.2765625 0.07734375 0.0203125 0.0171875
0 0.640625 0.446875 0.03125 0.0328125
0 0.530859375 0.5663125 0.084375 0.065625
0 0.680046875 0.58509375 0.085078125 0.029578125
0 0.245609375 0.509375 0.059375 0.0421875
0 0.615625 0.5453125 0.059375 0.0359375
0 0.71875 0.937875 0.090625 0.0421875
0 0.91640625 0.3578125 0.071875 0.084375
0 0.9953125 0.63203125 0.0078125 0.0203125
0 0.1765625 0.325 0.0203125 0.01875
0 0.54453125 0.4640625 0.0421875 0.034375
0 0.024609375 0.54003125 0.04921875 0.051953125
0 0.24375 0.15390625 0.096875 0.11875
0 0.40703125 0.1671875 0.084375 0.071875
0 0.80703125 0.634375 0.03125 0.0203125
0 0.49567187500000004 0.77671875 0.07271875 0.06687499999999999
0 0.64453125 0.26328125 0.0359375 0.0296875
0 0.96484375 0.24453125 0.021875 0.03125
0 0.8484375 0.57734375 0.0453125 0.034375
0 0.354484375 0.550171875 0.064609375 0.04721875
0 0.0671875 0.40078125 0.0578125 0.0515625
0 0.16796875 0.51640625 0.0203125 0.015625
0 0.69140625 0.30234375 0.0390625 0.0296875
0 0.265625 0.01796875 0.059375 0.0359375
0 0.55234375 0.79609375 0.0375 0.0234375
0 0.234375 0.30546875 0.103125 0.065625
0 0.99375 0.33125 0.009375 0.028125
0 0.17578125 0.25 0.1015625 0.0703125
0 0.13446875 0.513375 0.0453125 0.03125
0 0.96396875 0.8231875000000001 0.020125 0.02178125
0 0.8046875 0.3375 0.0984375 0.109375
0 0.8184531249999999 0.229921875 0.047078125 0.03175
0 0.8375 0.7140625 0.03125 0.0234375
0 0.487390625 0.7320781249999999 0.06543750000000001 0.039171875
0 0.609375 0.75546875 0.0359375 0.0265625
0 0.8546875 0.48671875 0.0984375 0.08125
0 0.20209375000000002 0.6754374999999999 0.060640625000000004 0.0430625
0 0.35625 0.06640625 0.059375 0.040625
0 0.509375 0.5015625 0.0390625 0.03125
0 0.93671875 0.44296875 0.121875 0.1109375
0 0.77109375 0.09921875 0.090625 0.0984375
0 0.8484375 0.15625 0.10625 0.1015625
0 0.565625 0.365625 0.05 0.0375
0 0.89140625 0.63203125 0.046875 0.046875
0 0.365625 0.52265625 0.0171875 0.0203125
0 0.58340625 0.5972500000000001 0.046875 0.03125
0 0.197484375 0.40046875000000004 0.08401562500000001 0.096265625
0 0.2796875 0.41796875 0.06875 0.05
0 0.0890625 0.1625 0.1609375 0.1265625
0 0.08671875 0.815625 0.0328125 0.0265625
0 0.0375 0.26484375 0.071875 0.05
0 0.053125 0.878125 0.028125 0.0296875
0 0.5234375 0.40234375 0.053125 0.090625
0 0.9450156249999999 0.714734375 0.0859375 0.0828125
0 0.8671875 0.2765625 0.0546875 0.034375
0 0.415625 0.59609375 0.025 0.021875
0 0.0703125 0.05078125 0.096875 0.0953125
0 0.587796875 0.65225 0.024609375 0.016796875
0 0.84575 0.756828125 0.03778125 0.029875000000000002
0 0.9764062499999999 0.15625 0.03621875 0.05682812499999999
0 0.78359375 0.6296875 0.0171875 0.0125
0 0.386859375 0.6079687500000001 0.06959375 0.048515625
0 0.7761250000000001 0.782421875 0.038765625 0.01953125
0 0.1671875 0.1421875 0.071875 0.046875
0 0.10162500000000001 0.625078125 0.0375625 0.023484375
0 0.050671875 0.5295156249999999 0.04484375 0.02053125
0 0.10187500000000001 0.66896875 0.032171875 0.018609375
0 0.393734375 0.5580468749999999 0.073609375 0.049296875000000004
0 0.46029687499999994 0.59509375 0.03703125 0.027859375
1 0.467359375 0.535625 0.31062500000000004 0.199453125
0 0.676078125 0.784046875 0.10189062499999998 0.044953125
0 0.69340625 0.764046875 0.1073125 0.04865625
1 0.68315625 0.57315625 0.32184375 0.24142187499999998
1 0.595609375 0.288875 0.330125 0.252140625
0 0.9903124999999999 0.095015625 0.019390625 0.046765625
0 0.9706250000000001 0.056499999999999995 0.016125 0.0185
0 0.025546875000000004 0.059671875 0.03853125 0.11656249999999999
0 0.008015625 0.143765625 0.01603125 0.044796875
0 0.061171875 0.329796875 0.12234375 0.08737500000000001