0 0.50859375 0.85625 0.390625 0.228125
0 0.78359375 0.834375 0.0984375 0.1546875
0 0.40546875 0.2015625 0.1515625 0.1171875
0 0.840625 0.96328125 0.159375 0.0734375
0 0.3609375 0.946875 0.078125 0.0734375
0 0.8875 0.51875 0.225 0.1375
0 0.10859375 0.56015625 0.1640625 0.115625
0 0.95390625 0.925 0.0765625 0.1140625
0 0.15234375 0.7546875 0.2796875 0.2625
0 0.4625 0.3296875 0.0671875 0.078125
0 0.68203125 0.07890625 0.146875 0.1546875
0 0.87421875 0.18046875 0.2515625 0.3546875
0 0.02109375 0.25 0.0359375 0.0703125
0 0.01953125 0.46796875 0.0390625 0.0765625
0 0.5875 0.32421875 0.1421875 0.15
0 0.05390625 0.1046875 0.0953125 0.109375
0 0.18203125 0.2375 0.1421875 0.1140625
0 0.253125 0.3328125 0.2046875 0.1390625
0 0.15625 0.06171875 0.09375 0.059375
0 0.55234375 0.98515625 0.1515625 0.0296875
0 0.4609375 0.478125 0.2421875 0.2265625
0 0.37890625 0.05234375 0.1578125 0.1046875
0 0.0984375 0.015625 0.159375 0.03125
0 0.82421875 0.66875 0.3078125 0.184375
0 0.3140625 0.9046875 0.1125 0.065625
0 0.31953125 0.475 0.0671875 0.090625
0 0.0140625 0.3765625 0.025 0.06875
0 0.34453125 0.98828125 0.0734375 0.0203125
0 0.95625 0.596875 0.0859375 0.121875
0 0.1 0.8796875 0.2 0.153125
0 0.55234375 0.13125 0.2328125 0.1078125
0 0.75625 0.3484375 0.175 0.1375