0 0.93515625 0.51171875 0.025 0.0234375
0 0.896875 0.13046875 0.0890625 0.0953125
0 0.0078125 0.4109375 0.015625 0.05
0 0.76875 0.38046875 0.0671875 0.071875
0 0.60546875 0.46875 0.0453125 0.046875
0 0.15546875 0.67578125 0.0640625 0.075
0 0.17734375 0.73046875 0.025 0.0234375
0 0.81875 0.88671875 0.0359375 0.03125
0 0.83359375 0.52578125 0.059375 0.053125
0 0.9484375 0.54921875 0.103125 0.1234375
1 0.35390625 0.334375 0.140625 0.1703125
0 0.36328125 0.85859375 0.0609375 0.0609375
0 0.45 0.12421875 0.053125 0.0453125
0 0.80625 0.09375 0.134375 0.1125
0 0.4375 0.953125 0.0125 0.0109375
0 0.58828125 0.3640625 0.13125 0.0828125
0 0.05625 0.61015625 0.0265625 0.021875
0 0.0671875 0.65 0.0421875 0.0375
0 0.03125 0.65 0.0484375 0.1390625
0 0.9421875 0.78125 0.06875 0.090625
0 0.78203125 0.83046875 0.0234375 0.0234375
0 0.56328125 0.6703125 0.025 0.0234375
0 0.8984375 0.659375 0.0484375 0.0390625
0 0.43203125 0.54375 0.03125 0.025
0 0.9375 0.23984375 0.065625 0.0546875
0 0.39765625 0.90546875 0.0328125 0.03125
0 0.0296875 0.47109375 0.059375 0.0546875
0 0.2703125 0.3640625 0.0453125 0.040625
0 0.11875 0.6578125 0.0234375 0.01875
0 0.20625 0.878125 0.0265625 0.0234375
0 0.39921875 0.75078125 0.0375 0.05
1 0.32421875 0.14296875 0.1234375 0.1171875
0 0.30390625 0.41640625 0.0328125 0.0265625
0 0.54921875 0.64453125 0.025 0.025
0 0.8765625 0.6703125 0.0296875 0.028125
0 0.87734375 0.87265625 0.0453125 0.034375
0 0.65859375 0.13828125 0.084375 0.11875
0 0.88671875 0.63515625 0.05 0.034375
0 0.6015625 0.334375 0.1328125 0.1078125
0 0.56484375 0.521875 0.01875 0.015625
0 0.7171875 0.359375 0.059375 0.05
0 0.24921875 0.29296875 0.028125 0.025
0 0.4078125 0.2375 0.0484375 0.040625
0 0.8296875 0.7140625 0.06875 0.090625
0 0.94921875 0.18515625 0.0296875 0.046875
0 0.98515625 0.609375 0.0296875 0.025
0 0.1203125 0.41875 0.0359375 0.0328125
0 0.609375 0.778125 0.0421875 0.03125
0 0.184375 0.9421875 0.121875 0.115625
0 0.2203125 0.73515625 0.0328125 0.0375
0 0.1453125 0.803125 0.0390625 0.0359375
0 0.81953125 0.859375 0.0484375 0.040625
0 0.3828125 0.9265625 0.0296875 0.025
0 0.0375 0.425 0.0578125 0.05
0 0.625 0.62109375 0.0234375 0.0234375
0 0.54140625 0.45078125 0.109375 0.09375
0 0.41484375 0.1859375 0.0484375 0.046875
0 0.3171875 0.44375 0.03125 0.0265625
0 0.00546875 0.5375 0.0109375 0.040625
0 0.38203125 0.68203125 0.0921875 0.0703125
0 0.5015625 0.2984375 0.1078125 0.096875
0 0.05546875 0.38515625 0.059375 0.040625
0 0.29921875 0.7203125 0.075 0.1046875
0 0.63203125 0.9265625 0.0171875 0.021875
0 0.39375 0.421875 0.06875 0.0765625
0 0.246875 0.7140625 0.0328125 0.0375
0 0.18359375 0.39609375 0.1203125 0.1078125
0 0.2015625 0.48984375 0.0765625 0.06875
1 0.65 0.6875 0.178125 0.165625
0 0.41875 0.521875 0.0390625 0.0328125
0 0.184375 0.11484375 0.0796875 0.0734375
0 0.2984375 0.83125 0.0734375 0.0890625
0 0.51640625 0.70078125 0.0296875 0.0265625
0 0.30859375 0.321875 0.0359375 0.053125
0 0.990625 0.66015625 0.01875 0.0515625
0 0.12265625 0.30390625 0.05 0.0453125
0 0.54375 0.503125 0.0234375 0.021875
0 0.50625 0.65859375 0.071875 0.0734375
0 0.25546875 0.6703125 0.040625 0.0390625
0 0.24921875 0.7609375 0.046875 0.0546875
0 0.971875 0.38828125 0.0390625 0.0453125
0 0.80859375 0.59921875 0.04375 0.0390625
0 0.090625 0.628125 0.034375 0.0296875
0 0.471875 0.228125 0.0515625 0.0484375
0 0.05 0.26015625 0.1 0.0734375
0 0.2640625 0.5890625 0.0875 0.1078125
0 0.08515625 0.48984375 0.0609375 0.0671875
1 0.6484375 0.5453125 0.0484375 0.0484375
0 0.85546875 0.5703125 0.0578125 0.05
0 0.08125 0.60625 0.025 0.021875
0 0.00625 0.315625 0.0125 0.13125
0 0.88359375 0.3328125 0.0953125 0.1078125
0 0.61015625 0.31640625 0.1078125 0.0640625
0 0.753125 0.66328125 0.05 0.0375
0 0.44765625 0.56640625 0.0375 0.0328125
0 0.8359375 0.60703125 0.034375 0.0328125
0 0.8828125 0.4859375 0.1234375 0.159375
0 0.9515625 0.62265625 0.0390625 0.025
0 0.27734375 0.171875 0.04375 0.0421875
0 0.76953125 0.496875 0.0859375 0.0765625
0 0.42578125 0.75234375 0.040625 0.05625
0 0.290625 0.96953125 0.0625 0.0609375
0 0.065625 0.33828125 0.0546875 0.0375
0 0.3859375 0.07265625 0.09375 0.0859375
0 0.4546875 0.06171875 0.053125 0.0515625
0 0.88828125 0.2234375 0.0640625 0.053125
0 0.79296875 0.7609375 0.053125 0.05
0 0.20703125 0.32578125 0.0375 0.034375
0 0.35234375 0.76484375 0.1046875 0.103125
0 0.7 0.45625 0.05 0.05
0 0.47109375 0.45625 0.034375 0.0359375
0 0.15546875 0.5171875 0.0578125 0.0546875
0 0.98359375 0.78828125 0.0328125 0.0734375
0 0.94609375 0.1625 0.0234375 0.03125
0 0.42421875 0.47578125 0.05625 0.059375
0 0.1078125 0.7109375 0.0890625 0.0703125
0 0.95546875 0.2734375 0.040625 0.046875
0 0.24140625 0.628125 0.04375 0.0484375
0 0.41171875 0.97265625 0.05 0.0484375
0 0.6828125 0.68203125 0.0140625 0.015625
0 0.184375 0.703125 0.034375 0.03125
0 0.3421875 0.9328125 0.05 0.04375
0 0.3484375 0.9140625 0.0421875 0.0375
0 0.88828125 0.32578125 0.0171875 0.01875
1 0.95859375 0.390625 0.0765625 0.125
1 0.97421875 0.43515625 0.0453125 0.0296875