0 0.38046875 0.6109375 0.0421875 0.0421875
0 0.52421875 0.75078125 0.0265625 0.034375
0 0.47109375 0.74921875 0.028125 0.028125
0 0.6296875 0.83125 0.034375 0.0421875
0 0.82109375 0.19921875 0.0234375 0.0296875
0 0.7140625 0.7265625 0.0328125 0.0421875
0 0.7765625 0.303125 0.0171875 0.01875
0 0.79921875 0.8671875 0.01875 0.0265625
0 0.81171875 0.425 0.0234375 0.0296875
0 0.55859375 0.11015625 0.0796875 0.14375
0 0.25390625 0.26796875 0.0515625 0.071875
0 0.54140625 0.890625 0.0703125 0.075
0 0.6390625 0.65 0.034375 0.0359375
0 0.540625 0.4921875 0.1046875 0.1203125
0 0.50390625 0.9484375 0.0296875 0.034375
0 0.71328125 0.90234375 0.0328125 0.0421875
0 0.46640625 0.64140625 0.075 0.053125
0 0.5890625 0.8390625 0.05 0.05
0 0.209375 0.73828125 0.0953125 0.0671875
0 0.1671875 0.68203125 0.0359375 0.0453125
0 0.0984375 0.68125 0.034375 0.0328125
0 0.85625 0.04140625 0.0265625 0.046875
0 0.48203125 0.88359375 0.0921875 0.0671875
0 0.40390625 0.81640625 0.0703125 0.05625
0 0.803125 0.815625 0.0171875 0.0203125
0 0.67265625 0.47421875 0.046875 0.053125
0 0.35234375 0.7796875 0.025 0.03125
0 0.678125 0.6734375 0.04375 0.0578125
0 0.76875 0.8671875 0.0171875 0.025
0 0.82421875 0.91328125 0.0359375 0.0296875
0 0.7234375 0.98984375 0.028125 0.0203125
0 0.78203125 0.48125 0.025 0.0359375
0 0.53984375 0.35625 0.05 0.0578125
0 0.328125 0.66640625 0.0359375 0.0359375
0 0.63984375 0.9203125 0.0171875 0.0234375
0 0.52890625 0.971875 0.0171875 0.021875
0 0.69375 0.8234375 0.0421875 0.04375
0 0.87421875 0.22265625 0.015625 0.021875
0 0.52421875 0.80078125 0.021875 0.028125
0 0.4328125 0.3578125 0.053125 0.0625
0 0.61015625 0.628125 0.0390625 0.0453125
0 0.76953125 0.8171875 0.0125 0.0125
0 0.67109375 0.09453125 0.08125 0.1
0 0.1109375 0.36875 0.0484375 0.0609375
0 0.8296875 0.94921875 0.0359375 0.0390625
0 0.7390625 0.22890625 0.0484375 0.0578125
0 0.07890625 0.08046875 0.0765625 0.1375
0 0.27890625 0.18984375 0.109375 0.115625
0 0.70390625 0.63515625 0.0203125 0.0234375
0 0.66796875 0.7375 0.059375 0.0984375
0 0.85703125 0.8890625 0.015625 0.0125
0 0.69765625 0.98984375 0.0296875 0.0203125
0 0.4703125 0.95703125 0.021875 0.021875
0 0.753125 0.49296875 0.028125 0.0328125
0 0.56953125 0.26640625 0.0625 0.103125
0 0.703125 0.78671875 0.0234375 0.0359375
0 0.0328125 0.0421875 0.025 0.084375
0 0.23125 0.6 0.03125 0.0234375
0 0.890625 0.0375 0.028125 0.0375
0 0.5703125 0.928125 0.0265625 0.025
0 0.43125 0.75703125 0.021875 0.028125
0 0.740625 0.81875 0.0171875 0.0234375
0 0.23046875 0.7078125 0.0234375 0.0328125
0 0.5484375 0.9609375 0.0203125 0.021875
0 0.08203125 0.65625 0.0234375 0.025
0 0.4515625 0.68828125 0.046875 0.04375
0 0.41640625 0.97421875 0.0859375 0.0453125
0 0.37421875 0.1171875 0.1328125 0.1796875
0 0.2 0.27109375 0.0640625 0.109375
0 0.6015625 0.0171875 0.04375 0.0265625
0 0.27734375 0.9609375 0.090625 0.05625
0 0.6375 0.21796875 0.0375 0.05
0 0.17421875 0.6203125 0.025 0.0359375
0 0.29375 0.76953125 0.065625 0.0625
0 0.3640625 0.68984375 0.034375 0.0453125
0 0.71796875 0.559375 0.096875 0.121875
0 0.81171875 0.58515625 0.01875 0.03125
0 0.13203125 0.47421875 0.0390625 0.053125
0 0.59765625 0.20234375 0.053125 0.065625
0 0.37578125 0.0140625 0.0671875 0.028125
0 0.41796875 0.92109375 0.0203125 0.0125
0 0.85703125 0.865625 0.0328125 0.034375
0 0.0296875 0.571875 0.059375 0.096875
0 0.36875 0.871875 0.0328125 0.0421875
0 0.60859375 0.96640625 0.03125 0.05625
0 0.65859375 0.17578125 0.0953125 0.115625
0 0.309375 0.89453125 0.0625 0.05625
0 0.84453125 0.8265625 0.0171875 0.0234375
0 0.58828125 0.34375 0.0453125 0.0546875
0 0.81796875 0.47578125 0.0125 0.0203125
0 0.71328125 0.8703125 0.0171875 0.025
0 0.44296875 0.26484375 0.0609375 0.05625
0 0.49140625 0.79296875 0.0640625 0.053125
0 0.56640625 0.771875 0.025 0.021875
0 0.546875 0.7953125 0.021875 0.0234375
0 0.390625 0.27734375 0.0546875 0.05625
0 0.44375 0.8546875 0.10625 0.06875
0 0.78359375 0.02890625 0.0296875 0.03125
0 0.72421875 0.9296875 0.0234375 0.025
0 0.58671875 0.91328125 0.0390625 0.0421875
0 0.028125 0.284375 0.0375 0.059375
0 0.71796875 0.8125 0.0140625 0.0265625
0 0.64375 0.8859375 0.01875 0.0203125
0 0.65390625 0.9015625 0.0125 0.025
0 0.6734375 0.903125 0.0125 0.0171875
1 0.68359375 0.86484375 0.0453125 0.0421875
0 0.58125 0.94921875 0.01875 0.025
0 0.56328125 0.9671875 0.0140625 0.0234375
0 0.59921875 0.9421875 0.0171875 0.0125
0 0.60859375 0.92421875 0.0125 0.0296875
0 0.6109375 0.9953125 0.025 0.009375
0 0.465625 0.99375 0.0171875 0.0125
0 0.49296875 0.9953125 0.0203125 0.009375
0 0.346875 0.60703125 0.025 0.01875
0 0.4421875 0.56953125 0.01875 0.0265625
0 0.4203125 0.6 0.0359375 0.040625
0 0.36015625 0.509375 0.1984375 0.1015625
0 0.26875 0.0328125 0.146875 0.065625
1 0.35546875 0.57734375 0.2296875 0.2234375