0 0.77265625 0.5046875 0.03125 0.03125
0 0.3734375 0.45859375 0.0734375 0.0875
0 0.67890625 0.43125 0.04375 0.0578125
0 0.459375 0.4703125 0.0328125 0.0296875
0 0.0796875 0.9578125 0.0921875 0.034375
0 0.70546875 0.24765625 0.034375 0.04375
0 0.7015625 0.71015625 0.0390625 0.040625
0 0.38515625 0.28984375 0.040625 0.0375
0 0.9921875 0.2296875 0.015625 0.015625
0 0.140625 0.7734375 0.06875 0.065625
0 0.09296875 0.2078125 0.03125 0.0234375
0 0.22890625 0.42265625 0.128125 0.15
0 0.10859375 0.8578125 0.0421875 0.05
0 0.75546875 0.484375 0.0328125 0.0296875
0 0.3640625 0.08359375 0.0390625 0.03125
0 0.0625 0.290625 0.034375 0.0265625
0 0.3421875 0.1953125 0.0296875 0.0234375
0 0.4109375 0.56953125 0.053125 0.040625
0 0.55234375 0.80078125 0.0765625 0.090625
0 0.440625 0.55 0.0140625 0.0125
0 0.64765625 0.58125 0.0296875 0.0328125
0 0.10078125 0.23203125 0.0234375 0.0171875
0 0.1171875 0.92890625 0.0953125 0.0671875
0 0.1078125 0.5953125 0.040625 0.0421875
0 0.584375 0.4140625 0.084375 0.05625
0 0.41484375 0.2875 0.040625 0.0375
0 0.29921875 0.52890625 0.06875 0.065625
0 0.4875 0.45390625 0.034375 0.03125
0 0.44609375 0.09609375 0.09375 0.0609375
0 0.39296875 0.1515625 0.0421875 0.025
0 0.33359375 0.61875 0.0640625 0.0796875
0 0.4375 0.30234375 0.021875 0.0171875
0 0.3953125 0.78515625 0.1640625 0.1625
0 0.24453125 0.240625 0.028125 0.021875
0 0.51015625 0.16796875 0.025 0.0234375
0 0.62734375 0.48046875 0.071875 0.0515625
0 0.6890625 0.3859375 0.0421875 0.0546875
0 0.08125 0.2375 0.0265625 0.0203125
0 0.328125 0.8578125 0.0875 0.08125
0 0.225 0.63984375 0.040625 0.0421875
0 0.75078125 0.41875 0.0265625 0.025
1 0.10234375 0.4140625 0.2046875 0.184375
0 0.0640625 0.1328125 0.0796875 0.1078125
0 0.13515625 0.134375 0.0234375 0.0265625
0 0.04140625 0.88203125 0.0828125 0.1078125
1 0.8828125 0.540625 0.1828125 0.178125
0 0.4375 0.62890625 0.05625 0.0734375
0 0.24921875 0.7390625 0.0421875 0.0453125
0 0.55625 0.6359375 0.1109375 0.121875
0 0.48671875 0.778125 0.0375 0.04375
0 0.6078125 0.66484375 0.0421875 0.0375
0 0.80390625 0.76796875 0.0703125 0.065625
0 0.6671875 0.46875 0.021875 0.025
0 0.428125 0.25390625 0.0203125 0.0171875
0 0.684375 0.65625 0.0296875 0.0328125
0 0.93515625 0.52109375 0.03125 0.028125
0 0.07578125 0.321875 0.0375 0.053125
0 0.0484375 0.2359375 0.05 0.046875
0 0.9859375 0.49921875 0.0203125 0.0171875
0 0.2109375 0.5125 0.065625 0.096875
0 0.315625 0.45546875 0.05 0.0796875
0 0.50390625 0.88046875 0.06875 0.1203125
0 0.53125 0.50703125 0.0359375 0.03125
0 0.03359375 0.634375 0.01875 0.0296875
0 0.19140625 0.484375 0.0375 0.0453125
0 0.4140625 0.42734375 0.025 0.0234375
0 0.5296875 0.55 0.0453125 0.0375
0 0.459375 0.37734375 0.05 0.0484375
0 0.3296875 0.33046875 0.0546875 0.034375
0 0.259375 0.11328125 0.0578125 0.0484375
0 0.11953125 0.10078125 0.0453125 0.059375
0 0.0515625 0.39453125 0.0515625 0.0484375
0 0.48515625 0.678125 0.0515625 0.071875
0 0.16875 0.2796875 0.075 0.071875
0 0.503125 0.38359375 0.0546875 0.05
0 0.85546875 0.41328125 0.1375 0.0609375
0 0.65625 0.525 0.0328125 0.0359375
0 0.73046875 0.55546875 0.053125 0.040625
0 0.6984375 0.59609375 0.0546875 0.0453125
0 0.04140625 0.5 0.078125 0.071875
0 0.76875 0.46640625 0.0359375 0.0328125
0 0.7125 0.209375 0.04375 0.03125
0 0.821875 0.6796875 0.015625 0.015625
0 0.98125 0.4296875 0.021875 0.01875
0 0.11015625 0.2765625 0.0859375 0.065625
0 0.9734375 0.12734375 0.0203125 0.0125
0 0.4890625 0.5921875 0.0390625 0.034375
0 0.028125 0.19140625 0.0109375 0.0125
0 0.6671875 0.3671875 0.0234375 0.021875
0 0.11953125 0.19609375 0.03125 0.021875
0 0.97265625 0.1515625 0.0234375 0.015625
0 0.01796875 0.71328125 0.0359375 0.0421875
0 0.38984375 0.246875 0.04375 0.04375
0 0.7984375 0.1921875 0.0265625 0.015625
0 0.01875 0.80546875 0.0375 0.0609375
0 0.025 0.38515625 0.0390625 0.0453125
0 0.6859375 0.73359375 0.021875 0.0296875
0 0.709375 0.50546875 0.0390625 0.0328125
0 0.41875 0.3640625 0.0328125 0.0359375
0 0.45234375 0.50859375 0.021875 0.025
0 0.61171875 0.1125 0.01875 0.015625
0 0.9375 0.34296875 0.0375 0.028125
0 0.96484375 0.321875 0.0421875 0.0265625
0 0.86328125 0.17890625 0.025 0.0109375
0 0.7875 0.14296875 0.0234375 0.009375
1 0.884375 0.16484375 0.23125 0.1515625
1 0.8703125 0.1578125 0.259375 0.1875
0 0.66640625 0.49921875 0.021875 0.0234375
0 0.5703125 0.3703125 0.0171875 0.034375
0 0.0625 0.26484375 0.021875 0.0125
0 0.15390625 0.17578125 0.015625 0.0125
0 0.1234375 0.365625 0.034375 0.0171875
0 0.0671875 0.39140625 0.0125 0.0171875
0 0.10625 0.35078125 0.0125 0.0125
0 0.01640625 0.3546875 0.01875 0.04375
1 0.63203125 0.459375 0.2 0.2453125
1 0.3625 0.4671875 0.13125 0.13125