0 0.28359375 0.18671875 0.078125 0.0765625
0 0.371875 0.10078125 0.0328125 0.05
0 0.30625 0.8296875 0.0609375 0.0703125
0 0.35390625 0.42890625 0.0609375 0.078125
0 0.88359375 0.740625 0.0265625 0.0328125
0 0.696875 0.0703125 0.025 0.0375
0 0.92734375 0.37734375 0.0578125 0.046875
0 0.159375 0.41328125 0.0359375 0.0390625
0 0.66640625 0.11171875 0.028125 0.0375
0 0.59765625 0.0203125 0.034375 0.0265625
0 0.2515625 0.034375 0.040625 0.046875
0 0.1328125 0.0625 0.0421875 0.0578125
0 0.86328125 0.5625 0.08125 0.084375
0 0.43046875 0.78828125 0.05625 0.046875
0 0.26328125 0.3859375 0.1140625 0.2078125
0 0.5109375 0.06875 0.0421875 0.0546875
0 0.26015625 0.92109375 0.1046875 0.1125
0 0.07265625 0.9375 0.025 0.0140625
0 0.5796875 0.1484375 0.0421875 0.0484375
0 0.61640625 0.765625 0.0578125 0.065625
0 0.0359375 0.93046875 0.0328125 0.021875
0 0.759375 0.19453125 0.0328125 0.0328125
0 0.37734375 0.59140625 0.146875 0.1125
0 0.7609375 0.065625 0.03125 0.0390625
0 0.19921875 0.56171875 0.0421875 0.0578125
0 0.10546875 0.396875 0.065625 0.0953125
0 0.44609375 0.10390625 0.046875 0.0640625
0 0.1671875 0.6078125 0.0296875 0.0453125
0 0.95078125 0.1203125 0.0328125 0.0421875
0 0.2171875 0.36484375 0.0375 0.040625
0 0.7203125 0.034375 0.0234375 0.0203125
0 0.1859375 0.2140625 0.0375 0.04375
0 0.50703125 0.996875 0.0546875 0.00625
0 0.0046875 0.925 0.009375 0.01875
0 0.46640625 0.1375 0.0375 0.0421875
0 0.14609375 0.8703125 0.125 0.1703125
0 0.5109375 0.0234375 0.04375 0.046875
0 0.1609375 0.11484375 0.0359375 0.0515625
0 0.59921875 0.07578125 0.0984375 0.065625
0 0.26796875 0.55390625 0.071875 0.0921875
0 0.31875 0.6984375 0.0453125 0.046875
0 0.3234375 0.0765625 0.0421875 0.0640625
0 0.39453125 0.12890625 0.034375 0.04375
0 0.3453125 0.6734375 0.0453125 0.0453125
0 0.21328125 0.84375 0.0453125 0.0640625
0 0.66796875 0.03125 0.0265625 0.028125
0 0.55859375 0.25625 0.0640625 0.0734375
0 0.165625 0.315625 0.0109375 0.015625
0 0.6015625 0.321875 0.0609375 0.0828125
0 0.36953125 0.73359375 0.046875 0.0703125
0 0.31953125 0.20078125 0.0171875 0.0234375
0 0.29296875 0.23984375 0.03125 0.0453125
0 0.1109375 0.315625 0.0578125 0.0671875
0 0.4890625 0.66796875 0.14375 0.1171875
0 0.4203125 0.00546875 0.05625 0.0109375
0 0.2109375 0.03515625 0.040625 0.0703125
0 0.53828125 0.534375 0.0734375 0.059375
0 0.09375 0.0546875 0.0515625 0.0796875
0 0.165625 0.26328125 0.0125 0.021875
0 0.3125 0.49375 0.0671875 0.0421875
0 0.746875 0.69609375 0.10625 0.1265625
0 0.73671875 0.8640625 0.0390625 0.05
0 0.38828125 0.7765625 0.0484375 0.071875
0 0.8171875 0.40546875 0.140625 0.225
0 0.284375 0.0765625 0.0515625 0.075
0 0.60078125 0.19765625 0.0453125 0.059375
0 0.58671875 0.5765625 0.0453125 0.0515625
0 0.16171875 0.05625 0.0359375 0.0421875
0 0.55625 0.02734375 0.040625 0.0484375
0 0.61328125 0.72578125 0.021875 0.025
0 0.4296875 0.075 0.01875 0.0234375
0 0.690625 0.59765625 0.0375 0.0546875
0 0.19375 0.615625 0.0359375 0.0453125
1 0.50390625 0.21171875 0.10625 0.1390625
0 0.52890625 0.7421875 0.0640625 0.0578125
0 0.25859375 0.625 0.0390625 0.04375
0 0.6453125 0.94609375 0.2 0.1078125
0 0.446875 0.32890625 0.0921875 0.1546875
0 0.26796875 0.45546875 0.028125 0.0390625
0 0.58203125 0.65390625 0.0375 0.05
0 0.590625 0.65703125 0.028125 0.0375
0 0.76328125 0.28125 0.096875 0.140625
1 0.38359375 0.390625 0.2515625 0.334375