0 0.62265625 0.02890625 0.046875 0.034375
0 0.88671875 0.07421875 0.0171875 0.0171875
0 0.396875 0.01796875 0.13125 0.0359375
0 0.91015625 0.32890625 0.0203125 0.0234375
0 0.471875 0.2875 0.040625 0.0546875
0 0.73125 0.87890625 0.0671875 0.08125
0 0.62734375 0.18984375 0.0265625 0.0234375
0 0.521875 0.221875 0.0625 0.0875
0 0.57734375 0.2875 0.0796875 0.121875
0 0.3640625 0.43203125 0.05625 0.0765625
0 0.184375 0.02421875 0.05625 0.0484375
0 0.91015625 0.6328125 0.028125 0.04375
0 0.57109375 0.7046875 0.025 0.03125
0 0.225 0.9125 0.0328125 0.04375
0 0.33515625 0.88828125 0.0890625 0.0890625
0 0.6828125 0.553125 0.040625 0.0515625
0 0.67578125 0.7609375 0.0515625 0.0625
0 0.60234375 0.70703125 0.04375 0.0640625
0 0.19765625 0.475 0.046875 0.053125
0 0.4453125 0.97578125 0.0328125 0.025
0 0.5171875 0.6796875 0.040625 0.0515625
0 0.76953125 0.08203125 0.021875 0.021875
0 0.24453125 0.8640625 0.0484375 0.0640625
0 0.196875 0.1796875 0.0546875 0.0546875
0 0.4875 0.425 0.0796875 0.0890625
0 0.43828125 0.47109375 0.0828125 0.0921875
0 0.6828125 0.34375 0.0609375 0.090625
0 0.6 0.17109375 0.03125 0.0234375
0 0.82890625 0.58203125 0.0203125 0.025
0 0.425 0.2 0.0703125 0.0578125
0 0.17578125 0.93671875 0.0328125 0.0375
0 0.91875 0.10859375 0.0234375 0.021875
0 0.3390625 0.06953125 0.140625 0.1046875
0 0.80546875 0.121875 0.03125 0.0296875
0 0.4734375 0.7390625 0.0296875 0.0421875
0 0.32109375 0.515625 0.090625 0.0640625
0 0.91484375 0.13125 0.0203125 0.0171875
0 0.646875 0.99140625 0.021875 0.0171875
1 0.56640625 0.89140625 0.1015625 0.08125
0 0.48515625 0.23984375 0.0375 0.0421875
0 0.7046875 0.80859375 0.025 0.04375
0 0.36328125 0.6 0.053125 0.0640625
0 0.66328125 0.2484375 0.034375 0.05
0 0.365625 0.20625 0.0515625 0.053125
0 0.6359375 0.6078125 0.0671875 0.0734375
0 0.55078125 0.57890625 0.0234375 0.0359375
0 0.3203125 0.34921875 0.06875 0.09375
0 0.51796875 0.0171875 0.1203125 0.034375
0 0.5296875 0.971875 0.04375 0.0375
0 0.47109375 0.1109375 0.1421875 0.1234375
0 0.1453125 0.55859375 0.0609375 0.078125
0 0.72890625 0.25390625 0.015625 0.015625
0 0.64609375 0.10859375 0.075 0.075
0 0.4859375 0.48203125 0.0171875 0.0234375
0 0.52578125 0.81015625 0.0359375 0.0421875
0 0.8625 0.8125 0.034375 0.0484375
0 0.746875 0.78125 0.0671875 0.0890625
0 0.7046875 0.2875 0.025 0.0328125
0 0.63671875 0.6734375 0.0375 0.0640625
0 0.73515625 0.07265625 0.025 0.025
0 0.75234375 0.671875 0.028125 0.0359375
0 0.759375 0.19453125 0.0625 0.0671875
0 0.81796875 0.440625 0.0125 0.015625
0 0.5390625 0.0296875 0.025 0.015625
0 0.2421875 0.153125 0.053125 0.053125
0 0.84453125 0.6921875 0.01875 0.0234375
0 0.45859375 0.80703125 0.0515625 0.065625
0 0.8265625 0.87109375 0.0703125 0.084375
0 0.5328125 0.9953125 0.025 0.009375
0 0.50703125 0.93046875 0.0484375 0.05
0 0.42265625 0.646875 0.0375 0.0578125
0 0.7828125 0.678125 0.0203125 0.025
0 0.89453125 0.17890625 0.0265625 0.0234375
0 0.37578125 0.49296875 0.0359375 0.0359375
0 0.5546875 0.09765625 0.1125 0.0984375
0 0.315625 0.8390625 0.0765625 0.1390625
0 0.79765625 0.115625 0.046875 0.0296875
0 0.2390625 0.8125 0.0453125 0.053125
0 0.13359375 0.821875 0.1921875 0.2234375
0 0.14453125 0.09609375 0.10625 0.08125
0 0.77109375 0.14609375 0.0484375 0.040625
0 0.17734375 0.515625 0.0375 0.04375
0 0.48359375 0.05234375 0.0734375 0.0453125
0 0.53671875 0.7703125 0.0421875 0.0578125
0 0.565625 0.740625 0.0265625 0.034375
0 0.36015625 0.93125 0.0359375 0.0578125
0 0.32890625 0.953125 0.0328125 0.05
0 0.76328125 0.82578125 0.0265625 0.0390625
0 0.19765625 0.9 0.0265625 0.034375
0 0.4953125 0.9953125 0.015625 0.009375
0 0.3390625 0.02109375 0.046875 0.0359375
0 0.7015625 0.9953125 0.025 0.009375
0 0.07734375 0.50546875 0.0640625 0.0796875
0 0.70390625 0.15546875 0.040625 0.0359375
0 0.57421875 0.6140625 0.021875 0.0265625
0 0.56875 0.2171875 0.01875 0.0234375
0 0.7375 0.18984375 0.0234375 0.0375
0 0.278125 0.4234375 0.1125 0.1359375
0 0.21953125 0.0515625 0.015625 0.0140625
0 0.8875 0.14765625 0.0140625 0.015625
0 0.51171875 0.59375 0.0421875 0.0546875
0 0.91328125 0.38671875 0.0203125 0.01875
0 0.29375 0.77578125 0.0609375 0.103125
0 0.303125 0.95 0.0375 0.0546875
0 0.621875 0.78671875 0.053125 0.053125
0 0.69609375 0.928125 0.03125 0.0359375
0 0.20546875 0.06171875 0.0515625 0.046875
0 0.23359375 0.746875 0.046875 0.0578125
0 0.4875 0.78125 0.0390625 0.053125
0 0.83515625 0.05234375 0.0140625 0.0125
0 0.628125 0.1515625 0.053125 0.0453125
0 0.68203125 0.21484375 0.021875 0.0296875
0 0.68046875 0.07578125 0.071875 0.0953125
0 0.16953125 0.69765625 0.05625 0.0671875
0 0.76953125 0.88125 0.0640625 0.084375
0 0.28203125 0.03046875 0.0828125 0.0609375
0 0.07578125 0.4421875 0.05 0.0546875
0 0.5109375 0.32734375 0.0234375 0.0296875
0 0.6421875 0.3328125 0.0140625 0.01875
0 0.7609375 0.05 0.0359375 0.03125
0 0.4328125 0.490625 0.0328125 0.0296875
0 0.86015625 0.10859375 0.03125 0.0296875
0 0.4859375 0.30390625 0.0421875 0.05
0 0.42734375 0.72890625 0.1109375 0.1703125
0 0.73984375 0.2890625 0.0390625 0.0546875
0 0.384375 0.725 0.0171875 0.0171875
0 0.0625 0.9265625 0.034375 0.025
0 0.725 0.93125 0.025 0.040625
0 0.5796875 0.821875 0.05 0.0671875
0 0.3890625 0.953125 0.0328125 0.0546875
0 0.38203125 0.66953125 0.03125 0.0484375
0 0.7125 0.9703125 0.046875 0.059375
0 0.428125 0.259375 0.059375 0.0671875
0 0.40859375 0.35546875 0.134375 0.15
0 0.88671875 0.22109375 0.0390625 0.0671875
0 0.4765625 0.821875 0.021875 0.0296875
0 0.5859375 0.99609375 0.0625 0.0078125
0 0.8109375 0.9578125 0.0390625 0.0390625
0 0.903125 0.253125 0.015625 0.01875
0 0.84453125 0.65 0.034375 0.0484375
0 0.34375 0.70078125 0.05625 0.0796875
0 0.46640625 0.96328125 0.0265625 0.0390625
0 0.48203125 0.6578125 0.0328125 0.0375
0 0.39765625 0.8734375 0.0328125 0.040625
0 0.60703125 0.31328125 0.053125 0.0875
0 0.30546875 0.6859375 0.028125 0.0421875
0 0.534375 0.6203125 0.04375 0.053125
0 0.94140625 0.11328125 0.0203125 0.025
0 0.59765625 0.75078125 0.025 0.0234375
0 0.62734375 0.7546875 0.0203125 0.025
0 0.3828125 0.9765625 0.0203125 0.025
0 0.39609375 0.9140625 0.0421875 0.05
0 0.34453125 0.96875 0.01875 0.0265625
0 0.43515625 0.9859375 0.0828125 0.028125
0 0.24296875 0.95703125 0.0296875 0.021875
1 0.20703125 0.60703125 0.2375 0.1625
1 0.30546875 0.58828125 0.1828125 0.2265625
0 0.35625 0.01015625 0.040625 0.0203125
0 0.621875 0.3734375 0.053125 0.04375
0 0.79453125 0.1578125 0.0140625 0.015625
0 0.74609375 0.09296875 0.028125 0.028125
0 0.6703125 0.16328125 0.03125 0.0234375
1 0.52734375 0.52890625 0.1671875 0.309375
1 0.5203125 0.53828125 0.1484375 0.2453125
1 0.4015625 0.096875 0.39375 0.19375