0 0.13984375 0.6109375 0.0578125 0.0765625
0 0.15 0.23515625 0.0859375 0.184375
0 0.38984375 0.24453125 0.071875 0.0671875
0 0.815625 0.1390625 0.059375 0.084375
1 0.32265625 0.13046875 0.2640625 0.2578125
0 0.384375 0.9328125 0.040625 0.0484375
0 0.82109375 0.7328125 0.05625 0.0734375
0 0.89921875 0.66875 0.0828125 0.1125
0 0.74453125 0.8109375 0.0796875 0.103125
0 0.7953125 0.86484375 0.0984375 0.1140625
0 0.4390625 0.51171875 0.0609375 0.059375
0 0.9515625 0.5640625 0.0609375 0.075
0 0.2421875 0.8578125 0.1125 0.1125
0 0.20859375 0.11796875 0.015625 0.0203125
0 0.33828125 0.63125 0.053125 0.0421875
0 0.97734375 0.62265625 0.0453125 0.0765625
0 0.0171875 0.103125 0.034375 0.04375
0 0.4546875 0.909375 0.0375 0.0484375
0 0.403125 0.640625 0.065625 0.065625
1 0.30625 0.93359375 0.16875 0.1328125
0 0.634375 0.84765625 0.0390625 0.0453125
0 0.9046875 0.2421875 0.1140625 0.175
1 0.5015625 0.228125 0.1296875 0.175
0 0.3484375 0.9765625 0.0359375 0.046875
0 0.90625 0.50625 0.103125 0.0828125
0 0.95546875 0.02109375 0.0515625 0.0421875
0 0.76953125 0.50703125 0.11875 0.1109375
0 0.47265625 0.9875 0.0453125 0.025
0 0.465625 0.5734375 0.115625 0.075
0 0.66328125 0.5546875 0.0546875 0.053125
0 0.434375 0.40078125 0.03125 0.046875
0 0.5375 0.74453125 0.065625 0.059375
0 0.8796875 0.4796875 0.08125 0.059375
0 0.27890625 0.29375 0.0640625 0.0859375
0 0.97734375 0.32109375 0.0359375 0.0765625
0 0.78203125 0.05546875 0.03125 0.04375
0 0.1890625 0.81953125 0.0421875 0.04375
0 0.546875 0.5796875 0.0296875 0.05
0 0.66640625 0.8078125 0.0375 0.03125
0 0.73515625 0.725 0.0453125 0.034375
0 0.5703125 0.98828125 0.034375 0.0203125
0 0.1203125 0.5078125 0.1203125 0.14375
0 0.86484375 0.08828125 0.1703125 0.1765625
0 0.45 0.8390625 0.0328125 0.0484375
0 0.52109375 0.48984375 0.109375 0.1328125
0 0.03203125 0.740625 0.04375 0.0453125
0 0.36484375 0.590625 0.05 0.06875
0 0.38515625 0.059375 0.125 0.1078125
0 0.82890625 0.421875 0.1296875 0.090625
0 0.22578125 0.94609375 0.0265625 0.0296875
1 0.4 0.78828125 0.225 0.2515625
1 0.5578125 0.6703125 0.2078125 0.1828125
1 0.6703125 0.63828125 0.271875 0.15625