0 0.4203125 0.2234375 0.0390625 0.0390625
0 0.4453125 0.1 0.0421875 0.04375
0 0.4484375 0.0578125 0.05 0.0421875
1 0.31875 0.95625 0.125 0.0640625
0 0.140625 0.7484375 0.0328125 0.0375
0 0.671875 0.40234375 0.0453125 0.0609375
0 0.8671875 0.284375 0.1234375 0.1328125
0 0.20859375 0.54453125 0.0953125 0.0640625
0 0.7453125 0.34453125 0.1359375 0.103125
0 0.55390625 0.36171875 0.0796875 0.059375
0 0.59609375 0.06640625 0.03125 0.0375
0 0.85625 0.2171875 0.053125 0.04375
0 0.9140625 0.384375 0.0421875 0.0421875
0 0.3328125 0.12421875 0.034375 0.0359375
1 0.82734375 0.8328125 0.0734375 0.11875
0 0.69375 0.278125 0.05 0.0390625
0 0.53046875 0.8921875 0.0421875 0.0453125
0 0.77890625 0.68671875 0.0265625 0.025
0 0.503125 0.6671875 0.0359375 0.0375
0 0.9703125 0.20546875 0.059375 0.0921875
0 0.17421875 0.821875 0.0296875 0.03125
0 0.5953125 0.67734375 0.0390625 0.0421875
0 0.31015625 0.86015625 0.065625 0.0625
0 0.22109375 0.7171875 0.0359375 0.046875
1 0.45078125 0.7890625 0.1015625 0.1109375
0 0.83671875 0.35859375 0.0296875 0.034375
0 0.59296875 0.84140625 0.040625 0.0484375
0 0.11875 0.271875 0.103125 0.09375
0 0.509375 0.85703125 0.0421875 0.0390625
0 0.659375 0.265625 0.034375 0.0265625
0 0.93046875 0.159375 0.028125 0.0296875
0 0.43671875 0.66328125 0.046875 0.04375
1 0.52421875 0.76953125 0.096875 0.115625
0 0.53984375 0.8171875 0.0453125 0.0515625
0 0.8734375 0.12890625 0.059375 0.0890625
0 0.49375 0.15 0.0421875 0.0484375
0 0.92734375 0.05703125 0.034375 0.0203125
0 0.7875 0.14609375 0.0921875 0.11875
0 0.0453125 0.5875 0.090625 0.121875
0 0.396875 0.7578125 0.0359375 0.040625
0 0.45078125 0.3625 0.053125 0.0390625
0 0.246875 0.7875 0.046875 0.04375
0 0.36640625 0.05234375 0.08125 0.0921875
0 0.653125 0.890625 0.0390625 0.05
0 0.1453125 0.16171875 0.034375 0.0359375
0 0.3625 0.72421875 0.03125 0.03125
0 0.565625 0.40234375 0.0484375 0.03125
0 0.0375 0.8375 0.075 0.034375
0 0.50234375 0.315625 0.078125 0.0890625
0 0.00390625 0.5109375 0.0078125 0.021875
0 0.2390625 0.58046875 0.0328125 0.0375
0 0.809375 0.91875 0.046875 0.0640625
0 0.2609375 0.25234375 0.075 0.128125
0 0.36015625 0.325 0.0765625 0.075
0 0.5734375 0.109375 0.0421875 0.053125
0 0.23671875 0.88984375 0.028125 0.0328125
0 0.65 0.1859375 0.1859375 0.15
0 0.5203125 0.0546875 0.1015625 0.075
0 0.2203125 0.03984375 0.028125 0.0328125
0 0.53671875 0.1859375 0.0546875 0.053125
0 0.42265625 0.49296875 0.0125 0.0140625
0 0.70390625 0.5546875 0.040625 0.0515625
0 0.56015625 0.14453125 0.040625 0.0421875
0 0.534375 0.64921875 0.04375 0.05625
0 0.5265625 0.5046875 0.109375 0.184375
0 0.46640625 0.69609375 0.03125 0.0375
0 0.6515625 0.33203125 0.0453125 0.0484375
0 0.32578125 0.5703125 0.0484375 0.0546875
0 0.3171875 0.20390625 0.021875 0.0234375
0 0.325 0.7546875 0.0328125 0.0375
0 0.1984375 0.6953125 0.03125 0.03125
0 0.078125 0.3109375 0.0265625 0.0234375
0 0.409375 0.59609375 0.0375 0.05
0 0.31953125 0.79140625 0.0328125 0.0390625
0 0.2140625 0.95234375 0.0921875 0.0421875
0 0.3546875 0.66796875 0.0453125 0.0390625
0 0.58515625 0.24453125 0.0453125 0.046875
0 0.71953125 0.77578125 0.0328125 0.0375
0 0.50625 0.59921875 0.0390625 0.0421875
0 0.02265625 0.89140625 0.0453125 0.1109375
0 0.196875 0.27109375 0.0796875 0.0984375
0 0.621875 0.6484375 0.0625 0.0390625
0 0.165625 0.325 0.025 0.025
0 0.64375 0.54921875 0.040625 0.0515625
0 0.71875 0.98125 0.0296875 0.0265625
0 0.321875 0.16640625 0.0265625 0.034375
0 0.70703125 0.08046875 0.1 0.1265625
0 0.2859375 0.1515625 0.0390625 0.0484375
0 0.0625 0.709375 0.0359375 0.0375
0 0.78671875 0.74375 0.040625 0.04375
0 0.29765625 0.6859375 0.084375 0.046875
0 0.0921875 0.8515625 0.0484375 0.046875
0 0.28671875 0.790625 0.025 0.0328125
0 0.7984375 0.4078125 0.0453125 0.04375
0 0.3890625 0.52578125 0.0671875 0.0703125
0 0.73359375 0.92265625 0.0390625 0.0453125
0 0.60859375 0.98671875 0.0546875 0.0265625
0 0.74140625 0.2515625 0.03125 0.0328125
0 0.1203125 0.6078125 0.040625 0.046875
0 0.51875 0.21875 0.0359375 0.0265625
0 0.5640625 0.66328125 0.040625 0.0515625
0 0.9828125 0.0859375 0.034375 0.0625
0 0.68984375 0.6484375 0.0390625 0.04375
0 0.01796875 0.7828125 0.0359375 0.0375
0 0.52890625 0.70078125 0.0328125 0.0375
0 0.81796875 0.196875 0.046875 0.0421875
0 0.93203125 0.10859375 0.0734375 0.0609375
0 0.73046875 0.5265625 0.046875 0.0765625
0 0.2359375 0.18359375 0.0328125 0.034375
0 0.5 0.2453125 0.0296875 0.03125
0 0.6921875 0.796875 0.0359375 0.0421875
0 0.25390625 0.71328125 0.0421875 0.0390625
0 0.4265625 0.259375 0.034375 0.034375
0 0.434375 0.4296875 0.034375 0.0328125
0 0.02890625 0.66953125 0.0390625 0.0421875
0 0.60859375 0.95 0.0328125 0.028125
0 0.4703125 0.8875 0.0484375 0.059375
0 0.96484375 0.0609375 0.034375 0.01875
1 0.60546875 0.77734375 0.2015625 0.2265625
1 0.25859375 0.63828125 0.140625 0.075
0 0.615625 0.321875 0.040625 0.0390625
0 0.3984375 0.69609375 0.075 0.053125
0 0.746875 0.62109375 0.0609375 0.0828125
0 0.46328125 0.25234375 0.0390625 0.040625
0 0.2 0.57734375 0.0296875 0.0359375
0 0.1640625 0.0734375 0.0390625 0.04375
0 0.44140625 0.62734375 0.0359375 0.046875
0 0.4921875 0.09921875 0.0484375 0.0453125
0 0.234375 0.85078125 0.04375 0.040625
0 0.78515625 0.28515625 0.0546875 0.053125
0 0.659375 0.76484375 0.028125 0.040625
0 0.36875 0.14296875 0.040625 0.0390625
0 0.61953125 0.0234375 0.025 0.028125
0 0.63125 0.08515625 0.0421875 0.040625
1 0.14296875 0.66796875 0.1390625 0.1359375
0 0.55234375 0.3046875 0.0375 0.0359375
1 0.6234375 0.59765625 0.1109375 0.09375
0 0.43125 0.0078125 0.028125 0.015625
0 0.8671875 0.07890625 0.0328125 0.028125
0 0.29921875 0.5359375 0.0515625 0.0359375
0 0.2875 0.72265625 0.034375 0.034375
0 0.8375 0.8328125 0.0375 0.0453125
0 0.584375 0.7296875 0.015625 0.01875