0 0.56484375 0.60078125 0.040625 0.0390625
0 0.21484375 0.79921875 0.1171875 0.0875
0 0.59140625 0.93203125 0.0796875 0.096875
0 0.75078125 0.503125 0.171875 0.1609375
0 0.66171875 0.38828125 0.14375 0.1421875
0 0.61328125 0.1375 0.084375 0.0859375
0 0.97265625 0.67578125 0.034375 0.028125
0 0.60625 0.4765625 0.0359375 0.034375
0 0.97109375 0.44453125 0.025 0.03125
0 0.01953125 0.225 0.0390625 0.040625
0 0.57734375 0.640625 0.021875 0.0265625
0 0.996875 0.70234375 0.00625 0.0390625
0 0.59375 0.3359375 0.034375 0.03125
0 0.09375 0.76015625 0.0359375 0.0375
0 0.496875 0.68671875 0.028125 0.028125
0 0.6171875 0.2984375 0.03125 0.0296875
0 0.93828125 0.11796875 0.0609375 0.046875
0 0.640625 0.2546875 0.0359375 0.0359375
0 0.2734375 0.01953125 0.0921875 0.0328125
0 0.1578125 0.028125 0.05625 0.0453125
0 0.74375 0.2734375 0.078125 0.0734375
0 0.44375 0.61171875 0.028125 0.059375
0 0.02265625 0.68046875 0.040625 0.1140625
1 0.85546875 0.8140625 0.1703125 0.1515625
0 0.9 0.11171875 0.075 0.0734375
1 0.46484375 0.2765625 0.1671875 0.309375
0 0.53828125 0.45390625 0.028125 0.0265625
0 0.09765625 0.6953125 0.046875 0.0390625
0 0.675 0.6890625 0.0390625 0.0484375
0 0.07890625 0.5328125 0.0578125 0.0671875
0 0.4859375 0.04296875 0.1671875 0.06875
0 0.9484375 0.51328125 0.071875 0.0375
0 0.57578125 0.08671875 0.0484375 0.0390625
1 0.515625 0.13671875 0.08125 0.1390625
0 0.72421875 0.18671875 0.040625 0.0421875
0 0.9734375 0.803125 0.053125 0.115625
0 0.8734375 0.58046875 0.0890625 0.059375
0 0.865625 0.48828125 0.0890625 0.0921875
0 0.46328125 0.3828125 0.028125 0.034375
0 0.23984375 0.4765625 0.1296875 0.1921875
0 0.609375 0.559375 0.18125 0.0984375
0 0.15 0.165625 0.0640625 0.0515625
0 0.6875 0.9875 0.0390625 0.015625
0 0.06640625 0.16328125 0.0421875 0.0390625
0 0.53671875 0.74921875 0.03125 0.028125
0 0.76640625 0.37734375 0.059375 0.046875
0 0.06015625 0.11953125 0.0265625 0.0265625
0 0.03671875 0.821875 0.0375 0.034375
0 0.1265625 0.47734375 0.0609375 0.090625
1 0.56328125 0.27578125 0.0859375 0.1546875
0 0.78125 0.60859375 0.0859375 0.078125
0 0.02890625 0.3234375 0.0578125 0.0625
0 0.29375 0.3265625 0.134375 0.13125
0 0.5265625 0.7859375 0.028125 0.0234375
0 0.7046875 0.2328125 0.078125 0.0640625
0 0.61640625 0.19296875 0.05 0.0421875
0 0.86953125 0.41953125 0.065625 0.0640625
0 0.975 0.915625 0.05 0.13125
0 0.9359375 0.19453125 0.0609375 0.05
0 0.02109375 0.01796875 0.040625 0.0171875
1 0.25234375 0.63984375 0.096875 0.19375
0 0.17890625 0.6484375 0.1265625 0.2484375
0 0.525 0.13671875 0.0140625 0.0265625
0 0.93671875 0.34921875 0.0609375 0.115625
0 0.921875 0.39765625 0.021875 0.015625
1 0.5796875 0.73828125 0.246875 0.1984375
1 0.90625 0.66171875 0.1875 0.2453125