0 0.7953125 0.53125 0.0390625 0.05
0 0.6921875 0.55078125 0.040625 0.0484375
0 0.54140625 0.4765625 0.0140625 0.0203125
0 0.42265625 0.71875 0.01875 0.021875
0 0.30078125 0.82890625 0.0390625 0.0453125
0 0.1203125 0.95 0.05625 0.1
0 0.2234375 0.67421875 0.028125 0.040625
0 0.36640625 0.171875 0.0203125 0.025
0 0.846875 0.5203125 0.040625 0.0421875
0 0.84765625 0.9453125 0.0671875 0.071875
0 0.4875 0.709375 0.0328125 0.0453125
0 0.19453125 0.08984375 0.021875 0.03125
0 0.15859375 0.8625 0.0328125 0.0421875
0 0.390625 0.28984375 0.0140625 0.015625
0 0.27421875 0.928125 0.03125 0.0484375
0 0.64921875 0.21171875 0.0375 0.0546875
0 0.2234375 0.1484375 0.0390625 0.0484375
0 0.2328125 0.76171875 0.1375 0.15
0 0.47890625 0.26796875 0.0578125 0.084375
0 0.39765625 0.325 0.0328125 0.046875
0 0.5171875 0.3703125 0.0328125 0.046875
0 0.5921875 0.5046875 0.015625 0.021875
0 0.60078125 0.7875 0.040625 0.053125
0 0.6078125 0.36171875 0.034375 0.034375
0 0.6890625 0.209375 0.046875 0.08125
0 0.9921875 0.546875 0.015625 0.0625
0 0.47734375 0.071875 0.115625 0.1265625
0 0.8015625 0.8296875 0.040625 0.0453125
0 0.37734375 0.85390625 0.028125 0.0421875
0 0.45234375 0.7546875 0.0296875 0.0734375
0 0.3046875 0.7234375 0.0234375 0.0359375
0 0.6734375 0.73125 0.121875 0.125
0 0.23125 0.88984375 0.0359375 0.046875
0 0.63203125 0.7953125 0.0234375 0.040625
0 0.6921875 0.1109375 0.0359375 0.053125
0 0.609375 0.6796875 0.0328125 0.0484375
0 0.584375 0.98671875 0.0234375 0.0171875
0 0.73671875 0.9203125 0.0515625 0.121875
0 0.1734375 0.16015625 0.0203125 0.034375
0 0.3875 0.43359375 0.05 0.0640625
0 0.09375 0.24140625 0.0234375 0.034375
0 0.61015625 0.215625 0.0359375 0.0421875
0 0.353125 0.19140625 0.05 0.0359375
0 0.11875 0.7796875 0.0203125 0.028125
0 0.7796875 0.9234375 0.0484375 0.0796875
0 0.74140625 0.65234375 0.1125 0.121875
0 0.6546875 0.3796875 0.109375 0.2453125
0 0.19453125 0.853125 0.0265625 0.0453125
0 0.57265625 0.64296875 0.034375 0.0453125
0 0.99609375 0.6265625 0.0078125 0.03125
0 0.0703125 0.2 0.0171875 0.021875
0 0.85546875 0.31328125 0.059375 0.0875
0 0.321875 0.2296875 0.053125 0.053125
0 0.8296875 0.56171875 0.0328125 0.0375
0 0.5546875 0.73203125 0.03125 0.04375
0 0.52265625 0.6 0.015625 0.0203125
0 0.94375 0.49765625 0.040625 0.0484375
0 0.20625 0.1921875 0.040625 0.0453125
0 0.48671875 0.95234375 0.0640625 0.0953125
0 0.21953125 0.3203125 0.0171875 0.01875
0 0.25234375 0.35 0.0234375 0.040625
0 0.5671875 0.2875 0.025 0.0328125
0 0.21484375 0.60625 0.03125 0.0296875
0 0.54453125 0.15703125 0.021875 0.0359375
0 0.79453125 0.05625 0.0359375 0.0515625
0 0.1109375 0.034375 0.0515625 0.0328125
0 0.5421875 0.8375 0.0953125 0.11875
0 0.62734375 0.13984375 0.034375 0.05
0 0.4171875 0.8890625 0.0296875 0.040625
0 0.2765625 0.3078125 0.0234375 0.0265625
0 0.50859375 0.6625 0.0171875 0.021875
0 0.43828125 0.21484375 0.0265625 0.0359375
0 0.11484375 0.58359375 0.0171875 0.0171875
0 0.5171875 0.159375 0.034375 0.0421875
0 0.76484375 0.76328125 0.025 0.0234375
0 0.3015625 0.265625 0.0234375 0.0296875
0 0.22578125 0.390625 0.0125 0.015625
0 0.92890625 0.52734375 0.1421875 0.1484375
0 0.52265625 0.01953125 0.1046875 0.0390625
0 0.603125 0.17890625 0.0296875 0.0375
0 0.41171875 0.2140625 0.0375 0.0484375
0 0.63515625 0.296875 0.053125 0.0703125
0 0.671875 0.15078125 0.0234375 0.0390625
0 0.6625 0.059375 0.0203125 0.021875
0 0.3578125 0.059375 0.065625 0.075
0 0.5625 0.76484375 0.028125 0.0296875
0 0.371875 0.50859375 0.128125 0.0921875
0 0.67421875 0.821875 0.028125 0.040625
0 0.515625 0.69609375 0.0265625 0.0390625
0 0.575 0.33046875 0.0453125 0.053125
0 0.24140625 0.24453125 0.0234375 0.034375
0 0.31796875 0.13203125 0.1109375 0.103125
0 0.45703125 0.3078125 0.0484375 0.0609375
0 0.7890625 0.246875 0.0609375 0.0390625
0 0.2171875 0.0296875 0.0375 0.03125
0 0.39375 0.375 0.0203125 0.0234375
0 0.7609375 0.8 0.13125 0.0828125
0 0.415625 0.6421875 0.0359375 0.0484375
0 0.65625 0.63125 0.0328125 0.04375
0 0.09140625 0.48203125 0.01875 0.0234375
0 0.62890625 0.909375 0.15 0.1578125
0 0.77578125 0.96875 0.0453125 0.03125
0 0.5046875 0.78984375 0.040625 0.05
0 0.81875 0.60078125 0.0375 0.0453125
0 0.15078125 0.29140625 0.0953125 0.090625
0 0.39453125 0.11953125 0.0109375 0.0125
0 0.5765625 0.1875 0.025 0.03125
0 0.3578125 0.2578125 0.021875 0.028125
0 0.9171875 0.80390625 0.03125 0.0375
0 0.53203125 0.9796875 0.04375 0.040625
0 0.7265625 0.5203125 0.1046875 0.1015625
0 0.9046875 0.63828125 0.0890625 0.1265625
0 0.115625 0.6578125 0.0234375 0.0359375
0 0.55078125 0.225 0.0421875 0.065625
0 0.459375 0.1359375 0.0234375 0.03125
0 0.78984375 0.88203125 0.034375 0.0421875
0 0.31796875 0.36875 0.05 0.0609375
0 0.303125 0.628125 0.15 0.1640625
0 0.89453125 0.865625 0.0203125 0.0328125
0 0.70703125 0.86328125 0.028125 0.040625
0 0.153125 0.728125 0.028125 0.0390625
0 0.79609375 0.34609375 0.0359375 0.05
0 0.340625 0.33359375 0.025 0.03125
0 0.14375 0.1640625 0.025 0.034375
0 0.35703125 0.29375 0.0390625 0.0453125
0 0.13203125 0.3359375 0.0203125 0.025
0 0.4625 0.4296875 0.053125 0.053125
0 0.2390625 0.98046875 0.03125 0.0390625
0 0.8 0.46875 0.1046875 0.06875
0 0.625 0.63515625 0.028125 0.0375