0 0.3734375 0.39765625 0.04375 0.04375
0 0.2546875 0.559375 0.034375 0.028125
0 0.24921875 0.50625 0.028125 0.028125
0 0.18984375 0.67421875 0.04375 0.0359375
0 0.8421875 0.77578125 0.0296875 0.025
0 0.30546875 0.74375 0.04375 0.034375
0 0.73359375 0.74609375 0.01875 0.0171875
0 0.178125 0.84765625 0.0265625 0.01875
0 0.61796875 0.79765625 0.0296875 0.025
0 0.89375 0.50390625 0.146875 0.084375
0 0.6953125 0.22421875 0.0734375 0.0546875
0 0.11875 0.5953125 0.078125 0.0734375
0 0.37109375 0.65859375 0.0375 0.0359375
0 0.51328125 0.5390625 0.1234375 0.1078125
0 0.05625 0.56640625 0.034375 0.03125
0 0.13125 0.7671875 0.04375 0.034375
0 0.35546875 0.48671875 0.05625 0.0765625
0 0.17734375 0.6359375 0.0515625 0.0515625
0 0.2234375 0.2453125 0.0703125 0.096875
0 0.2734375 0.19609375 0.046875 0.0375
0 0.2640625 0.12734375 0.034375 0.0359375
0 0.98984375 0.7890625 0.0203125 0.028125
0 0.1171875 0.5359375 0.0703125 0.09375
0 0.1734375 0.4484375 0.059375 0.071875
0 0.2296875 0.84453125 0.0203125 0.0171875
0 0.55 0.6671875 0.0546875 0.0484375
0 0.203125 0.39296875 0.03125 0.0265625
0 0.353125 0.7 0.059375 0.0453125
0 0.17421875 0.8171875 0.025 0.0171875
0 0.13515625 0.87890625 0.03125 0.0359375
0 0.04296875 0.78984375 0.0265625 0.028125
0 0.5578125 0.7765625 0.0359375 0.0265625
0 0.64765625 0.51953125 0.0578125 0.0515625
0 0.31171875 0.35234375 0.0375 0.0375
0 0.103125 0.696875 0.0234375 0.0171875
0 0.03671875 0.59453125 0.021875 0.0171875
0 0.20703125 0.73671875 0.0453125 0.04375
0 0.82734375 0.83203125 0.0234375 0.015625
0 0.20546875 0.565625 0.028125 0.021875
0 0.63125 0.4140625 0.0640625 0.0546875
0 0.3890625 0.6265625 0.046875 0.040625
0 0.2234375 0.8109375 0.0140625 0.0140625
0 0.92578125 0.61328125 0.103125 0.084375
0 0.57578125 0.096875 0.0625 0.05
0 0.10078125 0.8890625 0.040625 0.0375
0 0.03984375 0.9046875 0.0140625 0.0234375
0 0.80234375 0.6984375 0.059375 0.05
0 0.85625 0.0328125 0.140625 0.065625
0 0.7765625 0.23828125 0.11875 0.1125
0 0.39453125 0.72109375 0.0234375 0.0203125
0 0.28828125 0.7 0.1 0.0625
0 0.16484375 0.90703125 0.0125 0.0171875
0 0.03671875 0.76484375 0.03125 0.03125
0 0.04375 0.534375 0.021875 0.021875
0 0.5421875 0.75 0.0328125 0.0296875
0 0.740625 0.5359375 0.1046875 0.065625
0 0.24453125 0.74140625 0.0359375 0.025
0 0.36328125 0.24765625 0.025 0.03125
0 0.99609375 0.82109375 0.0078125 0.0296875
0 0.08515625 0.6296875 0.025 0.0265625
0 0.2359375 0.4671875 0.028125 0.021875
0 0.21796875 0.7828125 0.0234375 0.0171875
0 0.25625 0.26171875 0.0328125 0.025
0 0.05 0.6125 0.021875 0.0203125
0 0.28671875 0.1078125 0.025 0.0234375
0 0.30703125 0.478125 0.0453125 0.0484375
0 0.02109375 0.4828125 0.0421875 0.0875
0 0.86171875 0.32265625 0.1828125 0.1375
0 0.684375 0.17109375 0.1109375 0.0671875
0 0.9890625 0.5328125 0.021875 0.04375
0 0.02109375 0.34296875 0.0421875 0.0921875
0 0.7984375 0.596875 0.0515625 0.0390625
0 0.33515625 0.19453125 0.0359375 0.0265625
0 0.2046875 0.3328125 0.0640625 0.0671875
0 0.29296875 0.3921875 0.046875 0.0359375
0 0.471875 0.72421875 0.125 0.1
0 0.459375 0.8203125 0.03125 0.0203125
0 0.47421875 0.13203125 0.0546875 0.040625
0 0.80859375 0.55546875 0.0671875 0.0546875
0 0.96796875 0.309375 0.040625 0.06875
0 0.07109375 0.47734375 0.0125 0.021875
0 0.18828125 0.9046875 0.0359375 0.034375
0 0.36171875 0.04140625 0.0984375 0.0703125
0 0.11328125 0.421875 0.04375 0.034375
0 0.053125 0.67265625 0.05625 0.0328125
0 0.84296875 0.61171875 0.11875 0.0984375
0 0.0828125 0.36640625 0.0578125 0.0640625
0 0.225 0.88671875 0.0234375 0.0171875
0 0.6671875 0.565625 0.05625 0.046875
0 0.56796875 0.81171875 0.021875 0.0125
0 0.16328125 0.7625 0.025 0.0171875
0 0.725 0.41015625 0.0578125 0.0625
0 0.20859375 0.5328125 0.0546875 0.065625
0 0.23984375 0.60390625 0.021875 0.025
0 0.2140625 0.5875 0.0234375 0.021875
0 0.7046875 0.36015625 0.0578125 0.05625
0 0.14140625 0.49375 0.0734375 0.1078125
0 0.99453125 0.715625 0.0109375 0.03125
0 0.10546875 0.78125 0.025 0.0234375
0 0.103125 0.64375 0.04375 0.040625
0 0.64765625 0.0109375 0.0609375 0.021875
0 0.22109375 0.759375 0.028125 0.0140625
0 0.1375 0.69609375 0.0203125 0.01875
0 0.1234375 0.70859375 0.0265625 0.0125
0 0.125 0.728125 0.01875 0.0125
1 0.1640625 0.7328125 0.04375 0.046875
0 0.06640625 0.64296875 0.025 0.01875
0 0.04609375 0.62734375 0.025 0.0140625
0 0.07578125 0.659375 0.0125 0.01875
0 0.0953125 0.66640625 0.03125 0.0140625
0 0.02109375 0.67890625 0.015625 0.0265625
0 0.00625 0.534375 0.0125 0.01875
0 0.0078125 0.56171875 0.009375 0.0203125
0 0.37265625 0.36328125 0.01875 0.025
0 0.42265625 0.45234375 0.0265625 0.01875
0 0.38984375 0.43515625 0.0421875 0.0375
0 0.471875 0.36328125 0.109375 0.2015625
0 0.9328125 0.20546875 0.075 0.1484375
1 0.403125 0.3671875 0.23125 0.2359375