0 0.803125 0.26484375 0.0671875 0.05
0 0.671875 0.78515625 0.134375 0.1859375
0 0.9078125 0.853125 0.0625 0.034375
0 0.83515625 0.8625 0.090625 0.05625
0 0.94453125 0.63515625 0.10625 0.25
0 0.928125 0.00859375 0.090625 0.0171875
0 0.73984375 0.659375 0.2015625 0.09375
0 0.98828125 0.146875 0.021875 0.0328125
0 0.08671875 0.52109375 0.1734375 0.215625
0 0.96328125 0.2421875 0.06875 0.2109375
0 0.50390625 0.7046875 0.0421875 0.0515625
0 0.984375 0.10625 0.0296875 0.0375
0 0.0078125 0.6859375 0.015625 0.059375
0 0.10078125 0.86640625 0.0828125 0.05625
0 0.5265625 0.2046875 0.075 0.0421875
0 0.5890625 0.6359375 0.05 0.05
0 0.990625 0.3671875 0.015625 0.0234375
0 0.83515625 0.49609375 0.1265625 0.1703125
0 0.42890625 0.0515625 0.159375 0.103125
0 0.57421875 0.831828125 0.140625 0.201515625
0 0.70234375 0.05234375 0.2125 0.1046875
0 0.74765625 0.306125 0.0578125 0.059375
0 0.85234375 0.2296875 0.090625 0.075
0 0.159375 0.73125 0.2671875 0.23125
0 0.978125 0.96640625 0.040625 0.0453125
0 0.359375 0.1671875 0.0921875 0.065625
0 0.84375 0.95390625 0.128125 0.0921875
0 0.945640625 0.4109375 0.10220312499999999 0.1796875
0 0.7625 0.3890625 0.1 0.08125
0 0.60078125 0.1234375 0.234375 0.109375
0 0.8859375 0.921875 0.0359375 0.0265625
0 0.20390625 0.63359375 0.06875 0.0765625
0 0.84140625 0.7484375 0.071875 0.034375
0 0.53671875 0.334375 0.0546875 0.06875
0 0.9171875 0.09609375 0.084375 0.0640625
0 0.671875 0.18359375 0.0484375 0.01875
0 0.3078125 0.35234375 0.0984375 0.0703125
0 0.12678125 0.31496875 0.114890625 0.1725625
0 0.37225 0.91253125 0.284203125 0.1749375
0 0.027515625 0.874640625 0.05028125 0.04584375