0 0.66015625 0.41328125 0.0546875 0.0515625
0 0.1984375 0.61015625 0.1 0.0890625
0 0.98125 0.121875 0.0375 0.0296875
0 0.16640625 0.39140625 0.0140625 0.015625
0 0.01015625 0.67421875 0.0125 0.0125
0 0.25625 0.57578125 0.0125 0.01875
0 0.834375 0.74296875 0.021875 0.015625
0 0.78359375 0.12109375 0.0359375 0.03125
0 0.2703125 0.15859375 0.046875 0.0375
1 0.76640625 0.562859375 0.0533125 0.047265625
0 0.403125 0.23359375 0.01875 0.021875
0 0.709375 0.8046875 0.0234375 0.015625
0 0.08671875 0.64453125 0.021875 0.0140625
1 0.98046875 0.629734375 0.0390625 0.043859375
0 0.55546875 0.46484375 0.028125 0.0171875
0 0.740625 0.771875 0.0875 0.0640625
0 0.440625 0.77578125 0.046875 0.0421875
0 0.7125 0.58671875 0.0421875 0.046875
0 0.51953125 0.65625 0.021875 0.0125
0 0.83828125 0.084828125 0.0875 0.0671875
0 0.5828125 0.78203125 0.0125 0.0125
0 0.9859375 0.28984375 0.025 0.0296875
0 0.149171875 0.669921875 0.0171875 0.015625
0 0.5453125 0.278125 0.090625 0.0875
0 0.5900624999999999 0.528546875 0.03403125 0.035296875
0 0.0123125 0.424640625 0.0140625 0.0171875
0 0.815625 0.54375 0.0421875 0.0515625
0 0.45 0.2 0.028125 0.0265625
0 0.4796875 0.803125 0.06875 0.034375
0 0.203125 0.121875 0.0359375 0.0484375
0 0.5 0.41015625 0.0453125 0.0421875
0 0.415625 0.2703125 0.01875 0.015625
0 0.034375 0.03046875 0.021875 0.028125
0 0.8 0.50859375 0.0546875 0.0453125
0 0.071875 0.3796875 0.021875 0.0140625
0 0.21953125 0.27109375 0.040625 0.03125
0 0.7546875 0.25625 0.0234375 0.0234375
0 0.69765625 0.24921875 0.10625 0.053125
0 0.4625 0.54921875 0.028125 0.0265625
0 0.15546875 0.1390625 0.0453125 0.0609375
0 0.84453125 0.57578125 0.034375 0.0375
0 0.36328125 0.33828125 0.0234375 0.025
0 0.1 0.47578125 0.025 0.0328125
1 0.084375 0.33981249999999996 0.16875 0.147078125
0 0.53046875 0.428125 0.021875 0.0171875
0 0.50703125 0.5359375 0.05 0.028125
0 0.84921875 0.41875 0.0265625 0.01875
0 0.11328125 0.45 0.01875 0.025
0 0.7578125 0.69296875 0.0328125 0.0296875
0 0.12734375 0.565625 0.04375 0.034375
0 0.240625 0.46484375 0.109375 0.0546875
0 0.490625 0.46796875 0.0953125 0.071875
0 0.8078125 0.039890625 0.0234375 0.029578125
0 0.76328125 0.0203125 0.04375 0.040625
0 0.27265625 0.228125 0.0703125 0.084375
1 0.06571875 0.48665624999999996 0.131421875 0.1199375
0 0.962890625 0.71228125 0.07421875 0.06314062499999999
0 0.990625 0.32421875 0.01875 0.021875
0 0.92265625 0.796875 0.065625 0.0375
0 0.7921875 0.1609375 0.01875 0.0296875
0 0.634375 0.5625 0.021875 0.0203125
0 0.975 0.171875 0.021875 0.021875
0 0.73046875 0.51171875 0.025 0.01875
0 0.29609375 0.2765625 0.021875 0.021875
0 0.146875 0.28828125 0.0328125 0.0546875
0 0.7078125 0.346875 0.0375 0.0421875
0 0.8203125 0.275 0.0484375 0.0546875
0 0.1609375 0.209375 0.05625 0.090625
0 0.649515625 0.3225 0.0125 0.0125
0 0.3578125 0.4546875 0.04375 0.046875
0 0.2875 0.46953125 0.028125 0.0234375
0 0.3890625 0.13203125 0.025 0.03125
0 0.17084375000000002 0.715203125 0.0171875 0.0171875
0 0.887328125 0.323828125 0.017125 0.015625
1 0.928125 0.488875 0.0953125 0.071484375
0 0.6640625 0.21015625 0.0390625 0.0265625
0 0.1359375 0.51015625 0.046875 0.04375
0 0.94921875 0.332328125 0.0578125 0.053125
0 0.3575625 0.24476562500000001 0.034375 0.0390625
0 0.03828125 0.5265625 0.040625 0.0265625
0 0.60859375 0.50859375 0.04375 0.0453125
0 0.21328125 0.1984375 0.059375 0.0953125
0 0.275 0.10546875 0.0453125 0.0578125
0 0.178125 0.5625 0.046875 0.0296875
0 0.30078125 0.39609375 0.034375 0.025
0 0.3375 0.50234375 0.0328125 0.03125
0 0.99296875 0.45078125 0.0109375 0.0265625
0 0.16796875 0.67421875 0.025 0.03125
0 0.7109375 0.63359375 0.0609375 0.053125
0 0.78515625 0.71640625 0.090625 0.0640625
0 0.621875 0.32421875 0.0234375 0.01875
0 0.321875 0.425 0.0890625 0.053125
0 0.80703125 0.221875 0.034375 0.0296875
0 0.2921875 0.49140625 0.0234375 0.0171875
0 0.38046875 0.390625 0.021875 0.021875
0 0.4375 0.23171875000000003 0.028140625000000002 0.0351875
0 0.24096875 0.690734375 0.0171875 0.0171875
0 0.65340625 0.625109375 0.078421875 0.07209375
0 0.54765625 0.69921875 0.0671875 0.034375
0 0.97890625 0.2046875 0.0359375 0.0296875
0 0.196875 0.7890625 0.0484375 0.05625
0 0.98125 0.24609375 0.034375 0.0453125
0 0.91953125 0.196875 0.025 0.034375
0 0.390625 0.196875 0.0265625 0.021875
0 0.16015625 0.5359375 0.021875 0.021875
0 0.421875 0.196875 0.0234375 0.0234375
0 0.41640625 0.598765625 0.0359375 0.0234375
0 0.6328125 0.39140625 0.0234375 0.0390625
0 0.0828125 0.4375 0.03125 0.021875
0 0.2125 0.4859375 0.021875 0.0140625
0 0.86328125 0.715625 0.0234375 0.021875
0 0.896875 0.290140625 0.0703125 0.0515625
0 0.903125 0.646875 0.08125 0.046875
0 0.07421875 0.61328125 0.0734375 0.0515625
0 0.159375 0.0203125 0.0375 0.034375
0 0.16640625 0.76796875 0.0203125 0.0203125
0 0.95625 0.00546875 0.0578125 0.0109375
0 0.33984375 0.11015625 0.0265625 0.025
0 0.11640625 0.10546875 0.0421875 0.0359375
0 0.58671875 0.61640625 0.04375 0.0421875
0 0.334375 0.16640625 0.084375 0.1125
0 0.44609375 0.67421875 0.0140625 0.015625
0 0.25234375 0.0453125 0.046875 0.0671875
0 0.8390625 0.771875 0.0171875 0.015625
0 0.953125 0.53515625 0.015625 0.01875
0 0.1671875 0.746875 0.0125 0.0140625
0 0.3921875 0.3671875 0.0265625 0.01875
1 0.905734375 0.726765625 0.065671875 0.0546875
0 0.67421875 0.52421875 0.0484375 0.0265625
0 0.00625 0.6453125 0.0125 0.0203125
0 0.7328125 0.29609375 0.040625 0.028125
0 0.35859375 0.0703125 0.053125 0.071875
0 0.496875 0.5984375 0.0890625 0.09375
0 0.44140625 0.33203125 0.0703125 0.11875
0 0.409375 0.1375 0.021875 0.0265625
0 0.3375 0.3484375 0.0203125 0.015625
0 0.38125 0.275 0.0546875 0.0609375
0 0.95546875 0.05625 0.0859375 0.1125
0 0.19140625 0.69296875 0.025 0.0296875
0 0.309375 0.5234375 0.034375 0.0265625
0 0.8546875 0.21796875 0.04375 0.05
0 0.25390625 0.31796875 0.0703125 0.0703125
0 0.867515625 0.313734375 0.039984375 0.041546875
0 0.775 0.384765625 0.053125 0.0390625
0 0.3375 0.2921875 0.025 0.021875
0 0.009375 0.02109375 0.01875 0.0421875
0 0.2609375 0.52578125 0.075 0.075
0 0.39765625 0.44375 0.0296875 0.0265625
0 0.8226875 0.47493749999999996 0.014984375 0.013609375000000002
0 0.78203125 0.63515625 0.0453125 0.0359375
0 0.6734375 0.803125 0.0203125 0.0203125
0 0.265625 0.35703125 0.046875 0.040625
0 0.56953125 0.578125 0.04375 0.0421875
0 0.82109375 0.65859375 0.028125 0.0203125
0 0.81953125 0.446875 0.021875 0.0171875
0 0.1484375 0.41640625 0.025 0.0296875
0 0.609375 0.1890625 0.028125 0.021875
0 0.85703125 0.38671875 0.025 0.0203125
0 0.68315625 0.286578125 0.084375 0.034375
0 0.58125 0.75234375 0.046875 0.0203125
0 0.496875 0.73515625 0.1328125 0.1078125
0 0.03984375 0.159375 0.0765625 0.0703125
0 0.25390625 0.38359375 0.03125 0.0265625
0 0.87109375 0.1609375 0.0859375 0.090625
0 0.6030625 0.280671875 0.053125 0.0625
0 0.02578125 0.58359375 0.046875 0.04375
0 0.861140625 0.34375 0.041484375000000004 0.055781250000000004
0 0.991984375 0.533390625 0.016046875 0.027468749999999997
0 0.7542500000000001 0.45921874999999995 0.053125 0.055890625000000006
0 0.7336875 0.555140625 0.028453125000000003 0.0134375
0 0.7085 0.5539375 0.01715625 0.014453125
0 0.6852031249999999 0.553421875 0.02328125 0.010687499999999999
0 0.695484375 0.54075 0.01440625 0.008624999999999999
1 0.691546875 0.550171875 0.133296875 0.11928125
0 0.31346875 0.642671875 0.01096875 0.009671875
0 0.32596875000000003 0.61853125 0.013375000000000001 0.012734375000000001
0 0.28159375 0.610828125 0.082234375 0.076109375
1 0.10774999999999998 0.20584375000000002 0.21551562500000002 0.27396875
0 0.37498437500000004 0.314 0.051703125 0.042546875
1 0.895359375 0.337421875 0.12342187499999999 0.167625
1 0.9176249999999999 0.34421875 0.158640625 0.19646875
0 0.571421875 0.339109375 0.03478125 0.026796874999999998