0 0.1859375 0.70546875 0.028125 0.034375
0 0.33515625 0.2140625 0.040625 0.03125
0 0.97421875 0.4140625 0.0515625 0.0296875
0 0.39765625 0.35859375 0.046875 0.0484375
0 0.05 0.56484375 0.040625 0.028125
0 0.84453125 0.31171875 0.046875 0.0296875
0 0.465625 0.7140625 0.021875 0.015625
0 0.5359375 0.55625 0.04375 0.0359375
0 0.7140625 0.6640625 0.1453125 0.1265625
0 0.58359375 0.45703125 0.0609375 0.034375
0 0.878125 0.21875 0.053125 0.040625
0 0.32421875 0.74140625 0.01875 0.0140625
0 0.05 0.33671875 0.0609375 0.0375
0 0.64140625 0.62265625 0.046875 0.0328125
0 0.309375 0.9328125 0.015625 0.01875
0 0.696875 0.78984375 0.0625 0.034375
0 0.6171875 0.7609375 0.1046875 0.0609375
0 0.13671875 0.85859375 0.046875 0.0296875
0 0.2375 0.659375 0.078125 0.0359375
0 0.453125 0.5578125 0.0390625 0.0375
0 0.12734375 0.3140625 0.0671875 0.059375
0 0.95078125 0.29453125 0.034375 0.0171875
0 0.5984375 0.17578125 0.0671875 0.05625
0 0.3 0.63125 0.0359375 0.025
0 0.609375 0.1046875 0.08125 0.0765625
0 0.919671875 0.5276562499999999 0.160671875 0.143234375
0 0.446484375 0.767578125 0.034375 0.0359375
0 0.23203125 0.51796875 0.0359375 0.028125
0 0.30234375 0.1921875 0.040625 0.021875
0 0.5890625 0.7171875 0.0421875 0.0390625
0 0.88671875 0.9515625 0.09375 0.096875
0 0.04609375 0.714453125 0.0375 0.0359375
0 0.16640625 0.6296875 0.040625 0.03125
0 0.49765625 0.125 0.09375 0.0875
0 0.09296875 0.809375 0.075 0.0609375
0 0.3328125 0.77265625 0.0484375 0.034375
0 0.03046875 0.656640625 0.0609375 0.08046875
0 0.45859375 0.80859375 0.0671875 0.0375
0 0.9765625 0.75234375 0.0453125 0.0421875
0 0.560265625 0.22014062499999998 0.088109375 0.11515625
0 0.428125 0.15859375 0.05 0.0375
0 0.793109375 0.18934375 0.101296875 0.16148437499999999
0 0.94184375 0.25475 0.0421875 0.034375
0 0.18828125 0.84609375 0.021875 0.01875
0 0.00625 0.34296875 0.0125 0.034375
0 0.6515625 0.21125 0.0359375 0.041234375000000004
0 0.0453125 0.863875 0.090625 0.106640625
0 0.0375 0.957625 0.075 0.065234375
0 0.678671875 0.31559375 0.034375 0.034375
0 0.4765625 0.3078125 0.0609375 0.0578125
0 0.0546875 0.26640625 0.09375 0.0640625
0 0.43359375 0.6203125 0.103125 0.0625
0 0.25234375 0.490625 0.0296875 0.0171875
0 0.0671875 0.691609375 0.040625 0.036328125
0 0.94765625 0.58359375 0.0328125 0.0328125
0 0.92578125 0.7828125 0.06875 0.075
0 0.3578125 0.65703125 0.0546875 0.05
0 0.646875 0.53125 0.0609375 0.05
0 0.4234375 0.271875 0.0359375 0.0359375
0 0.40625 0.442390625 0.0609375 0.050390625
0 0.582625 0.98359375 0.06834375000000001 0.0328125
0 0.0578125 0.64765625 0.03125 0.0203125
0 0.477546875 0.356640625 0.040234375 0.03125
0 0.95 0.36796875 0.096875 0.0578125
0 0.14453125 0.35703125 0.028125 0.0203125
0 0.65546875 0.55859375 0.059375 0.0375
0 0.25390625 0.27109375 0.103125 0.1078125
0 0.9 0.646875 0.096875 0.1109375
0 0.1078125 0.596875 0.0484375 0.028125
0 0.00625 0.76328125 0.009375 0.021875
0 0.7359375 0.88515625 0.025 0.0171875
0 0.259375 0.578125 0.1484375 0.09375
0 0.48671875 0.38984375 0.028125 0.034375
0 0.534375 0.78828125 0.0203125 0.0125
0 0.61875 0.3375 0.0328125 0.03125
0 0.27578125 0.4390625 0.021875 0.01875
0 0.26328125 0.465625 0.05625 0.03125
0 0.50390625 0.4890625 0.0921875 0.0859375
0 0.81953125 0.80234375 0.0140625 0.0109375
0 0.07734375 0.19765625 0.1234375 0.0578125
0 0.55625 0.3625 0.0625 0.03125
0 0.8640625 0.43203125 0.084375 0.05
0 0.76640625 0.62109375 0.059375 0.0375
0 0.99453125 0.92265625 0.009375 0.0234375
0 0.72890625 0.27795312499999997 0.0359375 0.034375
0 0.3171875 0.96796875 0.01875 0.015625
0 0.98515625 0.5828125 0.0296875 0.075
0 0.546875 0.28046875 0.0703125 0.075
0 0.661484375 0.338921875 0.046875 0.03125
0 0.58359375 0.68046875 0.046875 0.0390625
0 0.015234375 0.573640625 0.03046875 0.053515625
0 0.0234375 0.42578125 0.0453125 0.065625
0 0.2234375 0.75859375 0.021875 0.01875
0 0.50546875 0.22421875 0.05 0.053125
0 0.2390625 0.6953125 0.071875 0.0421875
0 0.853125 0.49140625 0.05 0.0515625
0 0.2265625 0.20859375 0.075 0.0578125
0 0.99453125 0.32421875 0.0109375 0.028125
0 0.80546875 0.7390625 0.121875 0.103125
0 0.3053125 0.39270312500000004 0.063734375 0.062625
0 0.11384375 0.44529687500000004 0.078203125 0.088078125
0 0.23371875000000003 0.39445312499999996 0.01209375 0.020796875
0 0.19403125000000002 0.37784375 0.041421875000000004 0.019609375000000002
0 0.025046875000000003 0.50575 0.050109375 0.06965625
0 0.42818750000000005 0.537796875 0.0225625 0.035015625
0 0.6757500000000001 0.44693750000000004 0.01015625 0.017781250000000002
0 0.7126718750000001 0.3651875 0.024734375 0.02303125
1 0.15165625 0.45353125 0.248640625 0.25675
1 0.337515625 0.428453125 0.264015625 0.329515625
1 0.75609375 0.46609375000000003 0.188796875 0.31628124999999996
0 0.749953125 0.48265624999999995 0.11451562500000001 0.163265625
0 0.030406250000000003 0.83884375 0.015703125000000002 0.014578125