0 0.11890624999999999 0.436359375 0.02815625 0.014109374999999999
0 0.41171875 0.34140625 0.040625 0.0296875
0 0.63046875 0.73203125 0.034375 0.034375
0 0.64140625 0.7765 0.028125 0.024890625
0 0.98671875 0.328125 0.021875 0.03125
0 0.753125 0.42734375 0.034375 0.0296875
0 0.384375 0.740625 0.0453125 0.0359375
0 0.46015625 0.04140625 0.0828125 0.0796875
0 0.5984375 0.3390625 0.0421875 0.028125
0 0.20390625 0.30703125 0.0296875 0.0234375
0 0.84296875 0.74140625 0.021875 0.01875
0 0.35625 0.31015625 0.078125 0.053125
0 0.01015625 0.375 0.0203125 0.0625
0 0.16875 0.89140625 0.0328125 0.0296875
0 0.98046875 0.2125 0.034375 0.01875
0 0.6022031250000001 0.7322968750000001 0.030453124999999998 0.034640625
0 0.179515625 0.02553125 0.0953125 0.0510625
0 0.5150781249999999 0.553359375 0.09790625 0.09309375
0 0.80703125 0.82265625 0.0390625 0.028125
0 0.14609375 0.57890625 0.040625 0.078125
0 0.253125 0.2890625 0.05 0.034375
0 0.2203125 0.50390625 0.0484375 0.0234375
0 0.05078125 0.62265625 0.0296875 0.01875
0 0.284375 0.46171875 0.065625 0.0453125
0 0.6005 0.67659375 0.149890625 0.0653125
0 0.91484375 0.35 0.04375 0.0328125
0 0.2109375 0.57421875 0.084375 0.096875
0 0.8171875 0.51484375 0.040625 0.0296875
0 0.315859375 0.79190625 0.011015625 0.015046875000000001
0 0.7578125 0.528125 0.040625 0.028125
0 0.828125 0.72421875 0.0234375 0.015625
0 0.121875 0.7859375 0.034375 0.0265625
0 0.90078125 0.26640625 0.1015625 0.0796875
0 0.97890625 0.613109375 0.0421875 0.0625
0 0.25859375 0.3578125 0.05 0.0359375
0 0.31171875 0.2203125 0.109375 0.125
0 0.23984375 0.8953125 0.0734375 0.0921875
0 0.1171875 0.26015625 0.01875 0.0171875
0 0.5741562499999999 0.049562499999999995 0.109375 0.0625
0 0.36015625 0.6203125 0.04375 0.0421875
0 0.49921875 0.45390625 0.040625 0.0328125
0 0.2625 0.771875 0.0453125 0.0359375
0 0.2046875 0.09453125 0.0578125 0.0421875
0 0.8390625 0.56796875 0.0390625 0.034375
0 0.7703125 0.5859375 0.034375 0.0328125
0 0.75859375 0.77734375 0.03125 0.021875
0 0.71796875 0.540625 0.03125 0.028125
0 0.971875 0.89296875 0.0453125 0.0578125
0 0.7984375 0.6390625 0.071875 0.090625
0 0.72421875 0.6953125 0.034375 0.0359375
0 0.815625 0.5446093750000001 0.0390625 0.0265625
0 0.078125 0.9046875 0.021875 0.015625
0 0.94453125 0.75703125 0.046875 0.059375
0 0.88203125 0.50078125 0.0671875 0.0765625
0 0.328125 0.5703125 0.053125 0.040625
0 0.14921875 0.68984375 0.0453125 0.04375
0 0.70078125 0.5140625 0.04375 0.0265625
0 0.021875 0.9718125000000001 0.0359375 0.0234375
0 0.3828125 0.16875 0.0484375 0.0359375
0 0.9296875 0.42734375 0.059375 0.0421875
0 0.89921875 0.69296875 0.015625 0.0125
0 0.54375 0.27109375 0.096875 0.1078125
0 0.865625 0.4203125 0.040625 0.0328125
1 0.1140625 0.346875 0.146875 0.0765625
0 0.85625 0.60234375 0.015625 0.0109375
0 0.30528125 0.323703125 0.0453125 0.040625
0 0.577890625 0.541546875 0.024390625 0.024890625
0 0.734375 0.286796875 0.115625 0.11578124999999999
0 0.92265625 0.56484375 0.0734375 0.0703125
0 0.38828125 0.21953125 0.040625 0.04375
0 0.547984375 0.8310000000000001 0.028125 0.021875
0 0.1125 0.853125 0.0140625 0.0109375
0 0.434375 0.240625 0.0609375 0.0546875
0 0.741078125 0.9282812500000001 0.03125 0.031406250000000004
0 0.18203125 0.16640625 0.0453125 0.0375
0 0.99296875 0.246875 0.0109375 0.01875
0 0.1625 0.53984375 0.0171875 0.01875
0 0.96328125 0.71015625 0.0328125 0.034375
0 0.33984375 0.64921875 0.034375 0.021875
0 0.73515625 0.62578125 0.034375 0.03125
0 0.575 0.7796875 0.03125 0.0421875
0 0.53025 0.663390625 0.1348125 0.11115625
0 0.609375 0.7578125 0.0265625 0.01875
0 0.153125 0.4234375 0.025 0.021875
0 0.6109375 0.4640625 0.034375 0.0140625
0 0.86328125 0.96015625 0.0375 0.0421875
0 0.6109375 0.9686406249999999 0.0421875 0.0453125
0 0.26796875 0.6328125 0.0609375 0.053125
0 0.75390625 0.65625 0.028125 0.0234375
0 0.70703125 0.6625 0.0421875 0.0265625
0 0.1640625 0.8390625 0.1 0.0859375
0 0.054234375 0.113359375 0.0234375 0.0296875
0 0.94375 0.94921875 0.1046875 0.096875
0 0.8203125 0.75 0.040625 0.034375
0 0.0890625 0.8734375 0.0171875 0.0140625
0 0.82890625 0.3390625 0.0390625 0.0265625
0 0.18671875 0.771875 0.0765625 0.1015625
0 0.33359375 0.89140625 0.0609375 0.0546875
0 0.46953125 0.13515625 0.0359375 0.0328125
0 0.7890625 0.76640625 0.034375 0.03125
0 0.113421875 0.814328125 0.025 0.01875
0 0.12596875000000002 0.9696093749999999 0.0546875 0.0328125
0 0.137125 0.15425 0.04375 0.0390625
0 0.8984375 0.834375 0.0390625 0.040625
0 0.96875 0.54453125 0.015625 0.0125
0 0.121359375 0.474203125 0.058609375 0.0503125
0 0.77265625 0.46328125 0.046875 0.025
0 0.65625 0.2671875 0.04375 0.0296875
0 0.95859375 0.13671875 0.08125 0.0828125
0 0.20546875 0.4703125 0.0640625 0.034375
0 0.06640625 0.503125 0.075 0.05
0 0.09140625 0.6859375 0.075 0.05625
0 0.84375 0.89296875 0.0375 0.034375
0 0.9499375000000001 0.619609375 0.0515625 0.034375
0 0.6625 0.75078125 0.0390625 0.03125
0 0.690625 0.41328125 0.053125 0.046875
0 0.97421875 0.5125 0.0484375 0.0296875
0 0.8921875 0.3046875 0.0328125 0.0234375
0 0.415625 0.36953125 0.025 0.021875
0 0.5140625 0.5078125 0.03125 0.021875
0 0.6125 0.90859375 0.090625 0.0640625
0 0.7953125 0.71796875 0.0296875 0.0359375
0 0.73671875 0.898375 0.0203125 0.0125
0 0.95234375 0.45859375 0.04375 0.0328125
0 0.51640625 0.36640625 0.0359375 0.034375
0 0.250265625 0.718046875 0.0171875 0.0109375
0 0.34140625 0.3984375 0.1171875 0.1
0 0.7734375 0.8140625 0.0359375 0.034375
0 0.5734375 0.503125 0.0421875 0.034375
0 0.135875 0.76015625 0.0203125 0.0203125
0 0.26328125 0.0328125 0.090625 0.065625
0 0.55390625 0.20218750000000002 0.15625 0.1403125
0 0.89765625 0.97109375 0.034375 0.03125
0 0.628125 0.16640625 0.0671875 0.05625
0 0.77578125 0.68984375 0.0265625 0.0359375
0 0.9578125 0.29453125 0.0765625 0.06875
0 0.12421875 0.28984375 0.0828125 0.053125
0 0.1135 0.208734375 0.084375 0.06875
0 0.21328125 0.28203125 0.034375 0.0234375
0 0.5628437500000001 0.434453125 0.08146875 0.1003125
0 0.64015625 0.45890624999999996 0.02834375 0.015703125000000002
0 0.608125 0.512015625 0.06035937500000001 0.073296875
0 0.135484375 0.4426875 0.011875 0.013375000000000001
0 0.154703125 0.49779687499999997 0.010953125 0.010203125
1 0.56465625 0.6460781250000001 0.28914062500000004 0.15657812499999998
1 0.563984375 0.42076562500000003 0.21553125 0.22376562500000002
1 0.047843750000000004 0.58059375 0.09568750000000001 0.081265625
1 0.0320625 0.545625 0.064109375 0.058234375000000005
1 0.092 0.43676562499999994 0.183984375 0.14876562499999998
1 0.9770156249999999 0.35840625 0.045953125 0.107765625