0 0.4265625 0.1359375 0.034375 0.034375
0 0.38984375 0.553125 0.040625 0.0578125
0 0.4875 0.60703125 0.0140625 0.0109375
0 0.490625 0.15390625 0.028125 0.0171875
0 0.409375 0.446875 0.0375 0.0421875
0 0.271875 0.35390625 0.015625 0.015625
0 0.60390625 0.53203125 0.05625 0.0359375
0 0.75859375 0.2765625 0.05 0.034375
0 0.8921875 0.25546875 0.0328125 0.0265625
0 0.37925 0.43590625000000005 0.03125 0.0328125
0 0.0171875 0.61875 0.0328125 0.034375
0 0.0296875 0.678125 0.0125 0.0078125
0 0.315625 0.8265625 0.0515625 0.0625
0 0.91734375 0.43728125 0.046875 0.0328125
0 0.9140625 0.53359375 0.08125 0.059375
0 0.6625 0.6 0.03125 0.034375
0 0.42578125 0.5296875 0.0375 0.0265625
0 0.385296875 0.290078125 0.04871875 0.07296875
0 0.40390625 0.64140625 0.053125 0.0515625
0 0.11640625 0.64921875 0.034375 0.0265625
0 0.49609375 0.6890625 0.0171875 0.0109375
0 0.22421875 0.36796875 0.0265625 0.021875
0 0.909375 0.8765625 0.028125 0.0265625
0 0.49453125 0.559375 0.0859375 0.08125
0 0.74375 0.5265625 0.01875 0.0125
0 0.57734375 0.121875 0.0203125 0.01875
0 0.02890625 0.515625 0.0578125 0.0625
0 0.877921875 0.32623437499999997 0.030843749999999996 0.06471875
0 0.38125 0.35703125 0.040625 0.025
0 0.565625 0.546875 0.03125 0.0296875
0 0.74140625 0.5953125 0.0359375 0.0421875
0 0.22421875 0.29609375 0.0234375 0.028125
0 0.0828125 0.4859375 0.0546875 0.0265625
0 0.753125 0.69375 0.0578125 0.0578125
0 0.33515625 0.3015625 0.0484375 0.0609375
0 0.89453125 0.671875 0.046875 0.0421875
0 0.29296875 0.2703125 0.03125 0.0265625
0 0.7234375 0.54296875 0.028125 0.01875
0 0.025 0.71171875 0.028125 0.028125
0 0.196875 0.63359375 0.0984375 0.084375
0 0.60859375 0.16796875 0.10625 0.071875
0 0.96015625 0.6140625 0.0484375 0.0359375
0 0.14296875 0.8625 0.0421875 0.0375
0 0.1375 0.5359375 0.0421875 0.034375
0 0.53828125 0.103125 0.046875 0.0296875
0 0.30234375 0.43828125 0.034375 0.028125
0 0.146875 0.70234375 0.059375 0.0421875
0 0.41953125 0.48203125 0.03125 0.0296875
0 0.42265625 0.50703125 0.0328125 0.0234375
0 0.8042812500000001 0.48764062499999994 0.0609375 0.10421875
0 0.66171875 0.3953125 0.046875 0.0234375
0 0.084375 0.29765625 0.028125 0.0265625
0 0.64921875 0.353125 0.0671875 0.0640625
0 0.759375 0.85078125 0.021875 0.025
0 0.94765625 0.4515625 0.046875 0.0390625
0 0.71796875 0.34765625 0.0890625 0.0921875
0 0.13046875 0.37109375 0.03125 0.0265625
0 0.328125 0.71015625 0.0515625 0.0515625
0 0.68046875 0.4296875 0.034375 0.01875
0 0.81640625 0.7515625 0.028125 0.0265625
0 0.690625 0.125 0.0703125 0.0328125
0 0.890625 0.3640625 0.0234375 0.0296875
0 0.34453125 0.45234375 0.05 0.0453125
0 0.875 0.778125 0.0203125 0.015625
0 0.4375 0.41015625 0.046875 0.0375
0 0.296875 0.21171875 0.071875 0.053125
0 0.19609375 0.721875 0.040625 0.0234375
0 0.96796875 0.225 0.05625 0.053125
0 0.7671875 0.628125 0.0515625 0.0421875
0 0.41640625 0.2828125 0.028125 0.0296875
0 0.1625 0.340625 0.025 0.0234375
0 0.6921875 0.853125 0.046875 0.0421875
0 0.43828125 0.571875 0.040625 0.0375
0 0.498859375 0.48293749999999996 0.13440625 0.0921875
0 0.828125 0.628125 0.0671875 0.0625
0 0.25234375 0.678125 0.0953125 0.078125
0 0.81171875 0.7765625 0.03125 0.0234375
0 0.6890625 0.5609375 0.0390625 0.034375
0 0.3984375 0.74609375 0.0140625 0.0140625
0 0.03671875 0.41875 0.0515625 0.025
0 0.79609375 0.24453125 0.0640625 0.0609375
0 0.8359375 0.190625 0.0453125 0.0296875
0 0.421875 0.34375 0.028125 0.021875
0 0.428125 0.8609375 0.0421875 0.05
0 0.3984375 0.2046875 0.025 0.0421875
0 0.15078125 0.56015625 0.040625 0.0375
0 0.896875 0.74609375 0.0296875 0.021875
0 0.78203125 0.7546875 0.015625 0.015625
0 0.01796875 0.36507812500000003 0.0359375 0.05428125
0 0.961 0.48853125000000003 0.0203125 0.0171875
0 0.353125 0.38125 0.059375 0.053125
0 0.49296875 0.753125 0.0140625 0.0125
0 0.3453125 0.53203125 0.059375 0.1140625
0 0.2984375 0.41328125 0.0703125 0.0359375
0 0.36328125 0.23125 0.0234375 0.0265625
0 0.48515625 0.65703125 0.015625 0.0125
0 0.5203125 0.65625 0.01875 0.0140625
0 0.228125 0.60078125 0.0421875 0.0234375
0 0.44921875 0.7390625 0.021875 0.0234375
0 0.47578125 0.51796875 0.015625 0.0109375
0 0.25625 0.321875 0.0234375 0.0234375
0 0.50859375 0.1953125 0.021875 0.0171875
0 0.2296875 0.7859375 0.0125 0.0109375
0 0.29921875 0.609375 0.0546875 0.0796875
0 0.39609375 0.5140625 0.0328125 0.0203125
0 0.6203125 0.478125 0.0671875 0.05
0 0.78828125 0.5703125 0.046875 0.053125
0 0.58515625 0.50390625 0.0265625 0.0234375
0 0.028125 0.32109375 0.05625 0.0640625
0 0.809375 0.853125 0.0234375 0.0171875
0 0.29375 0.52421875 0.059375 0.1
0 0.97734375 0.378125 0.0375 0.03125
0 0.36875 0.6625 0.0171875 0.0171875
0 0.03671875 0.275 0.0625 0.0453125
0 0.2609375 0.50078125 0.025 0.034375
0 0.87734375 0.85859375 0.0265625 0.0234375
0 0.98203125 0.3203125 0.0203125 0.0125
0 0.303125 0.37578125 0.034375 0.0234375
0 0.990625 0.4171875 0.01875 0.01875
0 0.78515625 0.35078125 0.0796875 0.0609375
0 0.40078125 0.3875 0.040625 0.0296875
0 0.48515625 0.38359375 0.0625 0.0578125
0 0.83359375 0.565625 0.0390625 0.028125
0 0.53671875 0.828125 0.0203125 0.0203125
0 0.49765625 0.178125 0.0265625 0.0171875
0 0.121875 0.6765625 0.021875 0.021875
0 0.9921875 0.8265625 0.015625 0.0359375
0 0.84453125 0.88046875 0.025 0.021875
0 0.6383593750000001 0.5348437500000001 0.019171874999999998 0.023359374999999998
0 0.60078125 0.25703125 0.0484375 0.034375
0 0.08345312499999999 0.399578125 0.0296875 0.0234375
0 0.60546875 0.409375 0.0953125 0.0765625
0 0.89296875 0.60078125 0.03125 0.0234375
0 0.24921875 0.45703125 0.0515625 0.034375
0 0.528125 0.6359375 0.0234375 0.0265625
0 0.68359375 0.23046875 0.046875 0.1
0 0.81665625 0.310140625 0.04425 0.03278125
0 0.0953125 0.72578125 0.009375 0.0125
0 0.69375 0.90859375 0.0203125 0.0171875
0 0.040625 0.74296875 0.05625 0.03125
0 0.35390625 0.69034375 0.03125 0.027140625
0 0.309375 0.33203125 0.0203125 0.0125
0 0.38125 0.80703125 0.0546875 0.059375
0 0.05546875 0.5625 0.0390625 0.0296875
0 0.188953125 0.50009375 0.097078125 0.120125
0 0.96015625 0.659375 0.06875 0.0390625
0 0.88984375 0.475 0.0234375 0.0171875
0 0.38734375 0.47681250000000003 0.046875 0.040625
0 0.121875 0.39140625 0.0421875 0.021875
0 0.14609375 0.603125 0.03125 0.01875
0 0.75703125 0.5125 0.015625 0.0125
0 0.96015625 0.865625 0.0296875 0.025
0 0.771875 0.5265625 0.0234375 0.021875
0 0.74921875 0.45390625 0.059375 0.0703125
0 0.75390625 0.74453125 0.0203125 0.01875
0 0.172921875 0.287109375 0.051968749999999994 0.096625
0 0.017546875 0.7584375 0.011734375 0.007984375
0 0.33859374999999997 0.666734375 0.01521875 0.014624999999999999
0 0.316890625 0.57075 0.01046875 0.027296874999999998
0 0.621 0.7874218749999999 0.030109375 0.0290625
0 0.67421875 0.536546875 0.026296874999999997 0.025390625
0 0.558328125 0.44659375 0.045703125 0.037515625000000004
0 0.400390625 0.420296875 0.018578125 0.016546875
0 0.5298125 0.4331875 0.011359375 0.021703125
1 0.627421875 0.407125 0.21756250000000002 0.26564062499999996
0 0.894671875 0.309109375 0.03846875 0.055390625000000006
0 0.8217968750000001 0.46859375 0.048109374999999996 0.089765625
0 0.841046875 0.44453125 0.048796875 0.097328125
1 0.206546875 0.482828125 0.14546874999999998 0.23543750000000002