0 0.1515625 0.440625 0.0921875 0.0890625
0 0.3640625 0.228125 0.071875 0.0296875
0 0.74375 0.2453125 0.04375 0.040625
0 0.61015625 0.8875 0.03125 0.0453125
0 0.64765625 0.36328125 0.0484375 0.034375
0 0.70234375 0.625 0.01875 0.0171875
0 0.7390625 0.17578125 0.0484375 0.08125
0 0.26640625 0.14140625 0.05 0.053125
0 0.21328125 0.9859375 0.034375 0.028125
0 0.85859375 0.32421875 0.028125 0.0296875
0 0.8625 0.271875 0.0203125 0.0171875
0 0.34375 0.0109375 0.0296875 0.021875
0 0.58828125 0.375 0.0203125 0.021875
0 0.9453125 0.3359375 0.021875 0.0203125
0 0.91796875 0.15546875 0.0390625 0.0609375
0 0.90625 0.83046875 0.0828125 0.053125
0 0.278125 0.91171875 0.034375 0.0265625
0 0.29375 0.753125 0.0125 0.015625
0 0.5484375 0.66484375 0.0375 0.0375
0 0.56953125 0.703125 0.078125 0.0328125
0 0.8328125 0.3171875 0.0265625 0.0203125
0 0.71640625 0.8734375 0.090625 0.1
0 0.36171875 0.41953125 0.0734375 0.053125
0 0.64140625 0.61484375 0.0140625 0.015625
0 0.80859375 0.728125 0.015625 0.0109375
0 0.55703125 0.34453125 0.0171875 0.015625
0 0.83046875 0.11953125 0.03125 0.0546875
0 0.5203125 0.97265625 0.04375 0.0484375
0 0.73515625 0.98046875 0.0515625 0.0390625
0 0.33671875 0.965625 0.0296875 0.040625
0 0.1578125 0.640625 0.046875 0.03125
0 0.4421875 0.66796875 0.0484375 0.0390625
0 0.571875 0.3578125 0.015625 0.01875
0 0.4140625 0.415625 0.034375 0.0375
0 0.21796875 0.3359375 0.0203125 0.025
0 0.48828125 0.6640625 0.034375 0.034375
0 0.4234375 0.696875 0.0390625 0.0296875
0 0.6515625 0.92421875 0.1109375 0.1015625
0 0.74765625 0.353125 0.0375 0.028125
0 0.31484375 0.7953125 0.0171875 0.01875
0 0.2515625 0.63203125 0.0359375 0.028125
0 0.265625 0.28828125 0.0703125 0.0546875
0 0.37109375 0.14296875 0.0140625 0.0171875
0 0.35703125 0.7140625 0.0703125 0.0640625
0 0.83359375 0.07578125 0.028125 0.0265625
0 0.3828125 0.78125 0.0546875 0.0765625
0 0.7609375 0.94375 0.028125 0.046875
0 0.484375 0.2046875 0.040625 0.0375
0 0.74296875 0.6171875 0.0140625 0.015625
0 0.55 0.96484375 0.0359375 0.040625
0 0.403125 0.6734375 0.025 0.021875
0 0.90859375 0.59453125 0.021875 0.0171875
0 0.53203125 0.50078125 0.028125 0.0234375
0 0.9765625 0.253125 0.028125 0.021875
0 0.29609375 0.321875 0.0390625 0.0421875
0 0.528125 0.23046875 0.01875 0.0171875
0 0.9828125 0.50234375 0.021875 0.0265625
0 0.421875 0.4671875 0.096875 0.084375
0 0.584375 0.6 0.0953125 0.084375
0 0.84921875 0.915625 0.01875 0.0171875
0 0.25 0.4546875 0.0390625 0.04375
0 0.61171875 0.40703125 0.0625 0.046875
0 0.54921875 0.1765625 0.01875 0.0171875
0 0.625 0.321875 0.0609375 0.0390625
0 0.70390625 0.58828125 0.015625 0.01875
0 0.51953125 0.8 0.121875 0.075
0 0.978125 0.30859375 0.0265625 0.021875
0 0.40546875 0.2203125 0.028125 0.0234375
0 0.37109375 0.665625 0.034375 0.0359375
0 0.49375 0.834375 0.046875 0.025
0 0.2171875 0.75390625 0.034375 0.021875
0 0.33828125 0.996875 0.0265625 0.00625
0 0.6890625 0.346875 0.0421875 0.05
0 0.32109375 0.6390625 0.028125 0.025
0 0.60625 0.10703125 0.0765625 0.0703125
0 0.61328125 0.9859375 0.046875 0.028125
0 0.6765625 0.70546875 0.0609375 0.053125
0 0.4265625 0.778125 0.025 0.028125
0 0.253125 0.659375 0.096875 0.059375
0 0.59453125 0.51796875 0.078125 0.0640625
0 0.2609375 0.7171875 0.075 0.0546875
0 0.146875 0.74296875 0.065625 0.071875
0 0.2734375 0.80546875 0.03125 0.025
0 0.321875 0.84921875 0.03125 0.0296875
0 0.06953125 0.4953125 0.0390625 0.040625
0 0.59296875 0.0375 0.0421875 0.071875
0 0.80078125 0.67265625 0.0265625 0.01875
0 0.48984375 0.3453125 0.0828125 0.0515625
0 0.734375 0.76484375 0.0375 0.0328125
0 0.68984375 0.18671875 0.0484375 0.040625
0 0.21015625 0.25078125 0.0328125 0.034375
0 0.14453125 0.53828125 0.021875 0.0234375
0 0.45625 0.51484375 0.0515625 0.046875
0 0.45234375 0.40234375 0.0265625 0.0328125
0 0.50546875 0.4625 0.059375 0.0609375
0 0.49140625 0.26796875 0.0953125 0.03125
0 0.49140625 0.584375 0.121875 0.121875
0 0.95234375 0.27734375 0.0265625 0.0234375
0 0.34375 0.765625 0.0296875 0.034375
0 0.3703125 0.36328125 0.11875 0.0734375
0 0.8828125 0.75703125 0.0765625 0.059375
0 0.59296875 0.215625 0.0640625 0.0671875
0 0.759375 0.796875 0.065625 0.05
0 0.16328125 0.53046875 0.021875 0.021875
0 0.9421875 0.44609375 0.046875 0.0390625
0 0.2140625 0.88828125 0.096875 0.0484375
0 0.2359375 0.83671875 0.034375 0.0265625
0 0.575 0.334375 0.021875 0.0203125
0 0.946875 0.559375 0.053125 0.046875
0 0.946875 0.7109375 0.065625 0.0453125
0 0.36484375 0.09921875 0.03125 0.0578125
0 0.5078125 0.184375 0.0375 0.0359375
0 0.2890625 0.209375 0.03125 0.028125
0 0.596875 0.659375 0.0421875 0.0359375
0 0.6203125 0.28515625 0.03125 0.0328125
0 0.31484375 0.9515625 0.034375 0.03125
0 0.828125 0.2515625 0.025 0.025
0 0.6328125 0.5671875 0.0546875 0.040625
0 0.8171875 0.63125 0.01875 0.015625
0 0.475 0.9078125 0.1609375 0.0984375
0 0.8890625 0.00859375 0.0453125 0.0171875
0 0.446875 0.121875 0.0203125 0.0234375
0 0.334375 0.075 0.034375 0.053125
0 0.665625 0.240625 0.028125 0.025
0 0.403125 0.63046875 0.0484375 0.05
0 0.25625 0.04609375 0.09375 0.0859375
0 0.51953125 0.69375 0.028125 0.03125
0 0.8078125 0.53515625 0.0375 0.034375
0 0.43671875 0.83984375 0.04375 0.0546875
0 0.584375 0.7859375 0.0203125 0.0109375
0 0.6625 0.44765625 0.0640625 0.040625
0 0.440625 0.7390625 0.0578125 0.053125
0 0.378125 0.303125 0.06875 0.0609375
0 0.3296875 0.6828125 0.034375 0.040625
0 0.0859375 0.6015625 0.0390625 0.03125
0 0.6921875 0.29296875 0.065625 0.05625
0 0.53671875 0.61171875 0.0125 0.0125
0 0.4734375 0.69921875 0.0453125 0.04375
0 0.634375 0.03203125 0.0515625 0.0609375
0 0.5296875 0.30078125 0.1234375 0.0484375
0 0.396875 0.040625 0.046875 0.0578125
0 0.63515625 0.8109375 0.0984375 0.05625
0 0.43359375 0.153125 0.034375 0.034375
0 0.0953125 0.46171875 0.01875 0.015625
0 0.9640625 0.209375 0.028125 0.025
0 0.11875 0.365625 0.034375 0.059375
0 0.5390625 0.746875 0.1421875 0.0703125
0 0.4765625 0.140625 0.025 0.0234375
0 0.3359375 0.278125 0.0359375 0.0359375
0 0.378125 0.5828125 0.0734375 0.059375
0 0.940625 0.38359375 0.0296875 0.021875
0 0.22890625 0.38125 0.10625 0.0328125
0 0.34453125 0.2125 0.065625 0.0234375
0 0.509375 0.284375 0.09375 0.0375
0 0.86953125 0.5140625 0.0375 0.0125
1 0.41953125 0.4546875 0.315625 0.1796875
0 0.51875 0.66171875 0.0328125 0.034375
0 0.36796875 0.9296875 0.0203125 0.015625
1 0.4640625 0.8984375 0.3 0.134375
0 0.61015625 0.96875 0.021875 0.0203125