0 0.56328125 0.6015625 0.040625 0.0390625
0 0.209375 0.79453125 0.115625 0.0859375
0 0.58359375 0.93359375 0.078125 0.0953125
0 0.7505468750000001 0.508 0.16875 0.1578125
0 0.66328125 0.39140625 0.140625 0.1390625
0 0.61953125 0.13984375 0.0828125 0.084375
0 0.969265625 0.684078125 0.034375 0.028125
0 0.60703125 0.478125 0.0359375 0.034375
0 0.971875 0.453125 0.025 0.03125
0 0.021875 0.21740624999999997 0.04375 0.040625
0 0.575 0.6421875 0.021875 0.0265625
0 0.99503125 0.7114843750000001 0.0099375 0.038593749999999996
0 0.596875 0.3375 0.034375 0.03125
0 0.0890625 0.753125 0.0359375 0.0375
0 0.493984375 0.686671875 0.028125 0.028125
0 0.6203125 0.30078125 0.03125 0.0296875
0 0.94453125 0.12578125 0.059375 0.0453125
0 0.64453125 0.25703125 0.0359375 0.0359375
0 0.28196875 0.015328125000000001 0.09232812500000001 0.030640624999999998
0 0.16640625 0.021875 0.05625 0.04375
0 0.74765625 0.27734375 0.0765625 0.071875
0 0.442171875 0.611140625 0.026546874999999998 0.059671875
0 0.01953125 0.671875 0.0390625 0.1140625
1 0.8497656250000001 0.8204687500000001 0.166734375 0.148125
0 0.906765625 0.118453125 0.0734375 0.071875
1 0.46896875 0.275671875 0.163203125 0.30621875
0 0.5390625 0.4546875 0.028125 0.0265625
0 0.09453125 0.68828125 0.046875 0.0375
0 0.671875 0.6921875 0.0375 0.0484375
0 0.078125 0.526015625 0.05625 0.06609374999999999
0 0.49353125000000003 0.043171875 0.16595312499999998 0.06553125
0 0.9484375 0.52109375 0.071875 0.0359375
0 0.5828125 0.08828125 0.0484375 0.0375
1 0.5218906249999999 0.136453125 0.078046875 0.13671875
0 0.7296875 0.190625 0.040625 0.0421875
0 0.97109375 0.8125 0.05625 0.1140625
0 0.871875 0.58671875 0.0875 0.0578125
0 0.865625 0.49453125 0.0875 0.090625
0 0.465625 0.38203125 0.028125 0.034375
0 0.240625 0.471875 0.1265625 0.190625
0 0.60859375 0.5609375 0.1796875 0.0953125
0 0.15623437499999998 0.159296875 0.0625 0.05
0 0.67890625 0.990625 0.0390625 0.015625
0 0.072390625 0.15515625 0.041625 0.039015625
0 0.53203125 0.75 0.03125 0.028125
0 0.76875 0.38203125 0.0578125 0.0453125
0 0.0671875 0.11171875 0.0265625 0.0265625
0 0.03125 0.8140625 0.0375 0.034375
0 0.12757812500000001 0.47104687500000003 0.059859375000000006 0.08915625
1 0.5674375 0.276546875 0.082828125 0.1535625
0 0.7796875 0.61328125 0.084375 0.0765625
0 0.0304375 0.3154375 0.060875 0.060640625000000004
0 0.296875 0.32265625 0.1328125 0.1296875
0 0.521875 0.78671875 0.028125 0.0234375
0 0.709375 0.23671875 0.0765625 0.0625
0 0.621875 0.1953125 0.05 0.040625
0 0.87109375 0.42578125 0.0640625 0.0625
0 0.971875 0.9238593749999999 0.05625 0.1296875
0 0.94140625 0.20234375 0.059375 0.0484375
0 0.0296875 0.009375 0.040625 0.0171875
1 0.249921875 0.634953125 0.09421874999999999 0.192953125
0 0.17684375000000002 0.643171875 0.122 0.24651562500000002
0 0.5311874999999999 0.137765625 0.01340625 0.027218750000000003
0 0.938828125 0.357 0.05965625 0.11473437500000001
0 0.9233750000000001 0.40464062500000003 0.021578125 0.015359375
1 0.57546875 0.7399218750000001 0.24396874999999998 0.192984375
1 0.906625 0.66946875 0.186734375 0.2415