0 0.28359375 0.4296875 0.015625 0.0140625
0 0.453125 0.090625 0.0171875 0.0203125
0 0.49375 0.02109375 0.025 0.025
0 0.16015625 0.75 0.075 0.0765625
0 0.31328125 0.1390625 0.0359375 0.0390625
0 0.2578125 0.72109375 0.0359375 0.0359375
0 0.44609375 0.01875 0.0234375 0.0234375
0 0.3765625 0.5859375 0.09375 0.0859375
0 0.321875 0.2109375 0.0796875 0.0546875
0 0.46953125 0.153125 0.0484375 0.0265625
0 0.2578125 0.96484375 0.0484375 0.0546875
0 0.29375 0.04765625 0.021875 0.025
0 0.571875 0.84921875 0.0328125 0.034375
0 0.465625 0.0421875 0.0234375 0.028125
0 0.51328125 0.0390625 0.025 0.0265625
0 0.534375 0.07265625 0.015625 0.0140625
0 0.4265625 0.1875 0.0125 0.0109375
0 0.51171875 0.18125 0.0125 0.01875
0 0.3375 0.56640625 0.015625 0.0171875
0 0.3390625 0.98125 0.0234375 0.0265625
0 0.04765625 0.9234375 0.0515625 0.06875
0 0.39140625 0.05546875 0.0234375 0.0265625
0 0.25390625 0.69140625 0.0296875 0.0328125
0 0.71875 0.025 0.015625 0.0140625
0 0.30078125 0.0171875 0.0203125 0.021875
0 0.68515625 0.07578125 0.01875 0.0171875
0 0.34609375 0.28046875 0.075 0.053125
0 0.26953125 0.57109375 0.075 0.0734375
0 0.1015625 0.70546875 0.0734375 0.0734375
0 0.07265625 0.515625 0.0703125 0.0859375
0 0.628125 0.09453125 0.0375 0.028125
0 0.346875 0.79921875 0.021875 0.0265625
0 0.1640625 0.85703125 0.0765625 0.1296875
0 0.38359375 0.315625 0.015625 0.015625
0 0.5546875 0.76796875 0.1125 0.109375
0 0.48515625 0.6375 0.025 0.03125
0 0.41015625 0.02265625 0.0265625 0.0390625
0 0.59921875 0.32890625 0.0296875 0.0390625
0 0.41015625 0.86171875 0.021875 0.0296875
0 0.43203125 0.9578125 0.0953125 0.08125
0 0.65390625 0.11328125 0.0328125 0.028125
0 0.64375 0.0234375 0.015625 0.0125
0 0.27578125 0.5234375 0.040625 0.0390625
0 0.67890625 0.20078125 0.028125 0.03125
0 0.4015625 0.29375 0.0171875 0.0125
0 0.3515625 0.1859375 0.0203125 0.0171875
0 0.48671875 0.05859375 0.021875 0.0234375
0 0.40078125 0.2578125 0.053125 0.0359375
0 0.4375 0.14609375 0.0359375 0.0296875
0 0.25078125 0.16328125 0.040625 0.0359375
0 0.35234375 0.24140625 0.03125 0.0296875
0 0.33828125 0.1109375 0.06875 0.0515625
0 0.34140625 0.03828125 0.021875 0.0234375
0 0.17578125 0.68125 0.075 0.0734375
0 0.67890625 0.11640625 0.015625 0.0125
0 0.1015625 0.8859375 0.0421875 0.05625
0 0.03515625 0.60390625 0.0671875 0.071875
0 0.56796875 0.06484375 0.053125 0.04375
0 0.06171875 0.7828125 0.0515625 0.05625
0 0.23359375 0.86875 0.1015625 0.1390625
0 0.41953125 0.12734375 0.04375 0.040625
0 0.47578125 0.75234375 0.053125 0.0359375
0 0.50390625 0.21171875 0.01875 0.0203125
0 0.4296875 0.275 0.0359375 0.034375
0 0.6921875 0.02421875 0.0203125 0.0203125
0 0.20078125 0.565625 0.028125 0.0296875
0 0.275 0.92734375 0.01875 0.01875
0 0.6859375 0.096875 0.021875 0.021875
0 0.57734375 0.69609375 0.0203125 0.021875
0 0.609375 0.07421875 0.0171875 0.0171875
0 0.53203125 0.89609375 0.053125 0.06875
0 0.4703125 0.08046875 0.015625 0.0171875
0 0.3671875 0.0171875 0.0234375 0.0234375
0 0.453125 0.175 0.05 0.0296875
0 0.70703125 0.178125 0.0328125 0.0265625
0 0.5109375 0.071875 0.021875 0.021875
0 0.3453125 0.5375 0.025 0.0359375
0 0.26953125 0.12578125 0.05 0.040625
0 0.5140625 0.9734375 0.021875 0.028125
0 0.48203125 0.0046875 0.0390625 0.009375
0 0.30546875 0.4640625 0.015625 0.015625
0 0.4234375 0.03828125 0.0203125 0.028125
0 0.390625 0.225 0.0234375 0.028125
0 0.66328125 0.01328125 0.025 0.0171875
0 0.5671875 0.02265625 0.0125 0.0140625
0 0.35390625 0.7625 0.025 0.03125
0 0.3671875 0.4765625 0.0671875 0.05
0 0.35234375 0.33515625 0.0140625 0.0140625
0 0.3125 0.53125 0.0328125 0.046875
0 0.19375 0.6125 0.096875 0.0734375
0 0.521875 0.00546875 0.0375 0.009375
0 0.3875 0.01015625 0.021875 0.0203125
0 0.29140625 0.078125 0.0296875 0.0375
0 0.528125 0.2375 0.0203125 0.0171875
0 0.5234375 0.22421875 0.021875 0.0203125
0 0.7046875 0.20234375 0.0296875 0.028125
0 0.715625 0.07734375 0.0265625 0.028125
0 0.715625 0.05625 0.034375 0.0265625
0 0.4515625 0.05703125 0.025 0.0234375
0 0.396875 0.15078125 0.0234375 0.01875
0 0.3875 0.13671875 0.0203125 0.021875
0 0.38515625 0.17890625 0.0203125 0.01875
0 0.60703125 0.69296875 0.0421875 0.0328125
1 0.63984375 0.47265625 0.1546875 0.5046875
0 0.69453125 0.21953125 0.021875 0.009375
0 0.6453125 0.00859375 0.0109375 0.0078125