0 0.63515625 0.21953125 0.0203125 0.0203125
0 0.55859375 0.32265625 0.025 0.0328125
0 0.67109375 0.4609375 0.0171875 0.015625
0 0.5234375 0.49375 0.034375 0.025
0 0.7328125 0.53828125 0.0609375 0.065625
0 0.4859375 0.58203125 0.034375 0.025
1 0.03828125 0.2765625 0.0703125 0.0921875
0 0.75390625 0.47109375 0.01875 0.034375
0 0.6 0.853125 0.04375 0.034375
0 0.08515625 0.5015625 0.0890625 0.096875
0 0.5484375 0.59140625 0.0171875 0.015625
0 0.5484375 0.50234375 0.025 0.0109375
0 0.7640625 0.6359375 0.040625 0.0703125
0 0.04921875 0.72890625 0.028125 0.040625
0 0.7859375 0.45859375 0.021875 0.0390625
0 0.50859375 0.97109375 0.0921875 0.0578125
0 0.55859375 0.3859375 0.021875 0.01875
0 0.47578125 0.446875 0.0859375 0.078125
0 0.6234375 0.88359375 0.0546875 0.0421875
0 0.1296875 0.7921875 0.0375 0.0328125
0 0.65625 0.1671875 0.0125 0.015625
0 0.1203125 0.7328125 0.040625 0.034375
0 0.484375 0.15703125 0.025 0.034375
0 0.80234375 0.5015625 0.0265625 0.0359375
0 0.76875 0.69375 0.034375 0.03125
0 0.04140625 0.3796875 0.05 0.040625
1 0.64296875 0.7078125 0.1078125 0.0859375
0 0.66640625 0.20703125 0.0078125 0.0140625
0 0.18359375 0.54140625 0.03125 0.0328125
0 0.89375 0.853125 0.034375 0.0328125
1 0.51484375 0.7078125 0.1890625 0.06875
0 0.98359375 0.6734375 0.015625 0.0265625
0 0.63671875 0.5390625 0.034375 0.0375
0 0.86484375 0.540625 0.015625 0.0265625
0 0.15703125 0.52421875 0.034375 0.028125
0 0.5484375 0.89140625 0.0421875 0.034375
0 0.81484375 0.7640625 0.0421875 0.096875
0 0.63203125 0.653125 0.0875 0.075
1 0.45703125 0.68125 0.196875 0.0765625
0 0.64765625 0.28046875 0.05 0.05
1 0.7484375 0.27421875 0.0421875 0.121875
0 0.5828125 0.3546875 0.021875 0.025
0 0.8203125 0.28203125 0.021875 0.0421875
0 0.4359375 0.84609375 0.028125 0.0265625
0 0.28828125 0.51171875 0.075 0.1046875
0 0.06640625 0.31484375 0.0375 0.028125
0 0.096875 0.68828125 0.0515625 0.0984375
0 0.078125 0.39921875 0.03125 0.0265625
0 0.8546875 0.834375 0.04375 0.034375
0 0.0421875 0.06484375 0.0359375 0.028125
0 0.5265625 0.928125 0.0609375 0.040625
0 0.634375 0.365625 0.021875 0.021875
0 0.85078125 0.62265625 0.0515625 0.121875
0 0.02421875 0.4375 0.0484375 0.1296875
0 0.49609375 0.559375 0.0390625 0.0359375
0 0.5671875 0.77421875 0.0609375 0.0671875
0 0.12890625 0.48125 0.034375 0.034375
0 0.8203125 0.66328125 0.040625 0.06875
0 0.61171875 0.475 0.021875 0.021875
0 0.9140625 0.96640625 0.0203125 0.03125
0 0.49765625 0.09296875 0.0265625 0.03125
1 0.51953125 0.2375 0.08125 0.1359375
0 0.59921875 0.14140625 0.0140625 0.009375
0 0.9203125 0.8 0.034375 0.0421875
0 0.2875 0.43671875 0.034375 0.0421875
0 0.26875 0.39375 0.034375 0.0375
0 0.784375 0.6 0.046875 0.084375
0 0.0390625 0.33828125 0.025 0.03125
0 0.66953125 0.76171875 0.0265625 0.028125
0 0.4015625 0.74140625 0.0375 0.0546875
0 0.19921875 0.90703125 0.103125 0.096875
0 0.5828125 0.215625 0.0265625 0.046875
0 0.73515625 0.36484375 0.0390625 0.0609375
0 0.6609375 0.35234375 0.015625 0.0328125
0 0.81640625 0.5265625 0.0390625 0.0859375
0 0.75078125 0.59140625 0.0296875 0.0265625
0 0.853125 0.46875 0.06875 0.10625
0 0.24609375 0.3484375 0.0375 0.0359375
0 0.309375 0.915625 0.04375 0.034375
0 0.6125 0.375 0.021875 0.0359375
1 0.85078125 0.38046875 0.040625 0.084375
0 0.17109375 0.20859375 0.0453125 0.0359375
0 0.8078125 0.1375 0.0203125 0.0421875
0 0.11875 0.615625 0.034375 0.034375
0 0.5 0.7828125 0.04375 0.0375
0 0.68984375 0.384375 0.0625 0.128125
0 0.546875 0.82421875 0.046875 0.040625
0 0.06953125 0.42109375 0.0421875 0.0421875
0 0.06328125 0.79609375 0.046875 0.034375
0 0.16640625 0.69375 0.0390625 0.0296875
0 0.75546875 0.178125 0.009375 0.0203125
0 0.7375 0.7390625 0.021875 0.021875
0 0.6171875 0.33046875 0.0203125 0.0234375
0 0.9421875 0.8921875 0.0546875 0.0421875
0 0.0875 0.146875 0.01875 0.0203125
0 0.596875 0.4390625 0.025 0.025
0 0.89375 0.9125 0.0234375 0.0390625
0 0.8875 0.76796875 0.046875 0.0609375
0 0.9625 0.71953125 0.021875 0.0265625
1 0.8203125 0.20859375 0.0359375 0.1140625
0 0.71015625 0.6390625 0.03125 0.03125
0 0.78203125 0.3078125 0.0484375 0.134375
0 0.81953125 0.37734375 0.021875 0.0203125
0 0.628125 0.49609375 0.015625 0.01875
0 0.79140625 0.8265625 0.034375 0.0328125
0 0.56015625 0.08515625 0.025 0.0203125
0 0.37578125 0.59375 0.1609375 0.1671875
1 0.5609375 0.4921875 0.1140625 0.1703125
0 0.1375 0.31015625 0.034375 0.028125
0 0.728125 0.16953125 0.009375 0.0125
0 0.77578125 0.15625 0.0140625 0.0171875
0 0.1078125 0.26328125 0.0359375 0.028125
0 0.8015625 0.4359375 0.040625 0.06875
0 0.64140625 0.3390625 0.0171875 0.0265625
0 0.80234375 0.165625 0.0171875 0.0265625
0 0.171875 0.6625 0.0359375 0.028125
0 0.07578125 0.85234375 0.0421875 0.034375
0 0.7015625 0.31171875 0.0359375 0.046875
0 0.66484375 0.425 0.01875 0.0203125
0 0.06015625 0.58671875 0.05 0.165625
0 0.6453125 0.40625 0.01875 0.021875
0 0.7765625 0.39375 0.0171875 0.034375
0 0.01796875 0.08515625 0.021875 0.01875
0 0.01484375 0.06875 0.0140625 0.0140625
0 0.15078125 0.1046875 0.046875 0.0484375
0 0.39453125 0.96328125 0.0953125 0.0359375
0 0.39609375 0.9875 0.090625 0.0234375
0 0.76484375 0.75078125 0.0375 0.0140625
0 0.98203125 0.79609375 0.0203125 0.13125
0 0.98125 0.6375 0.015625 0.0484375
0 0.92265625 0.6578125 0.0203125 0.0140625
0 0.8640625 0.434375 0.0109375 0.01875
0 0.878125 0.4265625 0.0203125 0.0234375
0 0.825 0.3171875 0.009375 0.0109375
0 0.7296875 0.29609375 0.025 0.0578125
0 0.8125 0.24921875 0.0109375 0.0140625
0 0.79609375 0.25078125 0.0109375 0.021875
1 0.909375 0.58828125 0.0484375 0.1203125
1 0.89609375 0.70703125 0.0984375 0.0625
1 0.9046875 0.59453125 0.115625 0.2328125
0 0.7703125 0.53203125 0.0296875 0.05
0 0.790625 0.56640625 0.025 0.025