0 0.561279296875 0.3424908424908425 0.0830078125 0.10842490842490843
0 0.716796875 0.9278388278388279 0.1123046875 0.11941391941391942
0 0.5185546875 0.6754578754578755 0.0263671875 0.027106227106227107
0 0.55029296875 0.6304029304029304 0.09375 0.07032967032967033
0 0.601806640625 0.6615384615384615 0.02783203125 0.05201465201465202
0 0.535400390625 0.7923076923076923 0.046875 0.08278388278388278
0 0.580078125 0.8406593406593407 0.04931640625 0.08278388278388278
0 0.607421875 0.8084249084249084 0.01904296875 0.04395604395604396
0 0.616455078125 0.845054945054945 0.02685546875 0.03223443223443224
0 0.61083984375 0.8926739926739927 0.01953125 0.03223443223443224
0 0.6337890625 0.8769230769230769 0.02294921875 0.02783882783882784
0 0.67431640625 0.8194139194139194 0.0380859375 0.05714285714285714
0 0.484619140625 0.9534798534798535 0.10107421875 0.09304029304029304
0 0.3818359375 0.9695970695970696 0.0771484375 0.060805860805860805
0 0.258056640625 0.9666666666666667 0.06787109375 0.06666666666666667
0 0.783203125 0.8769230769230769 0.09765625 0.12307692307692308
0 0.828857421875 0.7388278388278389 0.029296875 0.08864468864468865
0 0.6787109375 0.7208791208791209 0.064453125 0.05641025641025641
0 0.72265625 0.7201465201465201 0.06591796875 0.06153846153846154
0 0.683349609375 0.6593406593406593 0.02978515625 0.05274725274725275
0 0.768310546875 0.6556776556776557 0.0322265625 0.054212454212454214
0 0.74462890625 0.5805860805860806 0.1015625 0.14212454212454212
0 0.8125 0.5252747252747253 0.0498046875 0.18315018315018314
0 0.689453125 0.4307692307692308 0.1005859375 0.12967032967032968
0 0.6474609375 0.3322344322344322 0.02880859375 0.05128205128205128
0 0.62060546875 0.1978021978021978 0.02294921875 0.060073260073260075
0 0.643798828125 0.21355311355311354 0.0224609375 0.05054945054945055
0 0.707763671875 0.29304029304029305 0.05810546875 0.06227106227106227
0 0.770751953125 0.3098901098901099 0.0615234375 0.06446886446886448
0 0.8173828125 0.2175824175824176 0.0146484375 0.06446886446886448
0 0.717529296875 0.21428571428571427 0.06640625 0.10915750915750916
0 0.678955078125 0.11172161172161173 0.0888671875 0.1304029304029304
0 0.573974609375 0.07765567765567766 0.046875 0.06666666666666667
0 0.534423828125 0.09377289377289377 0.037109375 0.07179487179487179
0 0.513671875 0.07032967032967033 0.02734375 0.0315018315018315
0 0.303466796875 0.31062271062271063 0.08837890625 0.1076923076923077
0 0.370849609375 0.24102564102564103 0.072265625 0.11501831501831501
0 0.295166015625 0.24102564102564103 0.0107421875 0.01611721611721612
0 0.30908203125 0.21794871794871795 0.01513671875 0.01978021978021978
0 0.322265625 0.19047619047619047 0.0146484375 0.013186813186813187
0 0.359130859375 0.14212454212454212 0.0185546875 0.03076923076923077
0 0.447021484375 0.02673992673992674 0.0244140625 0.03663003663003663
0 0.31298828125 0.028205128205128206 0.0302734375 0.03076923076923077
0 0.284912109375 0.02490842490842491 0.02978515625 0.01978021978021978
0 0.2021484375 0.0978021978021978 0.0126953125 0.027106227106227107
0 0.169677734375 0.04981684981684982 0.0400390625 0.05201465201465202
0 0.489013671875 0.4194139194139194 0.09228515625 0.11794871794871795
0 0.432861328125 0.31758241758241756 0.0947265625 0.14505494505494507
0 0.437744140625 0.23406593406593407 0.02099609375 0.03736263736263736
0 0.45263671875 0.20146520146520147 0.01611328125 0.027106227106227107
0 0.54296875 0.21428571428571427 0.025390625 0.047619047619047616
0 0.546630859375 0.2578754578754579 0.0166015625 0.024175824175824177
0 0.223876953125 0.7783882783882784 0.0185546875 0.02857142857142857
0 0.23486328125 0.6454212454212455 0.05908203125 0.0652014652014652
0 0.262451171875 0.5941391941391941 0.02099609375 0.03076923076923077
0 0.3564453125 0.7498168498168498 0.0341796875 0.04835164835164835
0 0.390380859375 0.5901098901098901 0.04638671875 0.05860805860805861
0 0.475830078125 0.6120879120879121 0.03857421875 0.09230769230769231
1 0.6591796875 0.8344322344322345 0.14306640625 0.18095238095238095
1 0.5771484375 0.5871794871794872 0.1962890625 0.252014652014652
0 0.591552734375 0.42747252747252745 0.02783203125 0.05128205128205128
0 0.5546875 0.489010989010989 0.03857421875 0.03882783882783883
0 0.540283203125 0.5534798534798535 0.0849609375 0.09377289377289377