1 0.55703125 0.35 0.084375 0.0890625
0 0.67109375 0.54296875 0.040625 0.053125
0 0.39375 0.31015625 0.040625 0.0546875
0 0.37265625 0.4328125 0.053125 0.0546875
1 0.25234375 0.653125 0.2609375 0.209375
0 0.409375 0.28671875 0.0296875 0.034375
0 0.86015625 0.27578125 0.0796875 0.1
0 0.5015625 0.4390625 0.0375 0.046875
1 0.54296875 0.2171875 0.1171875 0.146875
1 0.36484375 0.9671875 0.075 0.046875
0 0.50546875 0.05 0.03125 0.0421875
0 0.33515625 0.85390625 0.034375 0.034375
0 0.6 0.38671875 0.04375 0.0671875
0 0.78515625 0.5625 0.0140625 0.0171875
0 0.6109375 0.8515625 0.0265625 0.0328125
0 0.75703125 0.465625 0.034375 0.0328125
0 0.484375 0.078125 0.040625 0.059375
0 0.609375 0.196875 0.03125 0.034375
0 0.74921875 0.3453125 0.0328125 0.0375
0 0.38125 0.24921875 0.0390625 0.05625
0 0.7015625 0.5203125 0.03125 0.0359375
0 0.27578125 0.88984375 0.0640625 0.059375
0 0.15234375 0.92109375 0.01875 0.0359375
0 0.18671875 0.85 0.0234375 0.03125
0 0.240625 0.78671875 0.06875 0.096875
0 0.14296875 0.821875 0.0375 0.0453125
0 0.475 0.0234375 0.0171875 0.0203125
1 0.15703125 0.62578125 0.1 0.1390625
0 0.4703125 0.11875 0.0328125 0.0390625
0 0.7859375 0.3453125 0.025 0.03125
0 0.296875 0.77109375 0.021875 0.0265625
1 0.18671875 0.91328125 0.1015625 0.0765625
0 0.659375 0.446875 0.1 0.1078125
0 0.840625 0.42421875 0.0234375 0.03125
0 0.8046875 0.55859375 0.015625 0.0171875
0 0.64375 0.5078125 0.03125 0.0421875
0 0.3984375 0.4796875 0.0390625 0.0515625
0 0.778125 0.04375 0.021875 0.021875
0 0.86796875 0.05703125 0.0546875 0.028125
0 0.690625 0.3703125 0.0234375 0.0296875
0 0.63671875 0.25390625 0.040625 0.046875
0 0.64765625 0.08671875 0.01875 0.0203125
0 0.39453125 0.75 0.065625 0.06875
0 0.29296875 0.81640625 0.0359375 0.046875
0 0.25546875 0.42578125 0.109375 0.1453125
0 0.20078125 0.93046875 0.03125 0.034375
1 0.06640625 0.490625 0.0890625 0.1515625
0 0.66796875 0.13203125 0.034375 0.0453125
0 0.83125 0.1109375 0.0296875 0.046875
0 0.57734375 0.0953125 0.028125 0.0375
0 0.44609375 0.075 0.0421875 0.0640625
0 0.60078125 0.40859375 0.025 0.0296875
0 0.07265625 0.065625 0.040625 0.0671875
0 0.46171875 0.97421875 0.0609375 0.0515625
0 0.4640625 0.8328125 0.034375 0.04375
0 0.32890625 0.38203125 0.0375 0.05
0 0.58828125 0.17265625 0.0375 0.05
0 0.509375 0.61484375 0.01875 0.0234375
0 0.14921875 0.1765625 0.0453125 0.059375
0 0.4578125 0.36171875 0.0390625 0.053125
0 0.7453125 0.1671875 0.0234375 0.03125
0 0.58203125 0.9859375 0.0671875 0.028125
0 0.3609375 0.7078125 0.1015625 0.1421875
0 0.10234375 0.5890625 0.0421875 0.053125
1 0.10546875 0.828125 0.0796875 0.2125
0 0.290625 0.94453125 0.0390625 0.040625
0 0.15390625 0.1203125 0.034375 0.04375
0 0.65234375 0.3703125 0.040625 0.046875
1 0.471875 0.3125 0.0875 0.1015625
0 0.7765625 0.21953125 0.0609375 0.053125
0 0.65078125 0.31796875 0.0578125 0.0484375
1 0.3953125 0.9203125 0.115625 0.0921875
1 0.72421875 0.86875 0.09375 0.1375
0 0.26875 0.16875 0.046875 0.059375
0 0.59375 0.271875 0.0484375 0.0578125
0 0.70625 0.6 0.0234375 0.03125
0 0.23359375 0.03359375 0.1859375 0.0671875
0 0.86015625 0.565625 0.021875 0.025
0 0.3515625 0.309375 0.0390625 0.05
0 0.86015625 0.084375 0.025 0.0328125
0 0.21484375 0.86484375 0.0375 0.0484375
0 0.38984375 0.7953125 0.021875 0.025
0 0.70546875 0.3953125 0.0328125 0.0375
0 0.85390625 0.3203125 0.0359375 0.0421875
0 0.62421875 0.9515625 0.0140625 0.0203125
0 0.88984375 0.18515625 0.025 0.034375
0 0.44375 0.4296875 0.0796875 0.1015625
0 0.44765625 0.79921875 0.03125 0.04375
0 0.35 0.5515625 0.0578125 0.0421875
0 0.53203125 0.97578125 0.034375 0.0375
0 0.5515625 0.1859375 0.0265625 0.03125
0 0.67421875 0.0703125 0.0171875 0.0234375
0 0.28828125 0.52890625 0.0703125 0.0625
0 0.28515625 0.56796875 0.0390625 0.05
0 0.55390625 0.11796875 0.0359375 0.05
0 0.4375 0.01328125 0.05 0.0265625
0 0.45 0.21171875 0.1171875 0.153125
0 0.37890625 0.10078125 0.134375 0.1703125
0 0.20234375 0.22265625 0.096875 0.0953125
0 0.25859375 0.2421875 0.0609375 0.0609375
1 0.3921875 0.84765625 0.0703125 0.078125
0 0.21015625 0.5234375 0.05 0.0921875
0 0.7671875 0.0625 0.0125 0.0140625
0 0.39453125 0.8671875 0.0140625 0.009375
0 0.48515625 0.6421875 0.1140625 0.075
0 0.51484375 0.5296875 0.1140625 0.1296875
1 0.62890625 0.73671875 0.1265625 0.184375
1 0.6234375 0.75546875 0.234375 0.3359375
0 0.4859375 0.31484375 0.021875 0.0375
0 0.57734375 0.3375 0.028125 0.028125