0 0.28515625 0.42578125 0.015625 0.015625
0 0.46015625 0.08984375 0.01875 0.021875
0 0.50234375 0.02109375 0.025 0.025
0 0.15546875 0.74375 0.075 0.0765625
0 0.31953125 0.1359375 0.0359375 0.0390625
0 0.25390625 0.7171875 0.0359375 0.0359375
0 0.4546875 0.01796875 0.025 0.0234375
0 0.375 0.58359375 0.0953125 0.0875
0 0.3265625 0.2078125 0.08125 0.05625
0 0.47578125 0.153125 0.0484375 0.028125
0 0.25 0.96015625 0.05 0.05625
0 0.3015625 0.04453125 0.021875 0.0265625
0 0.56640625 0.85078125 0.0328125 0.034375
0 0.47421875 0.04140625 0.0234375 0.0296875
0 0.52109375 0.03984375 0.025 0.0265625
0 0.5421875 0.0734375 0.015625 0.015625
0 0.43203125 0.18671875 0.0125 0.0109375
0 0.5171875 0.18203125 0.0140625 0.01875
0 0.3359375 0.56328125 0.0171875 0.01875
0 0.33125 0.97890625 0.0234375 0.028125
0 0.03984375 0.915625 0.053125 0.0703125
0 0.39921875 0.053125 0.0234375 0.028125
0 0.25078125 0.6875 0.0296875 0.0328125
0 0.72734375 0.02890625 0.015625 0.015625
0 0.309375 0.01328125 0.021875 0.0234375
0 0.69296875 0.07890625 0.0203125 0.01875
0 0.35 0.278125 0.0765625 0.053125
0 0.26796875 0.5671875 0.075 0.0734375
0 0.0984375 0.6984375 0.0734375 0.0734375
0 0.07265625 0.5078125 0.071875 0.0875
0 0.63515625 0.096875 0.0375 0.028125
0 0.34140625 0.796875 0.021875 0.028125
0 0.1578125 0.8515625 0.078125 0.1296875
0 0.38671875 0.31328125 0.0171875 0.0171875
0 0.55 0.76875 0.1140625 0.1125
0 0.4828125 0.6375 0.025 0.03125
0 0.41875 0.02109375 0.0265625 0.0390625
0 0.60234375 0.33125 0.0296875 0.0390625
0 0.40390625 0.86015625 0.021875 0.03125
0 0.42421875 0.95703125 0.096875 0.0828125
0 0.6609375 0.115625 0.0328125 0.028125
0 0.65234375 0.02578125 0.015625 0.0140625
0 0.275 0.51953125 0.040625 0.0390625
0 0.68359375 0.20390625 0.028125 0.03125
0 0.40546875 0.2921875 0.0171875 0.0140625
0 0.35703125 0.18359375 0.021875 0.01875
0 0.49453125 0.05859375 0.021875 0.025
0 0.4046875 0.25625 0.053125 0.0375
0 0.44375 0.1453125 0.0359375 0.0296875
0 0.25625 0.15859375 0.040625 0.0359375
0 0.35703125 0.2390625 0.03125 0.0296875
0 0.3453125 0.10859375 0.0703125 0.053125
0 0.34921875 0.03515625 0.021875 0.025
0 0.17265625 0.675 0.075 0.0734375
0 0.6859375 0.11953125 0.015625 0.0140625
0 0.0953125 0.87890625 0.04375 0.05625
0 0.03359375 0.59609375 0.0671875 0.0734375
0 0.575 0.065625 0.053125 0.0453125
0 0.05703125 0.775 0.053125 0.0578125
0 0.22734375 0.8640625 0.103125 0.140625
0 0.42578125 0.12578125 0.04375 0.040625
0 0.47109375 0.75234375 0.053125 0.0375
0 0.50859375 0.21171875 0.0203125 0.021875
0 0.43359375 0.2734375 0.0359375 0.034375
0 0.70078125 0.028125 0.021875 0.021875
0 0.19921875 0.56015625 0.028125 0.0296875
0 0.2671875 0.9234375 0.0203125 0.0203125
0 0.69296875 0.1 0.0234375 0.0234375
0 0.57421875 0.696875 0.021875 0.0234375
0 0.6171875 0.07578125 0.01875 0.01875
0 0.525 0.89609375 0.0546875 0.0703125
0 0.47734375 0.08046875 0.0171875 0.01875
0 0.37578125 0.01484375 0.025 0.0234375
0 0.459375 0.17421875 0.05 0.03125
0 0.7125 0.18203125 0.0328125 0.0265625
0 0.51875 0.071875 0.0234375 0.0234375
0 0.34453125 0.53515625 0.025 0.0359375
0 0.27578125 0.121875 0.05 0.0421875
0 0.50546875 0.9734375 0.021875 0.0296875
0 0.48984375 0.0046875 0.0390625 0.009375
0 0.30625 0.4609375 0.0171875 0.0171875
0 0.43125 0.0375 0.0203125 0.0296875
0 0.3953125 0.2234375 0.0234375 0.0296875
0 0.671875 0.01640625 0.0265625 0.0171875
0 0.57578125 0.0234375 0.0125 0.0140625
0 0.34921875 0.759375 0.025 0.03125
0 0.3671875 0.47421875 0.06875 0.0515625
0 0.35546875 0.3328125 0.0140625 0.0140625
0 0.3125 0.52734375 0.0328125 0.046875
0 0.19140625 0.6078125 0.096875 0.075
0 0.53046875 0.00546875 0.0375 0.009375
0 0.39609375 0.009375 0.0234375 0.01875
0 0.2984375 0.075 0.0296875 0.0375
0 0.5328125 0.23828125 0.021875 0.01875
0 0.52890625 0.22421875 0.0234375 0.021875
0 0.71015625 0.20625 0.0296875 0.028125
0 0.72265625 0.08125 0.0265625 0.028125
0 0.7234375 0.06015625 0.034375 0.0265625
0 0.459375 0.05625 0.0265625 0.0234375
0 0.40234375 0.14921875 0.025 0.01875
0 0.39375 0.134375 0.021875 0.0234375
0 0.390625 0.1765625 0.021875 0.0203125
0 0.60390625 0.69453125 0.0421875 0.0328125
1 0.640625 0.475 0.1640625 0.50625
0 0.69921875 0.2234375 0.021875 0.0109375
0 0.65390625 0.0109375 0.0109375 0.0078125