0 0.775 0.5484375 0.0328125 0.0234375
0 0.4453125 0.521875 0.0453125 0.03125
0 0.53984375 0.85546875 0.025 0.0234375
0 0.034375 0.43984375 0.0671875 0.053125
0 0.3359375 0.1625 0.021875 0.01875
0 0.69765625 0.63984375 0.053125 0.040625
0 0.8484375 0.2265625 0.075 0.059375
0 0.8109375 0.04921875 0.0796875 0.0546875
0 0.69765625 0.5203125 0.0953125 0.0625
0 0.6015625 0.59609375 0.0296875 0.021875
0 0.9859375 0.60390625 0.0171875 0.0296875
0 0.43203125 0.69375 0.0578125 0.04375
0 0.31015625 0.6890625 0.0171875 0.0140625
0 0.6375 0.71015625 0.0234375 0.0234375
0 0.47265625 0.128125 0.1125 0.08125
0 0.4015625 0.13203125 0.0578125 0.0453125
0 0.43515625 0.4359375 0.0828125 0.075
0 0.42578125 0.0109375 0.1921875 0.021875
0 0.10703125 0.046875 0.071875 0.0546875
0 0.9078125 0.53203125 0.05 0.0390625
0 0.671875 0.67265625 0.03125 0.03125
0 0.2 0.4640625 0.0578125 0.040625
0 0.01015625 0.534375 0.0203125 0.0140625
0 0.42265625 0.2046875 0.0453125 0.0328125
0 0.34921875 0.36015625 0.0671875 0.04375
0 0.08125 0.2484375 0.0484375 0.0375
0 0.56015625 0.71328125 0.040625 0.0421875
0 0.81640625 0.9109375 0.0421875 0.028125
0 0.79140625 0.81796875 0.046875 0.0328125
0 0.740625 0.68203125 0.0359375 0.0296875
0 0.02578125 0.2609375 0.015625 0.025
0 0.1046875 0.69375 0.071875 0.053125
0 0.60078125 0.725 0.028125 0.0234375
0 0.20546875 0.0828125 0.03125 0.028125
0 0.165625 0.190625 0.16875 0.153125
0 0.7421875 0.36328125 0.06875 0.053125
0 0.53515625 0.56875 0.0484375 0.0578125
0 0.38515625 0.57578125 0.0515625 0.040625
0 0.01953125 0.71953125 0.034375 0.0296875
0 0.52421875 0.11640625 0.059375 0.046875
0 0.99296875 0.103125 0.0140625 0.059375
0 0.81796875 0.61875 0.025 0.0171875
0 0.90546875 0.95234375 0.0234375 0.0203125
0 0.296875 0.45 0.0328125 0.0296875
0 0.653125 0.9328125 0.0328125 0.0296875
0 0.0484375 0.53125 0.0421875 0.025
0 0.09765625 0.546875 0.0234375 0.0203125
0 0.48828125 0.80859375 0.0359375 0.0296875
0 0.98828125 0.53515625 0.021875 0.0234375
0 0.2546875 0.440625 0.0390625 0.0296875
0 0.8921875 0.88203125 0.0359375 0.0265625
0 0.62265625 0.63125 0.0265625 0.0203125
1 0.49375 0.2453125 0.1734375 0.115625
0 0.76875 0.48671875 0.0875 0.08125
0 0.68828125 0.3078125 0.1484375 0.1171875
0 0.95078125 0.48046875 0.0984375 0.1359375
0 0.859375 0.62109375 0.0578125 0.0390625
0 0.584375 0.9078125 0.0484375 0.05625
0 0.78125 0.32421875 0.05 0.046875
0 0.97265625 0.20625 0.0234375 0.0265625
0 0.73046875 0.89921875 0.0796875 0.0703125
0 0.98671875 0.05625 0.0265625 0.034375
0 0.85859375 0.52421875 0.05625 0.0375
0 0.7765625 0.57890625 0.040625 0.0265625
0 0.57421875 0.8375 0.0171875 0.0125
0 0.2890625 0.18125 0.065625 0.0453125
0 0.1125 0.38828125 0.178125 0.1421875
0 0.646875 0.80625 0.0359375 0.0265625
0 0.0625 0.50859375 0.06875 0.0359375
0 0.81796875 0.5484375 0.0578125 0.03125
0 0.3515625 0.54609375 0.078125 0.0640625
0 0.6 0.87421875 0.05 0.04375
0 0.6953125 0.0921875 0.0921875 0.0921875
0 0.0578125 0.746875 0.0453125 0.0234375
0 0.90234375 0.59375 0.0453125 0.0375
0 0.94296875 0.75703125 0.075 0.0515625
0 0.34296875 0.21875 0.0671875 0.0359375
0 0.0609375 0.11796875 0.0671875 0.1078125
0 0.2734375 0.684375 0.034375 0.0203125
0 0.7359375 0.4234375 0.08125 0.0765625
0 0.2546875 0.78515625 0.10625 0.0953125
1 0.01953125 0.603125 0.0390625 0.071875
0 0.2234375 0.54765625 0.1828125 0.15
0 0.66796875 0.60703125 0.05625 0.0734375
0 0.04609375 0.571875 0.0234375 0.021875
0 0.925 0.3859375 0.15 0.171875
0 0.95234375 0.6390625 0.0546875 0.0421875
0 0.81640625 0.6484375 0.06875 0.05
0 0.23125 0.70390625 0.0375 0.028125
0 0.6140625 0.3703125 0.04375 0.0359375
0 0.32265625 0.48515625 0.0296875 0.0296875
0 0.65234375 0.378125 0.0234375 0.0234375
0 0.9859375 0.5703125 0.021875 0.028125
0 0.74453125 0.60703125 0.0328125 0.0265625
0 0.0671875 0.4765625 0.0734375 0.0484375
0 0.6671875 0.87265625 0.034375 0.025
0 0.58671875 0.1234375 0.021875 0.01875
0 0.81484375 0.87578125 0.0375 0.0296875
0 0.634375 0.41953125 0.0703125 0.075
0 0.165625 0.61484375 0.1390625 0.1390625
0 0.8265625 0.3546875 0.090625 0.090625
0 0.91796875 0.2265625 0.040625 0.0328125
0 0.00625 0.77734375 0.0125 0.0578125
0 0.25859375 0.41328125 0.040625 0.028125
0 0.3265625 0.62734375 0.0671875 0.0546875
0 0.49453125 0.48671875 0.053125 0.059375
0 0.51875 0.53125 0.0546875 0.0625
0 0.7359375 0.70703125 0.021875 0.0203125
0 0.8203125 0.1109375 0.115625 0.078125
0 0.78515625 0.21484375 0.0859375 0.0703125
0 0.9546875 0.91953125 0.0234375 0.0328125
0 0.515625 0.43203125 0.078125 0.1078125
0 0.94765625 0.6 0.0546875 0.040625
0 0.02421875 0.6890625 0.028125 0.0171875
0 0.80078125 0.41015625 0.0453125 0.0296875
0 0.8703125 0.253125 0.0703125 0.059375
0 0.6890625 0.45859375 0.06875 0.0546875
0 0.9296875 0.8515625 0.0796875 0.05625
0 0.54453125 0.3921875 0.075 0.11875
0 0.3703125 0.29921875 0.1125 0.0703125
0 0.7765625 0.67421875 0.0296875 0.021875
0 0.86953125 0.14453125 0.0890625 0.075
0 0.89765625 0.74765625 0.01875 0.0140625
0 0.94140625 0.72421875 0.021875 0.015625
0 0.78515625 0.2625 0.046875 0.0421875
0 0.053125 0.178125 0.0375 0.0328125
0 0.865625 0.915625 0.0421875 0.025
0 0.734375 0.578125 0.0328125 0.0234375
0 0.3375 0.42421875 0.1109375 0.0828125
0 0.03515625 0.859375 0.0359375 0.0265625
0 0.64140625 0.21953125 0.1140625 0.06875
0 0.559375 0.17734375 0.0203125 0.0296875
0 0.56640625 0.19296875 0.015625 0.0265625
0 0.8171875 0.528125 0.025 0.0203125
0 0.725 0.78125 0.05 0.0546875
0 0.7265625 0.8171875 0.14375 0.1578125
0 0.415625 0.6390625 0.1671875 0.1109375
0 0.44296875 0.5953125 0.0296875 0.0296875
1 0.14140625 0.76484375 0.1640625 0.1265625
0 0.50390625 0.62734375 0.021875 0.028125
0 0.47421875 0.62421875 0.040625 0.021875
0 0.9921875 0.20625 0.015625 0.021875
1 0.909375 0.33671875 0.18125 0.3609375
0 0.5171875 0.21953125 0.0328125 0.0140625
1 0.49765625 0.44296875 0.2421875 0.36875
1 0.2125 0.3203125 0.2203125 0.1921875