0 0.1921875 0.82265625 0.084375 0.103125
0 0.5234375 0.96015625 0.040625 0.034375
0 0.3515625 0.55625 0.178125 0.13125
0 0.825 0.10703125 0.0484375 0.04375
0 0.21015625 0.69296875 0.03125 0.04375
0 0.49765625 0.91328125 0.0296875 0.0484375
0 0.775 0.325 0.075 0.1078125
0 0.734375 0.93828125 0.1125 0.1234375
0 0.0390625 0.84296875 0.03125 0.03125
0 0.4546875 0.66484375 0.10625 0.11875
0 0.178125 0.89921875 0.0796875 0.0671875
0 0.078125 0.1640625 0.040625 0.0578125
0 0.50859375 0.7875 0.025 0.05
0 0.14296875 0.615625 0.09375 0.109375
0 0.1703125 0.07734375 0.0390625 0.05
0 0.065625 0.58515625 0.0984375 0.0671875
0 0.26796875 0.77734375 0.0265625 0.0375
0 0.321875 0.68984375 0.021875 0.0359375
0 0.56875 0.72890625 0.13125 0.10625
1 0.64453125 0.90234375 0.1734375 0.1953125
1 0.08203125 0.9203125 0.134375 0.0890625
0 0.79921875 0.4796875 0.065625 0.0875
0 0.10390625 0.8734375 0.03125 0.028125
0 0.6265625 0.19453125 0.315625 0.303125
0 0.33125 0.965625 0.1296875 0.0515625
0 0.29296875 0.009375 0.1265625 0.01875
0 0.34140625 0.68359375 0.021875 0.025
0 0.1671875 0.47421875 0.034375 0.05
0 0.2359375 0.5546875 0.04375 0.05
0 0.42265625 0.81328125 0.078125 0.1
0 0.0671875 0.27578125 0.0375 0.0546875
0 0.0703125 0.85390625 0.034375 0.04375
0 0.99453125 0.1421875 0.0109375 0.053125
0 0.8359375 0.56953125 0.06875 0.0734375
0 0.22890625 0.6015625 0.1 0.0671875
0 0.80703125 0.178125 0.05625 0.0734375
0 0.31875 0.90625 0.1015625 0.0625
0 0.4515625 0.9 0.0703125 0.096875
0 0.028125 0.8953125 0.05625 0.1125
0 0.8625 0.93828125 0.128125 0.1234375
0 0.8796875 0.4265625 0.0828125 0.109375
0 0.134375 0.02109375 0.075 0.0421875
0 0.89140625 0.6625 0.20625 0.2140625
0 0.94375 0.97421875 0.021875 0.0515625
0 0.31953125 0.05390625 0.0578125 0.0828125
0 0.25625 0.346875 0.0640625 0.065625
0 0.2671875 0.57109375 0.0140625 0.0171875
0 0.97109375 0.36796875 0.0578125 0.2765625
0 0.89453125 0.58828125 0.0734375 0.090625
0 0.4671875 0.97890625 0.046875 0.0421875
0 0.21953125 0.38515625 0.0265625 0.03125
0 0.19765625 0.2578125 0.0609375 0.053125
0 0.77578125 0.93515625 0.03125 0.028125
0 0.63671875 0.4265625 0.0765625 0.0765625
0 0.396875 0.3359375 0.0625 0.0546875
0 0.378125 0.9359375 0.0265625 0.0265625
0 0.74140625 0.66875 0.1625 0.16875
0 0.34375 0.378125 0.065625 0.0890625
0 0.30546875 0.1171875 0.0703125 0.0859375
0 0.56484375 0.021875 0.078125 0.04375
0 0.61328125 0.62109375 0.0328125 0.05
0 0.4421875 0.175 0.2828125 0.2234375
1 0.325 0.75234375 0.134375 0.1859375
1 0.34296875 0.70859375 0.140625 0.1953125
0 0.4890625 0.9375 0.0234375 0.015625
1 0.53203125 0.85703125 0.2484375 0.2859375