0 0.17890625 0.2265625 0.1171875 0.096875
0 0.46171875 0.45078125 0.071875 0.0578125
0 0.41796875 0.38671875 0.06875 0.0625
0 0.2375 0.71171875 0.05625 0.0578125
0 0.3328125 0.29375 0.0265625 0.021875
0 0.63046875 0.3296875 0.090625 0.0875
0 0.36328125 0.20703125 0.0234375 0.034375
0 0.18359375 0.12734375 0.0375 0.0375
0 0.7046875 0.41640625 0.0171875 0.0171875
0 0.36953125 0.940625 0.046875 0.05625
0 0.46015625 0.5 0.0703125 0.0703125
0 0.4953125 0.871875 0.0453125 0.0390625
0 0.74140625 0.0859375 0.128125 0.115625
0 0.98828125 0.07890625 0.0234375 0.0484375
0 0.11640625 0.51953125 0.0828125 0.0515625
0 0.5984375 0.3609375 0.0296875 0.04375
0 0.55390625 0.7484375 0.0453125 0.0328125
0 0.51953125 0.35625 0.146875 0.0921875
0 0.39609375 0.86875 0.0640625 0.0921875
0 0.82265625 0.58203125 0.034375 0.034375
0 0.2375 0.9515625 0.0484375 0.04375
0 0.81875 0.38125 0.0953125 0.103125
0 0.86953125 0.5671875 0.025 0.0296875
0 0.77578125 0.85546875 0.0421875 0.046875
0 0.28984375 0.53046875 0.028125 0.01875
0 0.26875 0.08203125 0.08125 0.084375
0 0.32109375 0.025 0.028125 0.0390625
0 0.43046875 0.80546875 0.05 0.0625
0 0.59609375 0.221875 0.1671875 0.1
0 0.25 0.190625 0.0515625 0.028125
0 0.503125 0.66796875 0.1234375 0.1296875
0 0.19296875 0.3890625 0.01875 0.0109375
0 0.3359375 0.8375 0.071875 0.08125
0 0.24140625 0.4390625 0.1015625 0.115625
0 0.425 0.003125 0.05625 0.00625
0 0.1984375 0.94375 0.0390625 0.0484375
0 0.13671875 0.35703125 0.0125 0.0171875
0 0.5390625 0.0078125 0.04375 0.015625
0 0.60546875 0.884375 0.06875 0.078125
0 0.61328125 0.06328125 0.1296875 0.11875
0 0.7078125 0.8609375 0.075 0.0796875
0 0.36171875 0.84765625 0.10625 0.090625
0 0.490625 0.1859375 0.084375 0.0765625
0 0.2703125 0.80703125 0.071875 0.0796875
0 0.67734375 0.77109375 0.0375 0.05
0 0.93515625 0.0578125 0.034375 0.01875
0 0.28671875 0.86640625 0.0625 0.0796875
0 0.5453125 0.8546875 0.0484375 0.0515625
0 0.64609375 0.43671875 0.1234375 0.115625
0 0.66484375 0.359375 0.028125 0.034375
0 0.74609375 0.7703125 0.0390625 0.046875
0 0.5765625 0.13515625 0.115625 0.065625
0 0.8640625 0.35 0.0375 0.05
0 0.48359375 0.30625 0.0203125 0.0171875
0 0.4921875 0.1 0.1265625 0.08125
0 0.728125 0.24609375 0.1203125 0.1203125
0 0.4078125 0.2015625 0.04375 0.0421875
0 0.69453125 0.1265625 0.0203125 0.01875
0 0.23515625 0.678125 0.0796875 0.090625
0 0.134375 0.83515625 0.1078125 0.1125
0 0.48125 0.94140625 0.0453125 0.046875
0 0.94140625 0.3921875 0.1125 0.1140625
0 0.7359375 0.3484375 0.0921875 0.13125
0 0.79765625 0.79609375 0.0609375 0.075
0 0.26953125 0.759375 0.03125 0.0359375
0 0.4875 0.83046875 0.05 0.0515625
0 0.3890625 0.04375 0.0328125 0.0390625
0 0.3375 0.975 0.0171875 0.015625
0 0.9171875 0.13359375 0.1484375 0.1421875
0 0.4578125 0.0546875 0.0375 0.0359375
0 0.39609375 0.16328125 0.0375 0.0375
0 0.4875 0.21796875 0.1015625 0.121875
0 0.51875 0.98359375 0.053125 0.0328125
0 0.91484375 0.4890625 0.0640625 0.0546875
0 0.73046875 0.04453125 0.0578125 0.0453125
0 0.13359375 0.42578125 0.0390625 0.05
0 0.39296875 0.42265625 0.0421875 0.0265625
0 0.653125 0.9359375 0.05625 0.059375
0 0.22734375 0.12265625 0.0296875 0.0421875
0 0.41171875 0.30625 0.0421875 0.0375
0 0.3078125 0.64921875 0.0859375 0.0453125
0 0.60859375 0.703125 0.11875 0.128125
0 0.7921875 0.19921875 0.0390625 0.0421875
0 0.57109375 0.5609375 0.0703125 0.109375
0 0.59609375 0.9453125 0.05 0.0390625
0 0.9765625 0.30703125 0.046875 0.1234375
0 0.50234375 0.84375 0.06875 0.05625
0 0.33828125 0.4578125 0.034375 0.059375
0 0.50546875 0.040625 0.0640625 0.0640625
0 0.65390625 0.521875 0.0671875 0.065625
0 0.3953125 0.10625 0.14375 0.0875
0 0.53125 0.73359375 0.0390625 0.03125
0 0.94375 0.27421875 0.0453125 0.0515625
0 0.4375 0.30390625 0.05 0.0484375
0 0.4828125 0.253125 0.09375 0.08125
0 0.69765625 0.7140625 0.040625 0.0546875
0 0.1625 0.934375 0.01875 0.0234375
0 0.365625 0.03984375 0.0234375 0.0296875
0 0.2 0.8625 0.071875 0.075
0 0.72265625 0.54609375 0.090625 0.0859375
0 0.42578125 0.02578125 0.0546875 0.0515625
0 0.36875 0.00390625 0.0625 0.0078125
0 0.21796875 0.32109375 0.1578125 0.134375
0 0.07890625 0.93671875 0.0359375 0.0296875
0 0.390625 0.2671875 0.0234375 0.021875
0 0.38515625 0.7109375 0.15 0.1515625
0 0.23984375 0.51328125 0.0421875 0.0390625
0 0.646875 0.61015625 0.11875 0.1015625
0 0.52265625 0.52421875 0.0828125 0.1328125
0 0.32734375 0.49296875 0.0421875 0.046875
0 0.38984375 0.96796875 0.0484375 0.0453125
0 0.84140625 0.48515625 0.0890625 0.115625
0 0.58125 0.78984375 0.1140625 0.084375
0 0.74296875 0.9328125 0.0859375 0.0953125
0 0.2 0.0828125 0.0796875 0.0734375
0 0.8515625 0.22734375 0.046875 0.059375
0 0.1421875 0.66796875 0.0296875 0.0296875
0 0.5765625 0.54140625 0.0296875 0.0359375
0 0.43359375 0.65234375 0.021875 0.0203125
0 0.4796875 0.99453125 0.03125 0.0109375