0 0.009375 0.81796875 0.0171875 0.075
0 0.7453125 0.590625 0.046875 0.0359375
0 0.84453125 0.99296875 0.028125 0.0109375
0 0.421578125 0.44265625000000003 0.147859375 0.07814062499999999
0 0.5171875 0.69765625 0.0875 0.05
0 0.26953125 0.5140625 0.0890625 0.0578125
0 0.4609375 0.7296875 0.059375 0.0828125
0 0.88359375 0.43984375 0.0390625 0.040625
0 0.19765625 0.2796875 0.0671875 0.0453125
0 0.6078125 0.303125 0.0265625 0.021875
0 0.76171875 0.3609375 0.034375 0.0359375
0 0.351234375 0.12703124999999998 0.128796875 0.0678125
0 0.91328125 0.50859375 0.015625 0.0125
0 0.6765625 0.7375 0.034375 0.0265625
0 0.6828125 0.42578125 0.0875 0.1234375
0 0.9296875 0.58359375 0.096875 0.0796875
0 0.67265625 0.65703125 0.0546875 0.04375
0 0.26015625 0.353125 0.0796875 0.0609375
0 0.86328125 0.3953125 0.040625 0.03125
0 0.303125 0.88359375 0.040625 0.0296875
0 0.95390625 0.9296875 0.028125 0.0265625
0 0.77109375 0.3984375 0.028125 0.034375
0 0.628125 0.25703125 0.053125 0.021875
1 0.1046875 0.6125 0.1765625 0.140625
0 0.8546875 0.93203125 0.0765625 0.084375
0 0.321875 0.18046875 0.05625 0.0390625
0 0.8625 0.5671875 0.0390625 0.03125
0 0.5046875 0.35859375 0.0828125 0.1078125
0 0.43828125 0.8546875 0.0265625 0.021875
0 0.62109375 0.34921875 0.0421875 0.03125
0 0.89609375 0.46796875 0.03125 0.03125
0 0.5484375 0.36640625 0.034375 0.0421875
0 0.4296875 0.36171875 0.04375 0.0796875
0 0.09296875 0.8515625 0.053125 0.0390625
0 0.64296875 0.8078125 0.0609375 0.0734375
0 0.63203125 0.8859375 0.103125 0.0578125
0 0.5859375 0.74453125 0.05625 0.0796875
0 0.4359375 0.590625 0.0671875 0.065625
0 0.12890625 0.259375 0.025 0.028125
0 0.27421875 0.12265625 0.090625 0.05625
0 0.31484375 0.45453124999999994 0.121875 0.0796875
0 0.56796875 0.790625 0.034375 0.0328125
0 0.146875 0.784375 0.05625 0.0359375
0 0.38515625 0.2390625 0.0578125 0.040625
0 0.2359375 0.646875 0.125 0.0734375
0 0.79765625 0.41484375 0.0265625 0.021875
0 0.6984375 0.7859375 0.0546875 0.071875
0 0.77578125 0.7796875 0.0234375 0.021875
0 0.913109375 0.735625 0.17376562499999998 0.2740625
0 0.34609375 0.81015625 0.0546875 0.034375
0 0.565625 0.66640625 0.0265625 0.05
0 0.98984375 0.4671875 0.0203125 0.01875
0 0.29296875 0.3953125 0.05625 0.034375
0 0.1578125 0.42109375 0.059375 0.0375
1 0.10078125 0.52578125 0.1828125 0.1421875
0 0.309375 0.2109375 0.01875 0.0203125
0 0.3203125 0.30390625 0.1015625 0.059375
0 0.70390625 0.3703125 0.08125 0.0640625
0 0.240625 0.73203125 0.0515625 0.0359375
0 0.9828125 0.8796875 0.0265625 0.01875
0 0.40703125 0.2859375 0.075 0.0546875
0 0.9515625 0.44921875 0.0359375 0.0328125
0 0.7296875 0.5515625 0.015625 0.0296875
0 0.8375 0.734375 0.08125 0.078125
0 0.68515625 0.2890625 0.04375 0.034375
0 0.37421875 0.5171875 0.115625 0.053125
0 0.42265625 0.1828125 0.065625 0.05
0 0.5078125 0.62109375 0.0578125 0.0375
0 0.96328125 0.68203125 0.0328125 0.0171875
0 0.5171875 0.25078125 0.065625 0.053125
0 0.7890625 0.98203125 0.034375 0.03125
0 0.69296875 0.509375 0.05625 0.05
0 0.9140625 0.4078125 0.034375 0.0203125
0 0.93453125 0.671875 0.036265625 0.025
0 0.1375 0.6953125 0.0640625 0.0453125
0 0.0296875 0.7390625 0.059375 0.0796875
0 0.03203125 0.60625 0.0609375 0.0546875
0 0.98046875 0.7765625 0.03125 0.0359375
0 0.25859375 0.784375 0.059375 0.0375
0 0.215 0.40406250000000005 0.028125 0.0171875
0 0.36328125 0.6859375 0.1375 0.203125
0 0.6046875 0.32890625 0.0265625 0.034375
0 0.88359375 0.32890625 0.046875 0.053125
0 0.76953125 0.675 0.0203125 0.015625
0 0.73984375 0.65234375 0.04375 0.034375
0 0.06875 0.44140625 0.1375 0.159375
0 0.20703125 0.76875 0.05 0.046875
0 0.68828125 0.2609375 0.028125 0.0234375
0 0.89296875 0.4953125 0.0171875 0.015625
0 0.7875 0.5515625 0.075 0.0671875
0 0.296875 0.98046875 0.046875 0.034375
0 0.41015625 0.97421875 0.0375 0.0234375
0 0.2484375 0.9609375 0.05625 0.0390625
0 0.14453125 0.371875 0.053125 0.0421875
0 0.771875 0.321875 0.0546875 0.0515625
0 0.6515625 0.6078125 0.0640625 0.0625
0 0.971875 0.52578125 0.0484375 0.05625
0 0.5375 0.5625 0.05625 0.0390625
0 0.9765625 0.428125 0.0453125 0.040625
0 0.7 0.87265625 0.1 0.0953125
0 0.828125 0.51640625 0.0609375 0.046875
0 0.21171875 0.45703125 0.06875 0.0640625
0 0.7203125 0.71796875 0.046875 0.04375
0 0.553125 0.17578125 0.08125 0.0453125
0 0.528125 0.2875 0.0609375 0.0390625
0 0.128125 0.728125 0.059375 0.0421875
0 0.2234375 0.58125 0.0640625 0.04375
0 0.18203125 0.890625 0.05625 0.0390625
0 0.3734375 0.1859375 0.0390625 0.0265625
0 0.271875 0.2546875 0.084375 0.10625
0 0.7828125 0.74765625 0.034375 0.028125
0 0.55925 0.60990625 0.026250000000000002 0.041484375000000004