0 0.31328125 0.35 0.0609375 0.05
0 0.3015625 0.43828125 0.034375 0.0234375
0 0.396875 0.37578125 0.028125 0.0265625
0 0.459375 0.2359375 0.0234375 0.0203125
0 0.02734375 0.39375 0.0546875 0.0734375
0 0.625 0.91328125 0.04375 0.065625
0 0.47890625 0.2015625 0.01875 0.028125
0 0.665625 0.31484375 0.0203125 0.028125
0 0.33984375 0.01484375 0.0265625 0.021875
0 0.10234375 0.071875 0.0296875 0.0296875
0 0.5203125 0.3140625 0.021875 0.0203125
0 0.1703125 0.140625 0.1515625 0.0953125
0 0.45546875 0.815625 0.0578125 0.0671875
0 0.70078125 0.521875 0.1046875 0.0796875
0 0.44453125 0.94765625 0.059375 0.0953125
0 0.4203125 0.16484375 0.021875 0.0265625
0 0.69296875 0.1609375 0.021875 0.0171875
0 0.62890625 0.3921875 0.103125 0.1484375
0 0.24921875 0.1609375 0.01875 0.028125
0 0.4484375 0.2078125 0.021875 0.0234375
0 0.71796875 0.83125 0.0359375 0.065625
0 0.66796875 0.60625 0.0234375 0.034375
0 0.21640625 0.3890625 0.0640625 0.05
0 0.39765625 0.98203125 0.0421875 0.0328125
0 0.165625 0.92265625 0.05625 0.0859375
0 0.4703125 0.35859375 0.0578125 0.0484375
0 0.57109375 0.646875 0.0125 0.015625
0 0.61953125 0.3171875 0.0609375 0.065625
0 0.0453125 0.98828125 0.0546875 0.01875
0 0.68203125 0.1046875 0.0125 0.01875
0 0.7078125 0.37109375 0.021875 0.03125
0 0.38515625 0.24609375 0.0390625 0.0453125
0 0.70859375 0.8796875 0.01875 0.0328125
0 0.20234375 0.015625 0.021875 0.0234375
0 0.13515625 0.06796875 0.0296875 0.0375
0 0.6 0.2375 0.0203125 0.025
0 0.26171875 0.25 0.20625 0.1
0 0.36328125 0.5703125 0.03125 0.0171875
0 0.6140625 0.08125 0.0203125 0.021875
0 0.053125 0.50546875 0.10625 0.15
0 0.6296875 0.4984375 0.0296875 0.0390625
0 0.55703125 0.5140625 0.1078125 0.090625
0 0.00859375 0.83828125 0.0171875 0.0890625
0 0.540625 0.69296875 0.0453125 0.075
0 0.3640625 0.9484375 0.0796875 0.075
0 0.75859375 0.74296875 0.04375 0.0671875
0 0.103125 0.2921875 0.0828125 0.0515625
0 0.2765625 0.1703125 0.0296875 0.0296875
0 0.05 0.29453125 0.01875 0.0171875
0 0.32734375 0.259375 0.00625 0.0109375
0 0.290625 0.98125 0.05625 0.0375
0 0.29609375 0.46953125 0.0453125 0.034375
0 0.76328125 0.61171875 0.046875 0.040625
0 0.0171875 0.01875 0.0328125 0.0265625
0 0.42421875 0.375 0.0265625 0.0203125
0 0.4109375 0.30859375 0.05 0.053125
0 0.10078125 0.77265625 0.13125 0.24375
0 0.4203125 0.2 0.021875 0.03125
0 0.27734375 0.315625 0.034375 0.0421875
0 0.42421875 0.60390625 0.06875 0.0390625
0 0.75703125 0.85703125 0.0515625 0.0640625
0 0.40390625 0.78984375 0.0609375 0.0765625
0 0.203125 0.3421875 0.034375 0.040625
0 0.353125 0.3859375 0.0359375 0.0390625
0 0.28359375 0.9171875 0.1078125 0.1015625
0 0.15859375 0.42265625 0.0609375 0.046875
0 0.3375 0.1796875 0.1046875 0.090625
0 0.17265625 0.309375 0.0375 0.0359375
0 0.5515625 0.57265625 0.034375 0.046875
0 0.17421875 0.403125 0.0125 0.0140625
0 0.178125 0.1875 0.065625 0.0640625
0 0.628125 0.04296875 0.08125 0.0625
0 0.0234375 0.271875 0.046875 0.096875
0 0.44765625 0.18984375 0.021875 0.034375
0 0.57421875 0.61640625 0.034375 0.025
0 0.196875 0.47890625 0.0796875 0.0703125
0 0.07578125 0.028125 0.0390625 0.0359375
0 0.40234375 0.21796875 0.025 0.0359375
0 0.47578125 0.2796875 0.0140625 0.0203125
0 0.071875 0.06640625 0.046875 0.0453125
0 0.2203125 0.975 0.034375 0.05
0 0.11875 0.01484375 0.0359375 0.0265625
0 0.0171875 0.7015625 0.034375 0.096875
0 0.4125 0.2375 0.0296875 0.03125
0 0.6359375 0.99140625 0.0546875 0.0171875
0 0.70234375 0.475 0.0203125 0.0203125
0 0.37890625 0.27265625 0.025 0.0203125
0 0.546875 0.2203125 0.046875 0.0484375
0 0.68046875 0.778125 0.0203125 0.025
0 0.41875 0.70078125 0.0640625 0.0875
0 0.071875 0.94765625 0.028125 0.0375
1 0.1796875 0.928125 0.1453125 0.14375
1 0.0390625 0.759375 0.078125 0.2390625
0 0.13671875 0.38828125 0.0265625 0.021875
0 0.4359375 0.5796875 0.0234375 0.028125
0 0.51796875 0.5953125 0.028125 0.0390625
0 0.70234375 0.31015625 0.0671875 0.0421875
0 0.66484375 0.27578125 0.059375 0.0375
0 0.66171875 0.253125 0.0140625 0.01875
0 0.63984375 0.13046875 0.0234375 0.0125
0 0.59140625 0.0078125 0.015625 0.015625
0 0.25703125 0.13046875 0.034375 0.0171875
0 0.1125 0.12265625 0.0140625 0.0125
0 0.09609375 0.115625 0.0140625 0.0203125
0 0.08515625 0.109375 0.0171875 0.021875
0 0.1171875 0.14921875 0.0390625 0.040625
0 0.0953125 0.1796875 0.028125 0.034375
0 0.071875 0.2171875 0.034375 0.0359375
0 0.1140625 0.2078125 0.0296875 0.034375
0 0.3875 0.15390625 0.01875 0.0234375
0 0.325 0.575 0.0234375 0.028125
1 0.35234375 0.028125 0.15 0.05625
1 0.23125 0.02890625 0.078125 0.0484375
1 0.48046875 0.1109375 0.1859375 0.1296875
1 0.44921875 0.04375 0.04375 0.0375
1 0.309375 0.0796875 0.2375 0.1453125
1 0.51796875 0.746875 0.546875 0.24375
0 0.47265625 0.85859375 0.04375 0.015625