0 0.7556406250000001 0.49601562499999996 0.06059375 0.034203125
0 0.078125 0.02890625 0.15625 0.0578125
0 0.91640625 0.4125 0.0359375 0.0359375
0 0.795015625 0.22215625 0.04375 0.0265625
0 0.9796875 0.46171875 0.0375 0.0421875
0 0.4484375 0.56171875 0.0609375 0.0421875
0 0.69296875 0.015625 0.071875 0.03125
0 0.915625 0.33359375 0.040625 0.0296875
0 0.33125 0.43984375 0.115625 0.178125
0 0.7234375 0.73671875 0.08125 0.1
0 0.9703125 0.3734375 0.0234375 0.015625
0 0.4296875 0.6953125 0.0625 0.04375
0 0.1171875 0.19921875 0.084375 0.06875
0 0.98359375 0.96796875 0.0203125 0.0453125
0 0.90078125 0.084375 0.046875 0.028125
0 0.4078125 0.30078125 0.121875 0.1578125
0 0.95546875 0.08671875 0.0359375 0.03125
0 0.284375 0.22578125 0.0484375 0.046875
0 0.19140625 0.309375 0.084375 0.046875
0 0.2421875 0.49296875 0.0625 0.06875
0 0.601515625 0.00859375 0.09521874999999999 0.0140625
0 0.6203125 0.28046875 0.078125 0.0546875
0 0.30546875 0.77578125 0.153125 0.1234375
0 0.47109375 0.4515625 0.0203125 0.0171875
0 0.94453125 0.39140625 0.059375 0.0390625
0 0.03125 0.1328125 0.0625 0.1171875
0 0.59296875 0.05 0.0390625 0.034375
0 0.9921875 0.671875 0.015625 0.03125
0 0.315625 0.2578125 0.05 0.05
0 0.4515625 0.896875 0.1671875 0.11875
0 0.5125 0.49140625 0.1 0.1
0 0.628125 0.1671875 0.20625 0.128125
0 0.95625 0.25859375 0.0578125 0.034375
0 0.26328125 0.96328125 0.040625 0.03125
0 0.1765625 0.3640625 0.05 0.065625
0 0.75546875 0.0703125 0.021875 0.0109375
0 0.9734375 0.1390625 0.053125 0.034375
0 0.2140625 0.61015625 0.075 0.0625
0 0.015625 0.65234375 0.03125 0.1359375
0 0.80390625 0.103125 0.0390625 0.0328125
0 0.83671875 0.24921875 0.0234375 0.0109375
0 0.44375 0.16796875 0.090625 0.0765625
0 0.3765625 0.0390625 0.0453125 0.0328125
0 0.92734375 0.54921875 0.021875 0.0421875
0 0.2671875 0.596875 0.0234375 0.0203125
0 0.6578125 0.8046875 0.2265625 0.1890625
0 0.3515625 0.55703125 0.053125 0.046875
0 0.7234375 0.9625 0.075 0.059375
0 0.946875 0.0546875 0.0515625 0.0328125
0 0.98203125 0.18515625 0.034375 0.0375
0 0.371875 0.07421875 0.04375 0.040625
0 0.6660625 0.4125 0.2586875 0.1234375
0 0.93828125 0.3125 0.04375 0.025
0 0.0921875 0.0796875 0.0734375 0.04375
0 0.84609375 0.2046875 0.0640625 0.0671875
0 0.69921875 0.06484375 0.01875 0.0109375
0 0.43125 0.08515625 0.059375 0.0390625
0 0.95390625 0.0171875 0.071875 0.0296875
0 0.3640625 0.1515625 0.0453125 0.040625
0 0.24375 0.2859375 0.0796875 0.0453125
0 0.95078125 0.21875 0.06875 0.046875
0 0.56875 0.63671875 0.1828125 0.109375
0 0.090625 0.78203125 0.0546875 0.053125
0 0.6546875 0.121875 0.040625 0.034375
0 0.726296875 0.5696875 0.077078125 0.070640625
0 0.542953125 0.23154687499999999 0.048296875 0.058562499999999997
0 0.562453125 0.174984375 0.04634375 0.023359374999999998
1 0.6348906249999999 0.2860625 0.35309375 0.24603125
0 0.6953437499999999 0.25325000000000003 0.066359375 0.038953125
1 0.8723750000000001 0.457328125 0.06440625 0.092578125
0 0.9565312499999999 0.63825 0.037093749999999995 0.027890625000000002
0 0.9805781250000001 0.5641875 0.038859375 0.10590625000000001