0 0.58828125 0.25 0.0234375 0.015625
0 0.59140625 0.5171875 0.0453125 0.028125
0 0.3921875 0.1484375 0.0234375 0.028125
0 0.4640625 0.15234375 0.028125 0.034375
0 0.4265625 0.15078125 0.0171875 0.0171875
0 0.62109375 0.29921875 0.04375 0.034375
0 0.734375 0.0875 0.0265625 0.0171875
0 0.78671875 0.159375 0.0234375 0.0234375
0 0.64375 0.584375 0.1265625 0.065625
0 0.4765625 0.21875 0.0203125 0.0171875
0 0.79765625 0.571875 0.059375 0.0421875
0 0.40546875 0.4453125 0.0296875 0.0234375
0 0.52421875 0.45390625 0.05 0.0390625
0 0.76640625 0.15859375 0.0234375 0.0234375
0 0.57265625 0.46640625 0.0390625 0.0359375
0 0.3375 0.88984375 0.0703125 0.0515625
0 0.36875 0.5984375 0.021875 0.0171875
0 0.29921875 0.64140625 0.0125 0.0171875
0 0.55703125 0.36796875 0.0453125 0.03125
0 0.52109375 0.53203125 0.0859375 0.0703125
0 0.328125 0.421875 0.034375 0.040625
0 0.78203125 0.35703125 0.01875 0.0171875
0 0.5390625 0.26875 0.0265625 0.0265625
0 0.59140625 0.38125 0.0421875 0.034375
0 0.25234375 0.6453125 0.05 0.040625
0 0.5734375 0.1640625 0.0203125 0.01875
0 0.79375 0.23203125 0.028125 0.028125
0 0.55703125 0.4984375 0.0640625 0.0421875
0 0.58671875 0.12265625 0.021875 0.021875
0 0.64453125 0.365625 0.046875 0.0453125
0 0.2546875 0.61171875 0.034375 0.0359375
0 0.66953125 0.30234375 0.0359375 0.0359375
0 0.49140625 0.64765625 0.0421875 0.0328125
0 0.6671875 0.51328125 0.0140625 0.015625
0 0.29296875 0.61328125 0.03125 0.0328125
0 0.440625 0.55859375 0.0265625 0.0234375
0 0.5734375 0.23125 0.021875 0.0234375
0 0.59296875 0.10078125 0.021875 0.0234375
0 0.38828125 0.225 0.015625 0.015625
0 0.659375 0.39609375 0.0671875 0.0484375
0 0.5390625 0.13984375 0.0171875 0.021875
0 0.64140625 0.6296875 0.0328125 0.0234375
0 0.4453125 0.3375 0.034375 0.03125
0 0.528125 0.11953125 0.015625 0.01875
0 0.21875 0.628125 0.03125 0.03125
0 0.36328125 0.40078125 0.025 0.0296875
0 0.4375 0.1734375 0.0171875 0.01875
0 0.7640625 0.4921875 0.0296875 0.0203125
0 0.36015625 0.471875 0.0171875 0.021875
0 0.565625 0.12421875 0.021875 0.0203125
0 0.5484375 0.39375 0.0328125 0.028125
0 0.77265625 0.134375 0.0234375 0.025
0 0.70390625 0.4984375 0.01875 0.015625
0 0.7640625 0.11015625 0.0125 0.0140625
0 0.75234375 0.78125 0.1 0.078125
0 0.50078125 0.11328125 0.0484375 0.0296875
0 0.346875 0.51953125 0.0265625 0.025
0 0.4140625 0.48359375 0.0140625 0.0140625
0 0.36484375 0.571875 0.059375 0.0453125
0 0.6875 0.146875 0.05 0.0453125
0 0.64921875 0.08984375 0.0203125 0.0109375
0 0.4328125 0.52109375 0.078125 0.0640625
0 0.7078125 0.546875 0.0296875 0.021875
0 0.4453125 0.39140625 0.0265625 0.034375
0 0.53203125 0.22421875 0.0296875 0.028125
0 0.82109375 0.41328125 0.071875 0.0609375
0 0.55 0.16640625 0.021875 0.0234375
0 0.75 0.3890625 0.0640625 0.0640625
0 0.54921875 0.246875 0.015625 0.0140625
0 0.54765625 0.184375 0.0171875 0.0203125
0 0.578125 0.20703125 0.021875 0.0234375
0 0.78671875 0.2546875 0.0203125 0.021875
0 0.56015625 0.14453125 0.0171875 0.0171875
0 0.6375 0.1703125 0.021875 0.021875
0 0.61015625 0.12109375 0.034375 0.0375
0 0.58828125 0.1890625 0.0140625 0.0171875
0 0.453125 0.11484375 0.0265625 0.025
0 0.634375 0.52421875 0.0171875 0.015625
0 0.19921875 0.6125 0.040625 0.0375
0 0.4140625 0.56640625 0.028125 0.0328125
0 0.3765625 0.53359375 0.04375 0.04375
0 0.26953125 0.55859375 0.0890625 0.059375
0 0.49765625 0.22109375 0.0171875 0.0171875
1 0.2796875 0.81015625 0.053125 0.0703125
0 0.5765625 0.64921875 0.0609375 0.034375
0 0.88828125 0.63828125 0.046875 0.0421875
0 0.85546875 0.61171875 0.015625 0.0125
0 0.8203125 0.6 0.0171875 0.0125
0 0.48828125 0.10546875 0.0203125 0.015625
0 0.53515625 0.6171875 0.015625 0.0125