0 0.5515625 0.85390625 0.028125 0.0640625
0 0.60546875 0.353125 0.0171875 0.021875
0 0.52734375 0.890625 0.0328125 0.0671875
0 0.8277187500000001 0.47437500000000005 0.05625 0.053125
0 0.728125 0.5765625 0.021875 0.0203125
0 0.81328125 0.353125 0.021875 0.0515625
0 0.578125 0.79375 0.021875 0.01875
0 0.91875 0.76484375 0.009375 0.009375
0 0.884375 0.5515625 0.021875 0.0390625
0 0.6109375 0.253125 0.021875 0.01875
0 0.39609375 0.35625 0.0140625 0.015625
0 0.064578125 0.4015625 0.087046875 0.085734375
0 0.38984375 0.140625 0.021875 0.0359375
0 0.559375 0.49609375 0.021875 0.021875
0 0.75703125 0.58359375 0.0140625 0.0203125
0 0.40859375 0.39140625 0.0453125 0.05
0 0.41796875 0.51328125 0.034375 0.034375
0 0.60234375 0.60703125 0.01875 0.0203125
0 0.1734375 0.678125 0.03125 0.0203125
0 0.6453125 0.31484375 0.01875 0.0171875
0 0.07109375 0.92734375 0.025 0.0515625
0 0.05709375 0.88325 0.01875 0.01875
0 0.37890625 0.453125 0.03125 0.0296875
0 0.5328125 0.259375 0.0484375 0.0515625
0 0.83984375 0.64765625 0.0296875 0.0265625
0 0.90859375 0.43828125 0.05 0.0484375
0 0.796875 0.49140625 0.01875 0.05625
0 0.24921875 0.6515625 0.034375 0.05
0 0.790625 0.82109375 0.0359375 0.0390625
0 0.8484375 0.284375 0.053125 0.0375
0 0.79375 0.378125 0.021875 0.021875
0 0.14703125 0.49292187500000006 0.019875 0.025640625
0 0.77109375 0.57109375 0.034375 0.0359375
0 0.490625 0.796875 0.05625 0.0765625
0 0.21171875 0.8671875 0.0234375 0.0234375
0 0.715625 0.84921875 0.015625 0.021875
0 0.72578125 0.503125 0.009375 0.015625
0 0.40546875 0.303125 0.0953125 0.1140625
0 0.91171875 0.346875 0.04375 0.071875
0 0.5546875 0.2203125 0.0296875 0.0296875
0 0.66953125 0.41484375 0.0203125 0.0234375
0 0.00665625 0.838265625 0.013296875 0.082859375
0 0.90078125 0.7640625 0.0125 0.0109375
0 0.8125 0.5703125 0.046875 0.0734375
0 0.40078125 0.66328125 0.046875 0.0546875
0 0.96015625 0.453125 0.0265625 0.021875
0 0.4765625 0.64296875 0.021875 0.0203125
0 0.715625 0.39375 0.03125 0.0328125
0 0.453125 0.890625 0.025 0.021875
0 0.9890625 0.51484375 0.021875 0.0390625
0 0.9010781250000001 0.54128125 0.025968750000000002 0.037734375
0 0.859375 0.3640625 0.034375 0.034375
0 0.59140625 0.37421875 0.034375 0.0265625
0 0.9796875 0.64453125 0.0328125 0.028125
0 0.93125 0.54765625 0.021875 0.0203125
0 0.01959375 0.606765625 0.034375 0.053125
0 0.57265625 0.853125 0.01875 0.0171875
0 0.1575 0.5094375 0.024078125 0.016984375
0 0.9765625 0.5796875 0.0453125 0.084375
0 0.60546875 0.634375 0.021875 0.0234375
0 0.7265625 0.4203125 0.025 0.034375
0 0.03984375 0.809375 0.021875 0.034375
0 0.765625 0.8265625 0.0203125 0.0203125
0 0.16640625 0.0078125 0.021875 0.015625
0 0.33203125 0.86796875 0.0203125 0.021875
0 0.546875 0.1375 0.040625 0.0359375
0 0.8625 0.69375 0.021875 0.046875
0 0.687125 0.342625 0.01875 0.015625
0 0.33359375 0.13359375 0.0390625 0.034375
0 0.18103125 0.528625 0.0348125 0.02271875
0 0.47421875 0.5046875 0.09375 0.146875
0 0.55859375 0.51875 0.021875 0.0234375
0 0.30390625 0.3359375 0.0546875 0.0421875
0 0.640625 0.384375 0.028125 0.0296875
0 0.50859375 0.85234375 0.025 0.01875
0 0.59375 0.50390625 0.01875 0.025
0 0.72265625 0.5984375 0.0234375 0.025
0 0.0484375 0.64296875 0.0359375 0.0421875
0 0.58515625 0.6578125 0.01875 0.0203125
0 0.071875 0.83515625 0.0171875 0.01875
0 0.30078125 0.17421875 0.01875 0.015625
0 0.11015625 0.09140625 0.0234375 0.0203125
0 0.24765625 0.4390625 0.0484375 0.053125
0 0.7110000000000001 0.71028125 0.026437500000000003 0.046640625000000005
0 0.740625 0.484375 0.021875 0.021875
0 0.60546875 0.315625 0.025 0.021875
0 0.76953125 0.6015625 0.0171875 0.0140625
0 0.325 0.40625 0.0203125 0.01875
0 0.2921875 0.790625 0.0296875 0.03125
0 0.5828125 0.684375 0.01875 0.01875
0 0.1671875 0.72890625 0.0296875 0.03125
0 0.790625 0.6114843750000001 0.0203125 0.037015625
0 0.278125 0.8640625 0.0796875 0.096875
0 0.94140625 0.4171875 0.028125 0.0234375
0 0.60546875 0.39453125 0.0171875 0.0203125
0 0.64375 0.27265625 0.01875 0.015625
0 0.54375 0.4421875 0.0546875 0.109375
0 0.07890625 0.8875 0.0296875 0.0390625
0 0.5671875 0.5671875 0.078125 0.0765625
0 0.40390625 0.4359375 0.028125 0.034375
0 0.06265625 0.307625 0.06990625 0.068984375
0 0.98046875 0.38203125 0.0359375 0.0421875
0 0.45234375 0.078125 0.0515625 0.0828125
0 0.75625 0.33671875 0.0234375 0.0234375
0 0.50703125 0.390625 0.03125 0.025
0 0.58203125 0.609375 0.028125 0.0234375
0 0.59140625 0.278125 0.0171875 0.021875
0 0.871296875 0.482125 0.054484374999999995 0.0703125
0 0.6265625 0.18671875 0.05625 0.0765625
0 0.865625 0.76328125 0.025 0.028125
0 0.00625 0.40546875 0.0125 0.0171875
0 0.88515625 0.81015625 0.015625 0.015625
0 0.826921875 0.407109375 0.046875 0.0640625
0 0.8359375 0.328125 0.021875 0.021875
0 0.94296875 0.6 0.0390625 0.0671875
0 0.78203125 0.275 0.059375 0.084375
0 0.89609375 0.6765625 0.025 0.03125
0 0.93359375 0.6984375 0.034375 0.0421875
0 0.59375 0.434375 0.0265625 0.025
0 0.9484375 0.503125 0.071875 0.0515625
0 0.503125 0.11796875 0.034375 0.03125
0 0.38671875 0.534375 0.034375 0.046875
0 0.778125 0.34609375 0.0125 0.015625
0 0.49609375 0.43515625 0.03125 0.0484375
0 0.203125 0.33125 0.096875 0.1078125
0 0.390109375 0.623484375 0.015109375 0.017109375
0 0.09296875 0.2703125 0.0546875 0.0625
0 0.2109375 0.1296875 0.046875 0.040625
0 0.5796875 0.7421875 0.0375 0.04375
0 0.53203125 0.620390625 0.034375 0.0296875
0 0.9921875 0.46328125 0.015625 0.0234375
0 0.6 0.4578125 0.025 0.0296875
0 0.49921875 0.678125 0.015625 0.01875
0 0.1859375 0.59921875 0.0359375 0.0328125
0 0.03203125 0.534375 0.03125 0.059375
0 0.67265625 0.32109375 0.01875 0.0203125
0 0.23125 0.034375 0.046875 0.040625
0 0.05546875 0.5984375 0.0390625 0.046875
0 0.640625 0.34609375 0.021875 0.021875
0 0.225 0.790625 0.021875 0.0265625
0 0.696875 0.471875 0.0234375 0.021875
0 0.934375 0.81015625 0.05625 0.0578125
0 0.384375 0.18828125 0.046875 0.0625
0 0.1046875 0.6 0.0546875 0.053125
0 0.567171875 0.332375 0.04628125 0.0165
0 0.18478125 0.5579375 0.014703125000000001 0.022640625
0 0.45625 0.75546875 0.0296875 0.028125
0 0.11640625 0.9203125 0.028125 0.04375
0 0.38984375 0.765625 0.1125 0.1640625
0 0.578125 0.2625 0.0109375 0.021875
0 0.24140625 0.25859375 0.046875 0.0453125
0 0.30390625 0.52421875 0.03125 0.034375
0 0.275 0.5140625 0.0328125 0.0359375
0 0.825 0.80390625 0.0140625 0.015625
0 0.3375 0.46015625 0.0390625 0.04375
0 0.49296875 0.240625 0.053125 0.046875
0 0.18984375 0.9171875 0.0375 0.04375
0 0.3234375 0.74140625 0.03125 0.028125
0 0.7796875 0.503125 0.0203125 0.0609375
0 0.44296875 0.809375 0.028125 0.034375
0 0.91015625 0.634375 0.0265625 0.0234375
0 0.00390625 0.315625 0.0078125 0.03125
0 0.4609375 0.3671875 0.0203125 0.015625
0 0.465625 0.2953125 0.1015625 0.0765625
0 0.4765625 0.71171875 0.0140625 0.01875
0 0.63671875 0.28984375 0.015625 0.015625
0 0.17109375 0.81875 0.0203125 0.01875
0 0.87109375 0.63125 0.0171875 0.0265625
0 0.94453125 0.7359375 0.025 0.03125
0 0.76640625 0.534375 0.021875 0.025
0 0.5765625 0.171875 0.028125 0.0296875
0 0.26171875 0.7296875 0.084375 0.1015625
0 0.565625 0.63125 0.025 0.0203125
1 0.70078125 0.28359375 0.10625 0.0921875
0 0.1828125 0.2625 0.0515625 0.0390625
0 0.7769375000000001 0.4336875 0.04375 0.0625
1 0.73565625 0.363859375 0.068203125 0.05896875
0 0.1140625 0.70390625 0.0421875 0.0421875
0 0.82265625 0.7359375 0.034375 0.0390625
0 0.0078125 0.5526718749999999 0.015625 0.047515625
0 0.825 0.6921875 0.028125 0.034375
0 0.5640625 0.65703125 0.0171875 0.015625
0 0.4578125 0.15625 0.0484375 0.040625
0 0.871875 0.40703125 0.025 0.0203125
0 0.45703125 0.6125 0.046875 0.0421875
0 0.62578125 0.26171875 0.015625 0.015625
0 0.86875 0.5875 0.034375 0.0359375
0 0.36796875 0.0828125 0.0453125 0.046875
0 0.2484375 0.2921875 0.0171875 0.01875
0 0.86015625 0.5140625 0.0296875 0.028125
0 0.884375 0.384375 0.028125 0.028125
0 0.8796875 0.31328125 0.021875 0.021875
0 0.53515625 0.1703125 0.046875 0.04375
0 0.50859375 0.596875 0.034375 0.03125
0 0.3015625 0.2546875 0.0859375 0.0984375
0 0.29765625 0.41953125 0.0484375 0.0453125
0 0.203125 0.7140625 0.0421875 0.03125
0 0.3578125 0.5609375 0.0296875 0.028125
0 0.1578125 0.59921875 0.0296875 0.0578125
0 0.9171875 0.521875 0.034375 0.028125
0 0.40078125 0.85625 0.015625 0.0234375
0 0.9703125 0.70390625 0.01875 0.0203125
0 0.4859375 0.378125 0.0203125 0.015625
0 0.68359375 0.403125 0.021875 0.021875
0 0.0515625 0.0125 0.059375 0.025
0 0.61796875 0.41796875 0.021875 0.021875
0 0.013000000000000001 0.659671875 0.026000000000000002 0.024906249999999998
0 0.467515625 0.399328125 0.016421875 0.017296875
0 0.5446718749999999 0.383703125 0.0168125 0.008484374999999999
0 0.5490781250000001 0.377890625 0.014453125 0.008749999999999999
0 0.5759375 0.317578125 0.032078125 0.012484375
0 0.965921875 0.85003125 0.037703125 0.059421875
0 0.7981874999999999 0.62596875 0.015640625 0.024953125
0 0.9067968750000001 0.601125 0.0124375 0.012109375
1 0.728234375 0.66965625 0.0473125 0.040781250000000005
1 0.672921875 0.489921875 0.032078125 0.046046875
1 0.698984375 0.5111718749999999 0.026468750000000003 0.03803125
1 0.6935781249999999 0.572078125 0.04290625 0.102125
1 0.74628125 0.58809375 0.074578125 0.129375
1 0.6599062499999999 0.6896875 0.096609375 0.17621875
1 0.6400625 0.5514375 0.094609375 0.179484375
1 0.5222187500000001 0.444125 0.1889375 0.200625
1 0.054421874999999995 0.226875 0.10882812500000001 0.268421875
1 0.094671875 0.708609375 0.1494375 0.47506250000000005
1 0.02496875 0.48746875 0.0499375 0.098375