0 0.8515625 0.57578125 0.0640625 0.0765625
0 0.59609375 0.234375 0.059375 0.065625
0 0.9640625 0.65 0.0546875 0.06875
1 0.7625 0.30625 0.128125 0.125
0 0.94375 0.384375 0.0296875 0.0265625
0 0.6609375 0.121875 0.0296875 0.0359375
0 0.43671875 0.8265625 0.0140625 0.0234375
0 0.1328125 0.46328125 0.025 0.0296875
0 0.5171875 0.26484375 0.115625 0.121875
0 0.8671875 0.49140625 0.0609375 0.0875
0 0.315625 0.3984375 0.0578125 0.0578125
0 0.93671875 0.48203125 0.0359375 0.040625
0 0.4359375 0.38671875 0.046875 0.075
0 0.75859375 0.7109375 0.0203125 0.021875
0 0.15078125 0.89296875 0.028125 0.0375
0 0.9515625 0.55390625 0.0609375 0.065625
0 0.8734375 0.9671875 0.015625 0.0140625
1 0.646875 0.640625 0.121875 0.2390625
0 0.2265625 0.90625 0.034375 0.034375
0 0.75703125 0.45546875 0.0375 0.0375
0 0.2984375 0.54140625 0.0390625 0.053125
0 0.6671875 0.1625 0.01875 0.0265625
0 0.91953125 0.5046875 0.03125 0.03125
0 0.959375 0.90546875 0.0234375 0.028125
0 0.334375 0.41953125 0.015625 0.0171875
0 0.7859375 0.75 0.0265625 0.0453125
0 0.634375 0.06640625 0.05 0.0546875
0 0.1125 0.13828125 0.06875 0.1
0 0.7796875 0.6984375 0.0453125 0.05625
0 0.759375 0.48984375 0.0328125 0.046875
0 0.97109375 0.4375 0.0546875 0.096875
0 0.2640625 0.52421875 0.0375 0.0546875
0 0.48203125 0.55546875 0.109375 0.2109375
0 0.92578125 0.940625 0.0375 0.0421875
0 0.36640625 0.690625 0.0171875 0.0234375
0 0.4078125 0.01640625 0.05 0.0328125
0 0.71875 0.5546875 0.028125 0.0296875
0 0.86015625 0.41953125 0.0328125 0.071875
0 0.71875 0.7265625 0.0234375 0.0328125
0 0.346875 0.465625 0.05 0.0640625
0 0.6046875 0.57578125 0.0203125 0.0359375
0 0.46796875 0.03125 0.0328125 0.0546875
0 0.89296875 0.3953125 0.0296875 0.0296875
0 0.2578125 0.4171875 0.0640625 0.075
0 0.58203125 0.48359375 0.0765625 0.1484375
0 0.2125 0.7046875 0.0421875 0.065625
0 0.94296875 0.6640625 0.0359375 0.034375
0 0.6421875 0.24453125 0.0140625 0.034375
0 0.76875 0.734375 0.015625 0.0203125
0 0.234375 0.253125 0.1328125 0.1640625
0 0.90078125 0.69296875 0.0296875 0.05625
0 0.8859375 0.85546875 0.0359375 0.0390625
0 0.03203125 0.75234375 0.0640625 0.0640625
0 0.81640625 0.59140625 0.025 0.075
0 0.6890625 0.86328125 0.0171875 0.0390625
0 0.36328125 0.05546875 0.0171875 0.0234375
0 0.39296875 0.46328125 0.0375 0.040625
0 0.68125 0.421875 0.0328125 0.0359375
0 0.2171875 0.153125 0.0625 0.0609375
0 0.68984375 0.25390625 0.0140625 0.021875
0 0.6390625 0.40234375 0.040625 0.0375
0 0.915625 0.33984375 0.065625 0.0515625
0 0.88046875 0.99296875 0.0109375 0.0140625
0 0.8671875 0.79375 0.025 0.0359375
0 0.43203125 0.33515625 0.015625 0.015625
0 0.33984375 0.884375 0.1546875 0.209375
0 0.05859375 0.31328125 0.096875 0.0984375
0 0.921875 0.89140625 0.0421875 0.05625
0 0.79375 0.91875 0.0453125 0.059375
0 0.52578125 0.95703125 0.025 0.0234375
0 0.89921875 0.525 0.0125 0.015625
0 0.45234375 0.0953125 0.0546875 0.0890625
0 0.2109375 0.8078125 0.103125 0.146875
0 0.1515625 0.62890625 0.0421875 0.0375
0 0.6515625 0.3796875 0.0109375 0.015625
0 0.421875 0.4421875 0.034375 0.0390625
0 0.90078125 0.9953125 0.0640625 0.009375
0 0.853125 0.309375 0.078125 0.1171875
0 0.54296875 0.00859375 0.046875 0.0171875
0 0.65 0.4671875 0.0296875 0.0296875
0 0.0859375 0.9234375 0.0234375 0.0328125
0 0.88125 0.64140625 0.0328125 0.0390625
0 0.83359375 0.9609375 0.03125 0.0359375
0 0.35546875 0.17421875 0.121875 0.1515625
0 0.43984375 0.68671875 0.0625 0.059375
0 0.690625 0.37421875 0.0296875 0.0328125
0 0.1 0.79765625 0.0375 0.04375
0 0.9140625 0.7546875 0.0125 0.0140625
0 0.7234375 0.4875 0.0171875 0.025
0 0.628125 0.1828125 0.0375 0.0375
0 0.8015625 0.8625 0.0359375 0.0484375
0 0.975 0.74296875 0.0203125 0.0640625
0 0.59453125 0.12578125 0.0109375 0.0125
0 0.8453125 0.8734375 0.03125 0.0625
0 0.7796875 0.99765625 0.01875 0.0046875
0 0.384375 0.571875 0.0484375 0.065625
0 0.82890625 0.80859375 0.0375 0.0390625
0 0.70859375 0.15390625 0.0671875 0.1078125
0 0.8984375 0.5953125 0.0625 0.096875
0 0.16328125 0.5171875 0.0390625 0.03125
0 0.13984375 0.49375 0.0296875 0.025
0 0.06875 0.1828125 0.090625 0.103125
0 0.94921875 0.70078125 0.0234375 0.028125
0 0.45078125 0.25859375 0.1109375 0.1765625
0 0.62421875 0.515625 0.03125 0.040625
0 0.2859375 0.209375 0.0234375 0.0234375
0 0.7953125 0.61015625 0.0296875 0.0828125
0 0.33828125 0.2859375 0.0640625 0.0625
0 0.81015625 0.5125 0.0546875 0.0875
0 0.70546875 0.47109375 0.0234375 0.0328125
0 0.5734375 0.55546875 0.025 0.0296875
0 0.5609375 0.19296875 0.0640625 0.0671875
0 0.76015625 0.57734375 0.028125 0.0296875
0 0.72734375 0.34453125 0.0171875 0.0296875
0 0.4984375 0.68203125 0.0453125 0.046875
0 0.72109375 0.4578125 0.0234375 0.028125
0 0.12109375 0.72734375 0.0375 0.034375
0 0.56328125 0.65 0.0875 0.0984375
0 0.91171875 0.44765625 0.0453125 0.046875
0 0.0375 0.6078125 0.075 0.078125
0 0.35 0.60546875 0.040625 0.04375
0 0.27109375 0.840625 0.0390625 0.0375
0 0.9453125 0.98828125 0.034375 0.0234375
0 0.5375 0.071875 0.0609375 0.053125
0 0.87421875 0.73828125 0.04375 0.05
0 0.971875 0.83125 0.0109375 0.0328125
0 0.72890625 0.69453125 0.025 0.025
0 0.56640625 0.5859375 0.028125 0.0328125
0 0.73671875 0.37578125 0.0171875 0.015625
0 0.95546875 0.76640625 0.05 0.0953125
0 0.22109375 0.95703125 0.0453125 0.0453125
0 0.740625 0.5984375 0.0140625 0.0171875
0 0.64453125 0.43203125 0.0234375 0.0265625
0 0.775 0.646875 0.028125 0.034375
0 0.28515625 0.1625 0.0640625 0.0671875
0 0.14453125 0.78203125 0.0515625 0.046875
0 0.421875 0.55078125 0.0375 0.0484375
0 0.47109375 0.78515625 0.021875 0.021875
0 0.409375 0.88515625 0.0265625 0.04375
0 0.38359375 0.95703125 0.034375 0.04375
0 0.4375 0.9421875 0.059375 0.0828125
1 0.64296875 0.8328125 0.13125 0.2328125
0 0.346875 0.3859375 0.021875 0.0234375
0 0.6296875 0.3203125 0.0359375 0.025
0 0.61875 0.33828125 0.040625 0.0234375
0 0.659375 0.32421875 0.0296875 0.0390625
0 0.65390625 0.271875 0.021875 0.034375
0 0.678125 0.24140625 0.028125 0.025
0 0.809375 0.3875 0.025 0.0296875
1 0.78125 0.4109375 0.078125 0.0859375
0 0.8453125 0.44921875 0.01875 0.0234375
0 0.9875 0.54140625 0.0234375 0.0328125
0 0.9140625 0.55703125 0.0140625 0.015625
0 0.92265625 0.684375 0.0328125 0.05
0 0.590625 0.7484375 0.0265625 0.0375
0 0.75859375 0.78671875 0.015625 0.021875
0 0.5015625 0.3640625 0.03125 0.0296875
0 0.53046875 0.38984375 0.028125 0.028125
0 0.559375 0.4125 0.0359375 0.0359375
0 0.59375 0.40078125 0.028125 0.0234375
0 0.53203125 0.465625 0.0453125 0.065625
0 0.65625 0.52890625 0.0140625 0.01875
0 0.89453125 0.97265625 0.015625 0.0203125
0 0.91171875 0.8078125 0.0234375 0.0328125
1 0.0703125 0.19609375 0.109375 0.153125
1 0.62109375 0.115625 0.0578125 0.0703125
1 0.59140625 0.0296875 0.0453125 0.0421875
1 0.70078125 0.6828125 0.065625 0.1328125
1 0.5578125 0.47734375 0.2265625 0.2625
0 0.5375 0.61796875 0.0171875 0.021875
0 0.81875 0.7015625 0.0546875 0.0984375
1 0.74453125 0.7140625 0.09375 0.175
0 0.82734375 0.40078125 0.0140625 0.0171875
0 0.78515625 0.77578125 0.0265625 0.025