0 0.96328125 0.68515625 0.053125 0.05
0 0.45703125 0.52890625 0.040625 0.04375
0 0.14765625 0.5828125 0.0203125 0.0203125
0 0.9875 0.20390625 0.025 0.0484375
0 0.10390625 0.109375 0.021875 0.0234375
0 0.8796875 0.43828125 0.05625 0.05625
0 0.390625 0.7 0.040625 0.0390625
0 0.20234375 0.3109375 0.0171875 0.0125
0 0.6984375 0.54375 0.059375 0.0453125
0 0.7453125 0.4578125 0.0625 0.0828125
0 0.140625 0.20859375 0.021875 0.0203125
0 0.590625 0.7390625 0.05 0.0328125
0 0.63671875 0.1234375 0.0515625 0.0375
0 0.378125 0.14296875 0.0359375 0.065625
0 0.69453125 0.44453125 0.0375 0.0609375
0 0.22421875 0.13515625 0.0328125 0.034375
0 0.840625 0.67734375 0.040625 0.040625
0 0.16640625 0.321875 0.0125 0.015625
0 0.540625 0.78203125 0.0984375 0.0625
0 0.46640625 0.11953125 0.028125 0.0328125
0 0.99375 0.35625 0.0125 0.06875
0 0.2671875 0.45390625 0.0375 0.06875
0 0.8703125 0.6625 0.034375 0.0296875
0 0.3078125 0.8125 0.025 0.0296875
0 0.45859375 0.2453125 0.028125 0.040625
0 0.93203125 0.3265625 0.0515625 0.0640625
0 0.534375 0.415625 0.0453125 0.040625
0 0.2828125 0.8296875 0.0171875 0.01875
0 0.2171875 0.83828125 0.0203125 0.025
0 0.0765625 0.39296875 0.021875 0.0140625
0 0.38984375 0.74921875 0.0265625 0.0203125
0 0.62109375 0.18828125 0.0234375 0.040625
0 0.54921875 0.5421875 0.0171875 0.0203125
0 0.0859375 0.59921875 0.0140625 0.0140625
0 0.49453125 0.73671875 0.04375 0.0375
0 0.4265625 0.12578125 0.053125 0.0640625
0 0.571875 0.34921875 0.040625 0.05
0 0.06875 0.60703125 0.0140625 0.0140625
0 0.5109375 0.675 0.0203125 0.0203125
0 0.946875 0.7203125 0.0390625 0.040625
1 0.084375 0.70625 0.0734375 0.0828125
0 0.66875 0.66953125 0.046875 0.046875
0 0.37734375 0.20703125 0.08125 0.0640625
0 0.78515625 0.809375 0.04375 0.034375
0 0.8296875 0.80859375 0.0375 0.021875
0 0.81328125 0.41171875 0.0640625 0.159375
0 0.51171875 0.3421875 0.0453125 0.0578125
0 0.2609375 0.81875 0.0234375 0.0234375
0 0.9421875 0.471875 0.115625 0.146875
0 0.6984375 0.71875 0.0421875 0.059375
0 0.465625 0.3359375 0.05625 0.078125
0 0.2046875 0.71953125 0.0390625 0.0328125
0 0.76171875 0.38203125 0.071875 0.0765625
0 0.7265625 0.63359375 0.09375 0.04375
0 0.54765625 0.615625 0.0734375 0.0625
0 0.10859375 0.14609375 0.0359375 0.0421875
0 0.95546875 0.19375 0.0515625 0.084375
0 0.41171875 0.565625 0.0390625 0.0453125
0 0.534375 0.36796875 0.0234375 0.0359375
0 0.5921875 0.11875 0.0484375 0.0296875
0 0.646875 0.409375 0.0515625 0.0625
1 0.0875 0.65625 0.0609375 0.05
0 0.3625 0.6984375 0.0234375 0.0328125
0 0.13125 0.5375 0.0453125 0.0484375
0 0.38046875 0.528125 0.0140625 0.0234375
0 0.96328125 0.3765625 0.034375 0.0390625
0 0.3546875 0.5453125 0.0171875 0.0390625
0 0.41875 0.72578125 0.0234375 0.0203125
0 0.05859375 0.8640625 0.015625 0.01875
0 0.31953125 0.2546875 0.04375 0.059375
0 0.9109375 0.653125 0.0546875 0.04375
0 0.06953125 0.50390625 0.0203125 0.0171875
0 0.81875 0.85 0.075 0.05
0 0.8609375 0.51328125 0.040625 0.040625
0 0.39375 0.50859375 0.0421875 0.04375
0 0.57578125 0.16875 0.0296875 0.0390625
0 0.3515625 0.5875 0.025 0.0421875
0 0.23828125 0.3796875 0.0171875 0.0234375
0 0.25546875 0.7953125 0.0234375 0.025
0 0.5359375 0.70625 0.0421875 0.0265625
0 0.2578125 0.55859375 0.0546875 0.0625
0 0.3734375 0.871875 0.0296875 0.0359375
0 0.74296875 0.81171875 0.040625 0.0296875
0 0.18515625 0.12734375 0.021875 0.0234375
0 0.38046875 0.715625 0.0234375 0.021875
0 0.77734375 0.521875 0.0328125 0.0484375
0 0.10703125 0.59765625 0.0203125 0.015625
0 0.2015625 0.8234375 0.021875 0.0140625
0 0.65 0.2921875 0.1421875 0.1953125
0 0.45703125 0.296875 0.021875 0.025
0 0.09609375 0.84453125 0.01875 0.025
0 0.3328125 0.47890625 0.0640625 0.0734375
0 0.9296875 0.56015625 0.0703125 0.0421875
0 0.42265625 0.434375 0.0375 0.053125
0 0.8203125 0.2875 0.1625 0.1328125
0 0.0765625 0.80703125 0.0359375 0.046875
0 0.53125 0.2171875 0.06875 0.06875
0 0.36640625 0.765625 0.01875 0.025
0 0.640625 0.7703125 0.0390625 0.0328125
0 0.31953125 0.3828125 0.0203125 0.0234375
0 0.2859375 0.521875 0.015625 0.015625
0 0.0640625 0.35390625 0.01875 0.0125
0 0.6015625 0.20703125 0.0328125 0.0359375
0 0.484375 0.85390625 0.040625 0.0625
0 0.1140625 0.8265625 0.0328125 0.040625
0 0.10625 0.4859375 0.0234375 0.0171875
0 0.09296875 0.4421875 0.0125 0.015625
0 0.25625 0.5875 0.0203125 0.0234375
0 0.38671875 0.8078125 0.0453125 0.0484375
0 0.31015625 0.509375 0.0265625 0.0375
0 0.090625 0.50390625 0.021875 0.015625
0 0.45234375 0.86015625 0.021875 0.0296875
0 0.66953125 0.63203125 0.0390625 0.025
0 0.87890625 0.1390625 0.05625 0.0390625
0 0.16796875 0.85546875 0.028125 0.05625
0 0.54296875 0.26640625 0.0203125 0.0421875
0 0.90078125 0.36171875 0.0625 0.0703125
0 0.80859375 0.171875 0.1328125 0.1109375
0 0.03671875 0.16171875 0.0078125 0.0125
0 0.1703125 0.53984375 0.0375 0.0453125
0 0.2015625 0.5421875 0.0375 0.05
0 0.49140625 0.403125 0.0265625 0.0484375
0 0.65078125 0.81640625 0.109375 0.0484375
0 0.09296875 0.5640625 0.071875 0.0453125
0 0.08359375 0.63203125 0.0171875 0.0140625
0 0.10390625 0.628125 0.015625 0.015625
0 0.12265625 0.61171875 0.0171875 0.0171875
0 0.15859375 0.62734375 0.015625 0.0140625
0 0.1765625 0.653125 0.0109375 0.0125
0 0.18671875 0.6171875 0.015625 0.0125
0 0.196875 0.62578125 0.0125 0.0109375
0 0.209375 0.65078125 0.01875 0.0140625
0 0.0796875 0.82109375 0.009375 0.0125
0 0.11875 0.4984375 0.0125 0.0109375
0 0.11953125 0.51015625 0.0140625 0.009375
0 0.14609375 0.503125 0.0234375 0.009375
0 0.1421875 0.51640625 0.0171875 0.015625
0 0.1703125 0.51171875 0.0125 0.0078125
0 0.08515625 0.53984375 0.0125 0.0109375
0 0.19375 0.5625 0.0515625 0.0375
1 0.159375 0.6046875 0.0609375 0.0328125
0 0.184375 0.63046875 0.0109375 0.0078125
1 0.21875 0.603125 0.071875 0.028125
0 0.225 0.621875 0.0203125 0.0125
0 0.2140625 0.63046875 0.0203125 0.0125
0 0.24375 0.6265625 0.015625 0.0140625
0 0.2296875 0.634375 0.0140625 0.0109375
0 0.39296875 0.73515625 0.0171875 0.009375
0 0.44921875 0.7578125 0.015625 0.0109375
0 0.43515625 0.8921875 0.0125 0.009375
0 0.325 0.82421875 0.0234375 0.034375
0 0.36484375 0.85234375 0.009375 0.0125
0 0.3265625 0.88671875 0.0125 0.0078125
0 0.37421875 0.890625 0.009375 0.0046875
0 0.246875 0.87109375 0.0375 0.034375
0 0.2171875 0.875 0.0171875 0.021875
0 0.203125 0.88046875 0.0078125 0.009375
0 0.234375 0.85703125 0.0171875 0.0265625
0 0.609375 0.6203125 0.0359375 0.0328125
0 0.58515625 0.7671875 0.0546875 0.0453125
0 0.53828125 0.7375 0.025 0.0203125
0 0.5484375 0.715625 0.034375 0.025
0 0.60703125 0.6921875 0.096875 0.08125
0 0.753125 0.684375 0.084375 0.071875
1 0.603125 0.58203125 0.090625 0.1484375
1 0.7609375 0.58984375 0.2296875 0.0953125
1 0.8828125 0.60078125 0.228125 0.0828125
0 0.6546875 0.15 0.0203125 0.0375
1 0.3640625 0.4078125 0.134375 0.1703125
1 0.52265625 0.46171875 0.1828125 0.1578125
1 0.51875 0.4203125 0.215625 0.278125
1 0.90390625 0.184375 0.1921875 0.19375
1 0.5890625 0.78203125 0.290625 0.0828125
1 0.3359375 0.8328125 0.059375 0.078125