0 0.4359375 0.93125 0.0203125 0.021875
0 0.81875 0.9390625 0.0875 0.0796875
0 0.6484375 0.0140625 0.046875 0.028125
0 0.5859375 0.78125 0.065625 0.0609375
0 0.51796875 0.60859375 0.0421875 0.0390625
0 0.36796875 0.13671875 0.0703125 0.05625
0 0.31015625 0.1515625 0.0203125 0.021875
0 0.07734375 0.76875 0.0265625 0.0328125
0 0.43359375 0.828125 0.0484375 0.0546875
0 0.39453125 0.946875 0.1109375 0.10625
1 0.68203125 0.375 0.15625 0.1234375
0 0.1609375 0.32109375 0.0546875 0.05625
0 0.87890625 0.496875 0.040625 0.0484375
0 0.865625 0.853125 0.0984375 0.1234375
0 0.0578125 0.3828125 0.009375 0.0109375
0 0.62421875 0.60390625 0.0671875 0.125
0 0.44453125 0.04609375 0.01875 0.0234375
0 0.40390625 0.05234375 0.0328125 0.0375
0 0.4078125 0.01640625 0.1359375 0.0328125
0 0.1671875 0.9046875 0.084375 0.059375
0 0.1375 0.73984375 0.0203125 0.0203125
0 0.3234375 0.5421875 0.0203125 0.021875
0 0.29296875 0.8765625 0.0328125 0.04375
0 0.46484375 0.42734375 0.021875 0.028125
0 0.7046875 0.96640625 0.0484375 0.0609375
0 0.11015625 0.34921875 0.028125 0.0296875
0 0.5859375 0.03671875 0.0484375 0.05625
0 0.6625 0.28828125 0.0359375 0.040625
0 0.38984375 0.10234375 0.015625 0.021875
0 0.16015625 0.1625 0.0203125 0.0234375
0 0.26328125 0.36953125 0.046875 0.0328125
1 0.87578125 0.36953125 0.1046875 0.1125
0 0.60703125 0.315625 0.0234375 0.0296875
0 0.35078125 0.53125 0.021875 0.021875
0 0.28515625 0.853125 0.025 0.0265625
0 0.08359375 0.82890625 0.028125 0.0421875
0 0.83984375 0.70078125 0.1109375 0.071875
0 0.31875 0.8671875 0.0296875 0.046875
0 0.65234375 0.62109375 0.09375 0.1234375
0 0.4703125 0.56171875 0.0140625 0.0171875
0 0.61328125 0.7328125 0.04375 0.0546875
0 0.7359375 0.2765625 0.021875 0.025
0 0.771875 0.440625 0.034375 0.04375
0 0.24765625 0.8015625 0.084375 0.059375
0 0.7578125 0.98359375 0.04375 0.0234375
0 0.33125 0.97265625 0.0203125 0.034375
0 0.62734375 0.1328125 0.028125 0.0328125
0 0.2109375 0.57421875 0.0265625 0.0390625
0 0.09140625 0.13203125 0.1203125 0.1078125
0 0.30078125 0.19375 0.034375 0.028125
0 0.2421875 0.1109375 0.03125 0.034375
0 0.1046875 0.7734375 0.034375 0.04375
0 0.090625 0.33125 0.021875 0.0265625
0 0.63046875 0.05 0.0453125 0.0515625
0 0.3640625 0.609375 0.0203125 0.0203125
0 0.54375 0.546875 0.0828125 0.1
0 0.821875 0.45390625 0.040625 0.04375
0 0.578125 0.325 0.0234375 0.028125
0 0.521875 0.003125 0.040625 0.00625
0 0.33359375 0.3609375 0.0609375 0.0859375
0 0.7 0.5265625 0.0859375 0.0984375
0 0.66796875 0.07265625 0.034375 0.0546875
0 0.30625 0.2734375 0.0984375 0.0640625
0 0.0609375 0.57890625 0.0203125 0.0140625
0 0.590625 0.40390625 0.0703125 0.0609375
0 0.31875 0.22265625 0.034375 0.028125
0 0.64140625 0.1984375 0.0953125 0.109375
0 0.54609375 0.20546875 0.0609375 0.0703125
1 0.29609375 0.6265625 0.1484375 0.1625
0 0.48828125 0.41640625 0.028125 0.0359375
0 0.9203125 0.23359375 0.065625 0.0734375
0 0.19609375 0.26015625 0.0828125 0.0640625
0 0.29921875 0.49140625 0.0234375 0.0265625
0 0.7 0.33125 0.05 0.03125
0 0.278125 0.98046875 0.046875 0.0390625
0 0.19765625 0.98984375 0.0296875 0.0203125
0 0.740625 0.15 0.040625 0.0453125
0 0.49140625 0.54296875 0.01875 0.0203125
0 0.3421875 0.4875 0.0671875 0.065625
0 0.3609375 0.23671875 0.034375 0.0359375
0 0.271875 0.21953125 0.05 0.0421875
0 0.55390625 0.98203125 0.040625 0.034375
0 0.3640625 0.79375 0.034375 0.0390625
0 0.4234375 0.078125 0.025 0.03125
0 0.7734375 0.50546875 0.04375 0.046875
0 0.79296875 0.08125 0.0625 0.0953125
0 0.440625 0.2546875 0.1 0.0765625
0 0.5609375 0.08984375 0.0625 0.0546875
1 0.43671875 0.64140625 0.0421875 0.04375
0 0.3875 0.84453125 0.0453125 0.0515625
0 0.4453125 0.07109375 0.01875 0.021875
0 0.7453125 0.01484375 0.128125 0.0296875
0 0.61953125 0.90078125 0.0984375 0.084375
0 0.66875 0.63125 0.0515625 0.103125
0 0.30703125 0.73125 0.0328125 0.046875
0 0.440625 0.43984375 0.028125 0.034375
0 0.35234375 0.8203125 0.028125 0.03125
0 0.46796875 0.88203125 0.1484375 0.1078125
0 0.3234375 0.93359375 0.0203125 0.0359375
0 0.853125 0.31875 0.0375 0.0390625
0 0.33984375 0.99296875 0.0390625 0.0140625
0 0.4703125 0.76796875 0.06875 0.078125
0 0.25859375 0.3953125 0.0515625 0.0359375
0 0.23125 0.9890625 0.028125 0.021875
0 0.0515625 0.234375 0.0703125 0.0546875
0 0.71328125 0.08828125 0.0328125 0.0515625
0 0.93828125 0.4390625 0.0765625 0.0859375
0 0.940625 0.50859375 0.046875 0.0484375
0 0.7265625 0.91875 0.046875 0.059375
0 0.20546875 0.759375 0.0453125 0.046875
0 0.70859375 0.23046875 0.0296875 0.034375
0 0.25546875 0.32109375 0.0921875 0.0953125
0 0.51953125 0.70390625 0.04375 0.04375
0 0.546875 0.4765625 0.0328125 0.0296875
0 0.525 0.15546875 0.05 0.053125
0 0.15 0.965625 0.065625 0.06875
0 0.78046875 0.984375 0.028125 0.0203125
0 0.5328125 0.42734375 0.0546875 0.0515625
0 0.3390625 0.08515625 0.0609375 0.0828125
0 0.66953125 0.9796875 0.0421875 0.034375
0 0.4046875 0.22734375 0.04375 0.0375
0 0.0421875 0.3546875 0.04375 0.0453125
0 0.29765625 0.659375 0.0140625 0.0125
0 0.33671875 0.1625 0.0265625 0.03125
0 0.0890625 0.290625 0.0390625 0.0453125
0 0.10703125 0.29921875 0.0328125 0.0375
0 0.62578125 0.90625 0.0171875 0.015625
1 0.55234375 0.96875 0.11875 0.0625
1 0.50703125 0.97890625 0.0234375 0.0421875