0 0.365625 0.72890625 0.0234375 0.015625
0 0.41328125 0.465625 0.046875 0.0296875
0 0.53828125 0.865625 0.025 0.028125
0 0.46875 0.84765625 0.028125 0.0359375
0 0.50546875 0.85703125 0.0171875 0.0171875
0 0.34296875 0.6734375 0.04375 0.0359375
0 0.19140625 0.86015625 0.0265625 0.01875
0 0.153125 0.7796875 0.0234375 0.0234375
0 0.375 0.3890625 0.1265625 0.0671875
0 0.46953125 0.78046875 0.0203125 0.0171875
0 0.22109375 0.37265625 0.059375 0.04375
0 0.58203125 0.57109375 0.0296875 0.0234375
0 0.4671875 0.540625 0.05 0.0390625
0 0.1734375 0.784375 0.0234375 0.0234375
0 0.42265625 0.51953125 0.0390625 0.0359375
0 0.734375 0.1484375 0.071875 0.0515625
0 0.64765625 0.428125 0.021875 0.0171875
0 0.72421875 0.39921875 0.0125 0.0171875
0 0.41953125 0.61875 0.046875 0.0328125
0 0.4859375 0.46484375 0.0875 0.071875
0 0.653125 0.609375 0.034375 0.040625
0 0.1953125 0.58671875 0.01875 0.0171875
0 0.4171875 0.71875 0.028125 0.028125
0 0.3875 0.59921875 0.0421875 0.0359375
0 0.77109375 0.4046875 0.05 0.040625
0 0.3640625 0.815625 0.0203125 0.01875
0 0.1609375 0.70703125 0.0296875 0.0296875
0 0.44375 0.490625 0.0640625 0.04375
0 0.34296875 0.853125 0.021875 0.021875
0 0.3328125 0.60390625 0.0484375 0.046875
0 0.76171875 0.4375 0.034375 0.0359375
0 0.29609375 0.66171875 0.0359375 0.0359375
0 0.5359375 0.35703125 0.0421875 0.034375
0 0.33828125 0.4546875 0.0140625 0.015625
0 0.725 0.42890625 0.03125 0.034375
0 0.56953125 0.45390625 0.0265625 0.025
0 0.3765625 0.74921875 0.021875 0.0234375
0 0.3328125 0.87421875 0.021875 0.0234375
0 0.55703125 0.79140625 0.015625 0.015625
0 0.3234375 0.571875 0.06875 0.05
0 0.39296875 0.84609375 0.0171875 0.021875
0 0.3859375 0.34609375 0.0328125 0.0234375
0 0.52265625 0.66953125 0.0359375 0.03125
0 0.4 0.86796875 0.015625 0.01875
0 0.80078125 0.428125 0.03125 0.03125
0 0.61484375 0.6234375 0.025 0.0296875
0 0.49921875 0.83203125 0.0171875 0.01875
0 0.2390625 0.45703125 0.0296875 0.0203125
0 0.63203125 0.55390625 0.0171875 0.021875
0 0.36328125 0.85625 0.021875 0.0203125
0 0.43203125 0.5953125 0.034375 0.028125
0 0.16328125 0.80703125 0.0234375 0.025
0 0.3 0.4625 0.01875 0.015625
0 0.16640625 0.8328125 0.0125 0.0140625
0 0.30625 0.17578125 0.1 0.0796875
0 0.42578125 0.8796875 0.05 0.0296875
0 0.65390625 0.51015625 0.0265625 0.0265625
0 0.58125 0.5328125 0.0140625 0.0140625
0 0.64609375 0.4546875 0.0609375 0.046875
0 0.24921875 0.8109375 0.0515625 0.0453125
0 0.275 0.87421875 0.021875 0.0109375
0 0.5703125 0.4921875 0.0796875 0.065625
0 0.3046875 0.4140625 0.0296875 0.021875
0 0.53359375 0.6171875 0.0265625 0.034375
0 0.415625 0.76484375 0.03125 0.028125
0 0.16796875 0.52421875 0.071875 0.0609375
0 0.3875 0.81796875 0.021875 0.0234375
0 0.23359375 0.56171875 0.065625 0.065625
0 0.403125 0.7390625 0.015625 0.0140625
0 0.39296875 0.80078125 0.0171875 0.0203125
0 0.36796875 0.77265625 0.021875 0.0234375
0 0.171875 0.6859375 0.0203125 0.021875
0 0.3734375 0.8375 0.0171875 0.0171875
0 0.30234375 0.79765625 0.021875 0.021875
0 0.31953125 0.85078125 0.034375 0.0375
0 0.35390625 0.7890625 0.0140625 0.0171875
0 0.47265625 0.88671875 0.0265625 0.0265625
0 0.37265625 0.45078125 0.0171875 0.015625
0 0.81640625 0.446875 0.040625 0.0375
0 0.596875 0.4515625 0.028125 0.034375
0 0.62734375 0.490625 0.0453125 0.0453125
0 0.73671875 0.48671875 0.0890625 0.059375
0 0.44921875 0.77421875 0.0171875 0.0171875
1 0.77578125 0.2375 0.053125 0.071875
0 0.453125 0.3390625 0.0609375 0.0359375
0 0.1453125 0.28984375 0.046875 0.04375
0 0.171875 0.32265625 0.015625 0.0125
0 0.2046875 0.340625 0.0171875 0.0125
0 0.4359375 0.8890625 0.0203125 0.015625
0 0.4875 0.378125 0.015625 0.0125