0 0.11796875 0.62890625 0.0203125 0.021875
0 0.640625 0.62578125 0.04375 0.046875
0 0.209375 0.49140625 0.028125 0.028125
0 0.69765625 0.2140625 0.040625 0.0515625
0 0.16015625 0.6671875 0.028125 0.0390625
0 0.20703125 0.3578125 0.0296875 0.0390625
0 0.34453125 0.5625 0.075 0.10625
0 0.003125 0.534375 0.00625 0.0375
0 0.47421875 0.6640625 0.0359375 0.046875
0 0.3859375 0.63515625 0.0953125 0.1078125
0 0.8734375 0.85625 0.059375 0.0984375
0 0.421875 0.0265625 0.0375 0.0484375
0 0.109375 0.284375 0.0921875 0.121875
0 0.4640625 0.48046875 0.0875 0.0796875
0 0.509375 0.49765625 0.0296875 0.0265625
0 0.2296875 0.70390625 0.021875 0.021875
0 0.2671875 0.19609375 0.0484375 0.0640625
0 0.6796875 0.11953125 0.040625 0.084375
0 0.53203125 0.68046875 0.1140625 0.0984375
0 0.7859375 0.2671875 0.0890625 0.13125
0 0.371875 0.1125 0.0328125 0.0375
0 0.2984375 0.1546875 0.08125 0.096875
0 0.94453125 0.79453125 0.0671875 0.121875
0 0.27734375 0.65546875 0.03125 0.046875
0 0.0875 0.47890625 0.0328125 0.034375
0 0.7765625 0.1875 0.05 0.0734375
0 0.3125 0.69375 0.0421875 0.059375
0 0.4421875 0.3421875 0.11875 0.10625
0 0.18515625 0.24453125 0.159375 0.2484375
0 0.5984375 0.53125 0.140625 0.146875
0 0.81328125 0.86015625 0.0671875 0.0828125
0 0.590625 0.1609375 0.078125 0.13125
0 0.490625 0.3765625 0.134375 0.1078125
0 0.678125 0.7609375 0.0359375 0.0421875
0 0.68828125 0.47421875 0.075 0.128125
0 0.52890625 0.59453125 0.0671875 0.078125
0 0.71640625 0.05703125 0.053125 0.078125
0 0.11015625 0.5171875 0.0375 0.03125
0 0.196875 0.68984375 0.0484375 0.0421875
0 0.3453125 0.7328125 0.0421875 0.0609375
0 0.15078125 0.6296875 0.0375 0.040625
0 0.92421875 0.37265625 0.0484375 0.071875
0 0.50703125 0.7890625 0.1859375 0.140625
0 0.88671875 0.6453125 0.0765625 0.084375
0 0.77109375 0.7046875 0.084375 0.096875
0 0.35859375 0.3765625 0.021875 0.0109375
0 0.5203125 0.13671875 0.0484375 0.0765625
0 0.4578125 0.59140625 0.090625 0.090625
0 0.41640625 0.5453125 0.065625 0.0734375
0 0.8203125 0.959375 0.08125 0.08125
0 0.378125 0.31640625 0.075 0.0703125
0 0.6984375 0.62578125 0.0734375 0.0765625
0 0.8078125 0.65390625 0.078125 0.10625
0 0.665625 0.92265625 0.0578125 0.0796875
0 0.45546875 0.03125 0.0359375 0.05
1 0.97734375 0.1390625 0.0453125 0.125
0 0.4359375 0.2390625 0.09375 0.1
0 0.12890625 0.06484375 0.0265625 0.0453125
0 0.3921875 0.74921875 0.0734375 0.10625
0 0.03828125 0.58984375 0.0765625 0.0921875
0 0.36875 0.93515625 0.046875 0.05625
0 0.2765625 0.6109375 0.0296875 0.0390625
0 0.3125 0.64921875 0.0296875 0.0375
0 0.19921875 0.128125 0.071875 0.078125
0 0.2375 0.54140625 0.1 0.0671875
0 0.2078125 0.47734375 0.028125 0.0484375
0 0.28828125 0.3796875 0.0703125 0.065625
0 0.93125 0.959375 0.0546875 0.08125
0 0.48671875 0.98046875 0.0421875 0.0390625
0 0.6828125 0.6921875 0.0671875 0.0703125
0 0.7125 0.9953125 0.059375 0.009375
0 0.65234375 0.30703125 0.1359375 0.2046875
0 0.41171875 0.08046875 0.0328125 0.04375
0 0.0984375 0.01953125 0.034375 0.0390625
0 0.653125 0.7109375 0.0734375 0.078125
0 0.72734375 0.915625 0.08125 0.096875
0 0.44375 0.128125 0.09375 0.1390625
0 0.32578125 0.35078125 0.078125 0.071875
0 0.24921875 0.4640625 0.0296875 0.0375
0 0.12109375 0.1109375 0.01875 0.021875
0 0.84296875 0.859375 0.10625 0.09375
0 0.2625 0.0546875 0.125 0.109375
0 0.10546875 0.41171875 0.0625 0.0765625
0 0.94765625 0.23046875 0.1046875 0.2421875
0 0.79921875 0.3296875 0.0515625 0.0703125
0 0.5578125 0.05 0.221875 0.1
0 0.3421875 0.6953125 0.0203125 0.0234375
0 0.7921875 0.4015625 0.0171875 0.025
0 0.23359375 0.4640625 0.04375 0.04375
0 0.20078125 0.57578125 0.0484375 0.0609375
0 0.4484375 0.98359375 0.0328125 0.0265625
0 0.33359375 0.2609375 0.0390625 0.0515625
0 0.740625 0.11171875 0.0171875 0.0234375
0 0.571875 0.62890625 0.0546875 0.059375
0 0.51796875 0.45546875 0.04375 0.04375
0 0.8328125 0.521875 0.1 0.1140625
0 0.21015625 0.31484375 0.0328125 0.0484375
0 0.97421875 0.45546875 0.0515625 0.1921875
0 0.20390625 0.0078125 0.1078125 0.015625
0 0.24453125 0.62265625 0.028125 0.040625
0 0.0296875 0.6234375 0.059375 0.0625
0 0.73515625 0.371875 0.034375 0.01875
0 0.71484375 0.38203125 0.028125 0.021875
0 0.69921875 0.81484375 0.03125 0.0203125
0 0.703125 0.83359375 0.021875 0.0234375
0 0.42265625 0.86796875 0.1640625 0.1640625
0 0.215625 0.7703125 0.028125 0.025
0 0.05 0.065625 0.025 0.1
1 0.428125 0.33515625 0.4328125 0.31875
1 0.5515625 0.80625 0.4 0.2296875