0 0.24453125 0.26640625 0.04375 0.03125
0 0.5765625 0.43359375 0.1484375 0.090625
0 0.96875 0.15390625 0.0625 0.0890625
1 0.23125 0.3484375 0.084375 0.0765625
0 0.9296875 0.353125 0.046875 0.034375
0 0.44765625 0.69453125 0.0703125 0.0578125
0 0.1859375 0.203125 0.046875 0.0328125
0 0.66484375 0.50703125 0.0234375 0.0140625
0 0.4640625 0.75390625 0.0296875 0.01875
0 0.94609375 0.5546875 0.0390625 0.0265625
0 0.96796875 0.4921875 0.0453125 0.0328125
0 0.62578125 0.215625 0.0515625 0.0765625
0 0.79609375 0.0625 0.040625 0.0375
0 0.73125 0.27890625 0.0421875 0.0453125
0 0.78359375 0.565625 0.0390625 0.0453125
0 0.42890625 0.26875 0.1296875 0.1046875
0 0.74609375 0.3375 0.04375 0.0328125
0 0.83046875 0.2140625 0.0515625 0.040625
0 0.40234375 0.69296875 0.025 0.015625
0 0.74921875 0.51015625 0.04375 0.0359375
0 0.4546875 0.62421875 0.028125 0.0171875
0 0.16484375 0.55703125 0.034375 0.025
0 0.1234375 0.31171875 0.109375 0.059375
0 0.2515625 0.23125 0.0421875 0.034375
0 0.81640625 0.50078125 0.0375 0.05
0 0.23515625 0.7078125 0.0734375 0.06875
0 0.44921875 0.33359375 0.0453125 0.03125
0 0.07578125 0.39453125 0.0515625 0.0359375
0 0.3328125 0.32890625 0.1234375 0.0921875
0 0.10390625 0.36796875 0.0421875 0.0328125
0 0.21875 0.5171875 0.0390625 0.0453125
0 0.44921875 0.37109375 0.046875 0.028125
0 0.63046875 0.353125 0.0609375 0.0609375
0 0.86796875 0.3265625 0.046875 0.0375
0 0.81171875 0.73359375 0.021875 0.0125
0 0.790625 0.17890625 0.159375 0.0734375
0 0.13046875 0.465625 0.0234375 0.025
0 0.3796875 0.05234375 0.046875 0.0390625
0 0.484375 0.00703125 0.046875 0.0140625
0 0.1609375 0.4671875 0.0515625 0.03125
0 0.0921875 0.70078125 0.034375 0.01875
0 0.98046875 0.46328125 0.034375 0.0296875
0 0.540625 0.3421875 0.0578125 0.0484375
0 0.89921875 0.12890625 0.0421875 0.034375
0 0.33515625 0.09609375 0.06875 0.0859375
0 0.58671875 0.47109375 0.0359375 0.0203125
0 0.43046875 0.06796875 0.0375 0.0234375
0 0.97734375 0.3453125 0.0453125 0.08125
0 0.609375 0.484375 0.0171875 0.0140625
0 0.9078125 0.6859375 0.053125 0.040625
0 0.6890625 0.59453125 0.059375 0.0609375
0 0.9203125 0.5171875 0.0359375 0.05
1 0.19609375 0.42890625 0.0828125 0.065625
0 0.04375 0.4125 0.0265625 0.0203125
0 0.5203125 0.14609375 0.1203125 0.14375
0 0.30625 0.26484375 0.046875 0.0328125
0 0.98125 0.68671875 0.025 0.0375
0 0.46953125 0.3890625 0.034375 0.021875
0 0.49453125 0.6765625 0.0328125 0.0203125
0 0.9734375 0.21640625 0.034375 0.01875
0 0.7078125 0.7046875 0.103125 0.115625
0 0.17890625 0.64453125 0.0234375 0.01875
0 0.9125 0.30625 0.0625 0.05
0 0.6453125 0.61875 0.015625 0.01875
1 0.3140625 0.1484375 0.0421875 0.0484375
0 0.13671875 0.571875 0.0375 0.021875
0 0.67265625 0.2671875 0.0390625 0.0234375
0 0.92421875 0.6015625 0.0515625 0.0453125
0 0.66015625 0.53671875 0.046875 0.040625
0 0.05625 0.6203125 0.025 0.0296875
0 0.4328125 0.4515625 0.034375 0.021875
0 0.63828125 0.4359375 0.028125 0.021875
0 0.440625 0.53671875 0.0125 0.0125
0 0.51171875 0.3953125 0.01875 0.0125
0 0.97265625 0.28671875 0.0484375 0.03125
0 0.0765625 0.2640625 0.0484375 0.0328125
0 0.8328125 0.2484375 0.046875 0.0390625
0 0.375 0.1640625 0.046875 0.0375
0 0.26328125 0.46015625 0.028125 0.028125
0 0.1828125 0.60859375 0.034375 0.0234375
0 0.134375 0.2421875 0.0546875 0.0421875
0 0.92265625 0.440625 0.0734375 0.0609375
0 0.7390625 0.2390625 0.071875 0.0453125
0 0.8921875 0.37890625 0.0484375 0.0328125
0 0.68203125 0.31796875 0.046875 0.03125
0 0.0171875 0.425 0.0234375 0.01875
0 0.98046875 0.6203125 0.034375 0.034375
0 0.5078125 0.56328125 0.046875 0.04375
0 0.18984375 0.70390625 0.0375 0.0265625
0 0.41328125 0.4296875 0.0375 0.021875
0 0.72734375 0.62265625 0.0203125 0.015625
0 0.18828125 0.3296875 0.046875 0.0328125
0 0.7828125 0.53046875 0.025 0.01875
0 0.84765625 0.7640625 0.0546875 0.0375
0 0.14296875 0.12265625 0.1484375 0.0921875
0 0.77734375 0.44375 0.0765625 0.13125
0 0.01953125 0.50703125 0.0390625 0.0375
0 0.0140625 0.20625 0.01875 0.053125
0 0.78828125 0.71171875 0.0203125 0.0140625
0 0.0484375 0.06484375 0.08125 0.046875
0 0.86640625 0.29140625 0.0203125 0.0171875
0 0.08125 0.525 0.11875 0.0828125
0 0.4890625 0.36640625 0.015625 0.0078125
0 0.96171875 0.0890625 0.01875 0.0140625
0 0.478125 0.60859375 0.0296875 0.028125
0 0.6515625 0.575 0.0125 0.01875
0 0.03203125 0.153125 0.053125 0.08125
0 0.70859375 0.5078125 0.0140625 0.0109375
0 0.515625 0.31640625 0.053125 0.0421875
0 0.26640625 0.2859375 0.03125 0.0265625
0 0.75078125 0.06875 0.021875 0.0234375
0 0.63203125 0.46796875 0.034375 0.025
0 0.16640625 0.52109375 0.04375 0.034375
0 0.89375 0.20078125 0.04375 0.0328125
0 0.95234375 0.3953125 0.0546875 0.040625
0 0.675 0.17890625 0.059375 0.0390625
0 0.61953125 0.29375 0.0390625 0.0390625
0 0.0375 0.37265625 0.071875 0.084375
0 0.20234375 0.4421875 0.021875 0.021875
0 0.2234375 0.35546875 0.025 0.015625
1 0.30625 0.409375 0.065625 0.0921875
0 0.9953125 0.20078125 0.009375 0.0234375
0 0.6578125 0.378125 0.05625 0.046875
0 0.67421875 0.22265625 0.0328125 0.028125
0 0.77578125 0.02109375 0.034375 0.0328125
0 0.796875 0.01796875 0.025 0.025
0 0.05234375 0.13671875 0.0234375 0.040625
1 0.54765625 0.6203125 0.2203125 0.1515625
0 0.61328125 0.65234375 0.0125 0.0125