0 0.310546875 0.33046875 0.025 0.0140625
0 0.976953125 0.38515625 0.04375 0.0953125
0 0.584375 0.46953125 0.053125 0.05
0 0.215 0.30984375000000003 0.041546875 0.0265625
0 0.18965625 0.362890625 0.057421875 0.0375
0 0.5257343750000001 0.5211875 0.038875 0.030140624999999997
0 0.24296875 0.79375 0.1 0.1
0 0.5609375 0.2546875 0.0390625 0.034375
0 0.388671875 0.292578125 0.059375 0.0390625
0 0.49164062499999994 0.506296875 0.056343750000000005 0.044859375
0 0.16640625 0.3265625 0.0453125 0.0265625
0 0.3828125 0.24921875 0.040625 0.0296875
0 0.45703125 0.31171875 0.0390625 0.034375
0 0.90546875 0.31953125 0.103125 0.08125
0 0.6859375 0.1640625 0.0390625 0.0375
0 0.169921875 0.435546875 0.0796875 0.065625
0 0.871875 0.45078125 0.0859375 0.084375
0 0.15859375 0.54140625 0.0203125 0.0140625
0 0.09609375 0.47890625 0.1 0.19375
0 0.640625 0.47435937499999997 0.0453125 0.0328125
0 0.96640625 0.5953125 0.0671875 0.05625
0 0.41079687500000006 0.455375 0.0203125 0.0140625
0 0.7463124999999999 0.231734375 0.071875 0.0375
0 0.9765625 0.2296875 0.0453125 0.0328125
0 0.89453125 0.57421875 0.0859375 0.0546875
0 0.129 0.1721875 0.0328125 0.0171875
0 0.23515625 0.44296875 0.046875 0.034375
0 0.03515625 0.730859375 0.0703125 0.040625
0 0.99453125 0.5625 0.009375 0.025
0 0.81875 0.753125 0.1125 0.1
0 0.50390625 0.20703125 0.053125 0.0625
0 0.2375 0.5359375 0.0359375 0.028125
0 0.05703125 0.584375 0.096875 0.2078125
0 0.978515625 0.271703125 0.04296875 0.060609375
0 0.14375 0.85078125 0.065625 0.0375
0 0.403125 0.703125 0.071875 0.0984375
0 0.3359375 0.60078125 0.05625 0.0390625
0 0.31875 0.65390625 0.034375 0.0265625
0 0.365625 0.534375 0.0375 0.0359375
0 0.682421875 0.682421875 0.040625 0.0359375
0 0.191015625 0.7375 0.0203125 0.015625
0 0.8078125 0.33359375 0.040625 0.0375
0 0.31484375 0.752546875 0.05390625 0.037109375
0 0.3625 0.3484375 0.0609375 0.0421875
0 0.1734375 0.584375 0.046875 0.034375
0 0.303125 0.21796875 0.121875 0.0890625
0 0.21484375 0.403125 0.0546875 0.0375
0 0.73203125 0.5734375 0.05 0.04375
0 0.23984375 0.634375 0.034375 0.025
0 0.7859375 0.4265625 0.0203125 0.015625
0 0.721875 0.44921875 0.090625 0.059375
0 0.25390625 0.35390625 0.0671875 0.0453125
0 0.4875 0.784375 0.20625 0.075
0 0.74453125 0.287203125 0.0421875 0.0375
0 0.21796875 0.509765625 0.0703125 0.05625
0 0.44921875 0.5984375 0.0734375 0.0875
0 0.351953125 0.664453125 0.0625 0.0375
0 0.978125 0.1203125 0.0328125 0.05
0 0.3078125 0.78046875 0.0375 0.028125
0 0.396875 0.609375 0.084375 0.0953125
0 0.83515625 0.18671875 0.140625 0.0625
0 0.20746875 0.25206249999999997 0.054671875 0.034015625
0 0.2828125 0.846875 0.03125 0.0328125
0 0.41328125 0.2078125 0.065625 0.078125
0 0.503515625 0.668359375 0.021875 0.0140625
0 0.88203125 0.3859375 0.0890625 0.0453125
0 0.5984375 0.31796875 0.0828125 0.0578125
0 0.306640625 0.49746875 0.0734375 0.157421875
0 0.265625 0.575 0.0609375 0.0359375
0 0.70078125 0.21796875 0.065625 0.0421875
0 0.42995312500000005 0.494171875 0.0550625 0.040531250000000005
0 0.015437500000000002 0.311328125 0.030859375 0.03046875
0 0.903125 0.65 0.109375 0.0890625
0 0.790625 0.46796875 0.0578125 0.0375
0 0.20078125 0.1890625 0.065625 0.034375
0 0.01015625 0.8609375 0.0203125 0.025
0 0.38359375 0.79140625 0.1140625 0.0875
0 0.46585937499999996 0.45359375 0.065625 0.0453125
0 0.974421875 0.444140625 0.041796875 0.03984375
0 0.3015625 0.68203125 0.0359375 0.025
0 0.1921875 0.656640625 0.065625 0.028125
0 0.921875 0.71875 0.084375 0.084375
0 0.9328125 0.81796875 0.0515625 0.046875
0 0.28515625 0.61640625 0.046875 0.0375
0 0.22421875 0.278125 0.0578125 0.0375
0 0.428109375 0.696609375 0.01209375 0.0243125
0 0.32465625 0.432609375 0.07825 0.1556875
0 0.74159375 0.502578125 0.02578125 0.032171875
0 0.6444062500000001 0.633046875 0.021546875 0.036421875
1 0.6959375 0.43828125 0.295484375 0.17621875
1 0.46693749999999995 0.44765625 0.170265625 0.16209374999999998
0 0.828453125 0.24520312500000002 0.06528125 0.034296875
0 0.8100937500000001 0.22703125000000002 0.063171875 0.031109375