0 0.78046875 0.2421875 0.0671875 0.06875
0 0.87734375 0.31796875 0.046875 0.0265625
0 0.146875 0.35390625 0.0640625 0.053125
0 0.55 0.3453125 0.071875 0.0515625
0 0.31484375 0.91328125 0.0296875 0.021875
0 0.953125 0.63515625 0.034375 0.0203125
0 0.6809375 0.9059843750000001 0.04 0.052609375
0 0.53828125 0.15078125 0.034375 0.03125
0 0.9078125 0.6109375 0.034375 0.0234375
0 0.98828125 0.5296875 0.021875 0.03125
0 0.9265625 0.1890625 0.0421875 0.034375
0 0.88203125 0.07578125 0.053125 0.034375
0 0.4890625 0.86875 0.075 0.071875
0 0.2046875 0.47109375 0.040625 0.0515625
0 0.5796875 0.25 0.196875 0.0875
0 0.92890625 0.45078125 0.05 0.0359375
0 0.05 0.32078125 0.1 0.0921875
0 0.00703125 0.1375 0.0109375 0.0234375
0 0.859375 0.5296875 0.04375 0.0359375
0 0.253125 0.65234375 0.059375 0.05
0 0.99453125 0.1 0.0109375 0.028125
0 0.009375 0.1 0.0171875 0.03125
0 0.83828125 0.7140625 0.0296875 0.0296875
0 0.3921875 0.39140625 0.0953125 0.134375
0 0.96640625 0.69765625 0.0359375 0.0265625
0 0.396875 0.2109375 0.053125 0.034375
0 0.546875 0.0953125 0.0890625 0.053125
0 0.884375 0.39140625 0.059375 0.0390625
0 0.346875 0.18515625 0.0421875 0.0234375
0 0.9390625 0.89375 0.0390625 0.028125
0 0.59453125 0.20078125 0.0359375 0.0328125
0 0.99140625 0.653125 0.0171875 0.021875
0 0.7390625 0.14921875 0.0390625 0.0328125
0 0.00390625 0.57734375 0.0078125 0.0546875
0 0.009375 0.065625 0.0171875 0.015625
0 0.8546875 0.41640625 0.0375 0.0328125
0 0.084375 0.20078125 0.1578125 0.1046875
0 0.97578125 0.4453125 0.0484375 0.0375
0 0.834375 0.1109375 0.0484375 0.0296875
0 0.93359375 0.5390625 0.053125 0.0921875
0 0.4140625 0.278125 0.084375 0.0609375
0 0.278125 0.3484375 0.0421875 0.0390625
0 0.89453125 0.26640625 0.059375 0.034375
0 0.853125 0.34375 0.040625 0.0296875
0 0.30703125 0.37109375 0.040625 0.040625
0 0.11953125 0.2640625 0.059375 0.0375
0 0.98359375 0.25546875 0.03125 0.0734375
0 0.9875 0.60078125 0.025 0.0234375
0 0.74921875 0.5239843750000001 0.0671875 0.05421875
0 0.6359375 0.14296875 0.0140625 0.009375
0 0.690625 0.57578125 0.0765625 0.0515625
0 0.25078125 0.403125 0.065625 0.0375
0 0.77109375 0.2796875 0.021875 0.0140625
0 0.72890625 0.25859375 0.0421875 0.025
0 0.628125 0.0890625 0.0609375 0.05
0 0.33203125 0.5125 0.1 0.13125
0 0.988328125 0.3515625 0.02334375 0.053125
0 0.9234375 0.14921875 0.075 0.03125
0 0.47109375 0.54296875 0.05 0.0671875
0 0.884375 0.0359375 0.075 0.0421875
0 0.6875 0.1359375 0.0203125 0.009375
0 0.4796875 0.31328125 0.034375 0.0625
0 0.33984375 0.771875 0.115625 0.090625
0 0.17265625 0.78515625 0.0453125 0.0328125
0 0.2109375 0.428125 0.0671875 0.0390625
0 0.637203125 0.8005156250000001 0.21034375 0.11270312499999999
0 0.8890625 0.22734375 0.0703125 0.0421875
0 0.81328125 0.5578125 0.0546875 0.0375
0 0.4359375 0.596875 0.046875 0.0390625
0 0.8921875 0.103125 0.0375 0.03125
0 0.97578125 0.48984375 0.04375 0.034375
0 0.2921875 0.643578125 0.021875 0.01875
0 0.9109375 0.37109375 0.021875 0.015625
0 0.4296875 0.70234375 0.0515625 0.03125
0 0.34296875 0.2125 0.0421875 0.0296875
1 0.7859375 0.4640625 0.128125 0.0890625
0 0.2640625 0.5625 0.05 0.0578125
0 0.34296875 0.278125 0.0390625 0.034375
0 0.06015625 0.70821875 0.11875 0.185171875
0 0.66171875 0.4234375 0.1453125 0.0734375
0 0.5113749999999999 0.26421875 0.035625000000000004 0.023078124999999998
0 0.358453125 0.6026875 0.0475 0.030875000000000003
0 0.35678125 0.6114375 0.034203125 0.024125
0 0.753421875 0.730234375 0.13128125 0.07925
1 0.592421875 0.36974999999999997 0.30839062500000003 0.21076562499999998