0 0.140625 0.5921875 0.0359375 0.0359375
0 0.55859375 0.60703125 0.059375 0.04375
0 0.6078125 0.50703125 0.0109375 0.0140625
0 0.1546875 0.52734375 0.01875 0.0296875
0 0.4515625 0.59296875 0.04375 0.0390625
0 0.36640625 0.73515625 0.0171875 0.0171875
0 0.5265625 0.39453125 0.0390625 0.0578125
0 0.26328125 0.253125 0.0375 0.0515625
0 0.23515625 0.12109375 0.028125 0.034375
0 0.4421875 0.62421875 0.034375 0.0328125
0 0.64375 0.97578125 0.0359375 0.034375
0 0.70234375 0.96015625 0.0078125 0.0125
0 0.8359375 0.6671875 0.065625 0.0546875
0 0.415625 0.08671875 0.0359375 0.0484375
0 0.51171875 0.084375 0.0640625 0.084375
0 0.59140625 0.3328125 0.0359375 0.0328125
0 0.53359375 0.57265625 0.028125 0.0390625
0 0.29609375 0.62578125 0.0765625 0.0515625
0 0.64609375 0.58828125 0.0546875 0.05625
0 0.66875 0.875 0.028125 0.0359375
0 0.6890625 0.49375 0.0125 0.0171875
0 0.3828125 0.78203125 0.0234375 0.028125
0 0.8546875 0.07109375 0.028125 0.0296875
0 0.559375 0.50234375 0.0859375 0.090625
0 0.5140625 0.25546875 0.0140625 0.01875
0 0.11796875 0.4421875 0.0203125 0.021875
0 0.540625 0.96953125 0.065625 0.0609375
0 0.30703125 0.13125 0.065625 0.034375
0 0.36328125 0.62578125 0.0265625 0.0421875
0 0.54375 0.43203125 0.03125 0.0328125
0 0.5828125 0.25390625 0.04375 0.0375
0 0.3109375 0.7859375 0.0296875 0.025
0 0.5078125 0.9171875 0.0296875 0.05625
0 0.68046875 0.23671875 0.0609375 0.0609375
0 0.31015625 0.675 0.0640625 0.0515625
0 0.65078125 0.096875 0.0453125 0.0484375
0 0.28125 0.71875 0.028125 0.0328125
0 0.53125 0.275 0.0203125 0.0296875
0 0.7359375 0.96328125 0.0296875 0.0296875
0 0.64921875 0.79609375 0.0890625 0.103125
0 0.1625 0.40859375 0.0765625 0.109375
0 0.58984375 0.034375 0.0390625 0.05
0 0.88046875 0.8375 0.0390625 0.04375
0 0.5546875 0.86015625 0.0359375 0.04375
0 0.1015625 0.4828125 0.0328125 0.0484375
0 0.4484375 0.70078125 0.0296875 0.0359375
0 0.7203125 0.8421875 0.0453125 0.0609375
0 0.4859375 0.58125 0.03125 0.0328125
0 0.5109375 0.5765625 0.025 0.034375
0 0.471875 0.196875 0.1078125 0.065625
0 0.38671875 0.34375 0.0265625 0.0484375
0 0.31953125 0.92578125 0.028125 0.0296875
0 0.3453125 0.35859375 0.0671875 0.0703125
0 0.83671875 0.22265625 0.0265625 0.0234375
0 0.428125 0.05546875 0.0421875 0.0484375
0 0.33671875 0.290625 0.096875 0.09375
0 0.390625 0.87578125 0.028125 0.0328125
0 0.71875 0.6609375 0.0546875 0.0546875
0 0.4203125 0.3234375 0.0203125 0.0359375
0 0.734375 0.17109375 0.028125 0.0296875
0 0.115625 0.32890625 0.0359375 0.071875
0 0.34375 0.1171875 0.03125 0.025
0 0.46015625 0.6578125 0.0484375 0.0515625
0 0.7578125 0.1109375 0.0171875 0.021875
0 0.41328125 0.5671875 0.040625 0.0484375
0 0.22265625 0.71796875 0.05625 0.075
0 0.7375 0.7921875 0.025 0.0421875
0 0.20078125 0.046875 0.05625 0.059375
0 0.6140625 0.2265625 0.0453125 0.053125
0 0.2875 0.59453125 0.03125 0.0296875
0 0.35859375 0.8453125 0.025 0.0265625
0 0.84296875 0.28984375 0.0453125 0.0484375
0 0.575 0.5578125 0.0390625 0.0421875
0 0.4828125 0.5015625 0.0984375 0.1390625
0 0.6109375 0.165625 0.065625 0.0703125
0 0.690625 0.73828125 0.0828125 0.1
0 0.76015625 0.17421875 0.025 0.0328125
0 0.55078125 0.3078125 0.0359375 0.040625
0 0.75078125 0.58828125 0.0140625 0.0140625
0 0.44296875 0.9671875 0.028125 0.053125
0 0.2296875 0.21796875 0.0640625 0.0671875
0 0.1734375 0.18046875 0.03125 0.046875
0 0.3484375 0.5859375 0.0234375 0.0296875
0 0.8640625 0.553125 0.0515625 0.0453125
0 0.21015625 0.6171875 0.04375 0.0265625
0 0.578125 0.8453125 0.0390625 0.0421875
0 0.725 0.090625 0.0234375 0.03125
0 0.73984375 0.2046875 0.0171875 0.0171875
0 0.390625 0.984375 0.05625 0.03125
0 0.4640625 0.040625 0.01875 0.021875
0 0.3890625 0.653125 0.05625 0.0625
0 0.753125 0.49375 0.0125 0.0140625
0 0.53984375 0.653125 0.1171875 0.065625
0 0.42421875 0.70546875 0.0390625 0.071875
0 0.2390625 0.65078125 0.028125 0.025
0 0.6578125 0.50625 0.0140625 0.015625
0 0.6546875 0.471875 0.015625 0.01875
0 0.61484375 0.76640625 0.025 0.04375
0 0.74140625 0.53828125 0.025 0.0234375
0 0.51953125 0.5234375 0.0125 0.015625
0 0.33515625 0.753125 0.025 0.025
0 0.1953125 0.50703125 0.01875 0.0234375
0 0.8 0.7546875 0.0109375 0.0125
0 0.61953125 0.69453125 0.0828125 0.059375
0 0.51953125 0.603125 0.021875 0.034375
0 0.471875 0.38125 0.053125 0.0703125
0 0.55546875 0.20859375 0.05625 0.05
0 0.49921875 0.41484375 0.025 0.028125
0 0.34609375 0.975 0.0671875 0.05
0 0.83671875 0.17265625 0.01875 0.025
0 0.53515625 0.7046875 0.103125 0.0640625
0 0.353125 0.0296875 0.0328125 0.0390625
0 0.66953125 0.62265625 0.01875 0.01875
0 0.29921875 0.97109375 0.0484375 0.0578125
0 0.51328125 0.7390625 0.0359375 0.0265625
0 0.83828125 0.1046875 0.025 0.028125
0 0.2953125 0.028125 0.0140625 0.0203125
0 0.3859375 0.703125 0.025 0.0359375
0 0.39140625 0.0140625 0.0203125 0.0203125
0 0.3359375 0.22265625 0.065625 0.0828125
0 0.39296875 0.6046875 0.03125 0.0421875
0 0.384375 0.52109375 0.0609375 0.065625
0 0.5484375 0.16328125 0.0296875 0.040625
0 0.82578125 0.44609375 0.021875 0.021875
0 0.17890625 0.51953125 0.01875 0.028125
0 0.69609375 0.86875 0.0234375 0.0234375
0 0.86171875 0.1359375 0.0234375 0.0265625
0 0.528125 0.36015625 0.025 0.0203125
0 0.25234375 0.41171875 0.0375 0.05
0 0.42109375 0.92109375 0.025 0.03125
0 0.40390625 0.39921875 0.08125 0.0984375
0 0.5796875 0.10234375 0.025 0.0328125
0 0.4703125 0.75234375 0.0375 0.053125
0 0.634375 0.46484375 0.028125 0.025
0 0.22109375 0.33046875 0.1015625 0.0515625
0 0.29375 0.19375 0.034375 0.0453125
0 0.746875 0.8921875 0.0125 0.009375
0 0.89765625 0.28515625 0.01875 0.021875
0 0.76640625 0.94609375 0.034375 0.0578125
0 0.69765625 0.6359375 0.028125 0.0328125
0 0.3421875 0.69921875 0.0140625 0.0203125
0 0.8125 0.60234375 0.0625 0.0578125
0 0.5859375 0.940625 0.03125 0.040625
0 0.51640625 0.81015625 0.125 0.103125
0 0.63515625 0.03359375 0.0421875 0.0671875
0 0.4546875 0.11171875 0.01875 0.025
0 0.4828125 0.61328125 0.04375 0.0484375
0 0.41171875 0.88359375 0.0234375 0.04375
0 0.621875 0.84765625 0.0203125 0.0328125
0 0.49921875 0.24296875 0.0140625 0.015625
0 0.84140625 0.02109375 0.0265625 0.03125
0 0.5125 0.22734375 0.0234375 0.025
0 0.440625 0.25390625 0.0734375 0.0625
0 0.73125 0.23359375 0.0203125 0.021875
0 0.3046875 0.83828125 0.1 0.05625
0 0.78359375 0.96875 0.0078125 0.0125
0 0.675 0.653125 0.015625 0.015625
0 0.58046875 0.67890625 0.0265625 0.0125
0 0.78046875 0.3640625 0.03125 0.03125
0 0.52734375 0.32421875 0.0265625 0.028125
0 0.44375 0.44453125 0.0390625 0.046875
0 0.42578125 0.60390625 0.01875 0.0203125
0 0.43125 0.47421875 0.021875 0.0125
1 0.40078125 0.37734375 0.2765625 0.23125
0 0.2890625 0.115625 0.05625 0.0421875
0 0.4515625 0.18046875 0.0921875 0.053125
0 0.4265625 0.16171875 0.1 0.053125
1 0.4984375 0.79453125 0.24375 0.1578125