0 0.728125 0.696875 0.096875 0.0921875
0 0.25859375 0.39609375 0.0421875 0.0390625
0 0.12109375 0.7328125 0.053125 0.0359375
0 0.31953125 0.49765625 0.0671875 0.103125
0 0.71640625 0.54609375 0.028125 0.015625
0 0.2078125 0.35859375 0.0375 0.0234375
0 0.93359375 0.678125 0.025 0.025
0 0.7078125 0.6390625 0.0234375 0.01875
0 0.13984375 0.6859375 0.034375 0.0265625
0 0.64140625 0.2921875 0.053125 0.046875
0 0.98515625 0.02578125 0.01875 0.015625
0 0.4265625 0.4421875 0.0671875 0.0578125
0 0.559375 0.8875 0.0234375 0.021875
0 0.78828125 0.13515625 0.0515625 0.0390625
0 0.975 0.16796875 0.046875 0.0625
0 0.2125 0.4453125 0.034375 0.021875
0 0.396875 0.2203125 0.053125 0.034375
0 0.4515625 0.7359375 0.034375 0.0296875
0 0.35703125 0.4265625 0.0671875 0.0953125
0 0.23203125 0.46640625 0.034375 0.021875
0 0.9609375 0.59140625 0.071875 0.0703125
0 0.78125 0.51484375 0.0546875 0.065625
0 0.29609375 0.43515625 0.03125 0.0234375
0 0.4078125 0.60859375 0.0171875 0.0140625
0 0.309375 0.65078125 0.128125 0.0890625
0 0.35625 0.3421875 0.046875 0.0390625
0 0.709375 0.859375 0.115625 0.0953125
0 0.71015625 0.24765625 0.096875 0.1078125
0 0.39296875 0.38515625 0.0453125 0.0375
0 0.17109375 0.80625 0.1453125 0.1453125
0 0.934375 0.121875 0.0578125 0.0328125
0 0.2140625 0.5171875 0.03125 0.028125
0 0.659375 0.240625 0.0359375 0.0296875
0 0.66328125 0.51953125 0.04375 0.0453125
0 0.08203125 0.91328125 0.0453125 0.0375
0 0.446875 0.51328125 0.021875 0.015625
0 0.72890625 0.596875 0.028125 0.0234375
0 0.0921875 0.59140625 0.0875 0.115625
0 0.0265625 0.60078125 0.0390625 0.0265625
0 0.10546875 0.67578125 0.025 0.01875
0 0.690625 0.45703125 0.05 0.0625
0 0.21875 0.60625 0.059375 0.0453125
0 0.11015625 0.53046875 0.021875 0.0359375
0 0.078125 0.7453125 0.0375 0.03125
0 0.809375 0.40703125 0.1265625 0.1359375
0 0.42421875 0.5390625 0.021875 0.0109375
0 0.85078125 0.703125 0.0765625 0.0546875
0 0.2921875 0.39921875 0.0234375 0.0234375
0 0.18828125 0.4921875 0.034375 0.0265625
0 0.0765625 0.85234375 0.05625 0.05
0 0.496875 0.40390625 0.0546875 0.046875
0 0.7546875 0.55703125 0.028125 0.025
0 0.50625 0.603125 0.0828125 0.090625
0 0.25703125 0.8375 0.0203125 0.0171875
0 0.19140625 0.6328125 0.0421875 0.0375
0 0.68203125 0.1796875 0.046875 0.0375
0 0.825 0.44331250000000005 0.034375 0.021875
0 0.9953125 0.0875 0.009375 0.034375
0 0.5046875 0.8875 0.0625 0.071875
0 0.14765625 0.9015625 0.0296875 0.0234375
0 0.3140625 0.775 0.021875 0.0171875
0 0.4890625 0.70859375 0.0453125 0.040625
0 0.47421875 0.80859375 0.01875 0.01875
0 0.09140625 0.471875 0.059375 0.10625
0 0.309375 0.35078125 0.053125 0.0375
0 0.4296875 0.58359375 0.04375 0.0328125
0 0.13359375 0.4671875 0.0609375 0.0484375
0 0.6484375 0.66875 0.0609375 0.0546875
0 0.409375 0.49921875 0.046875 0.0453125
0 0.83359375 0.846875 0.15 0.0984375
0 0.5390625 0.496875 0.096875 0.1140625
0 0.9421875 0.428125 0.109375 0.071875
0 0.4796875 0.3015625 0.0625 0.0375
0 0.678125 0.41640625 0.0359375 0.05625
0 0.4390625 0.253125 0.046875 0.03125
0 0.08046875 0.8015625 0.025 0.021875
0 0.15703125 0.403125 0.0390625 0.0265625
0 0.8265625 0.20234375 0.125 0.0984375
0 0.34296875 0.30390625 0.028125 0.0234375
0 0.88203125 0.2640625 0.0859375 0.1125
0 0.93828125 0.34296875 0.115625 0.0859375
0 0.95703125 0.53828125 0.084375 0.059375
0 0.2875 0.8046875 0.028125 0.0171875
0 0.26328125 0.45703125 0.0171875 0.0125
0 0.76209375 0.36653125000000003 0.07893750000000001 0.079921875
0 0.27734375 0.4984375 0.0296875 0.0265625
0 0.5421875 0.2421875 0.04375 0.021875
0 0.77578125 0.6140625 0.0875 0.0953125
0 0.72109375 0.1328125 0.0203125 0.0171875
0 0.80078125 0.2921875 0.1046875 0.0890625
0 0.953125 0.02109375 0.065625 0.0421875
0 0.59453125 0.3828125 0.1140625 0.1078125
0 0.434375 0.33828125 0.0515625 0.034375
0 0.28046875 0.753125 0.021875 0.015625
0 0.16640625 0.71171875 0.03125 0.01875
0 0.66015625 0.5859375 0.090625 0.090625
0 0.0484375 0.678125 0.0390625 0.0328125
0 0.23125 0.86796875 0.0234375 0.01875
0 0.70625 0.5015625 0.0515625 0.0375
0 0.16328125 0.61171875 0.0375 0.028125
0 0.56015625 0.6671875 0.0203125 0.0140625
0 0.5578125 0.77734375 0.1234375 0.1484375
0 0.1796875 0.3453125 0.034375 0.0234375
0 0.610828125 0.521953125 0.1264375 0.1584375
0 0.79234375 0.095125 0.015390625 0.013921875
0 0.8769375 0.049265625 0.021171875 0.013125000000000001
0 0.602921875 0.278578125 0.100625 0.1256875
0 0.34084375 0.272984375 0.038140625 0.02665625