0 0.65 0.31328125 0.05 0.0609375
0 0.56171875 0.3015625 0.0234375 0.034375
0 0.62421875 0.396875 0.0265625 0.028125
0 0.7640625 0.459375 0.0203125 0.0234375
0 0.60625 0.02734375 0.0734375 0.0546875
0 0.08671875 0.625 0.065625 0.04375
0 0.7984375 0.47890625 0.028125 0.01875
0 0.68515625 0.665625 0.028125 0.0203125
0 0.98515625 0.34021875 0.021875 0.0258125
0 0.928125 0.10234375 0.0296875 0.0296875
0 0.6859375 0.5203125 0.0203125 0.021875
0 0.859375 0.1703125 0.0953125 0.1515625
0 0.184375 0.45546875 0.0671875 0.0578125
0 0.478125 0.70078125 0.0796875 0.1046875
0 0.052375000000000005 0.444515625 0.095375 0.059359375000000006
0 0.83515625 0.4203125 0.0265625 0.021875
0 0.83871875 0.69284375 0.0171875 0.0211875
0 0.6078125 0.6287812500000001 0.1484375 0.102859375
0 0.8390625 0.24921875 0.028125 0.01875
0 0.7921875 0.4484375 0.0234375 0.021875
0 0.16875 0.71796875 0.065625 0.0359375
0 0.39375 0.66796875 0.034375 0.0234375
0 0.6109375 0.21640625 0.05 0.0640625
0 0.01796875 0.39765625 0.0328125 0.0421875
0 0.07746875 0.16546875 0.0851875 0.056078125
0 0.641484375 0.470515625 0.048265625 0.057421875
0 0.353125 0.57109375 0.015625 0.0125
0 0.6828125 0.61953125 0.065625 0.0609375
0 0.01171875 0.0453125 0.01875 0.0546875
0 0.8953125 0.68203125 0.01875 0.0125
0 0.62890625 0.7078125 0.03125 0.021875
0 0.75390625 0.38515625 0.0453125 0.0390625
0 0.1203125 0.70859375 0.0328125 0.01875
0 0.984375 0.20234375 0.0234375 0.021875
0 0.9318125 0.1348125 0.0375 0.0296875
0 0.762828125 0.600328125 0.024546875000000003 0.02096875
0 0.75 0.26171875 0.1 0.20625
0 0.42973437499999995 0.36315624999999996 0.0164375 0.03125
0 0.9190781250000001 0.614375 0.021875 0.019625
0 0.49453125 0.053125 0.15 0.10625
0 0.501296875 0.6295468750000001 0.038546875 0.030390624999999998
0 0.486171875 0.557390625 0.091109375 0.108515625
0 0.16171875 0.00859375 0.0890625 0.0171875
0 0.30703125 0.540625 0.075 0.0453125
0 0.0515625 0.3640625 0.075 0.0796875
0 0.25703125 0.75859375 0.0671875 0.04375
0 0.7078125 0.103125 0.0515625 0.0828125
0 0.8296875 0.2765625 0.0296875 0.0296875
0 0.70546875 0.05 0.0171875 0.01875
0 0.740625 0.32734375 0.0109375 0.00625
0 0.01875 0.290625 0.0375 0.05625
0 0.53046875 0.29609375 0.034375 0.0453125
0 0.38828125 0.76328125 0.040625 0.046875
0 0.98125 0.0171875 0.0265625 0.0328125
0 0.625 0.42421875 0.0203125 0.0265625
0 0.69140625 0.4109375 0.053125 0.05
0 0.22762500000000002 0.100640625 0.2436875 0.13125
0 0.8 0.4203125 0.03125 0.021875
0 0.684375 0.27734375 0.0421875 0.034375
0 0.39609375 0.424265625 0.0390625 0.06882812499999999
0 0.14296875 0.75703125 0.0640625 0.0515625
0 0.21015625 0.40390625 0.0765625 0.0609375
0 0.6578125 0.203125 0.040625 0.034375
0 0.6140625 0.353125 0.0390625 0.0359375
0 0.0828125 0.28359375 0.1015625 0.1078125
0 0.57734375 0.15859375 0.046875 0.0609375
0 0.8199687499999999 0.3375 0.0899375 0.1046875
0 0.690625 0.17265625 0.0359375 0.0375
0 0.42734375 0.5515625 0.046875 0.034375
0 0.596875 0.17421875 0.0140625 0.0125
0 0.8128125 0.178515625 0.06359375 0.06639062500000001
0 0.9571875000000001 0.6282656249999999 0.06215625 0.08201562500000001
0 0.728125 0.0234375 0.096875 0.046875
0 0.81015625 0.44765625 0.034375 0.021875
0 0.38359375 0.57421875 0.025 0.034375
0 0.52109375 0.19696875 0.0703125 0.079875
0 0.971875 0.07578125 0.0359375 0.0390625
0 0.78203125 0.40234375 0.0359375 0.025
0 0.7203125 0.47578125 0.0203125 0.0140625
0 0.93359375 0.071875 0.0453125 0.046875
0 0.025 0.2203125 0.05 0.034375
0 0.98515625 0.11875 0.0265625 0.0359375
0 0.2984375 0.0171875 0.096875 0.034375
0 0.7625 0.4125 0.03125 0.0296875
0 0.00859375 0.6359375 0.0171875 0.0546875
0 0.525109375 0.702109375 0.0203125 0.0203125
0 0.72734375 0.37890625 0.0203125 0.025
0 0.7796875 0.546875 0.0484375 0.046875
0 0.221875 0.68046875 0.025 0.0203125
0 0.29921875 0.41875 0.0875 0.0640625
0 0.05234375 0.071875 0.0375 0.028125
1 0.07223437499999999 0.179296875 0.144484375 0.14590625
1 0.24096875 0.039140625 0.23953125000000003 0.078265625
0 0.6118125 0.13668750000000002 0.02178125 0.026859375
0 0.42006249999999995 0.43562500000000004 0.028359375 0.02403125
0 0.404765625 0.51828125 0.0389375 0.027953125000000002
0 0.6895 0.70225 0.042812499999999996 0.067515625
0 0.7245625 0.66496875 0.03725 0.059703125
0 0.747109375 0.66134375 0.018875 0.014609374999999999
0 0.8698593750000001 0.6401875 0.012859375000000001 0.023515625000000002
0 0.992140625 0.5917656250000001 0.01571875 0.0156875
0 0.8695937499999999 0.2569375 0.017781250000000002 0.035140624999999995
0 0.877390625 0.112484375 0.012203124999999999 0.014546875
0 0.884625 0.09634374999999999 0.020078125 0.013421875
0 0.8904687499999999 0.085484375 0.021671875 0.017203125
0 0.8509375 0.117484375 0.04059375 0.038875
0 0.820328125 0.0955 0.033921875000000004 0.028328125
0 0.78275 0.07184375 0.036703124999999996 0.034453125
0 0.7919375 0.11385937500000001 0.033921875000000004 0.029421874999999997
0 0.8459375 0.387734375 0.02278125 0.018484375
0 0.4248125 0.325375 0.027859375 0.022984375
1 0.971828125 0.35215625 0.056343750000000005 0.14978125
1 0.97146875 0.23160937499999998 0.047843750000000004 0.077859375
1 0.888796875 0.480375 0.129671875 0.18571875
1 0.9564375 0.44896874999999997 0.03678125 0.044109375
1 0.92025 0.3095 0.144703125 0.23696875
1 0.253234375 0.5177968749999999 0.24317187499999998 0.5462343749999999
0 0.14178125 0.47228125 0.0163125 0.0443125