0 0.6796875 0.04921875 0.109375 0.0984375
0 0.61875 0.76953125 0.034375 0.0390625
0 0.67421875 0.509375 0.0578125 0.078125
0 0.5125 0.31484375 0.134375 0.1078125
0 0.64375 0.79609375 0.0390625 0.0515625
0 0.5 0.453125 0.0828125 0.0828125
1 0.57265625 0.7078125 0.0921875 0.1078125
0 0.92265625 0.50234375 0.0578125 0.090625
0 0.35859375 0.7515625 0.0265625 0.025
0 0.48984375 0.734375 0.0421875 0.0484375
0 0.74375 0.70390625 0.0140625 0.01875
0 0.775 0.9515625 0.040625 0.028125
0 0.58671875 0.2015625 0.0453125 0.0671875
0 0.68671875 0.76953125 0.03125 0.0375
0 0.76015625 0.66796875 0.0265625 0.0390625
0 0.70546875 0.4484375 0.05625 0.0515625
0 0.76015625 0.90859375 0.1078125 0.084375
0 0.9421875 0.79921875 0.0375 0.0515625
0 0.66484375 0.2609375 0.0421875 0.0421875
0 0.9140625 0.80703125 0.0328125 0.0390625
0 0.4609375 0.25390625 0.05625 0.0546875
0 0.521875 0.42109375 0.015625 0.0109375
0 0.6578125 0.13671875 0.059375 0.071875
0 0.528125 0.63984375 0.034375 0.0515625
0 0.8703125 0.83125 0.040625 0.0703125
0 0.4015625 0.50390625 0.0984375 0.1515625
0 0.5828125 0.56796875 0.1375 0.221875
0 0.978125 0.8046875 0.040625 0.0703125
0 0.4171875 0.8828125 0.0265625 0.0265625
0 0.6640625 0.81796875 0.0171875 0.0234375
0 0.5171875 0.771875 0.0375 0.04375
0 0.253125 0.178125 0.0359375 0.0421875
0 0.42890625 0.8453125 0.0234375 0.0296875
0 0.9 0.7578125 0.03125 0.04375
0 0.8296875 0.31796875 0.03125 0.040625
0 0.4375 0.0125 0.0625 0.025
0 0.6453125 0.28671875 0.0421875 0.0421875
0 0.521875 0.6765625 0.053125 0.071875
0 0.759375 0.809375 0.0375 0.0546875
0 0.7578125 0.58515625 0.065625 0.0625
0 0.4625 0.87578125 0.021875 0.025
0 0.7375 0.315625 0.0359375 0.0390625
0 0.78046875 0.4921875 0.0765625 0.1046875
0 0.62890625 0.3625 0.1390625 0.115625
0 0.34453125 0.40625 0.034375 0.05
0 0.8046875 0.36640625 0.040625 0.0546875
0 0.51171875 0.83359375 0.090625 0.059375
0 0.74453125 0.10390625 0.04375 0.0640625
0 0.70859375 0.790625 0.0296875 0.0453125
0 0.67890625 0.9328125 0.040625 0.04375
0 0.63359375 0.91953125 0.0578125 0.065625
0 0.696875 0.965625 0.0390625 0.0234375
0 0.959375 0.909375 0.04375 0.04375
0 0.2140625 0.9015625 0.03125 0.0265625
0 0.52421875 0.878125 0.034375 0.025
0 0.61484375 0.965625 0.09375 0.0515625
0 0.2765625 0.32421875 0.090625 0.1171875
0 0.6828125 0.8953125 0.0609375 0.0453125
0 0.61328125 0.2359375 0.0453125 0.065625
0 0.59375 0.88359375 0.053125 0.071875
0 0.321875 0.0765625 0.1796875 0.1328125
0 0.18984375 0.634375 0.0515625 0.0671875
0 0.36796875 0.93203125 0.053125 0.078125
0 0.3453125 0.66484375 0.1046875 0.1546875
0 0.47265625 0.6265625 0.065625 0.0796875
0 0.80234375 0.3125 0.0359375 0.0390625
0 0.39375 0.28125 0.015625 0.01875
0 0.29375 0.58046875 0.159375 0.190625
0 0.86484375 0.4953125 0.034375 0.0375
0 0.43984375 0.41171875 0.0375 0.05
0 0.378125 0.85703125 0.025 0.028125
0 0.55625 0.87421875 0.0359375 0.0390625
0 0.44921875 0.809375 0.0234375 0.0296875
0 0.78125 0.71171875 0.06875 0.0640625
0 0.30234375 0.89375 0.0265625 0.0265625
0 0.859375 0.9234375 0.0875 0.0640625
0 0.1515625 0.31015625 0.021875 0.0265625
0 0.590625 0.83203125 0.040625 0.0453125
0 0.7953125 0.8015625 0.05 0.06875
0 0.73984375 0.3828125 0.0734375 0.0828125
0 0.83046875 0.83671875 0.0390625 0.0390625
0 0.2125 0.82734375 0.028125 0.03125
0 0.546875 0.19609375 0.0546875 0.04375
0 0.378125 0.24453125 0.05 0.0625
0 0.915625 0.903125 0.0328125 0.03125
0 0.80390625 0.07734375 0.1390625 0.1546875
0 0.2109375 0.43515625 0.096875 0.121875
0 0.86328125 0.675 0.0328125 0.0359375
0 0.42265625 0.33984375 0.0296875 0.03125
0 0.43125 0.340625 0.034375 0.0421875
0 0.709375 0.5796875 0.0421875 0.0609375
0 0.75078125 0.47265625 0.0328125 0.0359375
0 0.81640625 0.5453125 0.03125 0.03125
0 0.9078125 0.56328125 0.01875 0.0234375
0 0.915625 0.928125 0.0453125 0.0296875
1 0.671875 0.53671875 0.2375 0.3140625