0 0.4359375 0.940625 0.090625 0.11875
0 0.4875 0.00625 0.04375 0.0125
0 0.61875 0.31171875 0.015625 0.021875
0 0.1625 0.26796875 0.0296875 0.0421875
0 0.65 0.40703125 0.0234375 0.0203125
0 0.896875 0.95390625 0.0234375 0.025
0 0.3109375 0.90859375 0.1265625 0.15625
0 0.7453125 0.815625 0.2078125 0.1296875
0 0.50390625 0.815625 0.0234375 0.0359375
0 0.221875 0.53203125 0.0625 0.0609375
0 0.103125 0.021875 0.028125 0.040625
0 0.3609375 0.63828125 0.0984375 0.11875
0 0.4171875 0.80859375 0.06875 0.153125
0 0.4390625 0.38359375 0.0515625 0.0671875
1 0.59140625 0.93203125 0.1140625 0.11875
0 0.29453125 0.7609375 0.0390625 0.05625
0 0.4515625 0.646875 0.121875 0.190625
0 0.7796875 0.53203125 0.0203125 0.0203125
0 0.9453125 0.803125 0.0578125 0.0546875
0 0.496875 0.515625 0.0171875 0.021875
0 0.27578125 0.32421875 0.0328125 0.034375
0 0.5390625 0.009375 0.0328125 0.01875
0 0.1953125 0.228125 0.0296875 0.03125
0 0.89765625 0.5171875 0.021875 0.021875
0 0.27734375 0.559375 0.0546875 0.075
0 0.4046875 0.1921875 0.015625 0.01875
0 0.4015625 0.046875 0.034375 0.046875
0 0.7125 0.3625 0.1109375 0.090625
0 0.2640625 0.690625 0.0328125 0.0390625
0 0.3125 0.8375 0.0421875 0.0453125
0 0.984375 0.225 0.03125 0.0421875
0 0.34296875 0.06796875 0.0828125 0.053125
0 0.8375 0.93046875 0.0234375 0.021875
0 0.05703125 0.42890625 0.021875 0.053125
0 0.7546875 0.56484375 0.0640625 0.09375
0 0.3640625 0.021875 0.0265625 0.0421875
0 0.228125 0.578125 0.03125 0.0375
0 0.2375 0.06796875 0.0375 0.1359375
0 0.1859375 0.3734375 0.0328125 0.0359375
0 0.428125 0.17109375 0.034375 0.034375
0 0.7984375 0.0125 0.028125 0.025
0 0.471875 0.86796875 0.0421875 0.046875
0 0.83359375 0.5578125 0.06875 0.1234375
0 0.70859375 0.978125 0.0453125 0.040625
0 0.7609375 0.92265625 0.0546875 0.0734375
1 0.315625 0.7375 0.090625 0.1359375
0 0.14296875 0.5140625 0.0765625 0.10625
0 0.1015625 0.66953125 0.04375 0.078125
0 0.32890625 0.12265625 0.05 0.0734375
0 0.1109375 0.384375 0.0328125 0.034375
0 0.61875 0.7734375 0.1625 0.1390625
0 0.10078125 0.2640625 0.03125 0.046875
0 0.553125 0.240625 0.04375 0.084375
0 0.27265625 0.46015625 0.065625 0.084375
0 0.12578125 0.9421875 0.0203125 0.01875
0 0.77734375 0.39140625 0.10625 0.121875
0 0.9828125 0.36015625 0.034375 0.1484375
0 0.6578125 0.14921875 0.03125 0.04375
0 0.8171875 0.31328125 0.0546875 0.059375
0 0.18203125 0.671875 0.078125 0.096875
0 0.5359375 0.475 0.0765625 0.1171875
0 0.7671875 0.11640625 0.13125 0.1171875
0 0.68671875 0.10859375 0.021875 0.0359375
1 0.56171875 0.578125 0.0546875 0.0734375
0 0.34921875 0.47890625 0.0921875 0.221875
0 0.18125 0.771875 0.053125 0.071875
0 0.36953125 0.7265625 0.028125 0.0359375
0 0.2296875 0.96875 0.034375 0.059375
0 0.2890625 0.17109375 0.0296875 0.0359375
0 0.37734375 0.315625 0.10625 0.115625
0 0.36953125 0.15234375 0.075 0.1546875
0 0.528125 0.28046875 0.0125 0.0140625
0 0.578125 0.9140625 0.0359375 0.0265625
0 0.59453125 0.15078125 0.034375 0.05625
0 0.61484375 0.11796875 0.0609375 0.05625
1 0.14375 0.2421875 0.275 0.109375
0 0.63515625 0.52265625 0.01875 0.009375