0 0.4984375 0.29453125 0.015625 0.0171875
0 0.696875 0.74609375 0.0375 0.05
0 0.24375 0.0828125 0.009375 0.0125
0 0.60859375 0.40390625 0.0453125 0.0375
0 0.209375 0.4765625 0.025 0.028125
0 0.740625 0.55234375 0.1453125 0.16875
0 0.4734375 0.3234375 0.0703125 0.0796875
0 0.378125 0.76015625 0.0203125 0.028125
0 0.79609375 0.94765625 0.046875 0.065625
0 0.48671875 0.5484375 0.10625 0.2015625
0 0.559375 0.03984375 0.15 0.0796875
0 0.36171875 0.3875 0.0859375 0.1078125
0 0.04921875 0.2546875 0.0234375 0.025
0 0.84453125 0.6359375 0.0453125 0.0625
0 0.59921875 0.43984375 0.0625 0.071875
0 0.3703125 0.31171875 0.0421875 0.05
0 0.46953125 0.04453125 0.0171875 0.0203125
0 0.85859375 0.525 0.0890625 0.1375
0 0.1625 0.17265625 0.0203125 0.021875
0 0.440625 0.10234375 0.2171875 0.1140625
0 0.42421875 0.653125 0.0765625 0.071875
0 0.72734375 0.45703125 0.046875 0.0375
0 0.6703125 0.1796875 0.040625 0.0546875
0 0.8265625 0.01640625 0.053125 0.0328125
0 0.7078125 0.80703125 0.0359375 0.0375
0 0.45078125 0.9625 0.1484375 0.075
0 0.41015625 0.03515625 0.0875 0.05
0 0.64375 0.0328125 0.03125 0.034375
0 0.646875 0.540625 0.04375 0.0609375
0 0.0640625 0.9703125 0.028125 0.0265625
0 0.55078125 0.9359375 0.0375 0.0390625
0 0.43359375 0.59375 0.0234375 0.0328125
0 0.50859375 0.7484375 0.08125 0.1546875
0 0.6484375 0.3984375 0.034375 0.040625
0 0.2484375 0.0234375 0.0171875 0.015625
0 0.33984375 0.90390625 0.034375 0.0515625
0 0.265625 0.99375 0.025 0.0125
0 0.8109375 0.1375 0.0609375 0.075
0 0.58046875 0.95859375 0.0375 0.0484375
0 0.653125 0.9703125 0.046875 0.040625
0 0.16796875 0.10546875 0.0171875 0.021875
0 0.3640625 0.57578125 0.025 0.0265625
0 0.66875 0.23984375 0.0609375 0.053125
0 0.0140625 0.15625 0.015625 0.0234375
0 0.05546875 0.42734375 0.0203125 0.0234375
0 0.12578125 0.990625 0.0328125 0.01875
0 0.6953125 0.90625 0.046875 0.0625
0 0.8625 0.91171875 0.08125 0.11875
0 0.4234375 0.47734375 0.040625 0.0375
0 0.55234375 0.35078125 0.1015625 0.1390625
0 0.684375 0.63046875 0.0921875 0.1125
0 0.2703125 0.1109375 0.0546875 0.0390625
0 0.7875 0.66796875 0.0546875 0.0625
0 0.19140625 0.059375 0.0359375 0.0328125
0 0.30234375 0.16328125 0.0125 0.0125
0 0.38359375 0.17421875 0.0171875 0.01875
0 0.7671875 0.1484375 0.021875 0.0359375
0 0.765625 0.83203125 0.1078125 0.1484375
0 0.16015625 0.68671875 0.0359375 0.0375
0 0.378125 0.48203125 0.05 0.0421875
0 0.653125 0.0875 0.0515625 0.075
0 0.4296875 0.22578125 0.0453125 0.040625
0 0.16015625 0.1953125 0.0234375 0.028125
0 0.20625 0.42734375 0.0421875 0.0453125
0 0.74140625 0.76640625 0.034375 0.053125
0 0.7484375 0.95546875 0.0453125 0.05625
0 0.33125 0.08359375 0.01875 0.0140625
0 0.48984375 0.875 0.121875 0.1140625
0 0.26484375 0.37578125 0.1015625 0.1046875
0 0.60234375 0.084375 0.053125 0.05625
0 0.1640625 0.59921875 0.028125 0.0296875
0 0.325 0.98671875 0.0375 0.0265625
0 0.74921875 0.64765625 0.0296875 0.053125
0 0.76171875 0.22421875 0.0421875 0.053125
0 0.81171875 0.378125 0.1484375 0.2234375
0 0.6125 0.82578125 0.1421875 0.178125
0 0.56875 0.5984375 0.153125 0.11875
0 0.21015625 0.0453125 0.0125 0.0140625
0 0.46953125 0.2265625 0.0453125 0.05
0 0.56953125 0.4703125 0.046875 0.059375
0 0.16171875 0.48046875 0.0203125 0.0234375
0 0.52578125 0.17734375 0.0546875 0.0546875
0 0.684375 0.028125 0.05625 0.05625
0 0.77734375 0.003125 0.0359375 0.00625
0 0.70234375 0.9640625 0.05 0.046875
0 0.05234375 0.97890625 0.040625 0.0390625
0 0.18515625 0.98515625 0.0296875 0.0296875
0 0.3140625 0.52578125 0.084375 0.0875
0 0.83359375 0.2203125 0.053125 0.0921875
0 0.29140625 0.0875 0.03125 0.0203125
0 0.34296875 0.03828125 0.03125 0.046875
0 0.35390625 0.06875 0.021875 0.0171875
0 0.03515625 0.23671875 0.0125 0.0125
0 0.12578125 0.19921875 0.0171875 0.0109375
0 0.190625 0.1625 0.0390625 0.021875
0 0.19609375 0.13828125 0.0234375 0.025
0 0.17578125 0.15078125 0.009375 0.0078125
0 0.2171875 0.134375 0.0265625 0.021875
0 0.2390625 0.12109375 0.021875 0.0234375
0 0.25625 0.12890625 0.0125 0.0125
1 0.41015625 0.0390625 0.2109375 0.078125
0 0.73984375 0.00390625 0.0328125 0.0078125
0 0.2171875 0.3609375 0.1484375 0.128125
1 0.15859375 0.02890625 0.11875 0.0203125
1 0.0875 0.0390625 0.0296875 0.025
1 0.05625 0.17421875 0.1125 0.1484375
0 0.48125 0.62109375 0.046875 0.075
0 0.45703125 0.76796875 0.0296875 0.0328125
0 0.3671875 0.9375 0.0328125 0.0515625
0 0.3734375 0.96484375 0.034375 0.0390625