0 0.16733333333333333 0.4678832116788321 0.09333333333333334 0.10218978102189781
0 0.26266666666666666 0.21532846715328466 0.13066666666666665 0.14744525547445256
0 0.292 0.4291970802919708 0.10133333333333333 0.11386861313868613
0 0.392 0.28613138686131384 0.108 0.13576642335766423
0 0.5013333333333333 0.09343065693430656 0.11333333333333333 0.12408759124087591
0 0.5373333333333333 0.21751824817518248 0.108 0.10510948905109489
0 0.5373333333333333 0.33795620437956203 0.12266666666666666 0.11094890510948906
0 0.4066666666666667 0.4240875912408759 0.11333333333333333 0.12554744525547445
0 0.618 0.4408759124087591 0.10666666666666667 0.11970802919708029
0 0.68 0.3182481751824818 0.11733333333333333 0.11386861313868613
0 0.7146666666666667 0.14890510948905109 0.112 0.11532846715328467
0 0.8326666666666667 0.3182481751824818 0.096 0.12554744525547445
0 0.7253333333333334 0.5145985401459854 0.10133333333333333 0.12846715328467154
0 0.8446666666666667 0.5277372262773723 0.09866666666666667 0.12846715328467154
0 0.7906666666666666 0.7525547445255475 0.09866666666666667 0.11240875912408758
0 0.6686666666666666 0.7102189781021898 0.10533333333333333 0.15328467153284672
0 0.6093333333333333 0.5759124087591241 0.104 0.12992700729927006
0 0.588 0.8927007299270073 0.12666666666666668 0.1343065693430657
0 0.5506666666666666 0.7715328467153285 0.108 0.12992700729927006
0 0.5106666666666667 0.6635036496350365 0.10266666666666667 0.11240875912408758
0 0.22 0.737956204379562 0.10533333333333333 0.11970802919708029
0 0.29733333333333334 0.627007299270073 0.11733333333333333 0.15766423357664233
0 0.3993333333333333 0.5620437956204379 0.108 0.13138686131386862
0 0.402 0.7394160583941606 0.12133333333333333 0.12700729927007298
0 0.3586666666666667 0.8897810218978102 0.10933333333333334 0.10948905109489052