0 0.4766666666666667 0.13503649635036497 0.08133333333333333 0.08905109489051095
0 0.7193333333333334 0.19854014598540146 0.11866666666666667 0.12408759124087591
0 0.5313333333333333 0.26423357664233577 0.092 0.09635036496350365
0 0.676 0.34963503649635036 0.11066666666666666 0.10072992700729927
0 0.8666666666666667 0.43795620437956206 0.09866666666666667 0.10802919708029197
0 0.7606666666666667 0.49635036496350365 0.08266666666666667 0.10510948905109489
0 0.652 0.5153284671532846 0.08533333333333333 0.12116788321167883
0 0.554 0.38686131386861317 0.1 0.10802919708029197
0 0.572 0.6182481751824818 0.096 0.10218978102189781
0 0.692 0.6664233576642336 0.08933333333333333 0.11386861313868613
0 0.85 0.6773722627737226 0.09066666666666667 0.10802919708029197
0 0.716 0.8313868613138686 0.10266666666666667 0.08905109489051095
0 0.522 0.745985401459854 0.10533333333333333 0.09343065693430656
0 0.5286666666666666 0.8773722627737226 0.10533333333333333 0.0905109489051095
0 0.318 0.8540145985401459 0.09066666666666667 0.09343065693430656
0 0.33666666666666667 0.7153284671532847 0.128 0.0948905109489051
0 0.44866666666666666 0.6299270072992701 0.10666666666666667 0.09635036496350365
0 0.15933333333333333 0.656934306569343 0.10666666666666667 0.12262773722627737
0 0.26266666666666666 0.5970802919708029 0.10533333333333333 0.10218978102189781
0 0.354 0.5372262773722628 0.08933333333333333 0.09781021897810219
0 0.24133333333333334 0.2343065693430657 0.096 0.10072992700729927
0 0.354 0.3007299270072993 0.13066666666666665 0.10802919708029197
0 0.428 0.40072992700729926 0.10666666666666667 0.10072992700729927
0 0.26866666666666666 0.4313868613138686 0.1 0.11678832116788321
0 0.126 0.40802919708029195 0.08533333333333333 0.10656934306569343