0 0.6526666666666666 0.21686746987951808 0.10666666666666667 0.1144578313253012
0 0.7466666666666667 0.12048192771084337 0.11733333333333333 0.15210843373493976
0 0.808 0.28313253012048195 0.116 0.14006024096385541
0 0.7246666666666667 0.3885542168674699 0.12533333333333332 0.15060240963855423
0 0.8433333333333334 0.4954819277108434 0.128 0.14759036144578314
0 0.8426666666666667 0.6920180722891566 0.12266666666666666 0.13855421686746988
0 0.73 0.6046686746987951 0.11866666666666667 0.14156626506024098
0 0.7466666666666667 0.7944277108433735 0.10666666666666667 0.13704819277108435
0 0.6313333333333333 0.4879518072289157 0.092 0.12650602409638553
0 0.5946666666666667 0.6174698795180723 0.108 0.11897590361445783
0 0.6093333333333333 0.7658132530120482 0.12666666666666668 0.1280120481927711
0 0.6026666666666667 0.9096385542168675 0.10933333333333334 0.1280120481927711
0 0.47733333333333333 0.6551204819277109 0.09733333333333333 0.11596385542168675
0 0.4726666666666667 0.8034638554216867 0.116 0.12650602409638553
0 0.43333333333333335 0.9352409638554217 0.12533333333333332 0.12951807228915663
0 0.38133333333333336 0.3998493975903614 0.09733333333333333 0.14156626506024098
0 0.39 0.5557228915662651 0.10666666666666667 0.12650602409638553
0 0.26866666666666666 0.36069277108433734 0.116 0.1460843373493976
0 0.28 0.5240963855421686 0.10133333333333333 0.1430722891566265
0 0.348 0.697289156626506 0.1 0.1144578313253012
0 0.282 0.8253012048192772 0.12933333333333333 0.13855421686746988
0 0.20266666666666666 0.6543674698795181 0.12266666666666666 0.13253012048192772
0 0.156 0.463855421686747 0.11333333333333333 0.1566265060240964
0 0.6073333333333333 0.06325301204819277 0.12133333333333333 0.12650602409638553
0 0.6033333333333334 0.3501506024096386 0.11733333333333333 0.13704819277108435
0 0.514 0.16114457831325302 0.11066666666666666 0.14156626506024098
0 0.48333333333333334 0.30271084337349397 0.11866666666666667 0.12951807228915663
0 0.3953333333333333 0.07530120481927711 0.10133333333333333 0.10993975903614457
0 0.38666666666666666 0.2183734939759036 0.11733333333333333 0.13403614457831325
0 0.25 0.18599397590361447 0.12533333333333332 0.1355421686746988