0 0.8566666666666667 0.6484149855907781 0.156 0.1484149855907781
0 0.8633333333333333 0.5021613832853026 0.16666666666666666 0.14265129682997119
0 0.4866666666666667 0.8840057636887608 0.15466666666666667 0.1340057636887608
0 0.7746666666666666 0.7694524495677233 0.144 0.16138328530259366
0 0.374 0.670749279538905 0.13866666666666666 0.16138328530259366
0 0.6966666666666667 0.6059077809798271 0.14933333333333335 0.14553314121037464
0 0.232 0.21109510086455333 0.16133333333333333 0.1585014409221902
0 0.14533333333333334 0.37103746397694526 0.14133333333333334 0.16570605187319884
0 0.6993333333333334 0.43804034582132567 0.14533333333333334 0.16570605187319884
0 0.32666666666666666 0.8378962536023055 0.152 0.14985590778097982
0 0.356 0.36095100864553314 0.15466666666666667 0.1440922190201729
0 0.5553333333333333 0.15778097982708933 0.14533333333333334 0.1844380403458213
0 0.21 0.7146974063400576 0.164 0.16138328530259366
0 0.8106666666666666 0.3472622478386167 0.16 0.1642651296829971
0 0.12933333333333333 0.5504322766570605 0.16133333333333333 0.14553314121037464
0 0.556 0.712536023054755 0.17066666666666666 0.14985590778097982
0 0.3973333333333333 0.16714697406340057 0.16666666666666666 0.15273775216138327
0 0.542 0.33645533141210376 0.168 0.15417867435158503
0 0.696 0.23991354466858789 0.164 0.17723342939481268
0 0.6493333333333333 0.8595100864553314 0.15333333333333332 0.14985590778097982
0 0.29333333333333333 0.520893371757925 0.14666666666666667 0.14697406340057637