0 0.8493333333333334 0.455177743431221 0.14666666666666667 0.14683153013910355
0 0.31 0.43044822256568777 0.14533333333333334 0.12828438948995363
0 0.136 0.5865533230293664 0.12933333333333333 0.160741885625966
0 0.5086666666666667 0.6421947449768161 0.11466666666666667 0.160741885625966
0 0.31533333333333335 0.8060278207109737 0.14266666666666666 0.1545595054095827
0 0.546 0.27743431221020093 0.13066666666666665 0.14219474497681608
0 0.7233333333333334 0.80370942812983 0.12266666666666666 0.15765069551777433
0 0.3953333333333333 0.2921174652241113 0.11333333333333333 0.14528593508500773
0 0.6686666666666666 0.5772797527047914 0.136 0.15146831530139104
0 0.528 0.8284389489953632 0.12266666666666666 0.14064914992272023
0 0.14666666666666667 0.41653786707882534 0.14133333333333334 0.1375579598145286
0 0.678 0.15687789799072643 0.09733333333333333 0.11901081916537867
0 0.35533333333333333 0.6012364760432767 0.11066666666666666 0.16846986089644514
0 0.26866666666666666 0.1901081916537867 0.104 0.12210200927357033
0 0.18666666666666668 0.29057187017001546 0.13066666666666665 0.11901081916537867
0 0.19066666666666668 0.7217928902627512 0.13333333333333333 0.12982998454404945
0 0.6826666666666666 0.38794435857805254 0.12 0.12210200927357033
0 0.786 0.2534775888717156 0.09866666666666667 0.14219474497681608
0 0.5473333333333333 0.12287480680061824 0.11066666666666666 0.12210200927357033
0 0.8193333333333334 0.6329211746522411 0.132 0.13446676970633695
0 0.4 0.11746522411128284 0.12266666666666666 0.125193199381762