0 0.0725 0.7656982193064668 0.08875 0.07403936269915651
0 0.064375 0.8397375820056232 0.0825 0.06841611996251172
0 0.56375 0.7099343955014058 0.07375 0.07310215557638237
0 0.02375 0.48500468603561386 0.0475 0.07216494845360824
0 0.7 0.6808809746954076 0.10625 0.05435801312089972
0 0.428125 0.6785379568884724 0.1075 0.038425492033739454
0 0.515625 0.7436738519212746 0.09 0.05810684161199625
0 0.406875 0.8111527647610122 0.13 0.05248359887535145
1 0.531875 0.4704779756326148 0.24375 0.31115276476101217
0 0.80125 0.6818181818181818 0.03375 0.028116213683223992
1 0.669375 0.8125585754451734 0.23 0.1246485473289597
0 0.60375 0.506560449859419 0.04875 0.05248359887535145
0 0.073125 0.3612933458294283 0.0425 0.03748828491096532
0 0.43 0.5215557638238051 0.06625 0.04873477038425492
0 0.889375 0.33270852858481725 0.06 0.044048734770384255
0 0.580625 0.46719775070290537 0.0475 0.04498594189315839
0 0.044375 0.422680412371134 0.08875 0.06935332708528585
0 0.948125 0.3908153701968135 0.07 0.04967197750702906
1 0.64125 0.41940018744142454 0.44 0.21462043111527648
1 0.44375 0.8303655107778819 0.29875 0.08903467666354264
0 0.204375 0.3964386129334583 0.04 0.030927835051546393
1 0.40375 0.48687910028116216 0.19 0.34957825679475163
1 0.780625 0.8570759137769447 0.08375 0.03561387066541706
0 0.203125 0.43158388003748827 0.03625 0.02530459231490159
0 0.25 0.36363636363636365 0.05125 0.04029990627928772
1 0.554375 0.3823805060918463 0.225 0.11996251171508904
0 0.253125 0.6349578256794751 0.0375 0.022492970946579195
0 0.3875 0.6030927835051546 0.01125 0.013120899718837863
0 0.336875 0.3983130271790066 0.035 0.02530459231490159
0 0.75125 0.7155576382380506 0.03125 0.02436738519212746
0 0.660625 0.6447985004686035 0.03 0.02530459231490159
0 0.950625 0.7582005623242737 0.03 0.023430178069353328
0 0.73375 0.3847235238987816 0.02125 0.013120899718837863
0 0.95875 0.43673851921274603 0.01625 0.01218369259606373
0 0.855625 0.507029053420806 0.0175 0.01218369259606373
0 0.82 0.3022492970946579 0.035 0.016869728209934397
0 0.72875 0.39690721649484534 0.0125 0.010309278350515464
0 0.498125 0.7652296157450796 0.05 0.026241799437675725
0 0.29875 0.669165885660731 0.04375 0.022492970946579195
0 0.245625 0.7024367385192127 0.0375 0.026241799437675725
0 0.409375 0.3064667291471415 0.01875 0.011246485473289597