0 0.145625 0.1794751640112465 0.09875 0.06654170571696345
0 0.046875 0.1733833177132146 0.09125 0.061855670103092786
0 0.22 0.5477975632614808 0.0975 0.05529522024367385
0 0.519375 0.1218369259606373 0.09625 0.07872539831302718
0 0.25875 0.6499531396438613 0.0725 0.07966260543580131
0 0.261875 0.44611059044048734 0.05125 0.08059981255857544
0 0.175 0.5117150890346767 0.0775 0.06747891283973759
0 0.085 0.4301780693533271 0.07 0.09746954076850985
0 0.388125 0.06701030927835051 0.05125 0.04217432052483599
1 0.53955 0.5241143392689784 0.41545000000000004 0.18275538894095594
0 0.2575 0.7258669165885661 0.0375 0.02530459231490159
0 0.059375 0.08809746954076851 0.05875 0.05060918462980318
1 0.08315 0.6271883786316776 0.1663 0.1720149953139644
0 0.49125 0.577788191190253 0.07 0.03655107778819119
0 0.685 0.17994376757263356 0.05 0.031865042174320526
0 0.47125 0.4475164011246485 0.065 0.04967197750702906
0 0.723125 0.7919400187441424 0.05875 0.04498594189315839
0 0.54375 0.5604498594189316 0.06 0.03561387066541706
0 0.6025 0.15510777881911902 0.0925 0.07403936269915651
0 0.645625 0.8359887535145267 0.06625 0.05248359887535145
0 0.2825 0.11152764761012184 0.0325 0.02999062792877226
1 0.607325 0.6058856607310216 0.286075 0.3299531396438613
1 0.059375 0.457825679475164 0.11875 0.22399250234301782
0 0.015 0.10255857544517338 0.03 0.03667291471415183
0 0.638125 0.27835051546391754 0.04125 0.02999062792877226
1 0.5175625 0.4279662605435801 0.46625 0.14209934395501406
1 0.023937499999999997 0.7104873477038426 0.047874999999999994 0.062380506091846304
0 0.5912375 0.2773945641986879 0.0342125 0.027544517338331773
0 0.681875 0.3125585754451734 0.05375 0.038425492033739454
1 0.657025 0.5407403936269916 0.16 0.16830365510777884
0 0.32 0.3149015932521087 0.03 0.028116213683223992
0 0.3625 0.415651358950328 0.0175 0.008434864104967198
0 0.003125 0.059990627928772265 0.00625 0.022024367385192128
0 0.635625 0.3776944704779756 0.03375 0.026241799437675725
0 0.2125 0.6883786316776007 0.0325 0.023430178069353328
0 0.306875 0.6204311152764761 0.03375 0.022492970946579195
0 0.155625 0.837863167760075 0.03125 0.022492970946579195
0 0.65375 0.6752577319587629 0.0175 0.015932521087160263
0 0.584375 0.8439550140581068 0.01625 0.01218369259606373
0 0.490625 0.7666354264292409 0.01625 0.013120899718837863
0 0.7640250000000001 0.7400937207122774 0.022225 0.02654170571696345
0 0.6375500000000001 0.6716213683223993 0.0135625 0.009615745079662605
0 0.146275 0.4988191190253046 0.0346375 0.03742268041237114
0 0.27435 0.3489784442361762 0.03055 0.03253045923149016
0 0.2298875 0.3090815370196814 0.03545 0.027919400187441424
0 0.7583249999999999 0.43223992502343017 0.0151 0.013767572633552015