0 0.915 0.22305529522024367 0.0925 0.07591377694470477
0 0.919375 0.14901593252108716 0.08625 0.07029053420805999
0 0.42625 0.29194001874414244 0.0775 0.07497656982193064
0 0.975 0.5014058106841612 0.05 0.07310215557638237
0 0.291875 0.32427366447985007 0.10875 0.05716963448922212
0 0.56375 0.31958762886597936 0.10875 0.041237113402061855
0 0.473125 0.25679475164011245 0.0925 0.05998125585754452
0 0.57875 0.18650421743205248 0.1325 0.056232427366447985
1 0.469375 0.5304592314901593 0.2575 0.3177132146204311
0 0.190625 0.3261480787253983 0.035 0.029053420805998126
1 0.31625 0.19212746016869728 0.23625 0.1302717900656045
0 0.39625 0.49625117150890347 0.05125 0.053420805998125584
0 0.933125 0.627460168697282 0.04375 0.038425492033739454
0 0.56875 0.4765698219306467 0.06875 0.05060918462980318
0 0.11875 0.6776007497656982 0.0625 0.04592314901593252
0 0.42125 0.5346766635426429 0.05 0.04592314901593252
0 0.955625 0.5641986879100281 0.08875 0.07122774133083412
0 0.0575 0.6208997188378632 0.0725 0.05154639175257732
1 0.3625 0.584348641049672 0.45 0.22586691658856609
1 0.540625 0.1682286785379569 0.3025 0.09653233364573571
0 0.8 0.5955951265229615 0.04125 0.031865042174320526
1 0.596875 0.5107778819119025 0.20625 0.3542642924086223
1 0.203125 0.15042174320524837 0.085 0.03748828491096532
0 0.8 0.5604498594189316 0.0375 0.026241799437675725
0 0.75625 0.6298031865042174 0.0525 0.041237113402061855
1 0.45125 0.6190253045923149 0.23 0.12558575445173384
0 0.740625 0.3584817244611059 0.03875 0.023430178069353328
0 0.6075 0.394095595126523 0.01125 0.013120899718837863
0 0.6675 0.5974695407685099 0.03625 0.026241799437675725
0 0.23875 0.2910028116213683 0.0325 0.02530459231490159
0 0.3325 0.35941893158388005 0.03125 0.026241799437675725
0 0.0375 0.253514526710403 0.03125 0.02436738519212746
0 0.271875 0.6213683223992502 0.02125 0.014058106841611996
0 0.044375 0.5754451733833177 0.01625 0.01218369259606373
0 0.144375 0.5023430178069354 0.0175 0.01218369259606373
0 0.189375 0.7061855670103093 0.03625 0.01780693533270853
0 0.27625 0.6091846298031866 0.0125 0.010309278350515464
0 0.489375 0.23477038425492033 0.05125 0.02717900656044986
0 0.693125 0.32567947516401125 0.045 0.023430178069353328
0 0.745 0.2910028116213683 0.03875 0.02717900656044986
0 0.599375 0.6911902530459232 0.01875 0.01218369259606373