0 0.13733333333333334 0.6418732782369146 0.15733333333333333 0.1928374655647383
0 0.098 0.5606060606060606 0.13333333333333333 0.17355371900826447
0 0.144 0.4628099173553719 0.144 0.15151515151515152
0 0.20666666666666667 0.39944903581267216 0.11866666666666667 0.12947658402203857
0 0.28933333333333333 0.35674931129476584 0.092 0.1322314049586777
0 0.30933333333333335 0.4628099173553719 0.14533333333333334 0.15702479338842976
0 0.3426666666666667 0.5674931129476584 0.124 0.1928374655647383
0 0.272 0.7176308539944903 0.17866666666666667 0.19834710743801653
0 0.5406666666666666 0.71900826446281 0.15733333333333333 0.22038567493112948
0 0.5133333333333333 0.5922865013774105 0.13333333333333333 0.18181818181818182
0 0.402 0.39669421487603307 0.10933333333333334 0.14600550964187328
0 0.4126666666666667 0.3181818181818182 0.11066666666666666 0.12672176308539945
0 0.544 0.31267217630853994 0.1 0.1322314049586777
0 0.5466666666666666 0.39118457300275483 0.12666666666666668 0.15426997245179064
0 0.6673333333333333 0.3278236914600551 0.09066666666666667 0.12396694214876033
0 0.688 0.4297520661157025 0.124 0.15151515151515152
0 0.6933333333333334 0.5440771349862259 0.15333333333333332 0.1790633608815427
0 0.796 0.6928374655647382 0.16666666666666666 0.2396694214876033
0 0.88 0.5730027548209367 0.156 0.1790633608815427
0 0.8726666666666667 0.4641873278236915 0.156 0.15702479338842976
0 0.772 0.371900826446281 0.10266666666666667 0.14049586776859505