0 0.768 0.35268505079825835 0.124 0.12772133526850507
0 0.27466666666666667 0.6153846153846154 0.11066666666666666 0.12917271407837447
0 0.6673333333333333 0.19013062409288825 0.12666666666666668 0.13497822931785197
0 0.37 0.2728592162554427 0.11466666666666667 0.11320754716981132
0 0.39 0.41001451378809867 0.11333333333333333 0.13352685050798258
0 0.388 0.6552975326560232 0.11066666666666666 0.12336719883889695
0 0.6173333333333333 0.7634252539912917 0.11066666666666666 0.12191582002902758
0 0.6206666666666667 0.3149492017416546 0.116 0.11901306240928883
0 0.5273333333333333 0.11683599419448476 0.124 0.12772133526850507
0 0.49266666666666664 0.2358490566037736 0.108 0.1320754716981132
0 0.494 0.8265602322206096 0.10933333333333334 0.13062409288824384
0 0.41733333333333333 0.9194484760522497 0.124 0.14223512336719885
0 0.352 0.7946298984034833 0.104 0.11901306240928883
0 0.2693333333333333 0.43831640058055155 0.12533333333333332 0.13642960812772134
0 0.3606666666666667 0.5355587808417998 0.088 0.11756168359941944
0 0.166 0.37010159651669083 0.10666666666666667 0.12481857764876633
0 0.22 0.7365747460087083 0.10533333333333333 0.12917271407837447
0 0.17466666666666666 0.5341074020319303 0.11333333333333333 0.12917271407837447
0 0.502 0.36574746008708275 0.09466666666666666 0.10449927431059507
0 0.6033333333333334 0.5972423802612482 0.10666666666666667 0.14513788098693758
0 0.27666666666666667 0.874455732946299 0.09866666666666667 0.11175616835994194
0 0.7406666666666667 0.7873730043541364 0.128 0.12917271407837447
0 0.36666666666666664 0.14731494920174165 0.10933333333333334 0.12481857764876633
0 0.694 0.4716981132075472 0.112 0.1320754716981132
0 0.606 0.8896952104499274 0.10133333333333333 0.10449927431059507
0 0.5813333333333334 0.4455732946298984 0.10533333333333333 0.11901306240928883
0 0.24533333333333332 0.260522496371553 0.10533333333333333 0.11320754716981132
0 0.72 0.6262699564586357 0.11866666666666667 0.14658925979680695
0 0.8173333333333334 0.5355587808417998 0.104 0.11611030478955008
0 0.5073333333333333 0.690856313497823 0.12 0.10740203193033382