0 0.22333333333333333 0.6269956458635704 0.11733333333333333 0.1204644412191582
0 0.7326666666666667 0.4020319303338171 0.10533333333333333 0.12336719883889695
0 0.31266666666666665 0.7960812772133526 0.12 0.12772133526850507
0 0.6153333333333333 0.7365747460087083 0.10933333333333334 0.10595065312046444
0 0.604 0.5979680696661829 0.10666666666666667 0.12772133526850507
0 0.6213333333333333 0.353410740203193 0.104 0.11756168359941944
0 0.4 0.22859216255442671 0.104 0.11611030478955008
0 0.36733333333333335 0.6748911465892597 0.11066666666666666 0.11175616835994194
0 0.448 0.8802612481857764 0.11733333333333333 0.1204644412191582
0 0.49066666666666664 0.7641509433962265 0.10133333333333333 0.1262699564586357
0 0.5266666666666666 0.1748911465892598 0.10266666666666667 0.12481857764876633
0 0.6093333333333333 0.08853410740203194 0.11733333333333333 0.13497822931785197
0 0.6666666666666666 0.21770682148040638 0.09866666666666667 0.11320754716981132
0 0.726 0.579100145137881 0.11866666666666667 0.12917271407837447
0 0.6413333333333333 0.4746008708272859 0.08133333333333333 0.11320754716981132
0 0.8246666666666667 0.6545718432510885 0.1 0.11901306240928883
0 0.7946666666666666 0.28519593613933236 0.09866666666666667 0.12481857764876633
0 0.8266666666666667 0.49056603773584906 0.108 0.12191582002902758
0 0.48933333333333334 0.6335268505079826 0.08933333333333333 0.09869375907111756
0 0.4033333333333333 0.39477503628447025 0.1 0.13933236574746008
0 0.7473333333333333 0.14368650217706821 0.09333333333333334 0.10595065312046444
0 0.278 0.19448476052249636 0.12133333333333333 0.12191582002902758
0 0.6106666666666667 0.8613933236574746 0.10266666666666667 0.11901306240928883
0 0.30466666666666664 0.5137880986937591 0.10533333333333333 0.1262699564586357
0 0.41933333333333334 0.10304789550072568 0.096 0.09869375907111756
0 0.41533333333333333 0.5478955007256894 0.1 0.11320754716981132
0 0.7386666666666667 0.7583454281567489 0.1 0.10740203193033382
0 0.2886666666666667 0.3570391872278665 0.112 0.13933236574746008
0 0.186 0.4404934687953556 0.09866666666666667 0.11030478955007257
0 0.5046666666666667 0.3084179970972424 0.11466666666666667 0.10014513788098693