0 0.6775 0.8542074363992173 0.125 0.1780821917808219
0 0.5675 0.7622309197651663 0.13333333333333333 0.18003913894324852
0 0.5716666666666667 0.17416829745596868 0.13333333333333333 0.1506849315068493
0 0.6325 0.6389432485322897 0.12666666666666668 0.14090019569471623
0 0.3275 0.2974559686888454 0.12833333333333333 0.18003913894324852
0 0.43083333333333335 0.5998043052837574 0.105 0.11937377690802348
0 0.64 0.34442270058708413 0.11666666666666667 0.13894324853228962
0 0.7833333333333333 0.3131115459882583 0.14 0.21526418786692758
0 0.41083333333333333 0.4315068493150685 0.13166666666666665 0.20939334637964774
0 0.5058333333333334 0.27690802348336596 0.11166666666666666 0.13894324853228962
0 0.7433333333333333 0.7250489236790607 0.10333333333333333 0.1350293542074364
0 0.6516666666666666 0.4911937377690802 0.09166666666666666 0.13894324853228962
0 0.545 0.9207436399217221 0.13166666666666665 0.1350293542074364
0 0.7641666666666667 0.5939334637964775 0.12833333333333333 0.13307240704500978
0 0.2658333333333333 0.4520547945205479 0.17166666666666666 0.17025440313111545
0 0.41583333333333333 0.8639921722113503 0.12666666666666668 0.14481409001956946
0 0.4275 0.20645792563600782 0.11666666666666667 0.11937377690802348
0 0.3 0.7534246575342466 0.125 0.15851272015655576
0 0.4583333333333333 0.7172211350293543 0.105 0.11741682974559686
0 0.6375 0.08806262230919765 0.11 0.11741682974559686
0 0.7816666666666666 0.46477495107632094 0.105 0.12720156555772993
0 0.6925 0.22700587084148727 0.11 0.15459882583170254
0 0.4725 0.07925636007827788 0.13333333333333333 0.11545988258317025
0 0.2866666666666667 0.586105675146771 0.13 0.11350293542074363
0 0.26916666666666667 0.19471624266144813 0.15666666666666668 0.1917808219178082