0 0.8016666666666666 0.29158512720156554 0.15166666666666667 0.14677103718199608
0 0.7233333333333334 0.4207436399217221 0.15333333333333332 0.15655577299412915
0 0.2225 0.4158512720156556 0.12833333333333333 0.15655577299412915
0 0.6183333333333333 0.34442270058708413 0.12 0.1487279843444227
0 0.3275 0.7025440313111546 0.15333333333333332 0.1506849315068493
0 0.585 0.5812133072407045 0.10166666666666667 0.1232876712328767
0 0.3675 0.3356164383561644 0.11833333333333333 0.136986301369863
0 0.3408333333333333 0.16731898238747553 0.18333333333333332 0.1643835616438356
0 0.44166666666666665 0.6046966731898239 0.17833333333333334 0.15459882583170254
0 0.31 0.4931506849315068 0.11833333333333333 0.13111545988258316
0 0.6916666666666667 0.21428571428571427 0.115 0.12133072407045009
0 0.4925 0.3219178082191781 0.11833333333333333 0.10763209393346379
0 0.8583333333333333 0.4471624266144814 0.115 0.15459882583170254
0 0.58 0.1898238747553816 0.11333333333333333 0.1506849315068493
0 0.45916666666666667 0.7749510763209393 0.145 0.20156555772994128
0 0.81 0.598825831702544 0.12333333333333334 0.1487279843444227
0 0.25 0.5851272015655578 0.10166666666666667 0.136986301369863
0 0.7158333333333333 0.7348336594911937 0.135 0.14677103718199608
0 0.685 0.5489236790606654 0.1 0.1232876712328767
0 0.14916666666666667 0.3385518590998043 0.1 0.12915851272015655
0 0.47 0.16927592954990214 0.10833333333333334 0.1232876712328767
0 0.2675 0.273972602739726 0.13166666666666665 0.12915851272015655
0 0.14166666666666666 0.5322896281800391 0.09833333333333333 0.15655577299412915
0 0.5733333333333334 0.7504892367906066 0.09666666666666666 0.15264187866927592
0 0.24 0.7710371819960861 0.16333333333333333 0.18395303326810175