0 0.5483333333333333 0.6243243243243243 0.15166666666666667 0.12792792792792793
0 0.26916666666666667 0.7513513513513513 0.13666666666666666 0.14594594594594595
0 0.29833333333333334 0.418018018018018 0.16666666666666666 0.13153153153153152
0 0.1875 0.3207207207207207 0.12166666666666667 0.14774774774774774
0 0.7008333333333333 0.5198198198198198 0.11166666666666666 0.15135135135135136
0 0.7641666666666667 0.33693693693693694 0.135 0.14234234234234233
0 0.3283333333333333 0.22702702702702704 0.16833333333333333 0.15135135135135136
0 0.8425 0.4945945945945946 0.13166666666666665 0.15855855855855855
0 0.4633333333333333 0.845945945945946 0.14333333333333334 0.11531531531531532
0 0.4608333333333333 0.34324324324324323 0.15666666666666668 0.14774774774774774
0 0.5616666666666666 0.2045045045045045 0.15833333333333333 0.11531531531531532
0 0.37333333333333335 0.5486486486486486 0.10666666666666667 0.13513513513513514
0 0.715 0.17927927927927928 0.13166666666666665 0.13513513513513514
0 0.27 0.5882882882882883 0.10333333333333333 0.13513513513513514
0 0.7558333333333334 0.6828828828828829 0.13833333333333334 0.16396396396396395
0 0.6275 0.3675675675675676 0.12166666666666667 0.11351351351351352
0 0.605 0.7513513513513513 0.155 0.12252252252252252
0 0.4075 0.7063063063063063 0.13166666666666665 0.13693693693693693
0 0.43166666666666664 0.13333333333333333 0.09166666666666666 0.13693693693693693
0 0.14916666666666667 0.5009009009009009 0.10666666666666667 0.16576576576576577
0 0.6808333333333333 0.8378378378378378 0.135 0.1063063063063063