0 0.27666666666666667 0.1860036832412523 0.145 0.18968692449355432
0 0.5958333333333333 0.8535911602209945 0.19833333333333333 0.19889502762430938
0 0.625 0.5883977900552486 0.16833333333333333 0.2265193370165746
0 0.2733333333333333 0.7605893186003683 0.135 0.17863720073664824
0 0.6033333333333334 0.36464088397790057 0.195 0.18968692449355432
0 0.7958333333333333 0.6243093922651933 0.18333333333333332 0.2578268876611418
0 0.3233333333333333 0.5119705340699816 0.15166666666666667 0.285451197053407
0 0.4508333333333333 0.7384898710865562 0.20333333333333334 0.1712707182320442
0 0.7925 0.2992633517495396 0.16666666666666666 0.20994475138121546
0 0.42 0.26979742173112337 0.185 0.16574585635359115
0 0.55 0.1289134438305709 0.19666666666666666 0.16206261510128914
0 0.16666666666666666 0.48342541436464087 0.13333333333333333 0.2523020257826888