0 0.6925 0.8379373848987108 0.15166666666666667 0.19521178637200737
0 0.4375 0.13720073664825047 0.20333333333333334 0.20626151012891344
0 0.38333333333333336 0.39779005524861877 0.175 0.23204419889502761
0 0.75 0.26703499079189685 0.14 0.18232044198895028
0 0.38416666666666666 0.6233885819521179 0.20166666666666666 0.19705340699815838
0 0.2175 0.3425414364640884 0.19 0.26335174953959484
0 0.6766666666666666 0.5082872928176796 0.16 0.29097605893186
0 0.5716666666666667 0.26795580110497236 0.20833333333333334 0.17863720073664824
0 0.19083333333333333 0.6666666666666666 0.17333333333333334 0.2154696132596685
0 0.5575 0.7375690607734806 0.19 0.1712707182320442
0 0.415 0.8637200736648251 0.20166666666666666 0.1694290976058932
0 0.83 0.5552486187845304 0.14 0.2559852670349908