0 0.7506666666666667 0.6394453004622496 0.18 0.2172573189522342
0 0.25666666666666665 0.288135593220339 0.16533333333333333 0.18181818181818182
0 0.71 0.2357473035439137 0.16666666666666666 0.17565485362095531
0 0.36333333333333334 0.211864406779661 0.13866666666666666 0.17257318952234207
0 0.6046666666666667 0.16640986132511557 0.15333333333333332 0.17411402157164868
0 0.6886666666666666 0.7619414483821263 0.16 0.20030816640986132
0 0.778 0.33436055469953774 0.164 0.14021571648690292
0 0.32066666666666666 0.7619414483821263 0.12133333333333333 0.18181818181818182
0 0.204 0.6864406779661016 0.16 0.14791987673343607
0 0.5726666666666667 0.8050847457627118 0.124 0.19106317411402157
0 0.19533333333333333 0.5408320493066255 0.17466666666666666 0.11248073959938366
0 0.4513333333333333 0.802773497688752 0.09066666666666667 0.2280431432973806
0 0.808 0.47303543913713403 0.16533333333333333 0.15254237288135594
0 0.204 0.4036979969183359 0.16933333333333334 0.1325115562403698
0 0.47533333333333333 0.1510015408320493 0.09066666666666667 0.18335901386748846