0 0.23466666666666666 0.40215716486902925 0.204 0.24345146379044685
0 0.7666666666666667 0.6710323574730355 0.18533333333333332 0.20647149460708783
0 0.324 0.7958397534668721 0.18666666666666668 0.20030816640986132
0 0.67 0.763482280431433 0.15866666666666668 0.1926040061633282
0 0.43666666666666665 0.847457627118644 0.17333333333333334 0.19722650231124808
0 0.2813333333333333 0.2711864406779661 0.18266666666666667 0.22342064714946072
0 0.24466666666666667 0.7087827426810478 0.17866666666666667 0.16486902927580893
0 0.646 0.211864406779661 0.14266666666666666 0.20030816640986132
0 0.7706666666666667 0.26810477657935283 0.176 0.17257318952234207
0 0.3913333333333333 0.20955315870570107 0.14533333333333334 0.20955315870570107
0 0.7966666666666666 0.4106317411402157 0.18666666666666668 0.14021571648690292
0 0.512 0.1926040061633282 0.11733333333333333 0.24036979969183359
0 0.198 0.576271186440678 0.18266666666666667 0.17719568567026195
0 0.8046666666666666 0.5477657935285054 0.184 0.15870570107858242
0 0.5666666666666667 0.8412942989214176 0.112 0.19568567026194145