1 0.088125 0.8383317713214621 0.17625 0.11152764761012184
0 0.260625 0.443767572633552 0.10375 0.05998125585754452
0 0.053125 0.5731021555763823 0.10625 0.09090909090909091
0 0.40375 0.6466729147141518 0.075 0.05060918462980318
0 0.881875 0.7291471415182755 0.1075 0.07403936269915651
0 0.45625 0.3045923149015933 0.10125 0.04779756326148079
0 0.290625 0.528584817244611 0.095 0.04873477038425492
0 0.93625 0.6710402999062793 0.09 0.07778819119025304
0 0.921875 0.7572633552014996 0.08625 0.07216494845360824
0 0.55875 0.4189315838800375 0.0475 0.05060918462980318
0 0.366875 0.3898781630740394 0.05 0.05435801312089972
0 0.3575 0.8416119962511716 0.0625 0.031865042174320526
0 0.296875 0.7497656982193065 0.075 0.029053420805998126
1 0.02625 0.7985004686035614 0.0525 0.08434864104967198
0 0.56375 0.21180880974695407 0.03875 0.030927835051546393
0 0.4025 0.1888472352389878 0.0375 0.022492970946579195
0 0.759375 0.3209934395501406 0.04 0.028116213683223992
0 0.7575 0.29896907216494845 0.04 0.02999062792877226
0 0.753125 0.3434864104967198 0.04 0.02530459231490159
0 0.754375 0.28116213683223995 0.015 0.01218369259606373
0 0.33625 0.3364573570759138 0.04 0.028116213683223992
0 0.491875 0.5796626054358013 0.04125 0.02999062792877226
0 0.45625 0.619962511715089 0.04125 0.030927835051546393
0 0.506875 0.5112464854732895 0.0275 0.02155576382380506
0 0.49875 0.5548266166822868 0.0275 0.02155576382380506
0 0.5 0.49343955014058105 0.0275 0.02155576382380506
0 0.485 0.6059044048734771 0.04125 0.029053420805998126
0 0.54625 0.5323336457357076 0.0275 0.020618556701030927
0 0.49 0.47703842549203374 0.0275 0.020618556701030927
0 0.605625 0.6471415182755389 0.03125 0.023430178069353328
0 0.500625 0.4465791940018744 0.02625 0.020618556701030927
0 0.509375 0.4629803186504217 0.02875 0.02155576382380506
0 0.51875 0.4414245548266167 0.015 0.011246485473289597
0 0.490625 0.46251171508903466 0.015 0.011246485473289597
0 0.585625 0.6438612933458294 0.01625 0.01499531396438613
0 0.525 0.4320524835988753 0.01625 0.01218369259606373
0 0.52 0.45173383317713217 0.0175 0.013120899718837863
0 0.33 0.53514526710403 0.01375 0.031865042174320526
0 0.74125 0.3673851921274602 0.04 0.02999062792877226
0 0.724375 0.3889409559512652 0.04 0.029053420805998126
0 0.710625 0.40581068416119964 0.02875 0.022492970946579195
0 0.800625 0.5201499531396439 0.01375 0.01499531396438613
0 0.944375 0.37066541705716965 0.0375 0.023430178069353328
0 0.815625 0.5463917525773195 0.01875 0.014058106841611996
0 0.805625 0.5332708528584817 0.01625 0.01218369259606373
0 0.80125 0.5056232427366448 0.015 0.015932521087160263
0 0.508125 0.8542642924086223 0.04375 0.022492970946579195
0 0.884375 0.8903467666354264 0.0225 0.015932521087160263
0 0.68 0.8350515463917526 0.02 0.013120899718837863
0 0.6475 0.7755388940955952 0.02125 0.013120899718837863
0 0.893125 0.8013120899718837 0.0175 0.013120899718837863
0 0.80375 0.49250234301780693 0.01375 0.014058106841611996
0 0.76875 0.2858481724461106 0.01375 0.00937207122774133
0 0.464375 0.13683223992502344 0.01875 0.010309278350515464
0 0.46 0.13074039362699155 0.01875 0.00937207122774133
0 0.9625 0.7108716026241799 0.02 0.038425492033739454
0 0.9675 0.6850984067478912 0.0125 0.011246485473289597