0 0.4340277777777778 0.5855354659248957 0.05 0.06675938803894298
0 0.425 0.7555632823365785 0.04791666666666667 0.06397774687065369
0 0.503125 0.9412378303198887 0.06458333333333334 0.07301808066759388
0 0.4951388888888889 0.5897079276773296 0.01597222222222222 0.03894297635605007
0 0.46111111111111114 0.034075104311543813 0.03888888888888889 0.06328233657858136
1 0.5923611111111111 0.019819193324061197 0.034722222222222224 0.039638386648122394
1 0.18194444444444444 0.20271210013908206 0.1701388888888889 0.17454798331015298
1 0.3076388888888889 0.2785118219749652 0.05486111111111111 0.09040333796940195
1 0.25104166666666666 0.5076495132127955 0.16597222222222222 0.16342141863699583
1 0.18611111111111112 0.553894297635605 0.37222222222222223 0.4728789986091794
1 0.5600694444444444 0.6015299026425591 0.1326388888888889 0.20027816411682892
1 0.9253472222222222 0.6063977746870653 0.14930555555555555 0.24895688456189152
1 0.7072916666666667 0.3031988873435327 0.42083333333333334 0.6063977746870653
0 0.4635416666666667 0.24408901251738527 0.03333333333333333 0.027816411682892908
1 0.5111111111111111 0.9026425591098748 0.21944444444444444 0.19471488178025034