0 0.5920138888888888 0.5566759388038943 0.07152777777777777 0.05702364394993046
0 0.7618055555555555 0.5479833101529903 0.06875 0.054242002781641166
0 0.9378472222222223 0.4506258692628651 0.07916666666666666 0.07162726008344923
0 0.5895833333333333 0.4954798331015299 0.04027777777777778 0.020166898470097356
0 0.04131944444444444 0.5872739916550765 0.06666666666666667 0.045201668984700974
1 0.017361111111111112 0.45827538247566063 0.034722222222222224 0.03894297635605007
1 0.2378472222222222 0.8477051460361613 0.1909722222222222 0.18776077885952713
1 0.3 0.7148817802503477 0.09583333333333334 0.06397774687065369
1 0.5336805555555556 0.7472183588317107 0.1798611111111111 0.18219749652294853
1 0.5861111111111111 0.7983310152990264 0.5083333333333333 0.40333796940194716
1 0.5944444444444444 0.42941585535465926 0.2125 0.15299026425591097
1 0.5611111111111111 0.07614742698191933 0.2625 0.15229485396383866
1 0.303125 0.3136300417246175 0.60625 0.48261474269819193
0 0.24965277777777778 0.5629346314325452 0.03125 0.03616133518776078
1 0.8951388888888889 0.44645340751043117 0.20972222222222223 0.23922114047287898