0 0.5659583333333333 0.41433240611961053 0.050048611111111106 0.06659248956884563
0 0.5751736111111111 0.24458275382475658 0.048125 0.06403337969401947
0 0.496875 0.058616133518776085 0.06425 0.07288595271210015
0 0.5047152777777778 0.4102573018080668 0.016201388888888887 0.03863004172461752
0 0.5389305555555555 0.9659179415855355 0.039125 0.06328929068150209
1 0.4077986111111111 0.9800556328233657 0.034826388888888886 0.03989568845618915
1 0.8180138888888889 0.7971766342141863 0.1699513888888889 0.17486787204450627
1 0.6924166666666667 0.721432545201669 0.05509722222222223 0.09070236439499305
1 0.7489097222222223 0.49233657858136304 0.16621527777777778 0.16364394993045897
1 0.8137569444444444 0.4460431154381085 0.3724791666666667 0.47316411682892906
1 0.4398263888888889 0.3983518776077886 0.13259722222222223 0.20011126564673157
1 0.07470138888888889 0.3936787204450626 0.14940972222222224 0.24874130737134909
1 0.29275 0.6968428372739917 0.4211458333333334 0.6063212795549374
0 0.5366180555555555 0.7558762169680111 0.03319444444444444 0.02790681502086231
1 0.4887361111111111 0.09734353268428372 0.21961805555555555 0.19468011126564672