0 0.4 0.24287856071964017 0.17866666666666667 0.239880059970015
0 0.2633333333333333 0.1409295352323838 0.19733333333333333 0.22338830584707647
0 0.406 0.7211394302848576 0.19333333333333333 0.2413793103448276
0 0.6453333333333333 0.3118440779610195 0.16 0.1679160419790105
0 0.798 0.3095952023988006 0.148 0.17841079460269865
0 0.48 0.09295352323838081 0.14666666666666667 0.1679160419790105
0 0.84 0.5299850074962519 0.14 0.18140929535232383
0 0.514 0.280359820089955 0.12533333333333332 0.18140929535232383
0 0.22533333333333333 0.7473763118440779 0.17066666666666666 0.20389805097451275
0 0.6973333333333334 0.431784107946027 0.16266666666666665 0.1724137931034483
0 0.7853333333333333 0.7293853073463268 0.15466666666666667 0.2158920539730135
0 0.17866666666666667 0.29985007496251875 0.15333333333333332 0.18140929535232383
0 0.6453333333333333 0.14617691154422788 0.164 0.1664167916041979
0 0.18466666666666667 0.5232383808095952 0.14 0.16041979010494753
0 0.3253333333333333 0.3553223388305847 0.164 0.17691154422788605
0 0.32866666666666666 0.5569715142428786 0.14933333333333335 0.25037481259370314
0 0.6726666666666666 0.5929535232383808 0.204 0.20689655172413793
0 0.628 0.8770614692653673 0.184 0.1634182908545727
0 0.52 0.7301349325337332 0.152 0.191904047976012
0 0.418 0.9085457271364318 0.19066666666666668 0.18290854572713644
0 0.6393333333333333 0.6986506746626686 0.17466666666666666 0.20089955022488756