0 0.7903871829105474 0.23802163833075735 0.1882510013351135 0.2117465224111283
0 0.6335113484646195 0.14064914992272023 0.15353805073431243 0.15765069551777433
0 0.3104138851802403 0.37635239567233386 0.1909212283044059 0.20865533230293662
0 0.48598130841121495 0.15224111282843894 0.14819759679572764 0.1391035548686244
0 0.40186915887850466 0.6978361669242659 0.16688918558077437 0.21947449768160743
0 0.644192256341789 0.6692426584234931 0.13885180240320427 0.1731066460587326
0 0.8477970627503337 0.49304482225656876 0.13885180240320427 0.16846986089644514
0 0.7222963951935915 0.40030911901081917 0.19893190921228304 0.18856259659969088
0 0.4612817089452603 0.8794435857805255 0.14285714285714285 0.14837712519319937
0 0.794392523364486 0.6862442040185471 0.14018691588785046 0.18083462132921174
0 0.540720961281709 0.7225656877897991 0.14152202937249667 0.18083462132921174
0 0.62283044058745 0.3091190108191654 0.1375166889185581 0.17928902627511592
0 0.16822429906542055 0.6112828438948995 0.1268357810413885 0.2009273570324575
0 0.29439252336448596 0.5146831530139103 0.1588785046728972 0.15301391035548687
0 0.45994659546061417 0.3207109737248841 0.20160213618157544 0.14683153013910355
0 0.3204272363150868 0.18624420401854713 0.17089452603471295 0.18083462132921174
0 0.15086782376502003 0.40030911901081917 0.14018691588785046 0.21638330757341576
0 0.30173564753004006 0.794435857805255 0.1829105473965287 0.16692426584234932
0 0.6481975967957276 0.8292117465224111 0.15086782376502003 0.1731066460587326
0 0.3144192256341789 0.6437403400309119 0.17089452603471295 0.19319938176197837
0 0.6789052069425902 0.5417310664605873 0.11615487316421896 0.16537867078825347