0 0.6728971962616822 0.8763523956723338 0.1829105473965287 0.21792890262751158
0 0.7823765020026703 0.7148377125193199 0.13618157543391188 0.1777434312210201
0 0.6381842456608812 0.30525502318392583 0.1802403204272363 0.22102009273570325
0 0.7983978638184246 0.5440494590417311 0.12016021361815754 0.17156105100463678
0 0.34913217623498 0.35394126738794435 0.18958611481975968 0.19319938176197837
0 0.3311081441922563 0.6352395672333848 0.14953271028037382 0.160741885625966
0 0.4459279038718291 0.8979907264296755 0.14552736982643524 0.160741885625966
0 0.5460614152202937 0.7704791344667697 0.1628838451268358 0.2302936630602782
0 0.1842456608811749 0.3894899536321484 0.12817089452603472 0.16537867078825347
0 0.2910547396528705 0.8029366306027821 0.15620827770360482 0.16228748068006182
0 0.3037383177570093 0.5077279752704791 0.15620827770360482 0.16383307573415765
0 0.6408544726301736 0.6731066460587326 0.1548731642189586 0.15919629057187018
0 0.46328437917222964 0.10200927357032458 0.17356475300400534 0.14683153013910355
0 0.5233644859813084 0.2635239567233385 0.1321762349799733 0.1839258114374034
0 0.6595460614152203 0.4853168469860896 0.1268357810413885 0.23338485316846985
0 0.7983978638184246 0.34930448222565685 0.15620827770360482 0.19783616692426584
0 0.6455273698264352 0.11901081916537867 0.18691588785046728 0.16228748068006182
0 0.28371161548731644 0.22256568778979907 0.14419225634178906 0.2117465224111283
0 0.19425901201602136 0.6120556414219475 0.14953271028037382 0.17465224111282843
0 0.4098798397863818 0.2635239567233385 0.16688918558077437 0.19783616692426584
0 0.43324432576769023 0.69629057187017 0.14285714285714285 0.13446676970633695