0 0.5873333333333334 0.757396449704142 0.132 0.17307692307692307
0 0.7746666666666666 0.6190828402366864 0.144 0.1878698224852071
0 0.32866666666666666 0.46967455621301774 0.12666666666666668 0.17159763313609466
0 0.43733333333333335 0.07840236686390532 0.13333333333333333 0.15680473372781065
0 0.2853333333333333 0.625 0.14533333333333334 0.1863905325443787
0 0.296 0.2995562130177515 0.132 0.13609467455621302
0 0.732 0.8158284023668639 0.11733333333333333 0.16568047337278108
0 0.18066666666666667 0.38831360946745563 0.11466666666666667 0.15236686390532544
0 0.462 0.6242603550295858 0.124 0.13757396449704143
0 0.444 0.2448224852071006 0.14 0.15236686390532544
0 0.42 0.7670118343195266 0.14933333333333335 0.14792899408284024
0 0.27666666666666667 0.7995562130177515 0.13466666666666666 0.10502958579881656
0 0.5013333333333333 0.9149408284023669 0.15733333333333333 0.13757396449704143
0 0.582 0.20414201183431951 0.11733333333333333 0.12130177514792899
0 0.62 0.5850591715976331 0.152 0.16568047337278108
0 0.738 0.2470414201183432 0.176 0.15976331360946747
0 0.16 0.5673076923076923 0.10933333333333334 0.128698224852071
0 0.7793333333333333 0.42529585798816566 0.11866666666666667 0.14940828402366865
0 0.6193333333333333 0.3720414201183432 0.14533333333333334 0.1849112426035503
0 0.6146666666666667 0.07618343195266272 0.152 0.13757396449704143
0 0.26466666666666666 0.16420118343195267 0.15333333333333332 0.15532544378698224