0 0.7793333333333333 0.32103825136612024 0.16266666666666665 0.15846994535519127
0 0.32866666666666666 0.23224043715846995 0.124 0.12568306010928962
0 0.36733333333333335 0.6523224043715847 0.13066666666666665 0.16530054644808742
0 0.6786666666666666 0.4378415300546448 0.13466666666666666 0.1366120218579235
0 0.17733333333333334 0.5867486338797814 0.13733333333333334 0.15710382513661203
0 0.48133333333333334 0.7233606557377049 0.14533333333333334 0.15300546448087432
0 0.63 0.6851092896174863 0.16266666666666665 0.17349726775956284
0 0.7986666666666666 0.6987704918032787 0.15333333333333332 0.1598360655737705
0 0.5686666666666667 0.35450819672131145 0.17466666666666666 0.1762295081967213
0 0.7013333333333334 0.5566939890710383 0.14 0.12295081967213115
0 0.6306666666666667 0.18237704918032788 0.16133333333333333 0.1721311475409836
0 0.24466666666666667 0.73224043715847 0.132 0.1366120218579235
0 0.8406666666666667 0.4993169398907104 0.13466666666666666 0.15027322404371585
0 0.392 0.855191256830601 0.152 0.13524590163934427
0 0.296 0.5430327868852459 0.12933333333333333 0.13387978142076504
0 0.6146666666666667 0.8524590163934426 0.16266666666666665 0.15300546448087432
0 0.436 0.35382513661202186 0.12933333333333333 0.1680327868852459
0 0.19266666666666668 0.31830601092896177 0.11466666666666667 0.14207650273224043
0 0.30733333333333335 0.3968579234972678 0.16666666666666666 0.15846994535519127
0 0.47533333333333333 0.1871584699453552 0.096 0.12431693989071038
0 0.18733333333333332 0.4562841530054645 0.096 0.0860655737704918