0 0.762 0.7525399129172714 0.13466666666666666 0.14513788098693758
0 0.368 0.8497822931785196 0.14933333333333335 0.1378809869375907
0 0.8273333333333334 0.5551523947750363 0.132 0.16400580551523947
0 0.4106666666666667 0.690856313497823 0.11466666666666667 0.14513788098693758
0 0.658 0.6451378809869376 0.14 0.15239477503628446
0 0.4553333333333333 0.2910014513788099 0.09866666666666667 0.12336719883889695
0 0.17533333333333334 0.33236574746008707 0.11866666666666667 0.14949201741654572
0 0.8193333333333334 0.3497822931785196 0.136 0.15239477503628446
0 0.20266666666666666 0.7119013062409288 0.14266666666666666 0.1567489114658926
0 0.5666666666666667 0.8555878084179971 0.14266666666666666 0.15529753265602322
0 0.14466666666666667 0.5333817126269956 0.1 0.13642960812772134
0 0.2853333333333333 0.46226415094339623 0.144 0.13352685050798258
0 0.29133333333333333 0.1792452830188679 0.128 0.13497822931785197
0 0.6913333333333334 0.5123367198838897 0.116 0.1204644412191582
0 0.31666666666666665 0.5979680696661829 0.13333333333333333 0.1262699564586357
0 0.684 0.20609579100145137 0.13333333333333333 0.14949201741654572
0 0.53 0.690856313497823 0.11866666666666667 0.13062409288824384
0 0.6713333333333333 0.37808417997097243 0.128 0.13497822931785197
0 0.49333333333333335 0.14586357039187228 0.14933333333333335 0.14949201741654572
0 0.3333333333333333 0.32075471698113206 0.12933333333333333 0.15965166908563136
0 0.566 0.3026124818577649 0.10933333333333334 0.14078374455732948