0 0.25866666666666666 0.7764876632801161 0.13733333333333334 0.1509433962264151
0 0.18333333333333332 0.3439767779390421 0.132 0.16690856313497823
0 0.438 0.8541364296081277 0.15466666666666667 0.14949201741654572
0 0.328 0.39622641509433965 0.13733333333333334 0.12917271407837447
0 0.36133333333333334 0.6669085631349783 0.14533333333333334 0.15820029027576196
0 0.6933333333333334 0.45863570391872277 0.11733333333333333 0.11175616835994194
0 0.6653333333333333 0.15239477503628446 0.14133333333333334 0.13497822931785197
0 0.6266666666666667 0.8526850507982583 0.144 0.15384615384615385
0 0.316 0.1690856313497823 0.14933333333333335 0.16110304789550073
0 0.17133333333333334 0.5602322206095791 0.148 0.16110304789550073
0 0.482 0.11248185776487664 0.12933333333333333 0.11320754716981132
0 0.542 0.2677793904208999 0.128 0.16110304789550073
0 0.802 0.2844702467343977 0.128 0.14368650217706821
0 0.482 0.7075471698113207 0.11466666666666667 0.13062409288824384
0 0.4166666666666667 0.29680696661828737 0.12 0.14949201741654572
0 0.7633333333333333 0.7104499274310595 0.14133333333333334 0.1509433962264151
0 0.324 0.5261248185776488 0.124 0.13352685050798258
0 0.606 0.690856313497823 0.128 0.14368650217706821
0 0.8253333333333334 0.5050798258345428 0.14266666666666666 0.1683599419448476
0 0.6706666666666666 0.3251088534107402 0.15066666666666667 0.14658925979680695
0 0.6786666666666666 0.5783744557329463 0.13333333333333333 0.12336719883889695