0 0.31333333333333335 0.8115384615384615 0.16133333333333333 0.16307692307692306
0 0.824 0.6761538461538461 0.13733333333333334 0.1646153846153846
0 0.858 0.47307692307692306 0.10666666666666667 0.19230769230769232
0 0.5066666666666667 0.8792307692307693 0.15066666666666667 0.15538461538461537
0 0.45866666666666667 0.7207692307692307 0.104 0.13230769230769232
0 0.33666666666666667 0.39153846153846156 0.148 0.13230769230769232
0 0.6426666666666667 0.1823076923076923 0.14 0.15076923076923077
0 0.576 0.33615384615384614 0.12533333333333332 0.15538461538461537
0 0.58 0.7346153846153847 0.11466666666666667 0.1476923076923077
0 0.7073333333333334 0.5284615384615384 0.15066666666666667 0.12923076923076923
0 0.20933333333333334 0.6284615384615385 0.12 0.1476923076923077
0 0.7113333333333334 0.8253846153846154 0.128 0.14615384615384616
0 0.17933333333333334 0.45384615384615384 0.1 0.14
0 0.44733333333333336 0.3223076923076923 0.11866666666666667 0.14
0 0.32 0.5230769230769231 0.12533333333333332 0.11076923076923077
0 0.374 0.6476923076923077 0.13733333333333334 0.13846153846153847
0 0.4553333333333333 0.17076923076923076 0.144 0.12153846153846154
0 0.8013333333333333 0.28923076923076924 0.10933333333333334 0.12615384615384614
0 0.28933333333333333 0.24153846153846154 0.12133333333333333 0.13692307692307693
0 0.6853333333333333 0.3976923076923077 0.12533333333333332 0.14153846153846153
0 0.6813333333333333 0.6576923076923077 0.11866666666666667 0.11076923076923077