0 0.76 0.7315384615384616 0.13866666666666666 0.18461538461538463
0 0.6693333333333333 0.13538461538461538 0.14133333333333334 0.15538461538461537
0 0.49533333333333335 0.08615384615384615 0.164 0.12
0 0.8286666666666667 0.5123076923076924 0.132 0.1723076923076923
0 0.6893333333333334 0.5592307692307692 0.112 0.11692307692307692
0 0.398 0.6823076923076923 0.112 0.1676923076923077
0 0.23266666666666666 0.3192307692307692 0.128 0.16
0 0.362 0.40384615384615385 0.13333333333333333 0.14307692307692307
0 0.7073333333333334 0.42 0.12533333333333332 0.13076923076923078
0 0.5353333333333333 0.2623076923076923 0.10933333333333334 0.17076923076923076
0 0.596 0.8423076923076923 0.12666666666666668 0.13692307692307693
0 0.7926666666666666 0.27384615384615385 0.12533333333333332 0.14615384615384616
0 0.44333333333333336 0.8676923076923077 0.12 0.11384615384615385
0 0.3433333333333333 0.5515384615384615 0.11866666666666667 0.13538461538461538
0 0.5106666666666667 0.7084615384615385 0.09466666666666666 0.14307692307692307
0 0.6213333333333333 0.6530769230769231 0.11866666666666667 0.15692307692307692
0 0.21266666666666667 0.5338461538461539 0.10266666666666667 0.16307692307692306
0 0.3333333333333333 0.1423076923076923 0.10666666666666667 0.12307692307692308
0 0.2653333333333333 0.7292307692307692 0.11733333333333333 0.13692307692307693
0 0.42133333333333334 0.2815384615384615 0.12133333333333333 0.14307692307692307
0 0.646 0.29923076923076924 0.09466666666666666 0.13538461538461538