0 0.696 0.19615384615384615 0.15733333333333333 0.15692307692307692
0 0.18133333333333335 0.31076923076923074 0.132 0.16
0 0.14133333333333334 0.5123076923076924 0.10133333333333333 0.18769230769230769
0 0.5046666666666667 0.12076923076923077 0.14666666666666667 0.14923076923076922
0 0.548 0.28076923076923077 0.1 0.1276923076923077
0 0.66 0.6146153846153846 0.144 0.12615384615384614
0 0.348 0.8115384615384615 0.136 0.14461538461538462
0 0.41933333333333334 0.6607692307692308 0.12133333333333333 0.15076923076923077
0 0.42733333333333334 0.2623076923076923 0.11066666666666666 0.14307692307692307
0 0.29333333333333333 0.46307692307692305 0.14666666666666667 0.12307692307692308
0 0.7946666666666666 0.3830769230769231 0.116 0.14307692307692307
0 0.2986666666666667 0.16615384615384615 0.124 0.14153846153846153
0 0.8193333333333334 0.5592307692307692 0.096 0.13692307692307693
0 0.5473333333333333 0.68 0.11466666666666667 0.13538461538461538
0 0.6806666666666666 0.48384615384615387 0.12266666666666666 0.10615384615384615
0 0.6306666666666667 0.3576923076923077 0.13333333333333333 0.13384615384615384
0 0.5346666666666666 0.8307692307692308 0.14 0.11538461538461539
0 0.19266666666666668 0.6984615384615385 0.10533333333333333 0.12153846153846154
0 0.7026666666666667 0.7669230769230769 0.11733333333333333 0.13230769230769232
0 0.312 0.5946153846153847 0.12133333333333333 0.13692307692307693
0 0.3233333333333333 0.3353846153846154 0.116 0.10615384615384615