0 0.119140625 0.3862876254180602 0.125 0.1588628762541806
0 0.38671875 0.2253344481605351 0.14765625 0.1362876254180602
0 0.248046875 0.568561872909699 0.12109375 0.13127090301003344
0 0.403125 0.5831939799331104 0.1140625 0.13377926421404682
0 0.68828125 0.5948996655518395 0.1328125 0.14297658862876253
0 0.373828125 0.7194816053511706 0.1359375 0.1505016722408027
0 0.803125 0.68938127090301 0.125 0.13795986622073578
0 0.429296875 0.35075250836120403 0.1203125 0.1346153846153846
0 0.505859375 0.10911371237458194 0.15 0.13377926421404682
0 0.55546875 0.5489130434782609 0.1203125 0.12876254180602006
0 0.1375 0.6538461538461539 0.12734375 0.1496655518394649
0 0.24921875 0.36998327759197325 0.12734375 0.1354515050167224
0 0.841015625 0.46237458193979936 0.121875 0.14130434782608695
0 0.705078125 0.3904682274247492 0.11640625 0.12207357859531773
0 0.581640625 0.2637959866220736 0.11484375 0.11789297658862877
0 0.3328125 0.45819397993311034 0.103125 0.10618729096989966
0 0.569921875 0.39924749163879597 0.10859375 0.11538461538461539
0 0.730078125 0.20861204013377926 0.1234375 0.13879598662207357
0 0.56015625 0.8486622073578596 0.14375 0.1454849498327759
0 0.24765625 0.18269230769230768 0.13203125 0.11872909698996656
0 0.287109375 0.8557692307692307 0.13828125 0.14381270903010032
0 0.546484375 0.6952341137123745 0.09453125 0.1020066889632107