0 0.708203125 0.1515025041736227 0.128125 0.1335559265442404
0 0.76015625 0.5250417362270451 0.1109375 0.13856427378964942
0 0.71796875 0.6669449081803005 0.109375 0.12020033388981637
0 0.150390625 0.6135225375626043 0.096875 0.10601001669449082
0 0.453125 0.3902337228714524 0.10703125 0.10434056761268781
0 0.35546875 0.2328881469115192 0.0921875 0.10934891485809682
0 0.577734375 0.5596828046744574 0.08203125 0.09599332220367279
0 0.478125 0.6076794657762938 0.1015625 0.0993322203672788
0 0.457421875 0.07804674457429048 0.121875 0.11101836393989983
0 0.52109375 0.3013355592654424 0.1109375 0.09766277128547579
0 0.506640625 0.8113522537562604 0.1265625 0.10350584307178631
0 0.255859375 0.5989148580968281 0.10859375 0.12103505843071787
0 0.616796875 0.35684474123539234 0.08203125 0.10851419031719532
0 0.15078125 0.36101836393989983 0.10546875 0.11352253756260434
0 0.201953125 0.7408180300500835 0.1109375 0.12687813021702837
0 0.4171875 0.9085976627712855 0.11796875 0.11853088480801335
0 0.630859375 0.7646076794657763 0.09609375 0.10267111853088481
0 0.3390625 0.5509181969949917 0.08125 0.11853088480801335
0 0.291015625 0.8547579298831386 0.1078125 0.11435726210350584
0 0.790234375 0.26085141903171954 0.10390625 0.10517529215358931
0 0.589453125 0.666110183639399 0.1109375 0.09015025041736227
0 0.239453125 0.4611853088480801 0.08984375 0.1018363939899833
0 0.133984375 0.4912353923205342 0.10546875 0.10517529215358931
0 0.856640625 0.6556761268781303 0.1078125 0.12186978297161936
0 0.465625 0.19991652754590986 0.10625 0.08514190317195326
0 0.790625 0.7783806343906511 0.11171875 0.11435726210350584
0 0.276171875 0.337228714524207 0.08828125 0.1018363939899833
0 0.344140625 0.40442404006677796 0.08203125 0.09766277128547579
0 0.4046875 0.505008347245409 0.0671875 0.0993322203672788
0 0.573828125 0.22120200333889817 0.08359375 0.08430717863105175
0 0.840234375 0.39148580968280466 0.10078125 0.11853088480801335
0 0.31796875 0.12270450751252086 0.15 0.11602671118530884
0 0.48671875 0.7011686143572621 0.096875 0.09098497495826377
0 0.8640625 0.5112687813021702 0.1 0.11435726210350584
0 0.591796875 0.10475792988313856 0.11484375 0.10684474123539232
0 0.73515625 0.40609348914858096 0.08046875 0.10350584307178631
0 0.68203125 0.8635225375626043 0.1125 0.11519198664440734
0 0.383203125 0.7800500834724541 0.08828125 0.07929883138564274
0 0.655078125 0.4628547579298831 0.07734375 0.11769616026711185
0 0.675390625 0.2967445742904841 0.10546875 0.11268781302170283
0 0.559375 0.43530884808013354 0.0828125 0.10601001669449082
0 0.556640625 0.904424040066778 0.125 0.10434056761268781
0 0.395703125 0.6519198664440734 0.075 0.08848080133555926
0 0.204296875 0.2370617696160267 0.11640625 0.12687813021702837
0 0.666796875 0.5797161936560935 0.06875 0.1001669449081803
0 0.3125 0.7032554257095158 0.10078125 0.08931552587646077
0 0.414453125 0.31385642737896496 0.078125 0.08180300500834725