0 0.771484375 0.4283940397350993 0.11328125 0.12334437086092716
0 0.53046875 0.40024834437086093 0.10234375 0.11092715231788079
0 0.65078125 0.8679635761589404 0.11953125 0.11341059602649006
0 0.38203125 0.3431291390728477 0.096875 0.09768211920529801
0 0.4703125 0.8956953642384106 0.11640625 0.09105960264900662
0 0.595703125 0.6597682119205298 0.1140625 0.11754966887417219
0 0.427734375 0.4341887417218543 0.09921875 0.10099337748344371
0 0.696875 0.27938741721854304 0.10234375 0.12251655629139073
0 0.312109375 0.7214403973509934 0.1234375 0.10927152317880795
0 0.648828125 0.43874172185430466 0.10234375 0.10099337748344371
0 0.375390625 0.6589403973509934 0.09296875 0.09188741721854304
0 0.78359375 0.2152317880794702 0.103125 0.13327814569536423
0 0.606640625 0.33278145695364236 0.08125 0.08609271523178808
0 0.40390625 0.5405629139072847 0.10859375 0.11341059602649006
0 0.400390625 0.23096026490066227 0.11328125 0.10927152317880795
0 0.2796875 0.3199503311258278 0.103125 0.13658940397350994
0 0.131640625 0.6320364238410596 0.1109375 0.11754966887417219
0 0.31484375 0.8559602649006622 0.1203125 0.11506622516556292
0 0.692578125 0.6924668874172185 0.1015625 0.12334437086092716
0 0.852734375 0.3675496688741722 0.096875 0.12251655629139073
0 0.42890625 0.7942880794701986 0.13359375 0.10099337748344371
0 0.541015625 0.0902317880794702 0.0953125 0.11423841059602649
0 0.128515625 0.4656456953642384 0.09921875 0.1382450331125828
0 0.66171875 0.5529801324503312 0.08828125 0.09850993377483444
0 0.320703125 0.44950331125827814 0.0765625 0.10678807947019868
0 0.3171875 0.5600165562913907 0.0859375 0.10347682119205298
0 0.498828125 0.3083609271523179 0.08046875 0.09685430463576158
0 0.181640625 0.32491721854304634 0.07890625 0.0902317880794702
0 0.848828125 0.5641556291390728 0.1015625 0.11258278145695365
0 0.786328125 0.7359271523178808 0.1015625 0.12334437086092716
0 0.42109375 0.11216887417218543 0.1015625 0.0935430463576159
0 0.569921875 0.5149006622516556 0.0953125 0.10264900662251655
0 0.23828125 0.6067880794701986 0.0984375 0.10347682119205298
0 0.74921875 0.5711920529801324 0.09140625 0.10099337748344371
0 0.2796875 0.18667218543046357 0.1140625 0.12086092715231789
0 0.203515625 0.7504139072847682 0.0953125 0.09271523178807947
0 0.680859375 0.1361754966887417 0.1015625 0.09685430463576158
0 0.5578125 0.18998344370860928 0.1421875 0.09850993377483444
0 0.22578125 0.47144039735099336 0.08515625 0.12003311258278146
0 0.4796875 0.7173013245033113 0.11953125 0.08443708609271523
0 0.5671875 0.785182119205298 0.11796875 0.09188741721854304
0 0.4984375 0.6154801324503312 0.11015625 0.10844370860927152