0 0.232421875 0.19304059652029826 0.121875 0.13670256835128416
0 0.40859375 0.31648715824357915 0.14765625 0.08864954432477216
0 0.12734375 0.4515327257663629 0.10703125 0.140016570008285
0 0.148828125 0.6023198011599006 0.134375 0.14664457332228667
0 0.51640625 0.8902236951118475 0.1171875 0.09610604805302403
0 0.390625 0.22825186412593207 0.06875 0.07870753935376967
0 0.344140625 0.1375310687655344 0.09453125 0.12841756420878211
0 0.816015625 0.5285832642916322 0.0640625 0.0927920463960232
0 0.755859375 0.7924606462303231 0.07421875 0.09444904722452362
0 0.263671875 0.6056338028169014 0.06953125 0.08616404308202154
0 0.460546875 0.09113504556752279 0.12421875 0.09196354598177299
0 0.487890625 0.7767191383595692 0.08515625 0.07787903893951947
0 0.235546875 0.3732394366197183 0.0859375 0.140016570008285
0 0.64375 0.6636288318144159 0.0796875 0.07539353769676885
0 0.65390625 0.8541839270919636 0.1234375 0.10770505385252693
0 0.14140625 0.31938690969345485 0.0875 0.11516155758077878
0 0.90234375 0.4424192212096106 0.0640625 0.1267605633802817
0 0.678125 0.16445733222866613 0.11953125 0.11267605633802817
0 0.576171875 0.10149130074565037 0.09140625 0.07373653686826843
0 0.240234375 0.5033140016570008 0.0671875 0.08450704225352113
0 0.48984375 0.2075393537696769 0.096875 0.08616404308202154
0 0.3265625 0.5671085335542668 0.0703125 0.08533554266777134
0 0.619140625 0.3127589063794532 0.0703125 0.06213753106876554
0 0.212890625 0.7352941176470589 0.0859375 0.13670256835128416
0 0.758984375 0.3500414250207125 0.0765625 0.09113504556752279
0 0.525 0.4221209610604805 0.07734375 0.06462303231151616
0 0.62265625 0.44614747307373653 0.065625 0.053852526926263466
0 0.55 0.6275890637945319 0.08203125 0.0579950289975145
0 0.4890625 0.3620546810273405 0.08203125 0.05716652858326429
0 0.776171875 0.6317315658657829 0.06953125 0.09444904722452362
0 0.41015625 0.5588235294117647 0.06171875 0.05550952775476388
0 0.868359375 0.316072908036454 0.08125 0.12344656172328086
0 0.415625 0.40430820215410107 0.06015625 0.06545153272576636
0 0.676953125 0.3504556752278376 0.05703125 0.05468102734051367
0 0.742578125 0.49627174813587405 0.05625 0.07042253521126761
0 0.586328125 0.7572493786246893 0.07421875 0.07539353769676885
0 0.6015625 0.2332228666114333 0.1125 0.09196354598177299
0 0.6984375 0.27050538525269263 0.071875 0.07787903893951947
0 0.828515625 0.7062966031483016 0.07734375 0.1060480530240265
0 0.885546875 0.5936205468102734 0.07421875 0.1043910521955261
0 0.386328125 0.7456503728251864 0.07421875 0.07456503728251865
0 0.71015625 0.5886495443247721 0.0578125 0.0687655343827672
0 0.49375 0.5488815244407622 0.07734375 0.06545153272576636
0 0.5875 0.5401822700911351 0.065625 0.058823529411764705
0 0.6625 0.5099420049710025 0.05 0.0820215410107705
0 0.38671875 0.6590720795360397 0.12265625 0.08450704225352113
0 0.528125 0.2891466445733223 0.0703125 0.05136702568351284
0 0.630078125 0.5965202982601492 0.0625 0.056338028169014086
0 0.809375 0.43206296603148303 0.06640625 0.07290803645401822
0 0.44296875 0.4656172328086164 0.059375 0.07456503728251865
0 0.689453125 0.7154101077050539 0.10390625 0.08947804473902236
0 0.379296875 0.47970173985086995 0.04765625 0.07705053852526926
0 0.803125 0.22203811101905552 0.0875 0.15824357912178957
0 0.3125 0.44324772162386084 0.0640625 0.1300745650372825
0 0.57734375 0.36909693454846726 0.0765625 0.0579950289975145
0 0.31875 0.8131731565865783 0.109375 0.08699254349627175
0 0.659375 0.4171499585749793 0.05859375 0.05965202982601491
0 0.304296875 0.2746478873239437 0.0765625 0.0811930405965203
0 0.5296875 0.7033968516984258 0.1390625 0.05716652858326429
0 0.7171875 0.4212924606462303 0.04921875 0.06379453189726594
0 0.458203125 0.62013256006628 0.06953125 0.05219552609776305
0 0.406640625 0.859983429991715 0.10703125 0.07622203811101906
0 0.297265625 0.6951118475559238 0.07734375 0.07953603976801989