0 0.767578125 0.8069594034797017 0.121875 0.13670256835128416
0 0.59140625 0.6835128417564209 0.14765625 0.08864954432477216
0 0.87265625 0.5484672742336372 0.10703125 0.140016570008285
0 0.851171875 0.3976801988400994 0.134375 0.14664457332228667
0 0.48359375 0.10977630488815245 0.1171875 0.09610604805302403
0 0.609375 0.771748135874068 0.06875 0.07870753935376967
0 0.655859375 0.8624689312344657 0.09453125 0.12841756420878211
0 0.183984375 0.47141673570836784 0.0640625 0.0927920463960232
0 0.244140625 0.2075393537696769 0.07421875 0.09444904722452362
0 0.736328125 0.39436619718309857 0.06953125 0.08616404308202154
0 0.539453125 0.9088649544324772 0.12421875 0.09196354598177299
0 0.512109375 0.22328086164043082 0.08515625 0.07787903893951947
0 0.764453125 0.6267605633802817 0.0859375 0.140016570008285
0 0.35625 0.3363711681855841 0.0796875 0.07539353769676885
0 0.34609375 0.14581607290803644 0.1234375 0.10770505385252693
0 0.85859375 0.6806130903065452 0.0875 0.11516155758077878
0 0.09765625 0.5575807787903894 0.0640625 0.1267605633802817
0 0.321875 0.8355426677713339 0.11953125 0.11267605633802817
0 0.423828125 0.8985086992543496 0.09140625 0.07373653686826843
0 0.759765625 0.49668599834299915 0.0671875 0.08450704225352113
0 0.51015625 0.7924606462303231 0.096875 0.08616404308202154
0 0.6734375 0.43289146644573323 0.0703125 0.08533554266777134
0 0.380859375 0.6872410936205469 0.0703125 0.06213753106876554
0 0.787109375 0.2647058823529412 0.0859375 0.13670256835128416
0 0.241015625 0.6499585749792874 0.0765625 0.09113504556752279
0 0.475 0.5778790389395194 0.07734375 0.06462303231151616
0 0.37734375 0.5538525269262634 0.065625 0.053852526926263466
0 0.45 0.3724109362054681 0.08203125 0.0579950289975145
0 0.5109375 0.6379453189726595 0.08203125 0.05716652858326429
0 0.223828125 0.36826843413421706 0.06953125 0.09444904722452362
0 0.58984375 0.4411764705882353 0.06171875 0.05550952775476388
0 0.131640625 0.683927091963546 0.08125 0.12344656172328086
0 0.584375 0.5956917978458989 0.06015625 0.06545153272576636
0 0.323046875 0.6495443247721624 0.05703125 0.05468102734051367
0 0.257421875 0.503728251864126 0.05625 0.07042253521126761
0 0.413671875 0.2427506213753107 0.07421875 0.07539353769676885
0 0.3984375 0.7667771333885667 0.1125 0.09196354598177299
0 0.3015625 0.7294946147473074 0.071875 0.07787903893951947
0 0.171484375 0.29370339685169844 0.07734375 0.1060480530240265
0 0.114453125 0.40637945318972657 0.07421875 0.1043910521955261
0 0.613671875 0.2543496271748136 0.07421875 0.07456503728251865
0 0.28984375 0.4113504556752278 0.0578125 0.0687655343827672
0 0.50625 0.4511184755592378 0.07734375 0.06545153272576636
0 0.4125 0.45981772990886494 0.065625 0.058823529411764705
0 0.3375 0.4900579950289975 0.05 0.0820215410107705
0 0.61328125 0.34092792046396025 0.12265625 0.08450704225352113
0 0.471875 0.7108533554266777 0.0703125 0.05136702568351284
0 0.369921875 0.40347970173985087 0.0625 0.056338028169014086
0 0.190625 0.567937033968517 0.06640625 0.07290803645401822
0 0.55703125 0.5343827671913836 0.059375 0.07456503728251865
0 0.310546875 0.28458989229494613 0.10390625 0.08947804473902236
0 0.620703125 0.52029826014913 0.04765625 0.07705053852526926
0 0.196875 0.7779618889809445 0.0875 0.15824357912178957
0 0.6875 0.5567522783761392 0.0640625 0.1300745650372825
0 0.42265625 0.6309030654515327 0.0765625 0.0579950289975145
0 0.68125 0.1868268434134217 0.109375 0.08699254349627175
0 0.340625 0.5828500414250207 0.05859375 0.05965202982601491
0 0.695703125 0.7253521126760564 0.0765625 0.0811930405965203
0 0.4703125 0.29660314830157414 0.1390625 0.05716652858326429
0 0.2828125 0.5787075393537697 0.04921875 0.06379453189726594
0 0.541796875 0.37986743993371996 0.06953125 0.05219552609776305
0 0.593359375 0.140016570008285 0.10703125 0.07622203811101906
0 0.702734375 0.30488815244407624 0.07734375 0.07953603976801989