0 0.27734375 0.7932780847145487 0.13125 0.1574585635359116
0 0.3703125 0.2292817679558011 0.11328125 0.13075506445672191
0 0.387109375 0.06721915285451197 0.11640625 0.13167587476979742
0 0.20234375 0.6072744014732965 0.1140625 0.16206261510128914
0 0.5359375 0.049263351749539594 0.1109375 0.09852670349907919
0 0.38828125 0.47099447513812154 0.08359375 0.12246777163904236
0 0.5984375 0.8241252302025782 0.1015625 0.09576427255985268
0 0.623828125 0.669889502762431 0.08515625 0.09760589318600368
0 0.54453125 0.9553406998158379 0.10625 0.08931860036832412
0 0.47578125 0.7960405156537753 0.10078125 0.10865561694290976
0 0.2390625 0.17403314917127072 0.15625 0.1850828729281768
0 0.692578125 0.8867403314917127 0.10546875 0.1298342541436464
0 0.399609375 0.9129834254143646 0.128125 0.11694290976058933
0 0.448828125 0.3001841620626151 0.08984375 0.09760589318600368
0 0.4984375 0.16666666666666666 0.08984375 0.10220994475138122
0 0.30390625 0.39134438305709024 0.0890625 0.143646408839779
0 0.325 0.5658379373848987 0.0859375 0.11233885819521179
0 0.697265625 0.11049723756906077 0.10625 0.12062615101289134
0 0.373046875 0.7168508287292817 0.08828125 0.1003683241252302
0 0.46328125 0.6408839779005525 0.0875 0.09484346224677716
0 0.58828125 0.26427255985267034 0.084375 0.1003683241252302
0 0.18359375 0.3927255985267035 0.1125 0.15377532228360957
0 0.703515625 0.3839779005524862 0.078125 0.1003683241252302
0 0.6953125 0.7509208103130756 0.08671875 0.10773480662983426
0 0.583203125 0.5524861878453039 0.04921875 0.05432780847145488
0 0.603125 0.42771639042357273 0.046875 0.05432780847145488
0 0.644140625 0.19475138121546962 0.08046875 0.09116022099447514
0 0.58515625 0.3425414364640884 0.053125 0.04511970534069982
0 0.6546875 0.4498158379373849 0.04609375 0.055248618784530384
0 0.52578125 0.34760589318600366 0.05 0.04696132596685083
0 0.545703125 0.4037753222836096 0.0453125 0.052486187845303865
0 0.664453125 0.5202578268876611 0.04453125 0.058011049723756904
0 0.65234375 0.3029465930018416 0.04375 0.049723756906077346
0 0.52890625 0.5276243093922652 0.0453125 0.053406998158379376
0 0.629296875 0.5686003683241252 0.04453125 0.056169429097605895
0 0.4578125 0.44751381215469616 0.04609375 0.058011049723756904
0 0.689453125 0.5874769797421732 0.04609375 0.053406998158379376
0 0.52890625 0.6896869244935543 0.04609375 0.04788213627992634
0 0.576171875 0.6192449355432781 0.0484375 0.04880294659300184
0 0.415234375 0.5662983425414365 0.03984375 0.055248618784530384
0 0.46796875 0.5262430939226519 0.04453125 0.056169429097605895
0 0.5125 0.26151012891344383 0.046875 0.0570902394106814
0 0.4 0.3724677716390424 0.04140625 0.0570902394106814
0 0.476953125 0.3807550644567219 0.05 0.058011049723756904
0 0.823046875 0.4558011049723757 0.1171875 0.5239410681399632
0 0.519140625 0.585635359116022 0.05 0.055248618784530384
0 0.615625 0.4972375690607735 0.05 0.061694290976058934
0 0.716015625 0.4852670349907919 0.0390625 0.04880294659300184
0 0.63359375 0.38443830570902393 0.0390625 0.05064456721915286
0 0.5140625 0.4581031307550645 0.04453125 0.056169429097605895