0 0.7671875 0.7357274401473296 0.13515625 0.15653775322283608
0 0.282421875 0.6758747697974218 0.1125 0.13535911602209943
0 0.144140625 0.6703499079189686 0.11328125 0.13904235727440148
0 0.61640625 0.8397790055248618 0.1390625 0.13720073664825047
0 0.108203125 0.4967771639042357 0.10078125 0.13259668508287292
0 0.48515625 0.6335174953959485 0.1046875 0.10128913443830571
0 0.765625 0.356353591160221 0.08359375 0.12154696132596685
0 0.6328125 0.3397790055248619 0.08359375 0.10220994475138122
0 0.887109375 0.40699815837937386 0.0890625 0.1270718232044199
0 0.75234375 0.5027624309392266 0.09375 0.12062615101289134
0 0.247265625 0.8347145488029466 0.159375 0.1869244935543278
0 0.81015625 0.24033149171270718 0.1125 0.1261510128913444
0 0.8578125 0.58195211786372 0.10078125 0.15285451197053407
0 0.335546875 0.5773480662983426 0.084375 0.10773480662983426
0 0.21875 0.5308471454880295 0.08828125 0.10681399631675875
0 0.425390625 0.7398710865561694 0.12265625 0.10773480662983426
0 0.57109375 0.6998158379373849 0.09609375 0.10313075506445672
0 0.153515625 0.30248618784530384 0.10390625 0.1270718232044199
0 0.694140625 0.6298342541436464 0.08671875 0.10497237569060773
0 0.622265625 0.5308471454880295 0.08203125 0.10497237569060773
0 0.29296875 0.4166666666666667 0.0859375 0.1003683241252302
0 0.43671875 0.8812154696132597 0.13203125 0.13443830570902393
0 0.384375 0.27117863720073665 0.08671875 0.09300184162062615
0 0.694921875 0.24861878453038674 0.0921875 0.10405156537753223
0 0.53671875 0.39779005524861877 0.046875 0.058931860036832415
0 0.430078125 0.38535911602209943 0.046875 0.056169429097605895
0 0.2296875 0.3572744014732965 0.07890625 0.09668508287292818
0 0.359765625 0.4139042357274402 0.0390625 0.06261510128913444
0 0.444140625 0.322744014732965 0.04765625 0.055248618784530384
0 0.369140625 0.48342541436464087 0.040625 0.058931860036832415
0 0.41484375 0.4544198895027624 0.0453125 0.05432780847145488
0 0.502734375 0.3052486187845304 0.05 0.053406998158379376
0 0.3203125 0.3383977900552486 0.04296875 0.052486187845303865
0 0.520703125 0.4636279926335175 0.04609375 0.05432780847145488
0 0.546484375 0.34208103130755063 0.0484375 0.053406998158379376
0 0.459375 0.5543278084714549 0.05 0.055248618784530384
0 0.557421875 0.27025782688766115 0.04609375 0.055248618784530384
0 0.6578125 0.4498158379373849 0.04140625 0.055248618784530384
0 0.594140625 0.40009208103130756 0.0421875 0.058011049723756904
0 0.56328125 0.5939226519337016 0.046875 0.04788213627992634
0 0.525 0.535451197053407 0.0484375 0.053406998158379376
0 0.297265625 0.5059852670349908 0.04921875 0.056169429097605895
0 0.40078125 0.6289134438305709 0.04921875 0.049723756906077346
0 0.401171875 0.537292817679558 0.05 0.05985267034990792
0 0.434375 0.12476979742173112 0.44609375 0.1464088397790055
0 0.570703125 0.47007366482504603 0.04765625 0.05985267034990792
0 0.487890625 0.3641804788213628 0.053125 0.05985267034990792
0 0.46875 0.2472375690607735 0.04140625 0.04696132596685083
0 0.390625 0.35313075506445674 0.04296875 0.04696132596685083
0 0.46328125 0.4871086556169429 0.0484375 0.053406998158379376