0 0.769921875 0.21858864027538727 0.10546875 0.11790017211703958
0 0.163671875 0.31540447504302926 0.09609375 0.13080895008605853
0 0.570703125 0.3756454388984509 0.09296875 0.07056798623063683
0 0.8875 0.6226333907056799 0.09453125 0.14027538726333907
0 0.431640625 0.8067986230636833 0.08828125 0.08089500860585198
0 0.525 0.9096385542168675 0.096875 0.08605851979345955
0 0.703125 0.3016351118760757 0.1015625 0.12994836488812392
0 0.646484375 0.34380378657487093 0.0734375 0.08175559380378658
0 0.723046875 0.5193631669535284 0.0828125 0.08605851979345955
0 0.334375 0.7792598967297762 0.0859375 0.07056798623063683
0 0.294921875 0.8571428571428571 0.0828125 0.08003442340791739
0 0.85078125 0.3446643717728055 0.08203125 0.10671256454388985
0 0.813671875 0.7349397590361446 0.08046875 0.10757314974182444
0 0.644140625 0.8928571428571429 0.11328125 0.09552495697074011
0 0.284765625 0.5314113597246127 0.07109375 0.11187607573149742
0 0.262890625 0.7129948364888123 0.0734375 0.07314974182444062
0 0.66015625 0.1514629948364888 0.10234375 0.08261617900172118
0 0.48359375 0.7314974182444062 0.071875 0.06970740103270223
0 0.630078125 0.4617039586919105 0.0859375 0.09552495697074011
0 0.177734375 0.49569707401032703 0.08125 0.12822719449225473
0 0.4109375 0.6303786574870912 0.09453125 0.07401032702237521
0 0.4 0.132960413080895 0.12421875 0.07917383820998279
0 0.265234375 0.19750430292598967 0.11484375 0.10327022375215146
0 0.541015625 0.12908777969018934 0.10703125 0.08950086058519793
0 0.642578125 0.7938898450946644 0.075 0.0774526678141136
0 0.58671875 0.22117039586919104 0.1171875 0.08175559380378658
0 0.308984375 0.41437177280550774 0.078125 0.10068846815834767
0 0.365625 0.3205679862306368 0.0796875 0.07917383820998279
0 0.141015625 0.653184165232358 0.10078125 0.11790017211703958
0 0.206640625 0.6071428571428571 0.07578125 0.1144578313253012
0 0.4640625 0.29001721170395867 0.08984375 0.076592082616179
0 0.398046875 0.39328743545611017 0.071875 0.08605851979345955
0 0.452734375 0.43330464716006883 0.07578125 0.076592082616179
0 0.48359375 0.35800344234079173 0.0953125 0.076592082616179
0 0.538671875 0.8123924268502581 0.08984375 0.07917383820998279
0 0.45078125 0.21772805507745266 0.09296875 0.09122203098106713
0 0.566015625 0.2874354561101549 0.0859375 0.08175559380378658
0 0.54375 0.45008605851979344 0.06875 0.08089500860585198
0 0.204296875 0.7766781411359724 0.0953125 0.10585197934595525
0 0.37421875 0.5666953528399311 0.0890625 0.08261617900172118
0 0.743359375 0.6897590361445783 0.08125 0.08605851979345955
0 0.691796875 0.4238382099827883 0.084375 0.08777969018932874
0 0.10703125 0.4139414802065404 0.07421875 0.10671256454388985
0 0.4 0.8967297762478486 0.109375 0.08175559380378658
0 0.4984375 0.6441480206540448 0.08046875 0.09552495697074011
0 0.7375 0.8205679862306369 0.075 0.09208261617900172
0 0.653515625 0.673407917383821 0.07421875 0.0576592082616179
0 0.63515625 0.5662650602409639 0.075 0.10154905335628227
0 0.805078125 0.5684165232358004 0.06796875 0.07314974182444062
0 0.380078125 0.7177280550774526 0.0859375 0.07228915662650602
0 0.414453125 0.5197934595524957 0.053125 0.0757314974182444
0 0.23515625 0.3648881239242685 0.071875 0.08261617900172118
0 0.79296875 0.4255593803786575 0.06640625 0.11876075731497418
0 0.569921875 0.5434595524956971 0.05859375 0.08175559380378658
0 0.317578125 0.26290877796901896 0.084375 0.09466437177280551
0 0.575 0.6299483648881239 0.05546875 0.0774526678141136
0 0.580078125 0.7194492254733219 0.08515625 0.07487091222030981
0 0.8984375 0.47117039586919107 0.07578125 0.1368330464716007
0 0.3140625 0.6411359724612736 0.0875 0.08433734939759036
0 0.098828125 0.5305507745266781 0.07578125 0.1153184165232358
0 0.4859375 0.576592082616179 0.08515625 0.05421686746987952
0 0.358203125 0.4737521514629948 0.0546875 0.09896729776247848
0 0.701171875 0.596815834767642 0.05390625 0.08691910499139414