0 0.28359375 0.8330464716006885 0.11328125 0.12650602409638553
0 0.862109375 0.6105851979345955 0.10546875 0.13855421686746988
0 0.451953125 0.6368330464716007 0.096875 0.0783132530120482
0 0.098046875 0.4608433734939759 0.1046875 0.14716006884681584
0 0.513671875 0.18459552495697074 0.09375 0.08777969018932874
0 0.404296875 0.10327022375215146 0.10234375 0.09466437177280551
0 0.33515625 0.7375215146299484 0.1109375 0.13855421686746988
0 0.38359375 0.6841652323580034 0.07890625 0.08777969018932874
0 0.27734375 0.5279690189328744 0.08828125 0.09294320137693632
0 0.6140625 0.19104991394148021 0.090625 0.0783132530120482
0 0.639453125 0.10628227194492254 0.08828125 0.08691910499139414
0 0.182421875 0.7263339070567987 0.08984375 0.11359724612736662
0 0.1515625 0.33519793459552494 0.08828125 0.11359724612736662
0 0.290625 0.14500860585197933 0.11953125 0.10499139414802065
0 0.70546875 0.4238382099827883 0.0796875 0.11790017211703958
0 0.695703125 0.24096385542168675 0.078125 0.07917383820998279
0 0.403125 0.8756454388984509 0.1078125 0.09122203098106713
0 0.476171875 0.2693631669535284 0.0765625 0.0757314974182444
0 0.37890625 0.564974182444062 0.09296875 0.10327022375215146
0 0.816796875 0.4367469879518072 0.090625 0.1342512908777969
0 0.56484375 0.35327022375215145 0.09921875 0.08261617900172118
0 0.66171875 0.8390705679862306 0.12890625 0.09036144578313253
0 0.7828125 0.7478485370051635 0.12109375 0.11359724612736662
0 0.523828125 0.8726333907056799 0.1125 0.0981067125645439
0 0.309375 0.24139414802065404 0.08046875 0.08347676419965576
0 0.46328125 0.7921686746987951 0.12265625 0.09122203098106713
0 0.70234375 0.5438898450946644 0.08515625 0.10671256454388985
0 0.662890625 0.6475903614457831 0.08515625 0.08605851979345955
0 0.82578125 0.2740963855421687 0.10859375 0.12650602409638553
0 0.76953125 0.33304647160068845 0.08359375 0.11962134251290878
0 0.571484375 0.6987951807228916 0.09453125 0.08433734939759036
0 0.61875 0.5834767641996558 0.078125 0.09208261617900172
0 0.5578125 0.5555077452667814 0.08125 0.08261617900172118
0 0.540625 0.6359724612736661 0.1 0.08519793459552495
0 0.4078125 0.20137693631669534 0.0953125 0.08691910499139414
0 0.597265625 0.7667814113597247 0.09921875 0.09896729776247848
0 0.471875 0.7224612736660929 0.09140625 0.08950086058519793
0 0.465625 0.5585197934595525 0.07421875 0.08691910499139414
0 0.7421875 0.16609294320137694 0.10234375 0.11359724612736662
0 0.61171875 0.4079173838209983 0.09375 0.08950086058519793
0 0.228125 0.3648881239242685 0.08671875 0.09294320137693632
0 0.325 0.6148881239242685 0.08984375 0.09466437177280551
0 0.90078125 0.5017211703958692 0.08203125 0.11273666092943202
0 0.529296875 0.08950086058519793 0.11484375 0.09122203098106713
0 0.4765625 0.35800344234079173 0.0875 0.10240963855421686
0 0.211328125 0.23537005163511188 0.08125 0.0981067125645439
0 0.319140625 0.36187607573149744 0.078125 0.06368330464716007
0 0.355859375 0.46342512908777966 0.08203125 0.10671256454388985
0 0.188671875 0.49698795180722893 0.07265625 0.07917383820998279
0 0.580078125 0.26118760757314974 0.090625 0.08003442340791739
0 0.58046875 0.4625645438898451 0.05859375 0.08003442340791739
0 0.783203125 0.5770223752151463 0.07734375 0.08864027538726334
0 0.225390625 0.6346815834767642 0.075 0.12392426850258176
0 0.423828125 0.47203098106712565 0.0640625 0.08605851979345955
0 0.719921875 0.6944922547332186 0.09140625 0.10154905335628227
0 0.403515625 0.38812392426850256 0.0609375 0.08175559380378658
0 0.38359375 0.30120481927710846 0.08984375 0.08261617900172118
0 0.1140625 0.6118760757314974 0.0859375 0.14285714285714285
0 0.658203125 0.3227194492254733 0.09296875 0.09208261617900172
0 0.888671875 0.3855421686746988 0.08359375 0.12048192771084337
0 0.50078125 0.42168674698795183 0.08828125 0.06196213425129088
0 0.64375 0.4961273666092943 0.06171875 0.10327022375215146
0 0.2859375 0.4470740103270224 0.06015625 0.09122203098106713