0 0.609375 0.291520979020979 0.11015625 0.1284965034965035
0 0.437890625 0.8527097902097902 0.10703125 0.09353146853146853
0 0.69375 0.6612762237762237 0.1015625 0.11888111888111888
0 0.25390625 0.4112762237762238 0.096875 0.10751748251748251
0 0.215625 0.7172202797202797 0.0921875 0.1145104895104895
0 0.371484375 0.4379370629370629 0.10625 0.1215034965034965
0 0.5890625 0.6162587412587412 0.0890625 0.11800699300699301
0 0.789453125 0.7325174825174825 0.0890625 0.1048951048951049
0 0.72578125 0.2076048951048951 0.09765625 0.09702797202797203
0 0.48203125 0.6420454545454546 0.09296875 0.10751748251748251
0 0.33359375 0.6892482517482518 0.1140625 0.13111888111888112
0 0.5875 0.7421328671328671 0.10078125 0.09178321678321678
0 0.4796875 0.3916083916083916 0.07890625 0.09965034965034965
0 0.195703125 0.27403846153846156 0.10078125 0.11625874125874126
0 0.313671875 0.18006993006993008 0.10546875 0.1048951048951049
0 0.2671875 0.5585664335664335 0.08984375 0.11713286713286714
0 0.705859375 0.38417832167832167 0.1015625 0.11363636363636363
0 0.162109375 0.5878496503496503 0.06953125 0.1284965034965035
0 0.61875 0.5021853146853147 0.08671875 0.09877622377622378
0 0.451953125 0.13986013986013987 0.1109375 0.09265734265734266
0 0.383203125 0.5791083916083916 0.0953125 0.10227272727272728
0 0.86171875 0.4659090909090909 0.0875 0.11363636363636363
0 0.7375 0.5209790209790209 0.08671875 0.1215034965034965
0 0.3109375 0.8146853146853147 0.10703125 0.0979020979020979
0 0.590234375 0.1486013986013986 0.1203125 0.0944055944055944
0 0.34375 0.3006993006993007 0.10859375 0.10664335664335664
0 0.689453125 0.8159965034965035 0.10390625 0.0944055944055944
0 0.564453125 0.8562062937062938 0.11328125 0.09178321678321678
0 0.81171875 0.3138111888111888 0.0859375 0.13111888111888112
0 0.847265625 0.6166958041958042 0.08125 0.12762237762237763
0 0.478125 0.270541958041958 0.11015625 0.0944055944055944
0 0.571484375 0.40777972027972026 0.07578125 0.08566433566433566
0 0.141015625 0.4348776223776224 0.07890625 0.12237762237762238
0 0.45625 0.7469405594405595 0.11171875 0.08916083916083917