0 0.390625 0.7084790209790209 0.11015625 0.1284965034965035
0 0.562109375 0.1472902097902098 0.10703125 0.09353146853146853
0 0.30625 0.3387237762237762 0.1015625 0.11888111888111888
0 0.74609375 0.5887237762237763 0.096875 0.10751748251748251
0 0.784375 0.28277972027972026 0.0921875 0.1145104895104895
0 0.628515625 0.5620629370629371 0.10625 0.1215034965034965
0 0.4109375 0.38374125874125875 0.0890625 0.11800699300699301
0 0.210546875 0.2674825174825175 0.0890625 0.1048951048951049
0 0.27421875 0.7923951048951049 0.09765625 0.09702797202797203
0 0.51796875 0.35795454545454547 0.09296875 0.10751748251748251
0 0.66640625 0.3107517482517482 0.1140625 0.13111888111888112
0 0.4125 0.25786713286713286 0.10078125 0.09178321678321678
0 0.5203125 0.6083916083916084 0.07890625 0.09965034965034965
0 0.804296875 0.7259615384615384 0.10078125 0.11625874125874126
0 0.686328125 0.8199300699300699 0.10546875 0.1048951048951049
0 0.7328125 0.44143356643356646 0.08984375 0.11713286713286714
0 0.294140625 0.6158216783216783 0.1015625 0.11363636363636363
0 0.837890625 0.41215034965034963 0.06953125 0.1284965034965035
0 0.38125 0.4978146853146853 0.08671875 0.09877622377622378
0 0.548046875 0.8601398601398601 0.1109375 0.09265734265734266
0 0.616796875 0.4208916083916084 0.0953125 0.10227272727272728
0 0.13828125 0.5340909090909091 0.0875 0.11363636363636363
0 0.2625 0.479020979020979 0.08671875 0.1215034965034965
0 0.6890625 0.1853146853146853 0.10703125 0.0979020979020979
0 0.409765625 0.8513986013986014 0.1203125 0.0944055944055944
0 0.65625 0.6993006993006993 0.10859375 0.10664335664335664
0 0.310546875 0.1840034965034965 0.10390625 0.0944055944055944
0 0.435546875 0.1437937062937063 0.11328125 0.09178321678321678
0 0.18828125 0.6861888111888111 0.0859375 0.13111888111888112
0 0.152734375 0.3833041958041958 0.08125 0.12762237762237763
0 0.521875 0.729458041958042 0.11015625 0.0944055944055944
0 0.428515625 0.5922202797202797 0.07578125 0.08566433566433566
0 0.858984375 0.5651223776223776 0.07890625 0.12237762237762238
0 0.54375 0.2530594405594406 0.11171875 0.08916083916083917