0 0.368359375 0.7280334728033473 0.11484375 0.12887029288702928
0 0.280859375 0.3514644351464435 0.10546875 0.1322175732217573
0 0.657421875 0.3117154811715481 0.12421875 0.13556485355648534
0 0.605859375 0.43138075313807533 0.1 0.10292887029288703
0 0.359375 0.5184100418410041 0.08984375 0.09790794979079498
0 0.509765625 0.6158995815899582 0.08203125 0.099581589958159
0 0.79375 0.2606694560669456 0.1015625 0.12552301255230125
0 0.281640625 0.6326359832635984 0.1015625 0.11129707112970712
0 0.17578125 0.2924686192468619 0.09375 0.1087866108786611
0 0.748046875 0.59581589958159 0.11015625 0.11213389121338913
0 0.3921875 0.2690376569037657 0.1078125 0.099581589958159
0 0.491796875 0.3799163179916318 0.0984375 0.1096234309623431
0 0.815625 0.7205020920502092 0.10546875 0.12217573221757322
0 0.274609375 0.19790794979079498 0.10546875 0.10460251046025104
0 0.259765625 0.8209205020920503 0.10703125 0.09539748953974896
0 0.12109375 0.5573221757322175 0.09140625 0.11715481171548117
0 0.678125 0.1811715481171548 0.11953125 0.100418410041841
0 0.724609375 0.4401673640167364 0.0953125 0.12217573221757322
0 0.51015625 0.7430962343096235 0.1171875 0.09288702928870293
0 0.5328125 0.13347280334728034 0.11015625 0.09539748953974896
0 0.397265625 0.8594142259414226 0.12734375 0.09372384937238494
0 0.52109375 0.2623430962343096 0.1203125 0.09205020920502092
0 0.84375 0.4100418410041841 0.07578125 0.1305439330543933
0 0.414453125 0.606694560669456 0.078125 0.08702928870292886
0 0.5515625 0.8690376569037657 0.11640625 0.09205020920502092
0 0.64453125 0.704602510460251 0.11640625 0.10376569037656903
0 0.61953125 0.5736401673640167 0.1125 0.12133891213389121
0 0.384375 0.398744769874477 0.09453125 0.12217573221757322
0 0.121875 0.41631799163179917 0.08125 0.12887029288702928
0 0.4 0.15104602510460252 0.1234375 0.1087866108786611
0 0.237890625 0.49581589958158995 0.08828125 0.12552301255230125
0 0.6953125 0.8179916317991632 0.10625 0.10125523012552301
0 0.8625 0.5615062761506276 0.0859375 0.12384937238493723
0 0.165625 0.702510460251046 0.0953125 0.1280334728033473