0 0.8609375 0.6070846905537459 0.109375 0.1237785016286645
0 0.20859375 0.2487785016286645 0.109375 0.1254071661237785
0 0.40078125 0.14332247557003258 0.1421875 0.11644951140065146
0 0.302734375 0.34364820846905536 0.09140625 0.09039087947882736
0 0.83046875 0.38640065146579805 0.11953125 0.1278501628664495
0 0.3078125 0.8188110749185668 0.1046875 0.0985342019543974
0 0.13359375 0.43200325732899025 0.103125 0.09771986970684039
0 0.658984375 0.16856677524429967 0.12578125 0.14169381107491857
0 0.63828125 0.6754885993485342 0.078125 0.07736156351791532
0 0.50546875 0.8721498371335505 0.11328125 0.10260586319218241
0 0.259375 0.44258957654723124 0.0859375 0.08957654723127036
0 0.171484375 0.636400651465798 0.10546875 0.11237785016286644
0 0.720703125 0.8155537459283387 0.11171875 0.11237785016286644
0 0.384375 0.2903094462540717 0.08046875 0.09690553745928339
0 0.6984375 0.5973127035830619 0.09296875 0.09609120521172639
0 0.55859375 0.7255700325732899 0.07265625 0.08469055374592833
0 0.2703125 0.5525244299674267 0.08515625 0.08550488599348534
0 0.37890625 0.6913680781758957 0.08203125 0.09609120521172639
0 0.566015625 0.2728013029315961 0.0765625 0.09201954397394137
0 0.30703125 0.6421009771986971 0.0671875 0.06921824104234528
0 0.71640625 0.5 0.08671875 0.0781758957654723
0 0.47265625 0.7255700325732899 0.07421875 0.1001628664495114
0 0.476171875 0.2723941368078176 0.0734375 0.09446254071661238
0 0.646484375 0.31677524429967424 0.07109375 0.07980456026058631
0 0.46484375 0.5891693811074918 0.05703125 0.05863192182410423
0 0.700390625 0.3969869706840391 0.07265625 0.07573289902280131
0 0.594921875 0.42996742671009774 0.0578125 0.06514657980456026
0 0.46796875 0.3925081433224756 0.0546875 0.06026058631921824
0 0.533203125 0.3969869706840391 0.05234375 0.05781758957654723
0 0.40859375 0.4165309446254072 0.0546875 0.05618892508143322
0 0.593359375 0.5586319218241043 0.05859375 0.05863192182410423
0 0.53515625 0.5887622149837134 0.05546875 0.06596091205211727
0 0.391015625 0.4784201954397394 0.065625 0.05211726384364821
0 0.623828125 0.495114006514658 0.05546875 0.06270358306188925
0 0.402734375 0.5529315960912052 0.0609375 0.057003257328990226