0 0.77734375 0.7207095709570958 0.1375 0.12953795379537955
0 0.591796875 0.8597359735973598 0.12890625 0.11468646864686469
0 0.377734375 0.8613861386138614 0.11796875 0.11056105610561057
0 0.6265625 0.297029702970297 0.08671875 0.09488448844884488
0 0.675390625 0.389026402640264 0.0921875 0.0891089108910891
0 0.75234375 0.21905940594059406 0.11484375 0.11551155115511551
0 0.219921875 0.27433993399339934 0.09296875 0.10973597359735973
0 0.560546875 0.12211221122112212 0.1 0.09323432343234324
0 0.697265625 0.4797854785478548 0.08984375 0.07590759075907591
0 0.353125 0.14933993399339934 0.10625 0.10478547854785479
0 0.39375 0.7112211221122112 0.090625 0.09653465346534654
0 0.303515625 0.3882013201320132 0.09375 0.08250825082508251
0 0.434765625 0.2768151815181518 0.0796875 0.08828382838283828
0 0.68828125 0.5750825082508251 0.0859375 0.08003300330033003
0 0.488671875 0.7347359735973598 0.075 0.0891089108910891
0 0.324609375 0.6472772277227723 0.075 0.08085808580858085
0 0.19609375 0.7388613861386139 0.115625 0.1188118811881188
0 0.15234375 0.5123762376237624 0.09765625 0.11716171617161716
0 0.276953125 0.4822607260726073 0.09296875 0.07673267326732673
0 0.5765625 0.7025577557755776 0.071875 0.08333333333333333
0 0.501171875 0.39397689768976896 0.05 0.06683168316831684
0 0.40234375 0.47483498349834985 0.053125 0.0594059405940594
0 0.3515625 0.3147689768976898 0.065625 0.06930693069306931
0 0.83125 0.4665841584158416 0.10859375 0.14686468646864687
0 0.43203125 0.6043729372937293 0.0515625 0.0594059405940594
0 0.408203125 0.5404290429042904 0.0578125 0.057755775577557754
0 0.582421875 0.47277227722772275 0.06328125 0.05858085808580858
0 0.49296875 0.6349009900990099 0.059375 0.05693069306930693
0 0.551953125 0.41254125412541254 0.05390625 0.057755775577557754
0 0.53203125 0.26031353135313534 0.08359375 0.08993399339933994
0 0.575 0.5396039603960396 0.059375 0.054455445544554455
0 0.284375 0.5746699669966997 0.07890625 0.07590759075907591
0 0.65078125 0.650990099009901 0.07578125 0.07755775577557755
0 0.431640625 0.40965346534653463 0.05234375 0.0627062706270627
0 0.547265625 0.5948844884488449 0.06171875 0.05693069306930693