0 0.19453125 0.2625432525951557 0.159375 0.17647058823529413
0 0.399609375 0.8650519031141869 0.14765625 0.17906574394463667
0 0.163671875 0.6288927335640139 0.14921875 0.1652249134948097
0 0.24921875 0.7932525951557093 0.1453125 0.17993079584775087
0 0.326171875 0.16133217993079585 0.11328125 0.12802768166089964
0 0.81640625 0.314878892733564 0.10859375 0.12802768166089964
0 0.73203125 0.17906574394463667 0.11328125 0.14273356401384082
0 0.863671875 0.46280276816608995 0.1125 0.12283737024221453
0 0.46328125 0.1189446366782007 0.12109375 0.1444636678200692
0 0.328515625 0.39835640138408307 0.0890625 0.09429065743944637
0 0.7890625 0.7482698961937716 0.0890625 0.10986159169550173
0 0.846484375 0.6124567474048442 0.1 0.11072664359861592
0 0.384375 0.33477508650519033 0.0828125 0.09948096885813149
0 0.67890625 0.8282871972318339 0.1015625 0.11764705882352941
0 0.1375 0.4467993079584775 0.184375 0.185121107266436
0 0.702734375 0.45025951557093424 0.08203125 0.08217993079584775
0 0.602734375 0.12197231833910034 0.10390625 0.13408304498269896
0 0.553125 0.861159169550173 0.09375 0.10640138408304499
0 0.6046875 0.30103806228373703 0.06953125 0.08304498269896193
0 0.340234375 0.5869377162629758 0.0828125 0.09083044982698962
0 0.6640625 0.3607266435986159 0.07109375 0.078719723183391
0 0.698828125 0.5354671280276817 0.08984375 0.0986159169550173
0 0.4546875 0.6842560553633218 0.08046875 0.09948096885813149
0 0.66328125 0.615916955017301 0.07578125 0.08044982698961937
0 0.31015625 0.4935121107266436 0.0859375 0.092560553633218
0 0.53125 0.27941176470588236 0.07578125 0.09515570934256055
0 0.45703125 0.29974048442906576 0.075 0.09515570934256055
0 0.505859375 0.5778546712802768 0.05546875 0.058823529411764705
0 0.537109375 0.6929065743944637 0.07578125 0.09948096885813149
0 0.44921875 0.5588235294117647 0.05859375 0.06055363321799308
0 0.6078125 0.6756055363321799 0.07109375 0.08650519031141868
0 0.5640625 0.5618512110726643 0.05625 0.06660899653979238
0 0.58359375 0.41219723183391005 0.05625 0.06747404844290658
0 0.605859375 0.5237889273356401 0.05703125 0.061418685121107264
0 0.387109375 0.6565743944636678 0.06484375 0.07093425605536333
0 0.473046875 0.40570934256055363 0.0546875 0.061418685121107264
0 0.527734375 0.39662629757785467 0.0515625 0.06055363321799308
0 0.42890625 0.439878892733564 0.05546875 0.06055363321799308
0 0.61953125 0.4619377162629758 0.0546875 0.06487889273356401
0 0.42578125 0.4969723183391003 0.0625 0.05709342560553633