0 0.236328125 0.20761245674740483 0.1375 0.1522491349480969
0 0.34375 0.8399653979238755 0.125 0.157439446366782
0 0.1484375 0.5622837370242214 0.12890625 0.14273356401384082
0 0.20703125 0.740484429065744 0.121875 0.15916955017301038
0 0.38203125 0.13321799307958476 0.09765625 0.11072664359861592
0 0.840625 0.37846020761245674 0.0921875 0.1115916955017301
0 0.77890625 0.22837370242214533 0.09453125 0.12629757785467127
0 0.8640625 0.5333044982698962 0.09765625 0.10553633217993079
0 0.5234375 0.11764705882352941 0.103125 0.12629757785467127
0 0.347265625 0.36678200692041524 0.07734375 0.08044982698961937
0 0.745703125 0.8001730103806228 0.075 0.09688581314878893
0 0.8234375 0.6773356401384083 0.08671875 0.09515570934256055
0 0.412109375 0.314878892733564 0.0703125 0.08737024221453288
0 0.624609375 0.8576989619377162 0.08671875 0.10294117647058823
0 0.151171875 0.3780276816608997 0.1625 0.15657439446366783
0 0.707421875 0.49005190311418684 0.07265625 0.06920415224913495
0 0.660546875 0.14749134948096887 0.08671875 0.11937716262975778
0 0.495703125 0.865916955017301 0.08046875 0.092560553633218
0 0.634375 0.32439446366782004 0.059375 0.0726643598615917
0 0.32890625 0.5549307958477508 0.071875 0.07785467128027682
0 0.68359375 0.3944636678200692 0.06171875 0.06747404844290658
0 0.690234375 0.5730968858131488 0.078125 0.0847750865051903
0 0.4265625 0.6725778546712803 0.06796875 0.08737024221453288
0 0.642578125 0.6457612456747405 0.065625 0.06920415224913495
0 0.3140625 0.45717993079584773 0.07421875 0.07958477508650519
0 0.565234375 0.2889273356401384 0.06328125 0.08391003460207612
0 0.4890625 0.2945501730103806 0.0625 0.0847750865051903
0 0.49375 0.5778546712802768 0.0484375 0.050173010380622836
0 0.50625 0.6972318339100346 0.0625 0.08910034602076125
0 0.440625 0.5480103806228374 0.0515625 0.05103806228373702
0 0.578515625 0.6937716262975778 0.06015625 0.07612456747404844
0 0.553515625 0.5730968858131488 0.04765625 0.05795847750865052
0 0.59609375 0.4294982698961938 0.04765625 0.058823529411764705
0 0.600390625 0.5436851211072664 0.04921875 0.052768166089965395
0 0.364453125 0.6323529411764706 0.05625 0.061418685121107264
0 0.48828125 0.4018166089965398 0.046875 0.05363321799307959
0 0.543359375 0.40354671280276816 0.04375 0.052768166089965395
0 0.439453125 0.4273356401384083 0.0484375 0.05190311418685121
0 0.623828125 0.4857266435986159 0.04609375 0.05709342560553633
0 0.42734375 0.4826989619377163 0.05625 0.04671280276816609