0 0.31328125 0.1495689655172414 0.16328125 0.1810344827586207
0 0.140234375 0.4698275862068966 0.1546875 0.17155172413793104
0 0.83203125 0.3603448275862069 0.1171875 0.13793103448275862
0 0.294140625 0.8125 0.15390625 0.18620689655172415
0 0.480859375 0.12758620689655173 0.1125 0.1336206896551724
0 0.181640625 0.2823275862068966 0.1921875 0.19051724137931034
0 0.6703125 0.8612068965517241 0.09296875 0.11293103448275862
0 0.8390625 0.6762931034482759 0.115625 0.1267241379310345
0 0.623828125 0.15474137931034482 0.12734375 0.15086206896551724
0 0.75625 0.24310344827586206 0.14296875 0.13017241379310346
0 0.355859375 0.33706896551724136 0.090625 0.09827586206896552
0 0.69375 0.44655172413793104 0.07890625 0.08189655172413793
0 0.4640625 0.7116379310344828 0.07734375 0.10258620689655172
0 0.851171875 0.5142241379310345 0.1078125 0.13189655172413794
0 0.60078125 0.315948275862069 0.078125 0.09568965517241379
0 0.440625 0.3021551724137931 0.0875 0.10344827586206896
0 0.558984375 0.8775862068965518 0.10390625 0.11896551724137931
0 0.766015625 0.7887931034482759 0.10625 0.11206896551724138
0 0.44375 0.8672413793103448 0.09609375 0.11206896551724138
0 0.612109375 0.6883620689655172 0.078125 0.0853448275862069
0 0.708984375 0.5379310344827586 0.084375 0.08448275862068966
0 0.387890625 0.6715517241379311 0.08125 0.10431034482758621
0 0.6765625 0.6288793103448276 0.09375 0.10258620689655172
0 0.1828125 0.6732758620689655 0.15546875 0.18362068965517242
0 0.311328125 0.5254310344827586 0.0859375 0.09137931034482759
0 0.521484375 0.29310344827586204 0.0765625 0.1
0 0.420703125 0.4771551724137931 0.06484375 0.05862068965517241
0 0.332421875 0.6133620689655173 0.0671875 0.07327586206896551
0 0.475390625 0.5862068965517241 0.05859375 0.06206896551724138
0 0.624609375 0.5193965517241379 0.05625 0.06637931034482758
0 0.59140625 0.575 0.0578125 0.059482758620689656
0 0.498828125 0.4068965517241379 0.0578125 0.06896551724137931
0 0.5328125 0.5892241379310345 0.05546875 0.06551724137931035
0 0.55625 0.4206896551724138 0.05546875 0.06379310344827586
0 0.443359375 0.42801724137931035 0.05625 0.061206896551724135
0 0.3109375 0.4254310344827586 0.0890625 0.09568965517241379
0 0.423828125 0.5478448275862069 0.0609375 0.06293103448275862
0 0.544140625 0.7172413793103448 0.0734375 0.08706896551724137
0 0.662109375 0.36508620689655175 0.07734375 0.08620689655172414
0 0.597265625 0.45991379310344827 0.0578125 0.06982758620689655