0 0.621875 0.6030927835051546 0.105 0.07778819119025304
0 0.12125 0.2689784442361762 0.065 0.04217432052483599
0 0.55625 0.8200562324273665 0.13375 0.09559512652296158
0 0.33125 0.16541705716963448 0.07 0.056232427366447985
0 0.79125 0.13402061855670103 0.06 0.06091846298031865
0 0.92125 0.21180880974695407 0.06875 0.03748828491096532
0 0.443125 0.8008434864104967 0.14375 0.07591377694470477
0 0.414375 0.8608247422680413 0.14625 0.06091846298031865
0 0.485625 0.1429240862230553 0.0675 0.044048734770384255
0 0.1725 0.8252108716026242 0.06125 0.04873477038425492
0 0.32375 0.21274601686972822 0.06 0.05248359887535145
0 0.751875 0.13120899718837864 0.04625 0.05154639175257732
0 0.558125 0.7717900656044986 0.05 0.04217432052483599
0 0.74125 0.5201499531396439 0.24625 0.06091846298031865
0 0.946875 0.6808809746954076 0.07875 0.05154639175257732
0 0.85625 0.7141518275538894 0.04375 0.038425492033739454
0 0.388125 0.7830365510777882 0.06125 0.044048734770384255
0 0.763125 0.8088097469540768 0.05625 0.03936269915651359
0 0.46875 0.4887535145267104 0.14875 0.02999062792877226
0 0.708125 0.12136832239925023 0.0225 0.019681349578256794
0 0.725 0.11433926897844424 0.0375 0.028116213683223992
0 0.821875 0.7474226804123711 0.0425 0.033739456419868794
0 0.788125 0.7783505154639175 0.02875 0.02436738519212746
0 0.848125 0.6836925960637301 0.04125 0.028116213683223992
0 0.288125 0.3270852858481724 0.02125 0.011246485473289597
0 0.345625 0.43908153701968133 0.05625 0.016869728209934397
0 0.3 0.5224929709465792 0.015 0.007497656982193065
0 0.738125 0.7010309278350515 0.0425 0.031865042174320526
0 0.39375 0.6944704779756327 0.03125 0.02436738519212746
0 0.436875 0.7193064667291471 0.03625 0.030927835051546393
0 0.14375 0.16869728209934395 0.02625 0.015932521087160263
0 0.00875 0.18041237113402062 0.0175 0.01218369259606373
0 0.169375 0.5168697282099344 0.01625 0.007497656982193065
0 0.235625 0.872539831302718 0.04 0.031865042174320526
0 0.5875 0.5074976569821931 0.1875 0.031865042174320526
0 0.0475 0.4943767572633552 0.015 0.010309278350515464
0 0.29625 0.887535145267104 0.0525 0.022492970946579195