0 0.369375 0.5965323336457357 0.1075 0.08247422680412371
0 0.788125 0.204311152764761 0.05875 0.05060918462980318
0 0.076875 0.5590440487347704 0.1325 0.10402999062792877
0 0.936875 0.3561387066541706 0.0775 0.05529522024367385
0 0.980625 0.6986879100281163 0.03875 0.04779756326148079
0 0.905625 0.8003748828491096 0.0525 0.05248359887535145
0 0.09625 0.47282099343955014 0.1075 0.1105904404873477
0 0.02875 0.45454545454545453 0.0575 0.1105904404873477
0 0.971875 0.4700093720712277 0.05625 0.05154639175257732
0 0.049375 0.2717900656044986 0.0675 0.04779756326148079
0 0.87375 0.3528584817244611 0.0725 0.046860356138706656
0 0.984375 0.669165885660731 0.03125 0.03748828491096532
0 0.14125 0.5581068416119962 0.0575 0.03936269915651359
0 0.485625 0.6818181818181818 0.09375 0.1846298031865042
0 0.2825 0.8444236176194939 0.07125 0.06091846298031865
0 0.23375 0.7778819119025304 0.0525 0.03467666354264293
0 0.116875 0.4311152764761012 0.06125 0.04779756326148079
0 0.1025 0.7132146204311153 0.055 0.044048734770384255
0 0.513125 0.4761012183692596 0.0475 0.11152764761012184
0 0.1875 0.7539831302717901 0.0475 0.03280224929709466
0 0.144375 0.7300843486410497 0.03375 0.022492970946579195
0 0.27375 0.7703842549203374 0.04 0.031865042174320526
0 0.719375 0.33270852858481725 0.01625 0.015932521087160263
0 0.573125 0.38144329896907214 0.025 0.04311152764761012
0 0.459375 0.35098406747891286 0.01125 0.011246485473289597
0 0.245 0.6888472352389878 0.04375 0.033739456419868794
0 0.235625 0.43064667291471415 0.0325 0.02436738519212746
0 0.205 0.46438612933458295 0.0425 0.029053420805998126
0 0.9225 0.2155576382380506 0.0225 0.019681349578256794
0 0.744375 0.052014995313964384 0.02375 0.01499531396438613
0 0.9 0.11527647610121837 0.01625 0.01499531396438613
0 0.460625 0.253514526710403 0.01125 0.01218369259606373
0 0.005625 0.3209934395501406 0.01125 0.030927835051546393
0 0.494375 0.5660731021555764 0.0525 0.14058106841611998
0 0.3725 0.8931583880037488 0.015 0.02155576382380506
0 0.48375 0.16119962511715089 0.015 0.01218369259606373