0 0.741875 0.5056338028169014 0.07125 0.07230046948356808
0 0.5064375 0.2931830985915493 0.070425 0.05087323943661972
0 0.20175 0.18979342723004694 0.04125 0.02535211267605634
0 0.42247500000000004 0.6957746478873239 0.0375 0.02629107981220657
0 0.5558 0.26679812206572767 0.07 0.03695774647887324
0 0.138825 0.48843192488262904 0.046974999999999996 0.0315774647887324
0 0.339375 0.3530516431924883 0.08875 0.03568075117370892
0 0.12385 0.4507042253521127 0.03875 0.024413145539906103
0 0.793125 0.5882629107981221 0.04125 0.04037558685446009
1 0.6456125 0.4768450704225352 0.2218875 0.11133333333333333
0 0.7600374999999999 0.561568075117371 0.0305125 0.05996244131455399
0 0.7803249999999999 0.6491549295774648 0.0415375 0.03993427230046948
1 0.283125 0.45774647887323944 0.22625 0.06854460093896714
0 0.13125 0.27793427230046946 0.0275 0.024413145539906103
0 0.16 0.28169014084507044 0.02 0.016901408450704224
0 0.223125 0.2535211267605634 0.01875 0.013145539906103286
0 0.16667500000000002 0.22629107981220659 0.0275625 0.015023474178403756
0 0.09602499999999999 0.32630046948356806 0.0245375 0.023483568075117374
0 0.6549875000000001 0.20046948356807512 0.02415 0.023474178403755867
0 0.434375 0.307981220657277 0.02625 0.024413145539906103
0 0.64875 0.3089201877934272 0.0125 0.011267605633802818
0 0.629375 0.30422535211267604 0.01375 0.009389671361502348
0 0.52125 0.23380281690140844 0.025 0.024413145539906103
0 0.75115 0.2363755868544601 0.0323125 0.02115492957746479
0 0.7309375 0.22847887323943664 0.011474999999999999 0.00844131455399061
0 0.06875 0.584037558685446 0.0325 0.024413145539906103
0 0.1825 0.6014084507042253 0.03 0.0215962441314554
0 0.173125 0.4131455399061033 0.03125 0.024413145539906103
0 0.165 0.6529389671361502 0.0275 0.01948356807511737
0 0.14875 0.5380281690140845 0.03 0.020657276995305163
0 0.145 0.4089201877934272 0.0225 0.01596244131455399
0 0.10161250000000001 0.35821596244131454 0.02085 0.01971830985915493
0 0.19765 0.44357746478873245 0.023675 0.01348356807511737
0 0.298125 0.34225352112676055 0.01875 0.01784037558685446
0 0.44805 0.6283192488262911 0.0275 0.0215962441314554
0 0.4125 0.4624413145539906 0.03 0.01596244131455399
0 0.428125 0.40375586854460094 0.02125 0.013145539906103286
0 0.3525 0.5779342723004695 0.0175 0.010328638497652582
0 0.37375 0.5835680751173709 0.01 0.006572769953051643
0 0.359375 0.5051643192488263 0.02125 0.009389671361502348
0 0.630625 0.38497652582159625 0.01125 0.018779342723004695
0 0.3425 0.5 0.015 0.010328638497652582
0 0.7813625000000001 0.6212488262910798 0.0292 0.02660093896713615
0 0.193125 0.6714741784037559 0.02875 0.020422535211267606
1 0.1547625 0.5449671361502347 0.0786625 0.058046948356807515
1 0.21170000000000003 0.5356056338028169 0.0604125 0.038948356807511735
1 0.2835375 0.5524037558685445 0.23440000000000003 0.07329577464788732
1 0.44598750000000004 0.5302910798122066 0.22977499999999998 0.07310798122065727
0 0.35692500000000005 0.48116431924882636 0.060899999999999996 0.014629107981220657
1 0.6716 0.3867136150234742 0.098425 0.052262910798122064
1 0.671675 0.352112676056338 0.09817500000000001 0.046150234741784035
0 0.7543125 0.43252582159624414 0.0084625 0.010413145539906103
0 0.74185 0.4425633802816901 0.012825 0.006582159624413145
0 0.76755 0.5462347417840375 0.0066625 0.008075117370892018
0 0.7600875 0.22031924882629106 0.0098875 0.00647887323943662