0 0.741875 0.5089201877934272 0.0725 0.07323943661971831
0 0.51125 0.29295774647887324 0.07125 0.051643192488262914
0 0.209375 0.18591549295774648 0.04125 0.02629107981220657
0 0.418125 0.6948356807511737 0.0375 0.027230046948356807
0 0.56125 0.2676056338028169 0.07125 0.03755868544600939
0 0.139375 0.4835680751173709 0.04875 0.03286384976525822
0 0.343125 0.3511737089201878 0.09 0.036619718309859155
0 0.125 0.4460093896713615 0.03875 0.02535211267605634
0 0.79125 0.592018779342723 0.0425 0.04131455399061033
1 0.64625 0.4788732394366197 0.225 0.11455399061032864
0 0.75875 0.5647887323943662 0.03125 0.06009389671361502
0 0.776875 0.6530516431924883 0.0425 0.04131455399061033
1 0.284375 0.45492957746478874 0.2275 0.07136150234741784
0 0.13625 0.27323943661971833 0.0275 0.024413145539906103
0 0.165 0.2774647887323944 0.02 0.016901408450704224
0 0.22875 0.24976525821596243 0.01875 0.013145539906103286
0 0.173125 0.2220657276995305 0.0275 0.015023474178403756
0 0.100625 0.3211267605633803 0.025 0.023474178403755867
0 0.661875 0.20234741784037558 0.02375 0.023474178403755867
0 0.43875 0.30704225352112674 0.02625 0.024413145539906103
0 0.653125 0.3107981220657277 0.0125 0.011267605633802818
0 0.63375 0.3061032863849765 0.01375 0.009389671361502348
0 0.5275 0.23427230046948358 0.025 0.024413145539906103
0 0.7575 0.23943661971830985 0.0325 0.0215962441314554
0 0.7375 0.231924882629108 0.01125 0.008450704225352112
0 0.066875 0.5784037558685446 0.0325 0.024413145539906103
0 0.18 0.5971830985915493 0.03 0.0215962441314554
0 0.175 0.4089201877934272 0.03125 0.024413145539906103
0 0.16125 0.6488262910798122 0.0275 0.01971830985915493
0 0.148125 0.5333333333333333 0.03 0.020657276995305163
0 0.146875 0.4042253521126761 0.0225 0.01596244131455399
0 0.105 0.3530516431924883 0.02125 0.01971830985915493
0 0.19875 0.43990610328638496 0.02375 0.013145539906103286
0 0.301875 0.33943661971830985 0.01875 0.01784037558685446
0 0.445 0.6276995305164319 0.0275 0.0215962441314554
0 0.413125 0.46150234741784035 0.03 0.01596244131455399
0 0.430625 0.4028169014084507 0.02125 0.013145539906103286
0 0.350625 0.576056338028169 0.0175 0.010328638497652582
0 0.371875 0.5816901408450704 0.01 0.006572769953051643
0 0.359375 0.5032863849765258 0.02125 0.009389671361502348
0 0.633125 0.38685446009389673 0.01125 0.018779342723004695
0 0.3425 0.4981220657276995 0.015 0.010328638497652582
0 0.778125 0.6248826291079812 0.02875 0.02629107981220657
0 0.189375 0.6671361502347418 0.02875 0.020657276995305163
1 0.15375 0.5403755868544601 0.08 0.059154929577464786
1 0.21125 0.531924882629108 0.06125 0.03943661971830986
1 0.2825 0.5497652582159624 0.23625 0.07605633802816901
1 0.445625 0.5295774647887324 0.23125 0.07605633802816901
0 0.3575 0.4793427230046948 0.06125 0.01596244131455399
1 0.674375 0.3892018779342723 0.1 0.05352112676056338
1 0.675 0.3544600938967136 0.1 0.046948356807511735
0 0.755625 0.4356807511737089 0.00875 0.010328638497652582
0 0.743125 0.4460093896713615 0.0125 0.006572769953051643
0 0.76625 0.5492957746478874 0.00625 0.008450704225352112
0 0.76625 0.22347417840375586 0.01 0.006572769953051643