0 0.52 0.3187793427230047 0.1 0.05727699530516432
0 0.225 0.48450704225352115 0.07125 0.05539906103286385
0 0.071875 0.7075117370892019 0.03625 0.03192488262910798
0 0.75625 0.5685446009389671 0.0375 0.02910798122065728
0 0.1925 0.4460093896713615 0.0525 0.054460093896713614
0 0.465625 0.7704225352112676 0.045 0.03755868544600939
0 0.29625 0.6126760563380281 0.0525 0.06854460093896714
0 0.415 0.77981220657277 0.035 0.03004694835680751
0 0.6325 0.28450704225352114 0.05625 0.03286384976525822
1 0.476875 0.38967136150234744 0.16 0.1727699530516432
0 0.595625 0.307981220657277 0.08125 0.02535211267605634
0 0.713125 0.2971830985915493 0.05625 0.03286384976525822
1 0.4325 0.6605633802816901 0.1025 0.17370892018779344
0 0.185625 0.7647887323943662 0.03375 0.0215962441314554
0 0.191875 0.7436619718309859 0.02375 0.01596244131455399
0 0.158125 0.6948356807511737 0.01875 0.015023474178403756
0 0.11875 0.7356807511737089 0.02125 0.0215962441314554
0 0.248125 0.7938967136150235 0.0325 0.01971830985915493
0 0.11 0.36807511737089205 0.0325 0.018779342723004695
0 0.24125 0.5389671361502347 0.03375 0.020657276995305163
0 0.25375 0.3784037558685446 0.01625 0.010328638497652582
0 0.24625 0.39248826291079814 0.01375 0.011267605633802818
0 0.1475 0.4699530516431925 0.03375 0.01971830985915493
0 0.1625 0.2976525821596244 0.03 0.02535211267605634
0 0.15125 0.3126760563380282 0.01125 0.008450704225352112
0 0.589375 0.827699530516432 0.03375 0.02535211267605634
0 0.618125 0.7436619718309859 0.03 0.023474178403755867
0 0.3675 0.7408450704225352 0.03375 0.024413145539906103
0 0.68625 0.7591549295774648 0.0275 0.0215962441314554
0 0.531875 0.7652582159624414 0.02875 0.023474178403755867
0 0.360625 0.7615023474178404 0.0225 0.01784037558685446
0 0.290625 0.7910798122065728 0.0275 0.016901408450704224
0 0.409375 0.723943661971831 0.01875 0.018779342723004695
0 0.28 0.6431924882629108 0.025 0.015023474178403756
0 0.6675 0.5455399061032864 0.03 0.0215962441314554
0 0.445625 0.563849765258216 0.0225 0.023474178403755867
0 0.368125 0.5488262910798122 0.01875 0.016901408450704224
0 0.595625 0.6145539906103287 0.015 0.014084507042253521
0 0.604375 0.5990610328638498 0.00875 0.007511737089201878
0 0.499375 0.6056338028169014 0.01375 0.016901408450704224
0 0.35375 0.3957746478873239 0.025 0.009389671361502348
0 0.491875 0.6183098591549295 0.015 0.012206572769953052
0 0.675625 0.2953051643192488 0.03625 0.022535211267605635
0 0.711875 0.7389671361502348 0.02875 0.022535211267605635
1 0.541875 0.7610328638497652 0.08125 0.061971830985915494
1 0.5325 0.7178403755868544 0.05375 0.046948356807511735
1 0.55875 0.6647887323943662 0.11 0.18028169014084508
1 0.5375 0.5417840375586854 0.11 0.17652582159624414
0 0.4675 0.6065727699530516 0.02375 0.046948356807511735
1 0.35875 0.3652582159624413 0.075 0.07699530516431925
1 0.3125 0.36338028169014086 0.06625 0.07605633802816901
0 0.423125 0.3056338028169014 0.01375 0.007511737089201878
0 0.43625 0.3154929577464789 0.01 0.009389671361502348
0 0.575 0.3018779342723005 0.01125 0.004694835680751174
0 0.141875 0.29014084507042254 0.00875 0.007511737089201878