1 0.45125 0.19400187441424555 0.19625 0.1330834114339269
0 0.193125 0.6119962511715089 0.02875 0.01874414245548266
0 0.2425 0.4001874414245548 0.05375 0.05435801312089972
0 0.505625 0.373477038425492 0.03875 0.06466729147141519
0 0.2375 0.49812558575445176 0.06 0.04779756326148079
0 0.155625 0.5482661668228679 0.02875 0.02155576382380506
0 0.161875 0.19821930646672914 0.0425 0.02999062792877226
0 0.085625 0.225398313027179 0.035 0.028116213683223992
0 0.56 0.865979381443299 0.0875 0.08247422680412371
0 0.036875 0.5342080599812559 0.07375 0.06373008434864105
0 0.205625 0.5749765698219307 0.02875 0.022492970946579195
0 0.03875 0.7656982193064668 0.02875 0.015932521087160263
0 0.188125 0.2774133083411434 0.03875 0.026241799437675725
0 0.27625 0.3500468603561387 0.03125 0.04592314901593252
0 0.581875 0.569821930646673 0.08875 0.08622305529522024
0 0.35875 0.774601686972821 0.07125 0.05154639175257732
0 0.211875 0.35754451733833176 0.0375 0.022492970946579195
0 0.29125 0.5384254920337395 0.035 0.030927835051546393
0 0.106875 0.5154639175257731 0.0175 0.016869728209934397
0 0.161875 0.3542642924086223 0.025 0.02155576382380506
0 0.594375 0.7432052483598875 0.03875 0.031865042174320526
0 0.29625 0.4133083411433927 0.0325 0.020618556701030927
0 0.038125 0.30084348641049674 0.0325 0.028116213683223992
0 0.149375 0.8355201499531396 0.0275 0.019681349578256794
0 0.040625 0.7375820056232427 0.02625 0.02155576382380506
0 0.285 0.6846298031865042 0.02625 0.023430178069353328
0 0.62625 0.38003748828491096 0.0525 0.04967197750702906
0 0.269375 0.43673851921274603 0.0175 0.014058106841611996
0 0.250625 0.795688847235239 0.0475 0.026241799437675725
0 0.219375 0.6986879100281163 0.04625 0.03280224929709466
0 0.295 0.7455482661668229 0.04625 0.05060918462980318
0 0.345625 0.6710402999062793 0.01375 0.01218369259606373
0 0.185 0.8472352389878163 0.015 0.01218369259606373
0 0.198125 0.8486410496719775 0.015 0.011246485473289597
0 0.585625 0.668697282099344 0.01125 0.014058106841611996
0 0.58625 0.6921274601686973 0.01125 0.011246485473289597
0 0.570625 0.6902530459231491 0.01 0.00937207122774133
0 0.66625 0.5501405810684161 0.04 0.033739456419868794
0 0.644375 0.5299906279287723 0.01375 0.01499531396438613
0 0.574375 0.5262417994376757 0.01125 0.010309278350515464
0 0.5625 0.5238987816307404 0.01375 0.013120899718837863
0 0.715 0.5805998125585754 0.04 0.03467666354264293
0 0.68875 0.5941893158388004 0.075 0.053420805998125584
0 0.919375 0.5726335520149953 0.00875 0.01780693533270853
0 0.923125 0.46251171508903466 0.0175 0.01499531396438613
0 0.926875 0.45407685098406747 0.015 0.02155576382380506
1 0.71625 0.2169634489222118 0.07 0.09653233364573571
0 0.975 0.24835988753514526 0.02 0.033739456419868794
0 0.978125 0.18697282099343954 0.01 0.016869728209934397
0 0.08875 0.12230552952202436 0.03625 0.02530459231490159
0 0.045 0.1738519212746017 0.02 0.020618556701030927
0 0.301875 0.33411433926897843 0.015 0.01218369259606373
0 0.1875 0.37910028116213684 0.01375 0.01218369259606373
0 0.24 0.45829428303655106 0.0175 0.01218369259606373
0 0.40125 0.4465791940018744 0.01375 0.01218369259606373
0 0.21 0.5295220243673852 0.01375 0.014058106841611996
0 0.63625 0.9062792877225867 0.04125 0.03280224929709466
0 0.264375 0.5337394564198688 0.0325 0.02530459231490159