0 0.703125 0.584348641049672 0.085 0.061855670103092786
0 0.825 0.6232427366447985 0.07125 0.059044048734770385
0 0.729375 0.5370196813495782 0.07875 0.05716963448922212
0 0.276875 0.5332708528584817 0.08375 0.04873477038425492
0 0.73625 0.6508903467666354 0.03125 0.02530459231490159
0 0.4625 0.4653233364573571 0.07875 0.03561387066541706
0 0.70875 0.32239925023430177 0.0525 0.033739456419868794
0 0.871875 0.0951265229615745 0.0275 0.016869728209934397
0 0.58625 0.47375820056232426 0.065 0.053420805998125584
0 0.1875 0.6433926897844423 0.0175 0.013120899718837863
0 0.375 0.415651358950328 0.06875 0.07685098406747891
0 0.61 0.2366447985004686 0.0675 0.04967197750702906
0 0.566875 0.19962511715089035 0.045 0.033739456419868794
0 0.5675 0.4386129334582943 0.08375 0.04873477038425492
0 0.84625 0.7811621368322399 0.02875 0.01780693533270853
0 0.776875 0.457825679475164 0.04625 0.03936269915651359
0 0.039375 0.34536082474226804 0.0475 0.028116213683223992
0 0.85 0.4709465791940019 0.10625 0.059044048734770385
0 0.196875 0.35941893158388005 0.16125 0.10871602624179943
0 0.298125 0.43486410496719774 0.13125 0.1302717900656045
0 0.143125 0.7413308341143393 0.04 0.03280224929709466
0 0.908125 0.4133083411433927 0.14 0.08153701968134958
0 0.9 0.3556701030927835 0.1325 0.08716026241799438
0 0.29375 0.4381443298969072 0.0175 0.01499531396438613
0 0.26625 0.4817244611059044 0.08125 0.08153701968134958
0 0.05 0.5037488284910965 0.1 0.053420805998125584
0 0.011875 0.5253045923149016 0.02375 0.019681349578256794
0 0.110625 0.6208997188378632 0.04875 0.046860356138706656
0 0.093125 0.6419868791002812 0.0675 0.031865042174320526
0 0.2125 0.654639175257732 0.0225 0.013120899718837863
0 0.365625 0.6597938144329897 0.015 0.013120899718837863
0 0.355 0.7024367385192127 0.015 0.01218369259606373
0 0.10625 0.9104967197750703 0.03875 0.03561387066541706
0 0.676875 0.6724461105904405 0.04 0.03467666354264293
0 0.67625 0.7586691658856607 0.01875 0.013120899718837863
0 0.409375 0.23945641986879102 0.0175 0.014058106841611996