1 0.09375 0.4784442361761949 0.0825 0.07310215557638237
1 0.355625 0.45173383317713217 0.1375 0.16026241799437677
1 0.56875 0.5135895032802249 0.14125 0.15557638238050608
0 0.13 0.3125585754451734 0.05125 0.05435801312089972
0 0.656875 0.7432052483598875 0.075 0.041237113402061855
0 0.614375 0.6940018744142455 0.06 0.03655107778819119
0 0.225 0.6368322399250235 0.07125 0.026241799437675725
0 0.74875 0.7572633552014996 0.06 0.02999062792877226
0 0.7925 0.8294283036551078 0.06375 0.026241799437675725
0 0.75625 0.8045923149015932 0.08875 0.02999062792877226
0 0.245625 0.4451733833177132 0.0375 0.03561387066541706
0 0.44875 0.6190253045923149 0.05875 0.02436738519212746
1 0.441875 0.4629803186504217 0.045 0.059044048734770385
0 0.186875 0.5745079662605436 0.07 0.02530459231490159
1 0.7225 0.5243673851921274 0.1225 0.030927835051546393
1 0.35875 0.35754451733833176 0.19125 0.053420805998125584
1 0.519375 0.45454545454545453 0.04375 0.06279287722586692
0 0.51375 0.3045923149015933 0.035 0.03280224929709466
0 0.1975 0.31630740393626994 0.0325 0.02436738519212746
0 0.304375 0.39737582005623245 0.0325 0.02155576382380506
0 0.216875 0.5449859418931584 0.0225 0.015932521087160263
0 0.05375 0.5688847235238987 0.0325 0.029053420805998126
0 0.514375 0.38847235238987815 0.03125 0.029053420805998126
0 0.591875 0.3570759137769447 0.0325 0.028116213683223992
0 0.614375 0.5009372071227741 0.02125 0.016869728209934397
0 0.614375 0.5131208997188379 0.01875 0.01499531396438613
0 0.520625 0.5159325210871603 0.01375 0.016869728209934397
0 0.706875 0.6044985941893158 0.03875 0.02530459231490159
0 0.698125 0.44095595126522963 0.035 0.023430178069353328
0 0.13375 0.6893158388003748 0.02 0.013120899718837863
1 0.371875 0.6349578256794751 0.14875 0.05154639175257732
1 0.43125 0.619962511715089 0.145 0.04311152764761012
0 0.694375 0.7699156513589503 0.07 0.020618556701030927
0 0.826875 0.662136832239925 0.04375 0.028116213683223992
0 0.46 0.46719775070290537 0.02 0.02530459231490159
0 0.405 0.4343955014058107 0.01375 0.022492970946579195
0 0.4 0.45220243673851923 0.01375 0.016869728209934397
0 0.394375 0.47282099343955014 0.00875 0.015932521087160263
0 0.393125 0.48266166822867856 0.01125 0.016869728209934397
0 0.39 0.5112464854732895 0.00875 0.011246485473289597
0 0.389375 0.5220243673851921 0.01125 0.013120899718837863
0 0.33875 0.5585754451733833 0.01875 0.013120899718837863
0 0.270625 0.45313964386129335 0.0375 0.03467666354264293
0 0.4325 0.3851921274601687 0.01875 0.006560449859418931
1 0.233125 0.28350515463917525 0.25625 0.059044048734770385