0 0.573125 0.6447985004686035 0.07875 0.07778819119025304
0 0.954375 0.7258669165885661 0.03875 0.026241799437675725
0 0.135 0.7521087160262419 0.06 0.030927835051546393
0 0.498125 0.7947516401124649 0.0625 0.041237113402061855
0 0.104375 0.5342080599812559 0.0225 0.014058106841611996
0 0.415625 0.2000937207122774 0.035 0.023430178069353328
0 0.705625 0.7455482661668229 0.0175 0.01218369259606373
0 0.0425 0.35941893158388005 0.05125 0.03936269915651359
0 0.810625 0.5107778819119025 0.06125 0.05716963448922212
0 0.838125 0.2619493908153702 0.0475 0.038425492033739454
0 0.6975 0.5993439550140581 0.03625 0.01780693533270853
0 0.7166374999999999 0.22640112464854734 0.037975 0.020740393626991566
0 0.7219 0.4928865979381443 0.030425 0.03743205248359888
0 0.02 0.5918462980318651 0.04 0.04217432052483599
0 0.494375 0.1991565135895033 0.0975 0.09934395501405811
0 0.9025 0.6696344892221181 0.04125 0.028116213683223992
0 0.035 0.4878163074039363 0.07 0.08997188378631678
0 0.14125 0.492970946579194 0.035 0.026241799437675725
0 0.9164 0.5576382380506092 0.0646875 0.05998125585754452
0 0.799375 0.8063542642924086 0.0175 0.01288659793814433
0 0.8786499999999999 0.26174320524835987 0.0348 0.04204311152764761
0 0.77905 0.3083973758200562 0.034475 0.020712277413308344
0 0.7435375000000001 0.3266541705716964 0.0311 0.042511715089034674
0 0.6148250000000001 0.1926522961574508 0.0645875 0.04029053420805998
0 0.55935 0.2782380506091846 0.0294 0.010103092783505154
0 0.55885 0.2871134020618557 0.0283875 0.008575445173383317
0 0.839075 0.3803092783505155 0.031412499999999996 0.0656232427366448
0 0.8260500000000001 0.39071227741330833 0.0155125 0.019475164011246486
0 0.9671 0.4675538894095595 0.033775 0.04280224929709466
0 0.9797875 0.512680412371134 0.0354625 0.04328022492970947
0 0.897425 0.4684442361761949 0.0236375 0.01922211808809747
0 0.8869374999999999 0.4888472352389878 0.06355000000000001 0.058003748828491096
0 0.869025 0.553261480787254 0.0182375 0.0169165885660731
0 0.863275 0.5703748828491096 0.016200000000000003 0.020712277413308344
0 0.86005 0.5786129334582942 0.0246625 0.0346485473289597
0 0.8242 0.4693345829428303 0.0436 0.05295220243673852
0 0.7687375 0.536522961574508 0.013175 0.010328022492970946
0 0.7628125 0.42026241799437675 0.0297375 0.03241799437675727
0 0.7295 0.39603561387066544 0.0327875 0.04077788191190253
0 0.7382875 0.36726335520149955 0.030074999999999998 0.03749765698219306
0 0.611275 0.4096157450796626 0.0311 0.0314058106841612
0 0.5979125 0.4146860356138707 0.0294125 0.0273477038425492
0 0.6021375 0.5239831302717901 0.0297375 0.009587628865979381
0 0.5859125000000001 0.535651358950328 0.0196 0.01161199625117151
0 0.48985 0.5222024367385193 0.0148625 0.0187066541705717
0 0.85295 0.6310028116213683 0.084175 0.030384254920337396
0 0.7836124999999999 0.6462230552952202 0.01655 0.01211808809746954
0 0.69145 0.6122492970946579 0.044637500000000004 0.017207122774133082
0 0.6623625 0.6275820056232427 0.059524999999999995 0.01745079662605436
0 0.6743625 0.6845079662605436 0.0138625 0.010581068416119962
0 0.9025 0.7902717900656046 0.0168625 0.010609184629803186
0 0.6406999999999999 0.7821555763823804 0.01485 0.011105904404873477
0 0.4232 0.6684067478912841 0.013500000000000002 0.009325210871602624
0 0.380925 0.593730084348641 0.039875 0.02887535145267104
0 0.2994 0.6133833177132146 0.163 0.009840674789128397
0 0.20251249999999998 0.6118650421743206 0.018600000000000002 0.00781630740393627
0 0.20335 0.6076757263355201 0.017575 0.006044985941893158
0 0.24207499999999998 0.6020993439550141 0.08758749999999998 0.012136832239925023
0 0.192175 0.535651358950328 0.043274999999999994 0.022277413308341144
0 0.073125 0.7006279287722588 0.020950000000000003 0.008322399250234303
0 0.00545 0.7555295220243674 0.010887500000000001 0.00908153701968135
0 0.3247875 0.4592221180880975 0.0073875 0.010337394564198688
0 0.25379999999999997 0.40941893158388004 0.0160375 0.026626054358013122
0 0.4484 0.32793814432989693 0.032325 0.027366447985004684
0 0.430375 0.32997188378631676 0.0269 0.04402061855670103
0 0.31651250000000003 0.25194001874414246 0.016525 0.01978444236176195
0 0.23885 0.18453608247422681 0.041475 0.030890346766635428
0 0.12710000000000002 0.2249015932521087 0.0382625 0.023851921274601687
1 0.25025 0.376194939081537 0.12147500000000001 0.2534864104967198
1 0.3204125 0.41661668228678533 0.1248875 0.18547328959700093
1 0.33752499999999996 0.3779100281162137 0.1454125 0.21671040299906277
1 0.3997 0.4026241799437676 0.20929999999999999 0.2841049671977507
1 0.3509375 0.28703842549203373 0.140275 0.16071227741330832