0 0.315625 0.569821930646673 0.11125 0.06654170571696345
0 0.248125 0.8622305529522024 0.03875 0.031865042174320526
0 0.1275 0.2539831302717901 0.0475 0.04779756326148079
0 0.10875 0.5295220243673852 0.06125 0.05060918462980318
0 0.413125 0.20852858481724462 0.02125 0.01780693533270853
0 0.88875 0.40581068416119964 0.035 0.028116213683223992
0 0.195625 0.6790065604498594 0.0175 0.014058106841611996
0 0.63875 0.14432989690721648 0.0575 0.04217432052483599
0 0.518125 0.7328959700093721 0.0825 0.05154639175257732
0 0.85125 0.7272727272727273 0.05625 0.03936269915651359
0 0.38875 0.6574507966260543 0.0275 0.029053420805998126
0 0.885625 0.6330834114339269 0.03125 0.02999062792877226
0 0.5325 0.6644798500468604 0.0525 0.026241799437675725
0 0.328125 0.15182755388940955 0.06 0.03467666354264293
0 0.89875 0.46438612933458295 0.1425 0.08341143392689784
0 0.316875 0.8177132146204311 0.04125 0.033739456419868794
0 0.4675 0.15182755388940955 0.12625 0.061855670103092786
0 0.471875 0.23195876288659795 0.03875 0.029053420805998126
0 0.466875 0.8163074039362699 0.08625 0.05435801312089972
0 0.125 0.7553889409559512 0.01875 0.014058106841611996
0 0.855625 0.7577319587628866 0.06 0.030927835051546393
0 0.783125 0.6879100281162137 0.03125 0.028116213683223992
0 0.755625 0.6635426429240863 0.05875 0.028116213683223992
0 0.92 0.5534208059981256 0.06 0.05248359887535145
0 0.8 0.521087160262418 0.01625 0.023430178069353328
0 0.788125 0.5215557638238051 0.01375 0.022492970946579195
0 0.69375 0.7403936269915652 0.09 0.02999062792877226
0 0.67875 0.7319587628865979 0.0275 0.013120899718837863
0 0.591875 0.8448922211808809 0.06125 0.02999062792877226
0 0.533125 0.85941893158388 0.06125 0.030927835051546393
0 0.583125 0.7933458294283037 0.02875 0.019681349578256794
0 0.555625 0.7872539831302718 0.08375 0.053420805998125584
0 0.4675 0.7806935332708529 0.02375 0.015932521087160263
0 0.445 0.7778819119025304 0.02875 0.014058106841611996
0 0.433125 0.7764761012183693 0.04875 0.022492970946579195
0 0.574375 0.7385192127460168 0.07375 0.038425492033739454
0 0.479375 0.704311152764761 0.015 0.011246485473289597
0 0.633125 0.6879100281162137 0.04625 0.026241799437675725
0 0.661875 0.6602624179943768 0.0575 0.028116213683223992
0 0.700625 0.6635426429240863 0.0525 0.026241799437675725
0 0.631875 0.5735707591377694 0.045 0.026241799437675725
0 0.623125 0.5641986879100281 0.03875 0.02530459231490159
0 0.47875 0.5782567947516402 0.015 0.023430178069353328
0 0.461875 0.5674789128397376 0.0175 0.015932521087160263
0 0.47 0.4948453608247423 0.02625 0.013120899718837863
0 0.363125 0.7769447047797563 0.04875 0.06560449859418932
0 0.335625 0.7268041237113402 0.0175 0.013120899718837863
0 0.370625 0.6541705716963448 0.0275 0.03561387066541706
0 0.348125 0.6344892221180881 0.03 0.046860356138706656
0 0.273125 0.6494845360824743 0.015 0.011246485473289597
0 0.1575 0.8303655107778819 0.015 0.013120899718837863
0 0.140625 0.6344892221180881 0.01625 0.01218369259606373
0 0.26875 0.46016869728209936 0.01375 0.011246485473289597
0 0.363125 0.4208059981255858 0.0425 0.03280224929709466
0 0.32875 0.3622305529522024 0.03 0.1218369259606373
0 0.320625 0.2900656044985942 0.0125 0.01499531396438613
0 0.32625 0.2900656044985942 0.00875 0.014058106841611996
0 0.3375 0.3181818181818182 0.025 0.06654170571696345
0 0.420625 0.27413308341143394 0.035 0.03467666354264293
0 0.189375 0.20243673851921273 0.01375 0.016869728209934397
0 0.109375 0.1579194001874414 0.01375 0.00937207122774133
0 0.535625 0.3650421743205248 0.015 0.006560449859418931
0 0.594375 0.3069353327085286 0.03625 0.01499531396438613
0 0.7225 0.44329896907216493 0.04 0.02717900656044986
0 0.718125 0.43064667291471415 0.06125 0.02530459231490159
0 0.809375 0.33692596063730085 0.0275 0.014058106841611996
0 0.89125 0.27225866916588565 0.045 0.033739456419868794
0 0.825625 0.19306466729147143 0.035 0.030927835051546393
1 0.638125 0.30084348641049674 0.34875 0.11715089034676664
1 0.591875 0.35754451733833176 0.25875 0.11246485473289597
1 0.645 0.36597938144329895 0.3025 0.13120899718837864
1 0.61875 0.41518275538894095 0.39875 0.18556701030927836
1 0.766875 0.36644798500468606 0.2275 0.12089971883786317