1 0.64125 0.14553990610328638 0.14625 0.13990610328638498
0 0.629375 0.6727699530516432 0.08625 0.11173708920187793
0 0.215 0.2291079812206573 0.0975 0.09671361502347418
0 0.396875 0.671830985915493 0.0675 0.051643192488262914
0 0.1375 0.6333333333333333 0.07875 0.05727699530516432
0 0.426875 0.15492957746478872 0.1125 0.061971830985915494
0 0.794375 0.36666666666666664 0.085 0.056338028169014086
0 0.835 0.21784037558685446 0.04875 0.04131455399061033
0 0.838125 0.43661971830985913 0.06 0.04507042253521127
0 0.25125 0.4154929577464789 0.08125 0.05258215962441314
0 0.720625 0.7450704225352113 0.03875 0.030985915492957747
0 0.798125 0.5896713615023474 0.09625 0.0431924882629108
0 0.745625 0.5131455399061032 0.05375 0.04225352112676056
0 0.06625 0.7131455399061033 0.05625 0.04788732394366197
0 0.79125 0.4732394366197183 0.06375 0.04225352112676056
0 0.070625 0.5474178403755868 0.07125 0.046009389671361506
0 0.681875 0.3173708920187793 0.04375 0.038497652582159626
0 0.150625 0.5291079812206573 0.05375 0.03568075117370892
0 0.1375 0.42018779342723006 0.06625 0.04788732394366197
0 0.235625 0.7708920187793428 0.0525 0.036619718309859155
0 0.125 0.49483568075117373 0.05125 0.03286384976525822
0 0.746875 0.2563380281690141 0.05875 0.0431924882629108
0 0.524375 0.5863849765258216 0.0425 0.03380281690140845
0 0.03875 0.5201877934272301 0.06875 0.0431924882629108
0 0.361875 0.2615023474178404 0.0325 0.04507042253521127
1 0.175625 0.2107981220657277 0.1775 0.22816901408450704
0 0.62625 0.5309859154929577 0.105 0.0835680751173709
0 0.965 0.5197183098591549 0.055 0.03474178403755868
0 0.5525 0.25727699530516435 0.08 0.05352112676056338
0 0.6575 0.7976525821596244 0.02125 0.015023474178403756
0 0.514375 0.67981220657277 0.02125 0.020657276995305163
0 0.29 0.7765258215962442 0.0375 0.018779342723004695
0 0.17875 0.7737089201877935 0.03375 0.023474178403755867
0 0.18375 0.8173708920187793 0.055 0.0215962441314554
0 0.993125 0.3910798122065728 0.01375 0.030985915492957747
0 0.466875 0.43661971830985913 0.02 0.012206572769953052
0 0.795 0.16291079812206571 0.025 0.020657276995305163
0 0.235625 0.08262910798122065 0.025 0.018779342723004695
0 0.294375 0.07793427230046948 0.02625 0.018779342723004695
0 0.18 0.16338028169014085 0.02625 0.01784037558685446
0 0.154375 0.2244131455399061 0.01625 0.013145539906103286
0 0.12125 0.268075117370892 0.02625 0.044131455399061034
0 0.475625 0.6901408450704225 0.02125 0.01784037558685446
0 0.5275 0.4676056338028169 0.02125 0.007511737089201878
0 0.45 0.43615023474178405 0.01125 0.008450704225352112
0 0.470625 0.3643192488262911 0.015 0.010328638497652582
0 0.54375 0.3769953051643192 0.02 0.008450704225352112
0 0.509375 0.21971830985915494 0.01625 0.012206572769953052
0 0.159375 0.16572769953051644 0.0125 0.018779342723004695
0 0.275 0.564319248826291 0.0175 0.016901408450704224
0 0.28875 0.5469483568075117 0.01625 0.010328638497652582
0 0.3225 0.5413145539906103 0.02625 0.015023474178403756
0 0.304375 0.5291079812206573 0.01875 0.010328638497652582
0 0.328125 0.5328638497652582 0.0175 0.012206572769953052
1 0.3425 0.5568075117370892 0.16875 0.08732394366197183
0 0.230625 0.8173708920187793 0.0225 0.03568075117370892
1 0.46625 0.7169014084507043 0.16375 0.2704225352112676
0 0.688125 0.4737089201877934 0.01125 0.008450704225352112
1 0.7275 0.42863849765258216 0.25625 0.1812206572769953
0 0.96 0.4671361502347418 0.0275 0.009389671361502348
0 0.96375 0.47136150234741786 0.0525 0.03192488262910798
0 0.991875 0.447887323943662 0.01625 0.03755868544600939
0 0.986875 0.503755868544601 0.02625 0.027230046948356807
0 0.989375 0.5647887323943662 0.01 0.018779342723004695