0 0.6 0.4318720379146919 0.0875 0.037322274881516584
1 0.4175 0.3397511848341232 0.29375 0.14336492890995262
0 0.579375 0.398696682464455 0.06375 0.03376777251184834
1 0.61125 0.20734597156398105 0.15625 0.08649289099526067
1 0.55125 0.2556279620853081 0.16 0.08471563981042654
1 0.426875 0.5853080568720379 0.1625 0.0811611374407583
1 0.6725 0.6715047393364929 0.165 0.06516587677725119
1 0.6225 0.6783175355450237 0.32875 0.10545023696682465
1 0.54625 0.753850710900474 0.33875 0.11196682464454977
1 0.974375 0.6481042654028436 0.03125 0.02014218009478673
0 0.895625 0.3578199052132701 0.04375 0.017772511848341232
0 0.990625 0.27606635071090047 0.01875 0.016587677725118485
0 0.745625 0.26303317535545023 0.04 0.015995260663507108
0 0.628125 0.21178909952606634 0.02125 0.004146919431279621
0 0.6025 0.20853080568720378 0.015 0.0035545023696682463
0 0.150625 0.15550947867298578 0.04375 0.015402843601895734
0 0.021875 0.36640995260663506 0.0225 0.015995260663507108
0 0.388125 0.3222748815165877 0.06375 0.03672985781990521