0 0.61875 0.4392772511848341 0.0975 0.04265402843601896
1 0.465 0.3359004739336493 0.33 0.15995260663507108
0 0.608125 0.4049170616113744 0.0725 0.037322274881516584
1 0.695625 0.21741706161137442 0.17875 0.09537914691943128
1 0.6225 0.2615521327014218 0.18125 0.09360189573459715
1 0.4025 0.5796800947867299 0.1825 0.09063981042654029
1 0.620625 0.6812796208530806 0.18 0.07523696682464455
1 0.56875 0.6848341232227488 0.3525 0.125
1 0.47125 0.7544431279620853 0.365 0.13210900473933648
1 0.92625 0.678021327014218 0.03625 0.021919431279620854
0 0.93375 0.38536729857819907 0.04875 0.02014218009478673
0 0.813125 0.28169431279620855 0.04375 0.018364928909952605
0 0.711875 0.22304502369668247 0.0225 0.00533175355450237
0 0.6875 0.21830568720379148 0.01625 0.004739336492890996
0 0.255625 0.13566350710900474 0.0475 0.018364928909952605
0 0.065625 0.336196682464455 0.02625 0.017180094786729858
0 0.44125 0.3166469194312796 0.07375 0.04028436018957346