0 0.903125 0.7612517580872011 0.15875 0.11673699015471167
0 0.21875 0.6441631504922645 0.13875 0.0808720112517581
0 0.155 0.5868495077355836 0.13625 0.07665260196905767
0 0.281875 0.6673699015471167 0.155 0.10337552742616034
1 0.55 0.48980309423347396 0.24875 0.14556962025316456
0 0.763125 0.8990857946554149 0.15875 0.13361462728551335
0 0.74375 0.4462025316455696 0.11625 0.0808720112517581
1 0.15875 0.38045007032348804 0.3175 0.09985935302390998
0 0.773125 0.3881856540084388 0.1725 0.04781997187060478
0 0.6375 0.1420534458509142 0.065 0.04008438818565401
0 0.555625 0.2830520393811533 0.06625 0.04922644163150492
0 0.60125 0.810478199718706 0.05875 0.034458509142053444
0 0.4775 0.7310126582278481 0.05625 0.03375527426160337
0 0.01875 0.20956399437412096 0.0375 0.03375527426160337
1 0.855 0.5970464135021097 0.265 0.17158931082981715
0 0.808125 0.9082278481012658 0.06125 0.03938115330520394
1 0.7275 0.5981012658227848 0.18 0.20745428973277075
0 0.13 0.9922644163150492 0.05375 0.014064697609001406
0 0.119375 0.9838255977496484 0.0325 0.011251758087201125
0 0.69625 0.39381153305203936 0.0325 0.0189873417721519
0 0.671875 0.5253164556962026 0.03125 0.0189873417721519
0 0.399375 0.5850914205344585 0.04125 0.020393811533052038
0 0.41625 0.6023206751054853 0.04 0.017580872011251757
0 0.4475 0.39556962025316456 0.0275 0.013361462728551337
0 0.43125 0.39029535864978904 0.01875 0.015471167369901548
0 0.025625 0.569971870604782 0.0325 0.015471167369901548
0 0.78375 0.2109704641350211 0.02875 0.01617440225035162
0 0.683125 0.15928270042194093 0.02875 0.01617440225035162
0 0.510625 0.25562587904360057 0.0275 0.01617440225035162
0 0.381875 0.32032348804500704 0.03125 0.017580872011251757
0 0.0325 0.729957805907173 0.01375 0.029535864978902954
0 0.785 0.2819971870604782 0.01875 0.009142053445850914