0 0.13 0.22362869198312235 0.145 0.1111111111111111
0 0.79875 0.3670886075949367 0.13 0.0759493670886076
0 0.855 0.4268635724331927 0.1275 0.07172995780590717
0 0.738125 0.34146976090014064 0.14375 0.09784810126582277
1 0.44884999999999997 0.5080942334739803 0.23223749999999999 0.13718002812939523
0 0.286875 0.09142053445850915 0.14375 0.1279887482419128
0 0.25 0.5439521800281294 0.1075 0.07665260196905767
1 0.835625 0.6329113924050633 0.32875 0.08720112517580872
0 0.21375 0.6009142053445851 0.1675 0.04149085794655415
0 0.31875 0.8516174402250352 0.06 0.0379746835443038
0 0.4175 0.7141350210970464 0.06 0.047116736990154715
0 0.4375 0.18635724331926865 0.055 0.03234880450070324
0 0.55125 0.27039381153305203 0.0525 0.03164556962025317
0 0.9625 0.8094233473980309 0.0725 0.030942334739803096
1 0.1580375 0.3892756680731364 0.2450375 0.16241209563994374
0 0.243125 0.08052039381153306 0.05625 0.03727144866385373
1 0.2848875 0.3931997187060478 0.1552875 0.20182841068917018
0 0.93 0.023558368495077357 0.0525 0.011954992967651195
0 0.939375 0.03234880450070324 0.03125 0.009845288326300985
0 0.29125 0.5981012658227848 0.03 0.017580872011251757
0 0.3320375 0.4680028129395218 0.0290875 0.017580872011251757
0 0.6108625 0.41918424753867795 0.03875 0.0189873417721519
0 0.5964875 0.4011954992967651 0.0375 0.01617440225035162
0 0.539375 0.6061884669479606 0.02625 0.012658227848101266
0 0.555 0.6121659634317862 0.0175 0.014767932489451477
0 0.981875 0.44866385372714485 0.03125 0.014064697609001406
0 0.994375 0.6017510548523207 0.01125 0.00940225035161744
0 0.18125 0.7770745428973277 0.0275 0.015471167369901548
0 0.275 0.8326300984528833 0.0275 0.015471167369901548
0 0.459375 0.7433192686357243 0.02625 0.015471167369901548
0 0.595625 0.6838959212376934 0.02875 0.01617440225035162
0 0.9951625 0.2891350210970464 0.0096875 0.029444444444444443
0 0.18875 0.7065400843881857 0.0172875 0.00840365682137834