0 0.194375 0.6886848341232228 0.055 0.022511848341232227
0 0.04 0.465936018957346 0.03375 0.015995260663507108
1 0.82125 0.5011848341232228 0.30625 0.14988151658767773
0 0.48625 0.5690165876777251 0.03 0.016587677725118485
1 0.9475 0.6901658767772512 0.0575 0.04561611374407583
0 0.33625 0.5162914691943128 0.07375 0.032582938388625596
1 0.278125 0.5497630331753555 0.05625 0.020734597156398103
0 0.00875 0.57760663507109 0.0175 0.018957345971563982
1 0.640625 0.610781990521327 0.0625 0.034360189573459717
1 0.824375 0.625 0.07 0.037914691943127965
1 0.508125 0.6777251184834123 0.04125 0.031990521327014215
0 0.07375 0.37351895734597157 0.07875 0.03495260663507109
0 0.394375 0.48548578199052134 0.0525 0.02665876777251185
1 0.79125 0.36700236966824645 0.10875 0.052132701421800945
1 0.670625 0.4724526066350711 0.05625 0.027251184834123223
1 0.554375 0.3963270142180095 0.04875 0.02665876777251185
1 0.49375 0.41084123222748814 0.03625 0.026066350710900472
1 0.61625 0.30005924170616116 0.05375 0.03850710900473934
0 0.48125 0.345675355450237 0.01125 0.004739336492890996
0 0.45375 0.3575236966824645 0.01125 0.005924170616113744
0 0.235 0.30983412322274884 0.03125 0.018364928909952605
0 0.320625 0.4534952606635071 0.01125 0.0071090047393364926
0 0.065625 0.2639218009478673 0.03125 0.0071090047393364926
0 0.059375 0.27014218009478674 0.02625 0.007701421800947867
1 0.976875 0.42683649289099523 0.04625 0.027843601895734597
1 0.85875 0.3803317535545024 0.06 0.027843601895734597
1 0.559375 0.669431279620853 0.3 0.12677725118483413
1 0.27375 0.7233412322274881 0.24625 0.021919431279620854