0 0.291875 0.7165284360189573 0.05875 0.02428909952606635
0 0.035625 0.5159952606635071 0.03625 0.017180094786729858
1 0.81375 0.466824644549763 0.32875 0.16054502369668247
0 0.519375 0.5687203791469194 0.0325 0.017772511848341232
0 0.348125 0.533175355450237 0.07875 0.03495260663507109
1 0.3075 0.571978672985782 0.05875 0.022511848341232227
0 0.0525 0.6285545023696683 0.03375 0.02014218009478673
1 0.69 0.5927132701421801 0.0675 0.03672985781990521
0 0.09375 0.7440758293838863 0.04375 0.024881516587677725
1 0.875 0.5873815165876777 0.07625 0.04028436018957346
1 0.5925 0.67239336492891 0.04625 0.03317535545023697
0 0.033125 0.42239336492890994 0.06625 0.037914691943127965
0 0.39 0.49703791469194314 0.05625 0.02843601895734597
1 0.72125 0.33945497630331756 0.11625 0.05627962085308057
1 0.653125 0.4549763033175355 0.06 0.029028436018957347
1 0.50375 0.3933649289099526 0.0525 0.02843601895734597
1 0.45125 0.413803317535545 0.04 0.027251184834123223
1 0.518125 0.29295023696682465 0.06 0.039691943127962086
0 0.40875 0.3515995260663507 0.0125 0.004739336492890996
0 0.3875 0.36611374407582936 0.01125 0.005924170616113744
0 0.15125 0.34300947867298576 0.03375 0.018957345971563982
0 0.303125 0.47363744075829384 0.0125 0.0071090047393364926
1 0.936875 0.3773696682464455 0.06375 0.02962085308056872
1 0.7925 0.3450829383886256 0.06375 0.02962085308056872
1 0.63875 0.6587677725118484 0.31875 0.13744075829383887
1 0.385 0.7417061611374408 0.24625 0.03139810426540284