0 0.08125 0.3687796208530806 0.04375 0.024881516587677725
0 0.539375 0.2802132701421801 0.03125 0.01481042654028436
1 0.52 0.6519549763033176 0.2975 0.13566350710900474
0 0.35375 0.4982227488151659 0.03375 0.013033175355450236
1 0.13125 0.7345971563981043 0.0925 0.04383886255924171
0 0.454375 0.42351303317535544 0.06375 0.03330568720379147
1 0.37975000000000003 0.3988151658767773 0.0394875 0.025669431279620854
0 0.4911875 0.20704976303317535 0.09112500000000001 0.024881516587677725
0 0.3883625 0.2418127962085308 0.027312500000000003 0.007588862559241707
0 0.2454375 0.25 0.0458375 0.039976303317535544
0 0.3016 0.27029620853080566 0.038475 0.012879146919431279
1 0.2770375 0.5743601895734597 0.0686625 0.027517772511848344
0 0.055 0.26925355450236965 0.0475 0.022511848341232227
1 0.2592875 0.6619609004739337 0.07635 0.031090047393364927
1 0.12625 0.5162914691943128 0.065 0.017180094786729858
0 0.73625 0.2896919431279621 0.06875 0.03495260663507109
0 0.5230125 0.44904028436018956 0.0526375 0.023080568720379148
1 0.8 0.6285545023696683 0.10375 0.04798578199052133
1 0.57 0.5788921800947867 0.0537 0.02498222748815166
1 0.72175 0.5182819905213271 0.054162499999999995 0.02103080568720379
1 0.6874625000000001 0.4909537914691943 0.052312500000000005 0.015118483412322274
1 0.9286375 0.5408945497630332 0.0779125 0.02321090047393365
0 0.8234625 0.4803021327014218 0.0082875 0.005242890995260663
0 0.796825 0.4684478672985782 0.011537500000000001 0.004810426540284359
0 0.8820749999999999 0.3614869668246446 0.03655 0.013566350710900473
0 0.5855250000000001 0.4120971563981043 0.014312499999999999 0.004988151658767773
0 0.6100875 0.23543838862559244 0.007837499999999999 0.006113744075829384
0 0.7785124999999999 0.24389218009478672 0.010125 0.0054502369668246444
0 0.8976000000000001 0.21260071090047394 0.042562499999999996 0.014454976303317534
0 0.9666374999999999 0.2780272511848341 0.0129 0.014419431279620852
0 0.9531999999999999 0.27582938388625594 0.014762500000000001 0.01178909952606635
0 0.556575 0.18230450236966825 0.024975 0.008323459715639811
0 0.3749375 0.2061255924170616 0.037025 0.013364928909952606
1 0.6877 0.7288803317535545 0.05462500000000001 0.03727488151658768
1 0.7766625 0.6612440758293839 0.0555375 0.02674170616113744
1 0.1474375 0.5398815165876778 0.249 0.13430094786729857
1 0.014650000000000002 0.4084715639810427 0.029300000000000003 0.11639218009478673