0 0.753125 0.8575445173383318 0.09 0.07122774133083412
0 0.14375 0.25257731958762886 0.12875 0.09372071227741331
0 0.26 0.8083411433926898 0.09625 0.08341143392689784
0 0.04625 0.7211808809746955 0.0925 0.07591377694470477
0 0.47875 0.23851921274601687 0.03 0.02436738519212746
1 0.55 0.5487347703842549 0.18 0.1358950328022493
0 0.79375 0.8008434864104967 0.04875 0.03655107778819119
0 0.048125 0.4948453608247423 0.0375 0.02717900656044986
0 0.585625 0.3701968134957826 0.0575 0.041237113402061855
0 0.7325 0.21743205248359887 0.04125 0.03280224929709466
0 0.868125 0.34629803186504216 0.035 0.029053420805998126
0 0.028125 0.41940018744142454 0.0375 0.02999062792877226
0 0.541875 0.19681349578256796 0.05125 0.03748828491096532
0 0.351875 0.42361761949390814 0.02375 0.016869728209934397
1 0.420625 0.6635426429240863 0.18375 0.13683223992502344
0 0.678125 0.633552014995314 0.035 0.03467666354264293
0 0.15875 0.5107778819119025 0.035 0.022492970946579195
0 0.715 0.408622305529522 0.035 0.028116213683223992
0 0.8625 0.2614807872539831 0.04125 0.030927835051546393
0 0.768125 0.5004686035613871 0.04125 0.053420805998125584
1 0.65625 0.15932521087160262 0.1125 0.05248359887535145
0 0.011875 0.5970009372071228 0.02375 0.016869728209934397
0 0.66875 0.2717900656044986 0.10875 0.023430178069353328
0 0.595625 0.23149015932521086 0.14125 0.029053420805998126
0 0.373125 0.5028116213683224 0.025 0.029053420805998126
0 0.293125 0.627460168697282 0.0325 0.022492970946579195
0 0.863125 0.17572633552014996 0.0425 0.03561387066541706
0 0.709375 0.46016869728209936 0.0175 0.016869728209934397
0 0.824375 0.5759137769447048 0.03375 0.02436738519212746
0 0.623125 0.760543580131209 0.0225 0.014058106841611996
0 0.60375 0.7624179943767573 0.0175 0.016869728209934397
0 0.310625 0.8406747891283973 0.08625 0.044048734770384255
0 0.419375 0.6110590440487348 0.0175 0.01499531396438613
0 0.46 0.5135895032802249 0.02625 0.02530459231490159
0 0.5625 0.4700093720712277 0.02875 0.029053420805998126
0 0.620625 0.556232427366448 0.0075 0.008434864104967198
0 0.38875 0.4044048734770384 0.02 0.014058106841611996
0 0.2575 0.4372071227741331 0.01625 0.011246485473289597
0 0.316875 0.5567010309278351 0.0125 0.016869728209934397
0 0.024375 0.8106841611996252 0.0175 0.011246485473289597
0 0.171875 0.33552014995313967 0.01625 0.01218369259606373
0 0.6425 0.13964386129334583 0.0175 0.008434864104967198
1 0.398125 0.1148078725398313 0.0275 0.011246485473289597