0 0.7425 0.612464854732896 0.12 0.06935332708528585
0 0.2225 0.7511715089034676 0.10875 0.10965323336457357
1 0.9575 0.39878163074039363 0.085 0.10590440487347703
0 0.32125 0.7853795688847235 0.0675 0.05248359887535145
1 0.72875 0.5182755388940956 0.17625 0.13495782567947517
1 0.310625 0.5342080599812559 0.1975 0.14995313964386128
0 0.57375 0.5707591377694471 0.12625 0.06654170571696345
1 0.1525 0.190253045923149 0.26375 0.18088097469540768
1 0.816875 0.4592314901593252 0.15125 0.11246485473289597
0 0.271875 0.4329896907216495 0.14125 0.09372071227741331
0 0.924375 0.6569821930646673 0.09375 0.06747891283973759
1 0.11375 0.5079662605435802 0.2125 0.09090909090909091
1 0.2075 0.5567010309278351 0.18 0.10684161199625117
0 0.88875 0.5759137769447048 0.05625 0.05529522024367385
0 0.070625 0.43486410496719774 0.0975 0.06747891283973759
1 0.7375 0.3931583880037488 0.15125 0.13214620431115276
0 0.0375 0.8275538894095595 0.05375 0.04873477038425492
0 0.950625 0.6302717900656045 0.08125 0.05810684161199625
1 0.434375 0.5721649484536082 0.15 0.08341143392689784
0 0.989375 0.4329896907216495 0.02125 0.06373008434864105
0 0.416875 0.6508903467666354 0.07875 0.03561387066541706
0 0.76 0.7141518275538894 0.05 0.033739456419868794
0 0.3725 0.6227741330834115 0.07 0.03561387066541706
0 0.978125 0.29756326148078727 0.04375 0.029053420805998126
0 0.64125 0.45032802249297094 0.0475 0.04873477038425492
0 0.85375 0.31958762886597936 0.04375 0.028116213683223992
0 0.355625 0.8509840674789129 0.09125 0.03936269915651359
0 0.46875 0.48219306466729145 0.0725 0.03936269915651359
0 0.67125 0.42830365510777885 0.045 0.05060918462980318
1 0.5775 0.49625117150890347 0.14375 0.09934395501405811
1 0.67125 0.46344892221180883 0.1525 0.1302717900656045
1 0.443125 0.37300843486410495 0.12375 0.1218369259606373
0 0.581875 0.16869728209934395 0.01625 0.015932521087160263
0 0.71375 0.7830365510777882 0.02125 0.016869728209934397
0 0.03 0.6579194001874414 0.02625 0.01874414245548266
0 0.20375 0.4817244611059044 0.025 0.019681349578256794
1 0.45875 0.4985941893158388 0.12125 0.08622305529522024
1 0.5325 0.3430178069353327 0.11875 0.1190253045923149
0 0.1775 0.8500468603561387 0.04625 0.019681349578256794