0 0.77 0.5684161199625117 0.12625 0.07591377694470477
0 0.305 0.7919400187441424 0.12 0.11527647610121837
1 0.9225 0.3233364573570759 0.11125 0.1105904404873477
0 0.41125 0.8078725398313027 0.0725 0.056232427366447985
1 0.72875 0.47891283973758203 0.18875 0.14432989690721648
1 0.325625 0.5651358950328023 0.2125 0.16026241799437677
0 0.593125 0.556232427366448 0.1325 0.07310215557638237
1 0.104375 0.2563261480787254 0.20875 0.1958762886597938
1 0.796875 0.40674789128397376 0.16125 0.11996251171508904
0 0.2575 0.4732895970009372 0.15 0.1021555763823805
0 0.955 0.5815370196813496 0.09 0.07216494845360824
1 0.12625 0.5726335520149953 0.21875 0.10402999062792877
1 0.2325 0.6044985941893158 0.19 0.11715089034676664
0 0.901875 0.5084348641049672 0.06125 0.05810684161199625
0 0.061875 0.5089034676663543 0.105 0.07310215557638237
1 0.699375 0.3556701030927835 0.165 0.14058106841611998
0 0.148125 0.8973758200562324 0.05875 0.05154639175257732
0 0.9675 0.5506091846298032 0.065 0.06279287722586692
1 0.4575 0.5815370196813496 0.1575 0.09184629803186505
0 0.961875 0.35098406747891286 0.0375 0.06466729147141519
0 0.464375 0.6607310215557638 0.0825 0.04029990627928772
0 0.9125 0.13214620431115276 0.03625 0.030927835051546393
0 0.8175 0.6649484536082474 0.05375 0.03655107778819119
0 0.4125 0.6415182755388941 0.07375 0.03936269915651359
0 0.9075 0.22164948453608246 0.05 0.031865042174320526
0 0.6225 0.42736644798500467 0.0525 0.05154639175257732
0 0.790625 0.2642924086223055 0.04625 0.030927835051546393
0 0.465 0.865979381443299 0.095 0.04498594189315839
0 0.464375 0.48828491096532334 0.075 0.04311152764761012
0 0.645625 0.40112464854732893 0.05 0.05248359887535145
1 0.574375 0.4831302717900656 0.1525 0.1077788191190253
1 0.65625 0.4353327085285848 0.165 0.13776944704779756
1 0.40625 0.3856607310215558 0.13625 0.12839737582005623
0 0.48 0.1635426429240862 0.0175 0.016869728209934397
0 0.793125 0.7399250234301781 0.0225 0.01780693533270853
0 0.089375 0.7333645735707591 0.02875 0.020618556701030927
0 0.205625 0.5323336457357076 0.0275 0.02155576382380506
1 0.459375 0.5056232427366448 0.12875 0.09278350515463918
1 0.484375 0.3416119962511715 0.13125 0.1246485473289597
0 0.290625 0.8955014058106842 0.04875 0.022492970946579195