0 0.515625 0.817244611059044 0.08125 0.04311152764761012
0 0.75625 0.5328022492970946 0.125 0.1021555763823805
1 0.6689375 0.5498875351452671 0.36981250000000004 0.18608247422680413
0 0.37375 0.42033739456419866 0.115 0.04779756326148079
0 0.955625 0.8078725398313027 0.08625 0.05060918462980318
0 0.496125 0.5250140581068417 0.08 0.07872539831302718
0 0.42625 0.5225866916588566 0.06 0.061855670103092786
0 0.14150000000000001 0.4986504217432052 0.078 0.09380506091846298
0 0.67125 0.23477038425492033 0.0575 0.03655107778819119
0 0.098375 0.5305529522024368 0.06924999999999999 0.04555763823805061
0 0.34023749999999997 0.5351358950328022 0.0525 0.04217432052483599
0 0.395625 0.7193064667291471 0.07875 0.030927835051546393
0 0.160625 0.27647610121836924 0.07875 0.04873477038425492
0 0.884375 0.5060918462980318 0.04625 0.020618556701030927
0 0.236875 0.8683223992502344 0.04375 0.02155576382380506
0 0.273125 0.6208997188378632 0.05125 0.03655107778819119
0 0.235625 0.5955951265229615 0.05125 0.03655107778819119
0 0.335 0.7989690721649485 0.0625 0.029053420805998126
0 0.634375 0.2952202436738519 0.04125 0.028116213683223992
0 0.225 0.22211808809746955 0.0775 0.04873477038425492
0 0.418125 0.34910965323336457 0.03625 0.029053420805998126
0 0.180625 0.8041237113402062 0.05875 0.03561387066541706
0 0.10625 0.46259606373008433 0.0410125 0.05529522024367385
1 0.9284375 0.602642924086223 0.1431375 0.16585754451733833
0 0.0175 0.6541705716963448 0.035 0.031865042174320526
0 0.9323250000000001 0.4812371134020619 0.09914999999999999 0.029540768509840675
0 0.9726250000000001 0.4483223992502343 0.05474999999999999 0.025042174320524836
0 0.083375 0.49298031865042174 0.04 0.06824742268041237
0 0.2725 0.32005623242736647 0.0225 0.01780693533270853
0 0.57875 0.2338331771321462 0.035 0.02155576382380506
0 0.44375 0.2708434864104967 0.0325 0.015004686035613873
0 0.378125 0.23758200562324275 0.02375 0.008434864104967198
0 0.91875 0.25585754451733833 0.0225 0.00937207122774133
0 0.236875 0.3723055295220244 0.02125 0.02107778819119025
0 0.285625 0.39456419868791004 0.02125 0.013120899718837863
0 0.015 0.34114339268978444 0.0225 0.01499531396438613
0 0.26625 0.5046860356138707 0.025 0.01218369259606373
0 0.148125 0.6115276476101218 0.01625 0.010309278350515464
0 0.534375 0.41518275538894095 0.03375 0.02436738519212746
0 0.43 0.634020618556701 0.035 0.023430178069353328
0 0.430625 0.45829428303655106 0.03125 0.028116213683223992
0 0.3875 0.5037488284910965 0.0175 0.008434864104967198
0 0.185625 0.6949390815370197 0.01375 0.010309278350515464
0 0.255 0.7249297094657919 0.0175 0.010309278350515464
0 0.60375 0.8683223992502344 0.0225 0.01780693533270853
0 0.691875 0.8908153701968134 0.03125 0.023430178069353328
0 0.853125 0.7750702905342081 0.02375 0.020618556701030927
0 0.9253874999999999 0.6669259606373008 0.011512500000000002 0.008978444236176195
0 0.97625 0.7310215557638238 0.0125 0.00937207122774133
0 0.7445 0.29574507966260544 0.008212500000000001 0.011330834114339269
0 0.88755 0.33750702905342084 0.0038875 0.012689784442361761
0 0.8953749999999999 0.34065604498594193 0.0069 0.007141518275538894
0 0.6625875000000001 0.5255670103092783 0.01155 0.007029053420805998
0 0.094025 0.5001124648547329 0.00745 0.011405810684161199
0 0.07872499999999999 0.543298969072165 0.0149 0.009418931583880038
0 0.7569374999999999 0.7879850046860356 0.014525 0.008875351452671041
0 0.9940000000000001 0.8390065604498594 0.012012499999999999 0.01808809746954077