0 0.08 0.5393626991565136 0.06375 0.06466729147141519
0 0.47875 0.6944704779756327 0.14625 0.1021555763823805
1 0.44875 0.6302717900656045 0.28 0.2924086223055295
0 0.595 0.39878163074039363 0.07375 0.08997188378631678
0 0.130625 0.8669165885660731 0.075 0.06841611996251172
0 0.466875 0.49953139643861294 0.11125 0.06654170571696345
0 0.46375 0.44704779756326146 0.0875 0.05060918462980318
0 0.470625 0.23195876288659795 0.13125 0.06560449859418932
0 0.8675 0.604967197750703 0.05375 0.04592314901593252
0 0.424375 0.20243673851921273 0.0675 0.05529522024367385
0 0.439375 0.3837863167760075 0.06 0.04311152764761012
0 0.199375 0.44095595126522963 0.0475 0.061855670103092786
0 0.7675 0.2268041237113402 0.07125 0.06279287722586692
0 0.525625 0.7877225866916588 0.03125 0.03655107778819119
0 0.319375 0.34114339268978444 0.0525 0.041237113402061855
0 0.35 0.3106841611996251 0.0525 0.041237113402061855
0 0.088125 0.4029990627928772 0.04375 0.04967197750702906
0 0.78375 0.5824742268041238 0.04125 0.03280224929709466
0 0.845 0.2703842549203374 0.07125 0.061855670103092786
0 0.693125 0.42549203373945643 0.04125 0.02999062792877226
0 0.068125 0.2881911902530459 0.0525 0.046860356138706656
0 0.515625 0.20243673851921273 0.0775 0.03561387066541706
1 0.40125 0.8284910965323337 0.2325 0.1218369259606373
0 0.253125 0.15323336457357076 0.045 0.029053420805998126
0 0.5625 0.8214620431115276 0.04875 0.07591377694470477
0 0.609375 0.8486410496719775 0.03875 0.04311152764761012
0 0.473125 0.18791002811621368 0.095 0.03561387066541706
0 0.719375 0.31443298969072164 0.025 0.01874414245548266
0 0.860625 0.5356138706654171 0.03125 0.028116213683223992
0 0.799375 0.4381443298969072 0.0225 0.02530459231490159
0 0.838125 0.38612933458294285 0.01375 0.01874414245548266
0 0.860625 0.7914714151827554 0.015 0.01780693533270853
0 0.64625 0.2924086223055295 0.02875 0.01780693533270853
0 0.62125 0.33083411433926896 0.01875 0.016869728209934397
0 0.66875 0.12371134020618557 0.0225 0.01780693533270853
0 0.473125 0.32567947516401125 0.01875 0.019681349578256794
0 0.32125 0.24695407685098406 0.015 0.013120899718837863
0 0.615625 0.5182755388940956 0.035 0.02717900656044986
0 0.315625 0.4592314901593252 0.03375 0.028116213683223992
0 0.549375 0.44470477975632616 0.04 0.026241799437675725
0 0.485 0.41611996251171507 0.0125 0.014058106841611996
0 0.21375 0.28209934395501407 0.015 0.011246485473289597
0 0.18 0.3364573570759138 0.015 0.014058106841611996
0 0.020625 0.6091846298031866 0.0225 0.01780693533270853
0 0.165 0.7877225866916588 0.03 0.019681349578256794
0 0.315625 0.8322399250234301 0.01375 0.00937207122774133
0 0.234375 0.8758200562324273 0.01375 0.010309278350515464
0 0.7925 0.6649484536082474 0.01625 0.007497656982193065
0 0.75 0.7750702905342081 0.0175 0.0037488284910965324
0 0.74625 0.781630740393627 0.01 0.006560449859418931
0 0.48 0.6237113402061856 0.01125 0.00937207122774133
0 0.464375 0.19634489222118087 0.015 0.006560449859418931
0 0.40625 0.1893158388003749 0.01375 0.01218369259606373
0 0.139375 0.7169634489222118 0.0125 0.01218369259606373
0 0.093125 0.8983130271790065 0.025 0.011246485473289597