0 0.514375 0.6537019681349578 0.06875 0.07310215557638237
0 0.56375 0.563261480787254 0.055 0.06279287722586692
0 0.626875 0.46860356138706655 0.05125 0.05998125585754452
0 0.69125 0.3711340206185567 0.04625 0.04217432052483599
0 0.385625 0.5524835988753515 0.075 0.09934395501405811
0 0.21375 0.2689784442361762 0.055 0.03467666354264293
0 0.89375 0.3280224929709466 0.0325 0.046860356138706656
0 0.808125 0.33270852858481725 0.0525 0.03561387066541706
0 0.88125 0.47891283973758203 0.045 0.04592314901593252
0 0.754375 0.676194939081537 0.0225 0.015932521087160263
0 0.85625 0.704311152764761 0.05875 0.02999062792877226
0 0.34375 0.09653233364573571 0.09625 0.04592314901593252
0 0.89875 0.24971883786316776 0.04 0.023336457357075912
0 0.758125 0.32755388940955954 0.035 0.03280224929709466
0 0.817525 0.4732895970009372 0.02 0.014058106841611996
0 0.991875 0.2047797563261481 0.01625 0.05154639175257732
0 0.860625 0.5473289597000938 0.03375 0.05060918462980318
0 0.80375 0.30084348641049674 0.0275 0.02717900656044986
0 0.0088375 0.08213683223992502 0.017687500000000002 0.01767572633552015
0 0.0635 0.35805998125585753 0.023125 0.021134020618556702
0 0.1664875 0.43127460168697285 0.0152375 0.011377694470477977
0 0.122975 0.49807872539831305 0.0170875 0.010993439550140581
0 0.4257125 0.3755763823805061 0.018925 0.020759137769447048
0 0.07485 0.6006747891283973 0.0124875 0.009343955014058108
0 0.20515 0.6669540768509841 0.0305125 0.03289597000937207
0 0.3400875 0.6426522961574508 0.0781875 0.1002249297094658
0 0.38915 0.7014807872539831 0.013375 0.011012183692596064
0 0.49816249999999995 0.8080506091846299 0.0166125 0.014536082474226804
0 0.3819875 0.8620149953139644 0.01385 0.012080599812558575
0 0.4907625 0.9064292408622305 0.0156875 0.015520149953139642
0 0.7449125 0.5930271790065604 0.038912499999999996 0.03985004686035614
0 0.7756875 0.5916401124648547 0.0420875 0.04262417994376757
0 0.9793999999999999 0.6610496719775071 0.0412 0.04817244611059044
0 0.960625 0.8205248359887535 0.056412500000000004 0.02976569821930647
0 0.8128624999999999 0.10882849109653234 0.0189 0.012127460168697281
0 0.6464624999999999 0.10007497656982194 0.017575 0.011368322399250235
0 0.6164000000000001 0.3035426429240862 0.015887500000000002 0.009268978444236176