0 0.614375 0.11387066541705718 0.065 0.061855670103092786
0 0.3325 0.4095595126522962 0.08 0.05716963448922212
0 0.099375 0.2104029990627929 0.06125 0.04967197750702906
0 0.333125 0.4639175257731959 0.07 0.05716963448922212
0 0.5775 0.6457357075913777 0.06625 0.04873477038425492
0 0.664375 0.810215557638238 0.05 0.04592314901593252
0 0.3375 0.26991565135895035 0.0375 0.03655107778819119
0 0.17875 0.10871602624179943 0.04875 0.04217432052483599
0 0.7675 0.2633552014995314 0.03875 0.044048734770384255
0 0.025 0.5543580131208997 0.05 0.07966260543580131
0 0.6325 0.6597938144329897 0.0625 0.04217432052483599
0 0.6525 0.36644798500468606 0.05875 0.029053420805998126
0 0.590625 0.5398313027179007 0.04375 0.044048734770384255
0 0.66 0.33973758200562326 0.065 0.038425492033739454
0 0.50375 0.6462043111527648 0.0525 0.03655107778819119
0 0.64 0.14901593252108716 0.03875 0.03936269915651359
0 0.38125 0.4587628865979381 0.04 0.03561387066541706
0 0.003125 0.5895032802249297 0.00625 0.05248359887535145
0 0.3025 0.1429240862230553 0.03 0.022492970946579195
0 0.05375 0.16073102155576383 0.0225 0.038425492033739454
0 0.07875 0.23477038425492033 0.03375 0.02155576382380506
0 0.04625 0.24882849109653232 0.03 0.020618556701030927
0 0.045625 0.22727272727272727 0.02625 0.04217432052483599
0 0.18875 0.18322399250234303 0.02375 0.015932521087160263
0 0.66875 0.15229615745079664 0.01625 0.01874414245548266
0 0.30125 0.492970946579194 0.03 0.01780693533270853
0 0.173125 0.5731021555763823 0.01375 0.011246485473289597
0 0.628125 0.38191190253045926 0.0325 0.023430178069353328
0 0.635 0.39268978444236174 0.02 0.01499531396438613
0 0.574375 0.47282099343955014 0.02125 0.015932521087160263
0 0.913125 0.6855670103092784 0.0225 0.04217432052483599
0 0.029375 0.7769447047797563 0.0275 0.014058106841611996
0 0.76375 0.7057169634489222 0.015 0.01499531396438613
0 0.6625 0.9601686972820993 0.02 0.013120899718837863
0 0.9375 0.9119025304592315 0.01375 0.01218369259606373
0 0.18375 0.19165885660731022 0.02875 0.013120899718837863
0 0.170625 0.19540768509840675 0.06375 0.02155576382380506
0 0.17 0.21087160262417995 0.0575 0.02155576382380506
0 0.470625 0.6429240862230553 0.01875 0.01218369259606373
0 0.550625 0.7736644798500468 0.01875 0.016869728209934397
0 0.540625 0.8673851921274601 0.0125 0.014058106841611996