0 0.25375 0.8003748828491096 0.09875 0.08059981255857544
0 0.07625 0.7033739456419869 0.0475 0.04217432052483599
0 0.06625 0.5534208059981256 0.0575 0.041237113402061855
0 0.225 0.5749765698219307 0.05375 0.04592314901593252
0 0.74375 0.44704779756326146 0.065 0.08809746954076851
0 0.039375 0.1949390815370197 0.07875 0.05435801312089972
0 0.03125 0.634020618556701 0.03125 0.03748828491096532
0 0.96875 0.4597000937207123 0.0625 0.08153701968134958
0 0.46625 0.5567010309278351 0.0425 0.038425492033739454
0 0.665625 0.7319587628865979 0.07 0.046860356138706656
0 0.26625 0.5417057169634489 0.05625 0.04311152764761012
0 0.364375 0.5290534208059982 0.04125 0.03748828491096532
0 0.498125 0.450796626054358 0.0425 0.038425492033739454
0 0.203125 0.7052483598875351 0.17 0.16026241799437677
0 0.899375 0.5346766635426429 0.03625 0.031865042174320526
0 0.32875 0.7277413308341143 0.04625 0.041237113402061855
0 0.449375 0.782099343955014 0.0375 0.03280224929709466
0 0.604375 0.5445173383317713 0.03625 0.044048734770384255
0 0.435625 0.8355201499531396 0.0575 0.02999062792877226
0 0.3375 0.43252108716026244 0.1525 0.06654170571696345
0 0.44875 0.2933458294283037 0.04375 0.033739456419868794
0 0.015 0.27928772258669166 0.03 0.031865042174320526
0 0.9925 0.5965323336457357 0.015 0.03467666354264293
0 0.665625 0.6466729147141518 0.04375 0.038425492033739454
0 0.884375 0.8275538894095595 0.08375 0.03655107778819119
0 0.806875 0.5079662605435802 0.035 0.026241799437675725
0 0.578125 0.8083411433926898 0.03125 0.038425492033739454
0 0.65375 0.5768509840674789 0.03625 0.03936269915651359
0 0.90375 0.27647610121836924 0.02625 0.011246485473289597
0 0.81875 0.37628865979381443 0.01875 0.014058106841611996
0 0.665 0.37207122774133083 0.025 0.03655107778819119
0 0.64 0.37628865979381443 0.03875 0.030927835051546393
0 0.64125 0.3139643861293346 0.03125 0.01780693533270853
0 0.553125 0.1401124648547329 0.04875 0.04873477038425492
0 0.519375 0.12839737582005623 0.03 0.01874414245548266
0 0.396875 0.3406747891283974 0.08125 0.10402999062792877
0 0.319375 0.21649484536082475 0.03625 0.022492970946579195
0 0.301875 0.2211808809746954 0.02625 0.014058106841611996