0 0.8175 0.6326148078725399 0.08 0.06747891283973759
0 0.728125 0.5824742268041238 0.115 0.06279287722586692
0 0.41125 0.373477038425492 0.105 0.08903467666354264
0 0.5175 0.5473289597000938 0.10125 0.08528584817244611
0 0.050625 0.37300843486410495 0.055 0.05248359887535145
0 0.746875 0.8266166822867854 0.11125 0.05716963448922212
0 0.35125 0.6658856607310215 0.065 0.04498594189315839
0 0.074375 0.15604498594189317 0.0525 0.044048734770384255
0 0.915 0.3177132146204311 0.065 0.04311152764761012
0 0.955625 0.28772258669165884 0.06375 0.04029990627928772
0 0.11375 0.21508903467666354 0.05125 0.030927835051546393
0 0.536875 0.7305529522024368 0.04 0.02717900656044986
0 0.524375 0.7057169634489222 0.0375 0.028116213683223992
0 0.92375 0.49812558575445176 0.0425 0.033739456419868794
0 0.533125 0.6771321462043112 0.04375 0.033739456419868794
0 0.5575 0.7104029990627929 0.03875 0.031865042174320526
0 0.5275 0.6401124648547329 0.035 0.03936269915651359
0 0.21 0.598406747891284 0.04 0.029053420805998126
0 0.89875 0.7357075913776945 0.035 0.026241799437675725
0 0.7925 0.7436738519212746 0.03125 0.01780693533270853
0 0.663125 0.8149015932521088 0.0275 0.020618556701030927
0 0.9575 0.7736644798500468 0.0375 0.01218369259606373
0 0.61375 0.7567947516401125 0.035 0.02530459231490159
0 0.4925 0.788191190253046 0.0325 0.02155576382380506
0 0.781875 0.42361761949390814 0.0325 0.02436738519212746
0 0.778125 0.40112464854732893 0.03 0.019681349578256794
0 0.7675 0.6447985004686035 0.01625 0.01499531396438613
0 0.970625 0.6804123711340206 0.02875 0.014058106841611996
0 0.949375 0.4948453608247423 0.015 0.00937207122774133
0 0.89375 0.49625117150890347 0.0225 0.01499531396438613
0 0.38 0.43064667291471415 0.02375 0.01874414245548266
0 0.43 0.47375820056232426 0.01875 0.01499531396438613
0 0.66125 0.5328022492970946 0.015 0.013120899718837863
0 0.330625 0.6410496719775071 0.0175 0.014058106841611996
0 0.264375 0.5735707591377694 0.02625 0.019681349578256794
0 0.24875 0.5937207122774133 0.03375 0.023430178069353328
0 0.00625 0.5112464854732895 0.0125 0.01780693533270853
0 0.291875 0.5164011246485474 0.01875 0.01499531396438613
0 0.2275 0.33411433926897843 0.01375 0.014058106841611996
0 0.213125 0.47703842549203374 0.0125 0.00937207122774133
0 0.79625 0.22305529522024367 0.02875 0.01780693533270853
0 0.474375 0.2661668228678538 0.01375 0.008434864104967198
0 0.318125 0.29053420805998126 0.0275 0.020618556701030927
0 0.2325 0.16213683223992503 0.02 0.019681349578256794
0 0.22125 0.14667291471415184 0.01375 0.010309278350515464
0 0.058125 0.44892221180880976 0.04125 0.02717900656044986
0 0.026875 0.4676663542642924 0.04375 0.028116213683223992
0 0.82 0.6115276476101218 0.04 0.02155576382380506
0 0.684375 0.542642924086223 0.04 0.030927835051546393
0 0.9975 0.41940018744142454 0.005 0.010309278350515464
0 0.53375 0.4184629803186504 0.0225 0.013120899718837863