0 0.66 0.2549203373945642 0.08625 0.056232427366447985
0 0.598125 0.3252108716026242 0.07875 0.08341143392689784
0 0.33625 0.5726335520149953 0.11375 0.07497656982193064
0 0.5625 0.4845360824742268 0.10875 0.07122774133083412
0 0.354375 0.8430178069353327 0.0675 0.038425492033739454
0 0.9225 0.2980318650421743 0.07 0.08059981255857544
0 0.72875 0.6026241799437676 0.0575 0.046860356138706656
0 0.06375 0.8369259606373008 0.05625 0.03748828491096532
0 0.235625 0.1991565135895033 0.055 0.046860356138706656
0 0.193125 0.1696344892221181 0.05125 0.04592314901593252
0 0.14125 0.8041237113402062 0.03875 0.03748828491096532
0 0.805625 0.4606373008434864 0.035 0.028116213683223992
0 0.7725 0.4709465791940019 0.035 0.026241799437675725
0 0.475625 0.18275538894095594 0.04375 0.030927835051546393
0 0.73375 0.4662605435801312 0.04375 0.031865042174320526
0 0.776875 0.44611059044048734 0.04125 0.028116213683223992
0 0.685 0.471883786316776 0.05 0.02436738519212746
0 0.64625 0.711808809746954 0.0375 0.029053420805998126
0 0.793125 0.1888472352389878 0.0325 0.02436738519212746
0 0.809375 0.2685098406747891 0.02125 0.022492970946579195
0 0.910625 0.3612933458294283 0.02625 0.019681349578256794
0 0.840625 0.1429240862230553 0.015 0.02717900656044986
0 0.83625 0.40112464854732893 0.03125 0.02436738519212746
0 0.88375 0.4906279287722587 0.02625 0.023430178069353328
0 0.38375 0.2928772258669166 0.03 0.022492970946579195
0 0.35375 0.2970946579194002 0.02375 0.02155576382380506
0 0.67875 0.2924086223055295 0.01875 0.011246485473289597
0 0.71625 0.13823805060918462 0.01625 0.020618556701030927
0 0.47 0.1640112464854733 0.01125 0.010309278350515464
0 0.474375 0.20524835988753515 0.01875 0.015932521087160263
0 0.41375 0.5937207122774133 0.02375 0.016869728209934397
0 0.46875 0.5538894095595126 0.01875 0.013120899718837863
0 0.535625 0.3776944704779756 0.01625 0.010309278350515464
0 0.696875 0.619493908153702 0.0175 0.01218369259606373
0 0.610625 0.6724461105904405 0.025 0.01874414245548266
0 0.638125 0.683223992502343 0.02875 0.023430178069353328
0 0.540625 0.8697282099343955 0.0225 0.011246485473289597
0 0.5325 0.6551077788191191 0.01875 0.013120899718837863
0 0.293125 0.7127460168697282 0.0175 0.00937207122774133
0 0.484375 0.7160262417994376 0.01125 0.008434864104967198
0 0.115625 0.2924086223055295 0.0225 0.020618556701030927
0 0.19 0.5313964386129335 0.01 0.00937207122774133
0 0.23 0.6471415182755389 0.02625 0.019681349578256794
0 0.064375 0.717900656044986 0.025 0.014058106841611996
0 0.04375 0.7272727272727273 0.0125 0.00937207122774133
0 0.455625 0.8336457357075914 0.035 0.029053420805998126
0 0.481875 0.8561387066541706 0.03625 0.030927835051546393
0 0.631875 0.2549203373945642 0.0275 0.029053420805998126
0 0.546875 0.35941893158388005 0.04 0.029053420805998126
0 0.366875 0.1274601686972821 0.0125 0.00937207122774133
0 0.39 0.47891283973758203 0.01625 0.015932521087160263
0 0.6475 0.8734770384254921 0.02125 0.006560449859418931