0 0.910625 0.47703842549203374 0.0575 0.061855670103092786
0 0.9375 0.6485473289597001 0.0725 0.03467666354264293
0 0.19125 0.39456419868791004 0.04375 0.038425492033739454
0 0.44125 0.5899718837863168 0.07125 0.038425492033739454
0 0.298125 0.5674789128397376 0.08 0.056232427366447985
0 0.135 0.4831302717900656 0.06 0.04029990627928772
0 0.958125 0.33270852858481725 0.07125 0.023430178069353328
0 0.2175 0.6354264292408622 0.07625 0.08622305529522024
0 0.86375 0.4442361761949391 0.02625 0.031865042174320526
0 0.1175 0.45829428303655106 0.04875 0.029053420805998126
0 0.0925 0.2797563261480787 0.04625 0.028116213683223992
0 0.751875 0.3641049671977507 0.03875 0.022492970946579195
0 0.26625 0.5337394564198688 0.0325 0.023430178069353328
0 0.7975 0.33177132146204313 0.025 0.01499531396438613
0 0.688125 0.415651358950328 0.05125 0.019681349578256794
0 0.669375 0.7947516401124649 0.0175 0.010309278350515464
0 0.563125 0.5187441424554826 0.02625 0.01499531396438613
0 0.906875 0.6982193064667291 0.06125 0.020618556701030927
0 0.330625 0.6949390815370197 0.01625 0.011246485473289597
0 0.43875 0.43064667291471415 0.02125 0.014058106841611996
0 0.41 0.41799437675726336 0.01875 0.01499531396438613
0 0.0125 0.35754451733833176 0.02375 0.01780693533270853
0 0.681875 0.5679475164011246 0.02625 0.01780693533270853
0 0.0653 0.7192033739456419 0.0155375 0.009418931583880038
0 0.06332499999999999 0.6143392689784443 0.018187500000000002 0.01190253045923149
0 0.0661375 0.603552014995314 0.01455 0.008678537956888471
0 0.18385 0.5586785379568885 0.01455 0.0071883786316776005
0 0.1984 0.55 0.0185125 0.012146204311152766
0 0.2274875 0.47004686035613874 0.007275 0.007441424554826617
0 0.2463375 0.4494751640112465 0.0185125 0.018837863167760076
0 0.0155375 0.4241799437675727 0.02315 0.031237113402061853
0 0.36075 0.43434864104967197 0.017849999999999998 0.008922211808809746
0 0.348675 0.3863730084348641 0.0129 0.024048734770384255
0 0.338925 0.388116213683224 0.0079375 0.01512652296157451
0 0.22997499999999998 0.3417525773195876 0.025462500000000002 0.014133083411433926
0 0.42076250000000004 0.34051546391752574 0.018187500000000002 0.014629803186504217
0 0.3994375 0.2703561387066542 0.0357125 0.011649484536082473
0 0.5083875 0.34708528584817244 0.0869625 0.03867853795688848
0 0.637675 0.2762980318650422 0.043975 0.031480787253983136
0 0.7608374999999999 0.2850984067478913 0.071425 0.014873477038425491
0 0.6619750000000001 0.3964198687910028 0.011237500000000001 0.009418931583880038
0 0.7856375 0.43298031865042175 0.0284375 0.014629803186504217
0 0.9184 0.4094283036551078 0.0135625 0.01611059044048735
0 0.9079875 0.3480693533270853 0.0284375 0.01190253045923149
0 0.9866875 0.5519868791002812 0.020499999999999997 0.012642924086223056
0 0.9936750000000001 0.5646298031865042 0.0126625 0.008181818181818182
0 0.8618625 0.5684723523898781 0.055224999999999996 0.03569821930646673
0 0.8243250000000001 0.5746672914714152 0.0343875 0.016363636363636365
0 0.841025 0.5962417994376757 0.07175 0.03520149953139644
0 0.7853125 0.721808809746954 0.013887499999999999 0.011152764761012185
0 0.8535875 0.7446110590440488 0.0155375 0.012146204311152766
0 0.543275 0.5269447047797563 0.022487499999999997 0.012146204311152766
0 0.37727499999999997 0.554095595126523 0.046950000000000006 0.007441424554826617
1 0.587675 0.6604873477038425 0.190475 0.060665417057169636
1 0.48121250000000004 0.5844423617619494 0.184275 0.060084348641049674
1 0.41113750000000004 0.4944611059044049 0.1517625 0.11871602624179944
1 0.6972375 0.5326335520149954 0.1804 0.11146204311152766
1 0.620775 0.4346672914714152 0.1908625 0.08620431115276476
1 0.5297999999999999 0.4120243673851921 0.14285 0.12452671040299906