0 0.68875 0.8149015932521088 0.0925 0.07403936269915651
0 0.10375 0.9512652296157451 0.0925 0.07778819119025304
0 0.3325 0.8776944704779757 0.09875 0.07029053420805999
0 0.805 0.2380506091846298 0.1425 0.08434864104967198
0 0.873125 0.2830365510777882 0.115 0.10590440487347703
0 0.76125 0.781630740393627 0.05 0.04217432052483599
0 0.74375 0.7338331771321462 0.0475 0.03280224929709466
0 0.9125 0.5674789128397376 0.07 0.03936269915651359
1 0.67 0.3931583880037488 0.19375 0.14807872539831302
1 0.344375 0.23008434864104968 0.2325 0.12933458294283037
0 0.824375 0.42924086223055297 0.05125 0.03280224929709466
0 0.505 0.8552014995313965 0.05 0.04498594189315839
0 0.59625 0.5309278350515464 0.065 0.06747891283973759
0 0.84625 0.4948453608247423 0.05 0.03280224929709466
0 0.95 0.46157450796626054 0.1 0.05716963448922212
0 0.89 0.3697282099343955 0.05375 0.03467666354264293
0 0.894375 0.6846298031865042 0.04875 0.038425492033739454
0 0.365625 0.21836925960637302 0.0825 0.07029053420805999
0 0.970625 0.5979381443298969 0.04875 0.03561387066541706
0 0.473125 0.22211808809746955 0.0425 0.03748828491096532
0 0.945 0.3650421743205248 0.06625 0.04311152764761012
0 0.455 0.422680412371134 0.07125 0.07310215557638237
0 0.595625 0.30599812558575445 0.06125 0.03748828491096532
0 0.501875 0.604967197750703 0.0475 0.05154639175257732
0 0.9925 0.6705716963448922 0.015 0.06841611996251172
0 0.946875 0.19400187441424555 0.04875 0.08903467666354264
0 0.526875 0.5735707591377694 0.03375 0.044048734770384255
0 0.4825 0.37722586691658855 0.04 0.03748828491096532
0 0.96375 0.3373945641986879 0.04125 0.029053420805998126
0 0.97375 0.38706654170571697 0.03625 0.053420805998125584
0 0.30125 0.6152764761012184 0.025 0.02530459231490159
0 0.91875 0.4268978444236176 0.03875 0.022492970946579195
0 0.126875 0.4339268978444236 0.02125 0.01499531396438613
0 0.62125 0.2685098406747891 0.03 0.022492970946579195
0 0.226875 0.47282099343955014 0.035 0.023430178069353328
0 0.606875 0.08622305529522024 0.015 0.010309278350515464
0 0.548125 0.46251171508903466 0.02 0.019681349578256794
0 0.538125 0.3650421743205248 0.01625 0.011246485473289597
0 0.78625 0.34114339268978444 0.0275 0.02530459231490159
0 0.52875 0.46672914714151825 0.01625 0.015932521087160263
0 0.06875 0.6907216494845361 0.1 0.041237113402061855
0 0.649375 0.2727272727272727 0.03125 0.013120899718837863
0 0.65 0.26569821930646675 0.025 0.01218369259606373
0 0.62875 0.28865979381443296 0.055 0.026241799437675725
0 0.591875 0.27319587628865977 0.0175 0.010309278350515464
0 0.415 0.1260543580131209 0.13875 0.07029053420805999
0 0.48875 0.06560449859418932 0.02125 0.010309278350515464
0 0.6125 0.1260543580131209 0.01125 0.01218369259606373
0 0.29875 0.4175257731958763 0.1475 0.12839737582005623
1 0.3 0.41799437675726336 0.17875 0.1415182755388941
1 0.1975 0.5440487347703843 0.395 0.2970946579194002
1 0.225 0.5510777881911902 0.19625 0.17994376757263356
0 0.216875 0.5374882849109653 0.17125 0.1358950328022493
1 0.61875 0.4536082474226804 0.425 0.33552014995313967