0 0.44 0.1148078725398313 0.0775 0.06466729147141519
0 0.14 0.31865042174320524 0.065 0.06747891283973759
0 0.733125 0.8345829428303655 0.08125 0.05060918462980318
0 0.2275 0.5576382380506092 0.06 0.03936269915651359
0 0.37060000000000004 0.4983505154639175 0.0463125 0.03985941893158388
0 0.21375 0.5932521087160263 0.05125 0.03561387066541706
0 0.904375 0.3280224929709466 0.02125 0.016869728209934397
0 0.03625 0.42830365510777885 0.0725 0.06841611996251172
0 0.12125 0.5763823805060918 0.0475 0.03561387066541706
0 0.1456125 0.1839925023430178 0.038725 0.03689784442361762
0 0.083825 0.3466635426429241 0.05515 0.06580131208997188
0 0.18875 0.1944704779756326 0.05875 0.06373008434864105
0 0.596875 0.7694470477975632 0.1775 0.08903467666354264
0 0.8525 0.7460168697282099 0.02 0.014058106841611996
0 0.9419875000000001 0.22000937207122775 0.0271625 0.011865042174320524
0 0.125625 0.6841611996251171 0.01875 0.014058106841611996
0 0.896875 0.7736644798500468 0.0175 0.013120899718837863
0 0.07625 0.5688847235238987 0.04125 0.03467666354264293
0 0.699375 0.4062792877225867 0.04375 0.028116213683223992
0 0.0975 0.6026241799437676 0.02875 0.01499531396438613
0 0.115625 0.07591377694470477 0.035 0.022492970946579195
0 0.1025 0.5548266166822868 0.025 0.046860356138706656
0 0.2253125 0.1276194939081537 0.037137500000000004 0.018631677600749765
0 0.0153875 0.019119025304592314 0.029674999999999997 0.01977507029053421
0 0.3039125 0.004273664479850047 0.0550125 0.008537956888472352
0 0.1610625 0.16910965323336458 0.0310375 0.01478912839737582
0 0.09817500000000001 0.32191190253045926 0.0382875 0.045182755388940954
0 0.271225 0.3855107778819119 0.013462499999999999 0.007544517338331772
0 0.1325625 0.44382380506091845 0.0168625 0.011733833177132147
0 0.0181375 0.4858575445173383 0.021400000000000002 0.015510777881911903
0 0.5186999999999999 0.5509840674789128 0.0089625 0.006288659793814433
0 0.606625 0.5397938144329897 0.0190875 0.010946579194001875
0 0.7092125 0.6321180880974696 0.01795 0.014695407685098406
0 0.24868749999999998 0.8516869728209935 0.0213625 0.01766635426429241
0 0.201325 0.8715370196813496 0.1002875 0.05567947516401124
0 0.0818375 0.7840768509840675 0.0191375 0.013477038425492034
0 0.0025875 0.7705623242736646 0.005175 0.013486410496719775
0 0.0856375 0.13638238050609186 0.01965 0.010356138706654172
0 0.7337375 0.06669165885660731 0.015875 0.009728209934395502
0 0.9881749999999999 0.14537956888472353 0.01875 0.010581068416119962
0 0.9933 0.16791940018744142 0.0134 0.01359887535145267
0 0.978625 0.5617150890346767 0.022225 0.009493908153701968
1 0.5273625 0.6769259606373008 0.26725 0.20764761012183694
1 0.6111 0.5323149015932521 0.1185375 0.0968228678537957
1 0.45368749999999997 0.5344985941893158 0.2325 0.16802249297094657
1 0.9830249999999999 0.554676663542643 0.0339625 0.03669165885660731