0 0.401875 0.3191190253045923 0.1075 0.09746954076850985
0 0.303125 0.31443298969072164 0.12375 0.1190253045923149
0 0.6186 0.17068416119962512 0.1140375 0.0808153701968135
0 0.130625 0.3922211808809747 0.1375 0.09559512652296158
0 0.42875 0.42127460168697284 0.045 0.03936269915651359
0 0.69375 0.23149015932521086 0.0375 0.02717900656044986
0 0.508125 0.5585754451733833 0.03625 0.020618556701030927
0 0.511875 0.4208059981255858 0.0375 0.019681349578256794
0 0.38625 0.471883786316776 0.02875 0.016869728209934397
0 0.608125 0.4564198687910028 0.04125 0.019681349578256794
0 0.70375 0.514526710402999 0.12375 0.09653233364573571
0 0.393125 0.6030927835051546 0.02875 0.023430178069353328
0 0.61375 0.6836925960637301 0.02875 0.023430178069353328
0 0.7075 0.39878163074039363 0.055 0.022492970946579195
0 0.47625 0.35520149953139646 0.02375 0.020618556701030927
0 0.32625 0.7029053420805998 0.02375 0.01874414245548266
0 0.719375 0.33786316776007497 0.035 0.02155576382380506
0 0.435625 0.8055295220243673 0.0225 0.015932521087160263
0 0.80625 0.18181818181818182 0.07375 0.1077788191190253
0 0.678125 0.8490159325210871 0.02 0.015192127460168698
0 0.7656000000000001 0.07872539831302718 0.0304625 0.013120899718837863
0 0.658125 0.5370196813495782 0.03375 0.030927835051546393
0 0.89 0.6063730084348641 0.02 0.026241799437675725
0 0.6976749999999999 0.486447985004686 0.013187500000000001 0.011911902530459232
0 0.36991250000000003 0.5255670103092783 0.08295 0.02521087160262418
0 0.307975 0.5464198687910028 0.019225000000000003 0.01550140581068416
0 0.352175 0.5964573570759137 0.0186125 0.014573570759137771
0 0.29774999999999996 0.7767197750702906 0.025837500000000003 0.016635426429240863
0 0.141075 0.7202436738519212 0.09077500000000001 0.021368322399250236
0 0.019424999999999998 0.5925304592314902 0.038849999999999996 0.05684161199625117
0 0.122125 0.5971883786316776 0.16872499999999999 0.0391377694470478
0 0.293125 0.5662792877225867 0.174375 0.04088097469540768
0 0.20407499999999998 0.47815370196813495 0.0772125 0.0907029053420806
0 0.2606125 0.5434864104967198 0.04045 0.045463917525773195
0 0.213975 0.38720712277413305 0.0368 0.010543580131208997
0 0.1096125 0.2967572633552015 0.0466 0.09388003748828491
0 0.0528125 0.2420149953139644 0.105625 0.014761012183692596
0 0.10372500000000001 0.19238050609184632 0.0263375 0.09000937207122775
0 0.1079625 0.1425866916588566 0.015037499999999999 0.008078725398313027
0 0.16403749999999997 0.1408153701968135 0.0952125 0.01655107778819119
0 0.5652125 0.19026241799437674 0.0466 0.02712277413308341
0 0.5934875000000001 0.20508903467666356 0.041975 0.02358950328022493
0 0.9423 0.5437956888472353 0.012199999999999999 0.007872539831302719
0 0.9484125 0.5606654170571697 0.0166 0.01134020618556701
0 0.9656375 0.7356607310215558 0.015175000000000001 0.010374882849109654
0 0.6762250000000001 0.836232427366448 0.016925 0.010965323336457356
1 0.631375 0.6317994376757263 0.09545 0.11156513589503281
1 0.782075 0.622099343955014 0.2086875 0.13895970009372072
1 0.906875 0.5589597000937206 0.18625 0.09228678537956889
1 0.9262625 0.5009372071227741 0.1474625 0.10119962511715089
1 0.9806625 0.37925960637300843 0.0386875 0.06443298969072164
0 0.3857125 0.09564198687910028 0.0305375 0.007863167760074978
0 0.5525125 0.08349578256794751 0.029437500000000002 0.00922211808809747
0 0.656925 0.07135895032802249 0.059262499999999996 0.02204311152764761
0 0.7084125 0.07735707591377695 0.0232375 0.011677600749765699
0 0.8626625 0.07981255857544517 0.0174125 0.008940955951265228