0 0.385 0.3247422680412371 0.11625 0.10309278350515463
0 0.28625 0.3252108716026242 0.135 0.12558575445173384
0 0.5875 0.16494845360824742 0.12125 0.08622305529522024
0 0.12125 0.4119025304592315 0.14625 0.1021555763823805
0 0.421875 0.4250234301780694 0.04875 0.041237113402061855
0 0.668125 0.22211808809746955 0.04 0.029053420805998126
0 0.51375 0.5581068416119962 0.0375 0.022492970946579195
0 0.504375 0.42033739456419866 0.03875 0.02155576382380506
0 0.38375 0.47797563261480785 0.03 0.01874414245548266
0 0.60375 0.450796626054358 0.0425 0.02155576382380506
0 0.704375 0.5037488284910965 0.1325 0.10309278350515463
0 0.403125 0.6082474226804123 0.03125 0.02530459231490159
0 0.630625 0.6771321462043112 0.03125 0.02530459231490159
0 0.6975 0.3880037488284911 0.0575 0.02530459231490159
0 0.463125 0.35660731021555764 0.025 0.02155576382380506
0 0.345625 0.711340206185567 0.025 0.019681349578256794
0 0.70375 0.32661668228678536 0.0375 0.023430178069353328
0 0.464375 0.8083411433926898 0.02375 0.016869728209934397
0 0.775625 0.16635426429240863 0.08375 0.11152764761012184
0 0.71 0.8388003748828491 0.02125 0.015932521087160263
0 0.725625 0.06607310215557638 0.03125 0.01499531396438613
0 0.66125 0.528584817244611 0.03625 0.03280224929709466
0 0.89875 0.5857544517338332 0.0225 0.02717900656044986
0 0.695625 0.4761012183692596 0.015 0.013120899718837863
0 0.3725 0.5323336457357076 0.085 0.02999062792877226
0 0.313125 0.556232427366448 0.02 0.016869728209934397
0 0.36125 0.6040299906279287 0.02 0.015932521087160263
0 0.32375 0.7867853795688847 0.0275 0.01780693533270853
0 0.1625 0.7385192127460168 0.0925 0.026241799437675725
0 0.029375 0.6171508903467666 0.04375 0.059044048734770385
0 0.131875 0.6166822867853796 0.1725 0.04779756326148079
0 0.3 0.5768509840674789 0.17875 0.05060918462980318
0 0.203125 0.49343955014058105 0.08625 0.09465791940018745
0 0.265 0.555763823805061 0.04375 0.04779756326148079
0 0.20375 0.40253045923149017 0.0375 0.01218369259606373
0 0.09125 0.3177132146204311 0.055 0.09559512652296158
0 0.04125 0.26522961574507964 0.0825 0.020618556701030927
0 0.07625 0.21415182755388942 0.035 0.09090909090909091
0 0.075625 0.1640112464854733 0.01625 0.00937207122774133
0 0.13125 0.15885660731021556 0.09625 0.02155576382380506
0 0.53625 0.18744142455482662 0.04875 0.02999062792877226
0 0.56625 0.20103092783505155 0.045 0.02530459231490159
0 0.945625 0.5201499531396439 0.01375 0.008434864104967198
0 0.9525 0.5370196813495782 0.0175 0.01218369259606373
0 0.98625 0.7108716026241799 0.01625 0.011246485473289597
0 0.706875 0.8266166822867854 0.01875 0.01218369259606373
1 0.643125 0.6246485473289597 0.105 0.1162136832239925
1 0.7925 0.6073102155576382 0.22125 0.14901593252108716
1 0.906875 0.5370196813495782 0.18625 0.10121836925960637
1 0.923125 0.47797563261480785 0.15375 0.10871602624179943
1 0.968125 0.3542642924086223 0.045 0.06654170571696345
0 0.348125 0.10262417994376757 0.03 0.00937207122774133
0 0.51375 0.08153701968134958 0.03125 0.011246485473289597
0 0.616875 0.06419868791002811 0.06125 0.02530459231490159
0 0.668125 0.06747891283973759 0.025 0.01218369259606373
0 0.8225 0.061855670103092786 0.01875 0.010309278350515464