0 0.75 0.7694470477975632 0.06625 0.05248359887535145
0 0.43375 0.27413308341143394 0.06 0.04592314901593252
0 0.364375 0.4906279287722587 0.06375 0.04592314901593252
0 0.72 0.4006560449859419 0.06125 0.044048734770384255
0 0.393125 0.30318650421743204 0.03875 0.030927835051546393
1 0.5001 0.6442080599812559 0.18146249999999997 0.13748828491096532
0 0.80875 0.6743205248359887 0.045 0.03280224929709466
0 0.971875 0.5346766635426429 0.05 0.08059981255857544
0 0.859425 0.4432708528584817 0.037599999999999995 0.05336457357075913
0 0.79625 0.28865979381443296 0.045 0.023430178069353328
0 0.305625 0.28772258669165884 0.0325 0.02155576382380506
0 0.634375 0.21087160262417995 0.025 0.020618556701030927
0 0.255 0.6991565135895033 0.0325 0.023430178069353328
0 0.39890000000000003 0.8544048734770384 0.0197 0.014348641049671977
0 0.28375 0.8336457357075914 0.035 0.02530459231490159
0 0.31875 0.7769447047797563 0.03375 0.02436738519212746
0 0.9775 0.7689784442361762 0.02125 0.014058106841611996
0 0.20125 0.5895032802249297 0.09 0.09653233364573571
0 0.520625 0.20056232427366447 0.03125 0.023430178069353328
0 0.8447875 0.8520805998125586 0.0225 0.013120899718837863
0 0.277725 0.4222774133083411 0.02475 0.01218369259606373
0 0.71125 0.19353327085285849 0.02 0.013120899718837863
0 0.01375 0.5055670103092784 0.0275 0.020731021555763826
0 0.8612375 0.5786691658856608 0.033549999999999996 0.017985004686035616
0 0.96375 0.7155576382380506 0.01875 0.011246485473289597
0 0.95625 0.6635426429240863 0.0175 0.013120899718837863
0 0.0304625 0.6710590440487347 0.018775 0.03940018744142455
0 0.39831249999999996 0.21631677600749766 0.0301 0.02004686035613871
0 0.9138 0.33144329896907215 0.033075 0.019175257731958762
0 0.29335 0.4564198687910028 0.0233125 0.011246485473289597
1 0.667825 0.5146110590440488 0.17735 0.12423617619493908
1 0.5031875 0.515398313027179 0.1784 0.1218556701030928
0 0.9929625 0.4399906279287723 0.0140875 0.01521087160262418
0 0.8934125 0.45120899718837865 0.0392 0.032483598875351447
0 0.9021750000000001 0.46989690721649485 0.03405 0.03738519212746017
0 0.9951875 0.5776757263355201 0.009612500000000001 0.011602624179943769
0 0.88395 0.588116213683224 0.0271625 0.017019681349578257
0 0.3456 0.674489222118088 0.0172 0.017019681349578257
0 0.26015 0.5718744142455483 0.023725 0.01134020618556701
0 0.1286125 0.5244329896907217 0.0282 0.01598875351452671
0 0.162825 0.7339175257731959 0.029224999999999998 0.01881911902530459
0 0.1258625 0.8223523898781632 0.030950000000000002 0.02036551077788191
0 0.44756250000000003 0.4505623242736645 0.0196 0.016757263355201498
0 0.16403749999999997 0.42993439550140583 0.0316375 0.0368697282099344
0 0.0032375 0.6019306466729147 0.0064624999999999995 0.017347703842549207
0 0.616025 0.8560637300843486 0.0172875 0.012596063730084348
0 0.1479375 0.4048453608247423 0.025975 0.05275538894095595
0 0.037525 0.23468603561387066 0.0339125 0.019746954076850984
0 0.106625 0.18449859418931586 0.052312500000000005 0.040037488284910966