0 0.128125 0.6729147141518276 0.07375 0.05248359887535145
0 0.804375 0.4620431115276476 0.06375 0.046860356138706656
0 0.519375 0.39878163074039363 0.065 0.04967197750702906
0 0.620625 0.6701030927835051 0.0625 0.04779756326148079
0 0.7675 0.4301780693533271 0.04375 0.030927835051546393
1 0.3075 0.49250234301780693 0.1925 0.14245548266166824
0 0.251875 0.7221180880974696 0.04625 0.03561387066541706
0 0.429375 0.8514526710402999 0.11 0.041237113402061855
0 0.556875 0.7722586691658857 0.0725 0.030927835051546393
0 0.76625 0.7328959700093721 0.03375 0.03467666354264293
0 0.793125 0.3655107778819119 0.03 0.02530459231490159
0 0.878125 0.6157450796626054 0.02875 0.019681349578256794
0 0.2475 0.30599812558575445 0.0325 0.02530459231490159
0 0.03375 0.40581068416119964 0.02 0.015932521087160263
0 0.066875 0.32052483598875353 0.035 0.02717900656044986
0 0.140625 0.34957825679475163 0.03375 0.026241799437675725
0 0.116875 0.8434864104967198 0.02 0.016869728209934397
0 0.39625 0.2717900656044986 0.13375 0.07216494845360824
0 0.8975 0.5309278350515464 0.0325 0.02436738519212746
0 0.013125 0.7399250234301781 0.01875 0.01780693533270853
0 0.615 0.3373945641986879 0.0175 0.019681349578256794
0 0.896875 0.6743205248359887 0.01875 0.015932521087160263
0 0.518125 0.13542642924086223 0.02875 0.02155576382380506
0 0.37625 0.7661668228678538 0.025 0.026241799437675725
0 0.18875 0.8359887535145267 0.01625 0.01499531396438613
0 0.258125 0.8331771321462043 0.01875 0.014058106841611996
0 0.296875 0.13964386129334583 0.05375 0.015932521087160263
0 0.883125 0.4386129334582943 0.0275 0.023430178069353328
0 0.703125 0.8186504217432052 0.02625 0.02530459231490159
0 0.56875 0.34723523898781633 0.01625 0.01874414245548266
1 0.471875 0.6251171508903468 0.175 0.13964386129334583
1 0.479375 0.5014058106841612 0.17125 0.14058106841611998
0 0.554375 0.872539831302718 0.02125 0.011246485473289597
0 0.544375 0.7970946579194002 0.04625 0.030927835051546393
0 0.51875 0.8022492970946579 0.05125 0.02717900656044986
0 0.370625 0.866447985004686 0.015 0.008434864104967198
0 0.3625 0.7825679475164011 0.02375 0.02155576382380506
0 0.275625 0.3753514526710403 0.02375 0.014058106841611996
0 0.416875 0.316776007497657 0.01625 0.01874414245548266
0 0.486875 0.22071227741330834 0.0225 0.022492970946579195
0 0.20625 0.23570759137769448 0.02625 0.022492970946579195
0 0.09 0.20290534208059982 0.02875 0.02436738519212746
0 0.56875 0.46344892221180883 0.02375 0.015932521087160263
0 0.61125 0.2521087160262418 0.05 0.02530459231490159
0 0.39 0.12277413308341144 0.02375 0.005623242736644799
0 0.019375 0.5684161199625117 0.0175 0.014058106841611996
0 0.645 0.24133083411433928 0.07125 0.022492970946579195
0 0.8775 0.16776007497656983 0.0275 0.026241799437675725
0 0.940625 0.22211808809746955 0.05625 0.041237113402061855