0 0.88 0.33692596063730085 0.075 0.05435801312089972
0 0.194375 0.5299906279287723 0.06625 0.04873477038425492
0 0.475625 0.6002811621368322 0.06625 0.05154639175257732
0 0.386875 0.3270852858481724 0.06375 0.04967197750702906
0 0.229375 0.5627928772258669 0.045 0.031865042174320526
1 0.691875 0.5126522961574508 0.19875 0.1471415182755389
0 0.75875 0.28444236176194937 0.0475 0.03655107778819119
0 0.5875 0.15042174320524837 0.11125 0.044048734770384255
0 0.45625 0.2268041237113402 0.07375 0.03280224929709466
0 0.245 0.2600749765698219 0.035 0.03561387066541706
0 0.20125 0.6265229615745079 0.03125 0.026241799437675725
0 0.1275 0.3744142455482662 0.03 0.020618556701030927
0 0.743125 0.7005623242736645 0.03375 0.026241799437675725
0 0.961875 0.6063730084348641 0.02 0.015932521087160263
0 0.924375 0.6907216494845361 0.03625 0.028116213683223992
0 0.851875 0.6593252108716027 0.035 0.02717900656044986
0 0.89875 0.1668228678537957 0.02 0.016869728209934397
0 0.593125 0.7310215557638238 0.13625 0.07591377694470477
0 0.10375 0.45829428303655106 0.03375 0.02530459231490159
0 0.99375 0.27319587628865977 0.0125 0.01780693533270853
0 0.3775 0.6593252108716027 0.01875 0.019681349578256794
0 0.11125 0.31537019681349576 0.01875 0.015932521087160263
0 0.465 0.8636363636363636 0.03 0.022492970946579195
0 0.63625 0.23711340206185566 0.02625 0.02717900656044986
0 0.826875 0.1724461105904405 0.01625 0.01499531396438613
0 0.756875 0.1733833177132146 0.01875 0.014058106841611996
0 0.68625 0.8655107778819119 0.05375 0.01780693533270853
0 0.114375 0.5515463917525774 0.02875 0.02436738519212746
0 0.311875 0.17619493908153702 0.0275 0.026241799437675725
0 0.424375 0.6508903467666354 0.0175 0.01874414245548266
1 0.53375 0.37582005623242737 0.18125 0.14339268978444236
1 0.520625 0.4990627928772259 0.1775 0.14432989690721648
0 0.463125 0.12652296157450796 0.02125 0.011246485473289597
0 0.469375 0.20196813495782567 0.0475 0.031865042174320526
0 0.495 0.19728209934395502 0.0525 0.028116213683223992
0 0.64625 0.13683223992502344 0.01625 0.008434864104967198
0 0.650625 0.2211808809746954 0.025 0.02155576382380506
0 0.718125 0.6302717900656045 0.02375 0.01499531396438613
0 0.574375 0.6855670103092784 0.0175 0.01874414245548266
0 0.5 0.7792877225866917 0.02375 0.022492970946579195
0 0.78125 0.7717900656044986 0.0275 0.023430178069353328
0 0.895625 0.8078725398313027 0.03 0.02530459231490159
0 0.429375 0.5346766635426429 0.02375 0.016869728209934397
0 0.3775 0.7450796626054358 0.05125 0.026241799437675725
0 0.5925 0.880037488284911 0.02375 0.006560449859418931
0 0.983125 0.4442361761949391 0.0175 0.014058106841611996
0 0.343125 0.7544517338331771 0.0725 0.02436738519212746
0 0.1075 0.8223992502343018 0.02875 0.02717900656044986
0 0.046875 0.7661668228678538 0.0575 0.04311152764761012