0 0.695625 0.09136832239925023 0.10375 0.08156513589503281
0 0.5825 0.23008434864104968 0.145 0.07591377694470477
0 0.415 0.2980318650421743 0.1475 0.12371134020618557
0 0.596875 0.4217432052483599 0.09125 0.05810684161199625
1 0.293125 0.6874414245548266 0.10125 0.13214620431115276
0 0.47335 0.393767572633552 0.0767125 0.1196813495782568
0 0.541875 0.4053420805998126 0.08625 0.06279287722586692
0 0.65125 0.38425492033739456 0.06 0.04873477038425492
1 0.7429625 0.697282099343955 0.1484125 0.10309278350515463
1 0.543125 0.7624179943767573 0.34625 0.1358950328022493
1 0.6201625 0.854348641049672 0.37174999999999997 0.11169634489222119
0 0.741875 0.316776007497657 0.02625 0.016869728209934397
0 0.68625 0.3936269915651359 0.03 0.02999062792877226
0 0.71 0.34393626991565135 0.0325 0.01690721649484536
0 0.0025 0.7849109653233365 0.005 0.01218369259606373
0 0.7317374999999999 0.3326241799437676 0.054299999999999994 0.030787253983130272