0 0.6875 0.34910965323336457 0.055 0.04592314901593252
0 0.363125 0.38612933458294285 0.08 0.06466729147141519
0 0.69375 0.1958762886597938 0.0575 0.059044048734770385
0 0.664375 0.3055295220243674 0.055 0.044048734770384255
0 0.448125 0.21883786316776008 0.04625 0.04029990627928772
0 0.40625 0.27319587628865977 0.02 0.020618556701030927
0 0.556875 0.7760074976569822 0.02125 0.016869728209934397
0 0.305625 0.6077788191190253 0.02875 0.026241799437675725
0 0.491875 0.662136832239925 0.06 0.026241799437675725
0 0.373125 0.25960637300843487 0.0225 0.01874414245548266
0 0.40125 0.6747891283973758 0.04375 0.028116213683223992
0 0.465 0.7146204311152765 0.0275 0.02530459231490159
0 0.490625 0.323805060918463 0.03375 0.02717900656044986
0 0.619375 0.6438612933458294 0.01625 0.01218369259606373
0 0.26125 0.633552014995314 0.0225 0.020618556701030927
0 0.563125 0.7216494845360825 0.02125 0.02155576382380506
0 0.3675 0.6026241799437676 0.025 0.02155576382380506
0 0.24875 0.8298969072164949 0.04125 0.03467666354264293
0 0.325 0.6996251171508904 0.0225 0.02155576382380506
0 0.285625 0.2830365510777882 0.01625 0.01780693533270853
0 0.608125 0.19634489222118087 0.02 0.01874414245548266
0 0.62375 0.23477038425492033 0.0225 0.01780693533270853
0 0.550625 0.8392689784442362 0.02875 0.023430178069353328
0 0.348125 0.21462043111527648 0.02125 0.016869728209934397
0 0.480625 0.25023430178069356 0.08 0.05060918462980318
0 0.60625 0.8050609184629803 0.0175 0.014058106841611996
0 0.36 0.18275538894095594 0.02125 0.019681349578256794
0 0.53375 0.18791002811621368 0.015 0.015932521087160263
0 0.609375 0.7835051546391752 0.01875 0.01499531396438613
0 0.571875 0.3781630740393627 0.01125 0.01218369259606373
0 0.4075 0.7413308341143393 0.01375 0.011246485473289597
0 0.6075 0.3303655107778819 0.01125 0.01874414245548266
0 0.599375 0.3388003748828491 0.00875 0.01780693533270853
0 0.58875 0.34208059981255856 0.01875 0.029053420805998126
0 0.561875 0.3767572633552015 0.0125 0.016869728209934397
0 0.534375 0.27319587628865977 0.01 0.01874414245548266
0 0.52375 0.28444236176194937 0.01625 0.029053420805998126
0 0.511875 0.2769447047797563 0.01375 0.031865042174320526
0 0.48625 0.30318650421743204 0.00875 0.014058106841611996
0 0.445 0.3303655107778819 0.025 0.03280224929709466
0 0.496875 0.32239925023430177 0.01 0.00937207122774133
0 0.4325 0.3181818181818182 0.02 0.05154639175257732
0 0.416875 0.3402061855670103 0.02 0.05060918462980318
0 0.40125 0.35520149953139646 0.015 0.01874414245548266
0 0.405 0.20805998125585753 0.01125 0.01218369259606373
0 0.336875 0.2000937207122774 0.02 0.02530459231490159
0 0.499375 0.14198687910028115 0.045 0.04029990627928772
0 0.535625 0.13120899718837864 0.0375 0.013120899718837863
0 0.55875 0.1846298031865042 0.01625 0.01780693533270853
0 0.59125 0.14620431115276475 0.02 0.028116213683223992
0 0.6025 0.15182755388940955 0.02125 0.020618556701030927
0 0.615 0.1457357075913777 0.015 0.015932521087160263
0 0.734375 0.14386129334582942 0.0175 0.005623242736644799
0 0.763125 0.3045923149015933 0.0125 0.02436738519212746
0 0.76125 0.33411433926897843 0.01625 0.028116213683223992
0 0.710625 0.662605435801312 0.01875 0.038425492033739454
0 0.69625 0.7357075913776945 0.0125 0.01780693533270853
0 0.6925 0.7567947516401125 0.00875 0.010309278350515464
0 0.685 0.8228678537956888 0.02 0.022492970946579195
0 0.650625 0.8383317713214621 0.0275 0.02436738519212746
0 0.57125 0.8500468603561387 0.01375 0.008434864104967198
0 0.55 0.8589503280224929 0.015 0.013120899718837863
0 0.55 0.8683223992502344 0.015 0.006560449859418931
0 0.48125 0.7127460168697282 0.0175 0.01780693533270853
0 0.486875 0.676663542642924 0.03125 0.016869728209934397
0 0.399375 0.7671040299906279 0.01625 0.023430178069353328
0 0.390625 0.7553889409559512 0.015 0.030927835051546393
0 0.38125 0.7788191190253045 0.01375 0.026241799437675725
0 0.386875 0.6925960637300843 0.035 0.020618556701030927
0 0.353125 0.7399250234301781 0.01125 0.011246485473289597
0 0.2925 0.7450796626054358 0.01 0.011246485473289597
0 0.263125 0.788659793814433 0.00875 0.010309278350515464
0 0.28 0.37300843486410495 0.00875 0.008434864104967198
0 0.419375 0.4329896907216495 0.01125 0.006560449859418931
1 0.436875 0.4498594189315839 0.11875 0.09653233364573571
1 0.4575 0.598406747891284 0.035 0.038425492033739454
1 0.52125 0.5370196813495782 0.09 0.04592314901593252
1 0.479375 0.5951265229615745 0.1425 0.10028116213683223
1 0.518125 0.4957825679475164 0.18875 0.13495782567947517
1 0.68 0.44798500468603564 0.13 0.1162136832239925