0 0.65625 0.4831302717900656 0.11375 0.08809746954076851
0 0.95125 0.9104967197750703 0.095 0.05435801312089972
0 0.86125 0.12839737582005623 0.12875 0.09746954076850985
0 0.8975 0.6288659793814433 0.095 0.09465791940018745
0 0.944375 0.5178069353327085 0.03 0.02155576382380506
0 0.819375 0.5379568884723523 0.0425 0.03561387066541706
0 0.61375 0.7572633552014996 0.0575 0.06935332708528585
0 0.82125 0.9020618556701031 0.0875 0.07310215557638237
0 0.6775 0.23711340206185566 0.0575 0.03936269915651359
0 0.78125 0.3828491096532334 0.05 0.03280224929709466
0 0.349375 0.5477975632614808 0.055 0.03280224929709466
0 0.614375 0.9643861293345829 0.135 0.07122774133083412
0 0.482575 0.3406747891283974 0.0489 0.04498594189315839
0 0.485 0.9639175257731959 0.12 0.07216494845360824
0 0.990625 0.5740393626991566 0.01875 0.04873477038425492
0 0.4069625 0.44323336457357077 0.0726625 0.043233364573570764
0 0.67375 0.7638238050609185 0.07875 0.08809746954076851
0 0.861875 0.872539831302718 0.05125 0.031865042174320526
0 0.985625 0.2933458294283037 0.02875 0.07685098406747891
0 0.487275 0.17537019681349578 0.088175 0.07770384254920337
0 0.38134999999999997 0.16077788191190254 0.099625 0.06740393626991566
0 0.18208749999999999 0.23311152764761012 0.052675 0.04207122774133083
0 0.338975 0.29 0.018325 0.015023430178069355
0 0.9889875 0.38701968134957826 0.0220125 0.06396438612933458
0 0.9247375 0.6064011246485473 0.027487499999999998 0.023608247422680414
0 0.5275875 0.7333833177132146 0.015224999999999999 0.011743205248359886
0 0.521925 0.7606279287722587 0.0126125 0.01076850984067479
0 0.4749375 0.7911340206185566 0.01175 0.011096532333645735
0 0.383125 0.60941893158388 0.0221875 0.011743205248359886
0 0.31611249999999996 0.6875538894095595 0.0630875 0.08971883786316777
0 0.2088625 0.7519868791002812 0.040037500000000004 0.035885660731021556
0 0.17905000000000001 0.7598125585754452 0.0317625 0.03980318650421743
0 0.253025 0.5311152764761012 0.135325 0.0809090909090909
0 0.2626 0.4701124648547329 0.016975 0.015004686035613873
1 0.062025 0.8378912839737582 0.12405 0.10819119025304592
1 0.1507375 0.7337113402061856 0.1299375 0.1774601686972821
1 0.219175 0.7674976569821931 0.1422 0.1682286785379569