0 0.3425 0.5084348641049672 0.12125 0.09372071227741331
0 0.088125 0.06701030927835051 0.1 0.059044048734770385
0 0.105 0.851921274601687 0.1375 0.10402999062792877
0 0.115625 0.35051546391752575 0.10375 0.09934395501405811
0 0.058125 0.4587628865979381 0.0325 0.023430178069353328
0 0.185 0.4456419868791003 0.04625 0.03748828491096532
0 0.410625 0.23758200562324275 0.06375 0.07216494845360824
0 0.216875 0.08200562324273665 0.09375 0.07778819119025304
0 0.29875 0.753045923149016 0.06125 0.04217432052483599
0 0.20875 0.6021555763823805 0.0525 0.03561387066541706
0 0.655 0.46016869728209936 0.0575 0.03561387066541706
0 0.429375 0.03467666354264293 0.14125 0.06935332708528585
0 0.5025 0.6597938144329897 0.0525 0.04779756326148079
0 0.558125 0.038425492033739454 0.12625 0.07685098406747891
0 0.0175 0.4006560449859419 0.02375 0.04967197750702906
0 0.5875 0.5613870665417057 0.07625 0.046860356138706656
0 0.35125 0.22774133083411435 0.08625 0.09184629803186505
0 0.17375 0.10965323336457357 0.05375 0.03467666354264293
0 0.006875 0.6808809746954076 0.01375 0.07778819119025304
0 0.4825 0.8247422680412371 0.09625 0.08247422680412371
0 0.586875 0.8444236176194939 0.10625 0.07216494845360824
0 0.7925 0.7830365510777882 0.05625 0.04498594189315839
0 0.64125 0.717900656044986 0.02 0.015932521087160263
0 0.008125 0.5871602624179943 0.01625 0.06466729147141519
0 0.085625 0.3716026241799438 0.03 0.02436738519212746
0 0.494375 0.26569821930646675 0.01625 0.013120899718837863
0 0.5025 0.23898781630740393 0.01375 0.011246485473289597
0 0.551875 0.21087160262417995 0.0125 0.01218369259606373
0 0.626875 0.39737582005623245 0.02375 0.013120899718837863
0 0.700625 0.32239925023430177 0.07125 0.09278350515463918
0 0.81375 0.26382380506091846 0.04375 0.03748828491096532
0 0.844375 0.25773195876288657 0.035 0.041237113402061855
0 0.749375 0.48219306466729145 0.1425 0.08716026241799438
0 0.734375 0.5421743205248359 0.01875 0.015932521087160263
1 0.950625 0.18556701030927836 0.09875 0.11433926897844424
1 0.87 0.2849109653233365 0.14625 0.1836925960637301
1 0.805 0.2478912839737582 0.1575 0.17619493908153702