1 0.45375 0.383125 0.1375 0.071875
1 0.153125 0.4990625 0.14375 0.073125
1 0.188125 0.2403125 0.19125 0.159375
1 0.296875 0.4809375 0.1475 0.066875
1 0.180625 0.339375 0.1925 0.16
0 0.753125 0.4678125 0.1175 0.050625
1 0.904375 0.551875 0.19125 0.145
1 0.345 0.4040625 0.11875 0.061875
0 0.611875 0.2065625 0.05875 0.03
0 0.588125 0.3521875 0.055 0.053125
0 0.985625 0.200625 0.02875 0.025
0 0.52875 0.12 0.06 0.03
0 0.43375 0.1221875 0.0475 0.025625
0 0.685625 0.2659375 0.03 0.0125
0 0.4775 0.27375 0.0175 0.01125
0 0.4975 0.2615625 0.0225 0.013125
0 0.66125 0.2034375 0.02 0.0125
0 0.839375 0.1478125 0.035 0.015625
0 0.749375 0.285625 0.0275 0.0125
0 0.7425 0.2759375 0.025 0.0125
0 0.764375 0.2725 0.0175 0.01
0 0.755 0.3121875 0.0225 0.01
0 0.033125 0.4278125 0.03875 0.016875
0 0.3025 0.475 0.0225 0.009375
0 0.606875 0.455 0.03625 0.020625
0 0.58625 0.4659375 0.0275 0.0125
0 0.5525 0.4421875 0.02125 0.010625
0 0.659375 0.49125 0.02625 0.011875
0 0.3925 0.3540625 0.0225 0.01
0 0.533125 0.4659375 0.02125 0.009375
0 0.65875 0.628125 0.0325 0.016875
0 0.716875 0.5728125 0.03375 0.018125
0 0.814375 0.3784375 0.045 0.015
0 0.82125 0.4978125 0.03375 0.018125
0 0.723125 0.4140625 0.01875 0.0125
0 0.96875 0.4290625 0.02375 0.009375
0 0.828125 0.64125 0.02125 0.010625
0 0.679375 0.4790625 0.04375 0.02375
0 0.558125 0.7046875 0.03625 0.01375
1 0.90125 0.686875 0.11125 0.044375
1 0.87875 0.5646875 0.12125 0.073125
0 0.519375 0.4496875 0.01875 0.01125
1 0.50125 0.4490625 0.06625 0.035
0 0.16625 0.505 0.02 0.01
0 0.4925 0.12375 0.0225 0.0075
0 0.49125 0.1290625 0.02 0.005
0 0.618125 0.1284375 0.02 0.00875
0 0.6425 0.1221875 0.0425 0.026875
0 0.7075 0.1821875 0.04375 0.025
0 0.695 0.225 0.0475 0.02125
0 0.4725 0.3771875 0.01125 0.004375
0 0.320625 0.564375 0.02 0.00875
0 0.231875 0.64875 0.02 0.010625