0 0.76375 0.28865979381443296 0.13 0.1134020618556701
0 0.564375 0.3716026241799438 0.09 0.05998125585754452
0 0.125625 0.4835988753514527 0.08375 0.06560449859418932
0 0.65 0.25257731958762886 0.11875 0.13120899718837864
0 0.741875 0.42033739456419866 0.08 0.06560449859418932
0 0.486875 0.39878163074039363 0.07875 0.05248359887535145
0 0.614375 0.5089034676663543 0.0875 0.056232427366447985
0 0.7575 0.6077788191190253 0.085 0.04592314901593252
0 0.501875 0.4629803186504217 0.03375 0.023430178069353328
0 0.236875 0.5173383317713215 0.055 0.06654170571696345
0 0.18375 0.5393626991565136 0.055 0.06654170571696345
0 0.68375 0.6780693533270853 0.06625 0.03280224929709466
1 0.375625 0.3252108716026242 0.17875 0.1218369259606373
0 0.636875 0.6560449859418932 0.06875 0.044048734770384255
0 0.57 0.3233364573570759 0.05 0.031865042174320526
0 0.298125 0.23992502343017807 0.03625 0.02717900656044986
0 0.880625 0.7633552014995314 0.04375 0.03561387066541706
0 0.898125 0.6893158388003748 0.04625 0.03561387066541706
0 0.675 0.5196813495782568 0.0925 0.044048734770384255
0 0.353125 0.5609184629803187 0.02875 0.022492970946579195
0 0.23 0.6358950328022493 0.06375 0.06091846298031865
0 0.525625 0.7938144329896907 0.05875 0.056232427366447985
0 0.65125 0.33973758200562326 0.035 0.026241799437675725
0 0.571875 0.7239925023430178 0.0975 0.09746954076850985
0 0.61125 0.4597000937207123 0.04 0.029053420805998126
0 0.465625 0.49953139643861294 0.03375 0.023430178069353328
0 0.193125 0.8678537956888472 0.05 0.038425492033739454
0 0.76125 0.7980318650421743 0.055 0.029053420805998126
0 0.268125 0.31865042174320524 0.035 0.02436738519212746
0 0.123125 0.5927835051546392 0.0375 0.041237113402061855
0 0.434375 0.4896907216494845 0.0325 0.023430178069353328
0 0.140625 0.3402061855670103 0.01625 0.010309278350515464
0 0.268125 0.7600749765698219 0.04 0.030927835051546393
1 0.461875 0.22164948453608246 0.18375 0.13683223992502344
0 0.465625 0.6190253045923149 0.0125 0.010309278350515464
0 0.49375 0.7750702905342081 0.03 0.028116213683223992
0 0.368125 0.323805060918463 0.01 0.00937207122774133
0 0.2325 0.18088097469540768 0.0175 0.005623242736644799
0 0.158125 0.18416119962511715 0.01375 0.004686035613870665
0 0.1525 0.24273664479850046 0.015 0.011246485473289597
0 0.034375 0.2788191190253046 0.01625 0.010309278350515464
0 0.061875 0.19634489222118087 0.015 0.011246485473289597
0 0.15625 0.8509840674789129 0.04625 0.033739456419868794
0 0.53625 0.316776007497657 0.025 0.01874414245548266
0 0.71625 0.3467666354264292 0.035 0.023430178069353328
0 0.74125 0.8472352389878163 0.0325 0.01874414245548266