0 0.55375 0.6443298969072165 0.15625 0.08903467666354264
0 0.31375 0.6255857544517338 0.1675 0.06560449859418932
0 0.455625 0.654639175257732 0.11375 0.1077788191190253
0 0.315625 0.49109653233364575 0.10375 0.046860356138706656
0 0.93875 0.41799437675726336 0.0475 0.041237113402061855
0 0.589375 0.7999062792877226 0.04125 0.031865042174320526
0 0.390625 0.8547328959700093 0.065 0.033739456419868794
0 0.790625 0.31162136832239923 0.02375 0.023430178069353328
0 0.90625 0.2942830365510778 0.0225 0.023430178069353328
0 0.83 0.23711340206185566 0.02 0.010309278350515464
0 0.97875 0.17853795688847235 0.01625 0.011246485473289597
0 0.8575 0.22446110590440488 0.02125 0.010309278350515464
0 0.7575 0.4793814432989691 0.03375 0.026241799437675725
0 0.901875 0.5224929709465792 0.02375 0.015932521087160263
0 0.78375 0.4700093720712277 0.0125 0.00937207122774133
0 0.788125 0.8411433926897844 0.035 0.022492970946579195
0 0.324375 0.2661668228678538 0.02125 0.01780693533270853
0 0.5675 0.26991565135895035 0.0225 0.01780693533270853
0 0.3525 0.31537019681349576 0.0175 0.011246485473289597
0 0.605625 0.25538894095595127 0.02375 0.013120899718837863
0 0.419375 0.23477038425492033 0.02 0.015932521087160263
0 0.41 0.35941893158388005 0.0175 0.014058106841611996
0 0.6225 0.18837863167760074 0.01625 0.014058106841611996
0 0.705625 0.1668228678537957 0.02 0.013120899718837863
0 0.579375 0.20852858481724462 0.015 0.01218369259606373
0 0.584375 0.25866916588566075 0.02 0.01499531396438613
0 0.73875 0.14667291471415184 0.0175 0.015932521087160263
0 0.72375 0.3486410496719775 0.01375 0.011246485473289597
0 0.546875 0.3477038425492034 0.01375 0.03467666354264293
0 0.341875 0.14995313964386128 0.0175 0.015932521087160263
0 0.570625 0.21602624179943766 0.01625 0.011246485473289597
0 0.554375 0.35941893158388005 0.0175 0.029053420805998126
0 0.53 0.2549203373945642 0.01 0.006560449859418931
0 0.705 0.5862230552952202 0.02625 0.020618556701030927
0 0.53625 0.3889409559512652 0.015 0.010309278350515464
0 0.545625 0.37910028116213684 0.02125 0.01218369259606373
0 0.428125 0.3753514526710403 0.0175 0.030927835051546393
0 0.440625 0.37722586691658855 0.015 0.029053420805998126
0 0.615625 0.8270852858481724 0.03125 0.01874414245548266
0 0.283125 0.8537956888472352 0.01375 0.014058106841611996
0 0.405 0.831302717900656 0.03125 0.02717900656044986
0 0.221875 0.25679475164011245 0.0225 0.01499531396438613
0 0.16875 0.3149015932521087 0.0175 0.016869728209934397
0 0.216875 0.33552014995313967 0.01625 0.011246485473289597
0 0.218125 0.3149015932521087 0.01375 0.011246485473289597
0 0.194375 0.2924086223055295 0.015 0.013120899718837863
0 0.288125 0.31537019681349576 0.01625 0.01218369259606373
0 0.135625 0.4465791940018744 0.015 0.010309278350515464
0 0.49875 0.8734770384254921 0.015 0.004686035613870665
0 0.39625 0.5299906279287723 0.015 0.015932521087160263
0 0.2925 0.12136832239925023 0.02 0.010309278350515464
0 0.329375 0.13074039362699155 0.0325 0.026241799437675725
0 0.75 0.3865979381443299 0.01375 0.01218369259606373
0 0.745625 0.38144329896907214 0.0175 0.01218369259606373
0 0.7325 0.380506091846298 0.01375 0.014058106841611996
0 0.72625 0.3856607310215558 0.01875 0.014058106841611996