0 0.6892 0.45233364573570756 0.1116125 0.11313964386129334
0 0.676875 0.6330834114339269 0.07875 0.12277413308341144
0 0.7083499999999999 0.5252389878163074 0.1392 0.07953139643861293
0 0.4975 0.6386035613870665 0.0575 0.07558575445173384
0 0.3675 0.17549203373945643 0.0525 0.03419868791002812
0 0.895 0.4175257731958763 0.04 0.029053420805998126
0 0.978125 0.563261480787254 0.04125 0.046860356138706656
0 0.23375 0.2924086223055295 0.03 0.016869728209934397
0 0.2052125 0.20673851921274602 0.03 0.015801312089971882
0 0.1325 0.2666354264292409 0.0125 0.013748828491096533
0 0.046875 0.1583880037488285 0.01375 0.011246485473289597
0 0.114375 0.24702905342080597 0.0120875 0.01514526710402999
0 0.459375 0.3083411433926898 0.03375 0.02436738519212746
0 0.50875 0.19775070290534208 0.02 0.016869728209934397
0 0.445 0.2891283973758201 0.0125 0.008434864104967198
0 0.9391750000000001 0.2666354264292409 0.02835 0.02530459231490159
0 0.1975 0.6438612933458294 0.0225 0.01499531396438613
0 0.19 0.46157450796626054 0.0225 0.015932521087160263
0 0.261875 0.619962511715089 0.01375 0.01218369259606373
0 0.16875 0.433767572633552 0.0158375 0.016869728209934397
0 0.15125 0.5740393626991566 0.02 0.014058106841611996
0 0.3175 0.5749765698219307 0.0175 0.01218369259606373
0 0.07875 0.4245548266166823 0.0175 0.011246485473289597
0 0.0458375 0.36378631677600753 0.0166625 0.014376757263355201
0 0.1075 0.45595126522961577 0.015 0.010309278350515464
0 0.174375 0.4493908153701968 0.01875 0.014058106841611996
0 0.0170875 0.33973758200562326 0.02 0.01218369259606373
0 0.286625 0.3400187441424555 0.01325 0.008997188378631678
0 0.29469999999999996 0.47304592314901595 0.046475 0.008603561387066541
0 0.041775 0.6368322399250235 0.019799999999999998 0.01218369259606373
0 0.118125 0.4620431115276476 0.01375 0.011246485473289597
0 0.31 0.46672914714151825 0.0375 0.011246485473289597
0 0.171875 0.4901593252108716 0.00875 0.007497656982193065
0 0.604375 0.34208059981255856 0.02625 0.01874414245548266
0 0.35 0.4784442361761949 0.0125 0.010309278350515464
0 0.3371875 0.472427366447985 0.0156125 0.01514526710402999
0 0.33763750000000003 0.5606091846298031 0.04015 0.011246485473289597
0 0.3393 0.5509184629803187 0.038912499999999996 0.009690721649484537
0 0.929375 0.3964386129334583 0.02375 0.022492970946579195
0 0.9825 0.6438612933458294 0.0175 0.00937207122774133
0 0.94625 0.5538894095595126 0.035 0.022492970946579195
0 0.190625 0.7211808809746955 0.01875 0.015932521087160263
0 0.270625 0.7577319587628866 0.02125 0.01218369259606373
0 0.2954125 0.7207122774133083 0.013325 0.011246485473289597
0 0.268125 0.7207122774133083 0.01375 0.00937207122774133
0 0.239375 0.7399250234301781 0.01625 0.010309278350515464
0 0.265 0.6680037488284911 0.015 0.011387066541705718
0 0.4483 0.7757357075913778 0.0125 0.010309278350515464
0 0.9976375000000001 0.481049671977507 0.0047125 0.011602624179943769
0 0.5456375 0.5761387066541706 0.0203 0.010178069353327084
0 0.00655 0.6754826616682287 0.0131 0.014048734770384255
0 0.0170375 0.6470103092783506 0.0340625 0.023364573570759137
0 0.3359125 0.318659793814433 0.014724999999999999 0.0092970946579194
0 0.3293875 0.3223430178069353 0.0155125 0.011874414245548266
0 0.32885 0.3324742268041237 0.0174875 0.009578256794751642
0 0.335675 0.3366166822867854 0.01765 0.013261480787253983