0 0.34875 0.504739336492891 0.2025 0.06279620853080568
0 0.68375 0.5195497630331753 0.21375 0.08708530805687204
0 0.31125 0.6596563981042654 0.0475 0.023696682464454975
0 0.91625 0.4191350710900474 0.09125 0.07168246445497631
0 0.218125 0.471563981042654 0.15625 0.07879146919431279
0 0.815625 0.37648104265402843 0.09875 0.0740521327014218
0 0.74 0.5995260663507109 0.01875 0.011255924170616114
0 0.07625 0.3924763033175355 0.03 0.015402843601895734
0 0.0075 0.5844194312796208 0.015 0.017180094786729858
0 0.348125 0.3169431279620853 0.05375 0.03850710900473934
0 0.031875 0.5873815165876777 0.04375 0.019549763033175356
0 0.265 0.5995260663507109 0.0325 0.013625592417061612
0 0.2825 0.6104857819905213 0.03875 0.016587677725118485
0 0.280625 0.6220379146919431 0.0325 0.013033175355450236
0 0.3775 0.6880924170616114 0.02625 0.011255924170616114
0 0.415625 0.6934241706161137 0.02625 0.011255924170616114
0 0.52 0.7183056872037915 0.035 0.018364928909952605
0 0.62 0.7449644549763034 0.0125 0.00533175355450237
0 0.79625 0.663803317535545 0.01625 0.008293838862559242
0 0.655 0.6149289099526066 0.0225 0.009478672985781991
0 0.53125 0.6460308056872038 0.0225 0.009478672985781991
0 0.500625 0.5909360189573459 0.025 0.011255924170616114
0 0.456875 0.5595379146919431 0.025 0.01066350710900474
0 0.513125 0.4392772511848341 0.0225 0.008886255924170616
0 0.491875 0.4022511848341232 0.05 0.04206161137440758
0 0.850625 0.5287322274881516 0.02125 0.01066350710900474
0 0.94125 0.6024881516587678 0.01875 0.009478672985781991
0 0.91625 0.6504739336492891 0.02125 0.009478672985781991
0 0.881875 0.7230450236966824 0.0175 0.008886255924170616
1 0.676875 0.3699644549763033 0.15375 0.04087677725118483
1 0.690625 0.31635071090047395 0.17625 0.0947867298578199
1 0.52125 0.29295023696682465 0.1625 0.046800947867298576
1 0.524375 0.2728080568720379 0.16875 0.03139810426540284
0 0.34875 0.28821090047393366 0.0475 0.026066350710900472
0 0.24875 0.32020142180094785 0.195 0.09419431279620853
0 0.978125 0.29798578199052134 0.04375 0.014218009478672985