0 0.65125 0.495260663507109 0.2025 0.06279620853080568
0 0.31625 0.48045023696682465 0.21375 0.08708530805687204
0 0.68875 0.3403436018957346 0.0475 0.023696682464454975
0 0.08375 0.5808649289099526 0.09125 0.07168246445497631
0 0.781875 0.5284360189573459 0.15625 0.07879146919431279
0 0.184375 0.6235189573459715 0.09875 0.0740521327014218
0 0.26 0.4004739336492891 0.01875 0.011255924170616114
0 0.92375 0.6075236966824644 0.03 0.015402843601895734
0 0.991875 0.41558056872037913 0.01625 0.017180094786729858
0 0.651875 0.6830568720379147 0.05375 0.03850710900473934
0 0.968125 0.41261848341232227 0.04375 0.019549763033175356
0 0.735 0.4004739336492891 0.0325 0.013625592417061612
0 0.7175 0.38951421800947866 0.03875 0.016587677725118485
0 0.719375 0.37796208530805686 0.0325 0.013033175355450236
0 0.6225 0.3119075829383886 0.02625 0.011255924170616114
0 0.584375 0.3065758293838863 0.02625 0.011255924170616114
0 0.48 0.28169431279620855 0.035 0.018364928909952605
0 0.38 0.2550355450236967 0.0125 0.00533175355450237
0 0.20375 0.336196682464455 0.01625 0.008293838862559242
0 0.345 0.38507109004739337 0.0225 0.009478672985781991
0 0.46875 0.3539691943127962 0.0225 0.009478672985781991
0 0.499375 0.409063981042654 0.025 0.011255924170616114
0 0.543125 0.44046208530805686 0.025 0.01066350710900474
0 0.486875 0.5607227488151659 0.0225 0.008886255924170616
0 0.508125 0.5977488151658767 0.05 0.04206161137440758
0 0.149375 0.4712677725118483 0.02125 0.01066350710900474
0 0.05875 0.3975118483412322 0.01875 0.009478672985781991
0 0.08375 0.3495260663507109 0.02125 0.009478672985781991
0 0.118125 0.27695497630331756 0.0175 0.008886255924170616
1 0.323125 0.6300355450236966 0.15375 0.04087677725118483
1 0.309375 0.683649289099526 0.17625 0.0947867298578199
1 0.47875 0.7070497630331753 0.1625 0.046800947867298576
1 0.475625 0.7271919431279621 0.16875 0.03139810426540284
0 0.65125 0.7117890995260664 0.0475 0.026066350710900472
0 0.75125 0.6797985781990521 0.195 0.09419431279620853
0 0.02125 0.7014218009478673 0.0425 0.014218009478672985