1 0.14 0.7645808019441069 0.28 0.1755771567436209
1 0.35125 0.4665856622114216 0.27625 0.15735115431348723
1 0.325625 0.7260024301336574 0.3375 0.10328068043742406
0 0.059375 0.9352976913730255 0.11875 0.07351154313487242
1 0.3325 0.2943499392466586 0.33375 0.21506682867557717
0 0.856875 0.6360874848116647 0.09875 0.05285540704738761
0 0.57875 0.27916160388821387 0.26125 0.07411907654921021
0 0.880625 0.4407654921020656 0.08875 0.05103280680437424
1 0.138125 0.32260024301336576 0.255 0.16889428918590524
1 0.28375 0.14094775212636695 0.29125 0.17800729040097205
0 0.958125 0.4893681652490887 0.08375 0.044349939246658567
1 0.305625 0.6075334143377886 0.28 0.14823815309842042
0 0.130625 0.27855407047387604 0.03875 0.018833535844471446
1 0.916875 0.7421020656136087 0.1525 0.284325637910085
0 0.335625 0.7554678007290401 0.065 0.02187120291616039
0 0.81125 0.12363304981773998 0.355 0.11421628189550426
0 0.934375 0.5021263669501823 0.13125 0.06257594167679223
0 0.924375 0.8241190765492102 0.045 0.03523693803159174
0 0.0875 0.44015795868772783 0.03875 0.013973268529769137
0 0.633125 0.1798298906439854 0.02125 0.01701093560145808
0 0.5175 0.20929526123936817 0.0175 0.009113001215066828
0 0.459375 0.26458080194410694 0.02875 0.01275820170109356
1 0.02875 0.4459295261239368 0.0575 0.10814094775212636
1 0.091875 0.1704131227217497 0.14625 0.1275820170109356
1 0.09875 0.06105710814094775 0.1425 0.1221142162818955
0 0.8275 0.9161603888213852 0.08625 0.053462940461725394
1 0.025 0.8435601458080194 0.05 0.08323207776427703