1 0.1125 0.30072904009720536 0.15875 0.14823815309842042
1 0.584375 0.4316524908869988 0.34875 0.1488456865127582
1 0.09125 0.3945929526123937 0.175 0.16828675577156743
1 0.85125 0.4362089914945322 0.2975 0.17375455650060753
0 0.184375 0.6582624544349939 0.1175 0.05285540704738761
0 0.926875 0.560145808019441 0.14625 0.13122721749696234
0 0.58125 0.6901579586877278 0.11375 0.0479951397326853
1 0.8575 0.34264884568651277 0.285 0.1385176184690158
0 0.47375 0.7229647630619684 0.1 0.046172539489671933
1 0.3 0.39489671931956255 0.33125 0.1500607533414338
0 0.985 0.3444714459295261 0.03 0.020656136087484813
1 0.12875 0.6849939246658566 0.2575 0.08444714459295262
0 0.45 0.7105103280680437 0.14 0.07047387606318348
0 0.665625 0.30710814094775213 0.0325 0.020048602673147023
0 0.985625 0.5048602673147023 0.02875 0.015188335358444714
1 0.66 0.27794653705953826 0.22625 0.038882138517618466