1 0.144375 0.2600749765698219 0.0725 0.06279287722586692
1 0.346875 0.33786316776007497 0.1075 0.19775070290534208
1 0.11 0.41799437675726336 0.07125 0.05998125585754452
1 0.140625 0.31958762886597936 0.07125 0.05998125585754452
1 0.876875 0.5182755388940956 0.2325 0.1836925960637301
1 0.334375 0.6246485473289597 0.145 0.06373008434864105
1 0.2975 0.48219306466729145 0.07125 0.06091846298031865
1 0.988125 0.21087160262417995 0.02375 0.03561387066541706
0 0.911875 0.7694470477975632 0.03375 0.02436738519212746
0 0.8125 0.7989690721649485 0.025 0.019681349578256794
0 0.463125 0.7432052483598875 0.02375 0.01874414245548266
0 0.413125 0.7024367385192127 0.02375 0.01780693533270853
0 0.938125 0.5946579194001874 0.0375 0.026241799437675725
0 0.530625 0.6672914714151827 0.0325 0.02155576382380506
1 0.706875 0.6663542642924086 0.245 0.17150890346766634
1 0.62875 0.5224929709465792 0.06875 0.13964386129334583
1 0.673125 0.42830365510777885 0.1275 0.11433926897844424
1 0.76875 0.48641049671977504 0.2575 0.1668228678537957
1 0.450625 0.4090909090909091 0.10125 0.1949390815370197
1 0.73875 0.3036551077788191 0.18625 0.08809746954076851
1 0.13875 0.3786316776007498 0.0725 0.05998125585754452
1 0.065625 0.4948453608247423 0.07125 0.05998125585754452
1 0.03 0.5670103092783505 0.06 0.056232427366447985
1 0.34 0.6466729147141518 0.045 0.019681349578256794
0 0.061875 0.648078725398313 0.0225 0.016869728209934397