0 0.403125 0.24601686972820994 0.08125 0.06747891283973759
0 0.16625 0.3697282099343955 0.085 0.06654170571696345
0 0.5375 0.6541705716963448 0.07625 0.07403936269915651
0 0.480625 0.6855670103092784 0.0825 0.061855670103092786
0 0.088125 0.4245548266166823 0.0475 0.04498594189315839
0 0.778125 0.2530459231490159 0.07875 0.029053420805998126
0 0.645625 0.338331771321462 0.095 0.03748828491096532
0 0.459375 0.7239925023430178 0.0575 0.041237113402061855
0 0.713125 0.34536082474226804 0.065 0.023430178069353328
0 0.605 0.7029053420805998 0.0675 0.04873477038425492
0 0.414375 0.3701968134957826 0.0675 0.02717900656044986
0 0.5825 0.6466729147141518 0.04125 0.041237113402061855
0 0.41125 0.3889409559512652 0.06 0.02436738519212746
0 0.66 0.6850984067478912 0.06375 0.04967197750702906
1 0.045 0.43673851921274603 0.09 0.07497656982193064
0 0.938125 0.4751640112464855 0.06375 0.06091846298031865
0 0.929375 0.5201499531396439 0.03625 0.03655107778819119
0 0.895 0.44798500468603564 0.10125 0.08059981255857544
0 0.495625 0.3500468603561387 0.0575 0.023430178069353328
0 0.755 0.598406747891284 0.05125 0.04311152764761012
0 0.11875 0.5477975632614808 0.06 0.02530459231490159
0 0.781875 0.34395501405810686 0.06875 0.02530459231490159
0 0.5375 0.6996251171508904 0.02875 0.02436738519212746
0 0.228125 0.7900656044985942 0.035 0.026241799437675725
0 0.995625 0.5890346766635426 0.00875 0.02155576382380506
0 0.846875 0.4704779756326148 0.02875 0.020618556701030927
0 0.76125 0.3570759137769447 0.03375 0.01218369259606373
0 0.774375 0.584348641049672 0.02 0.01874414245548266
0 0.92625 0.2867853795688847 0.045 0.038425492033739454
0 0.350625 0.47141518275538896 0.0375 0.019681349578256794
0 0.37 0.47891283973758203 0.035 0.016869728209934397
0 0.608125 0.36082474226804123 0.04125 0.015932521087160263
0 0.488125 0.4175257731958763 0.04 0.01874414245548266
0 0.580625 0.4662605435801312 0.0175 0.01780693533270853
0 0.39125 0.6654170571696345 0.03 0.02530459231490159
0 0.575625 0.5477975632614808 0.0175 0.015932521087160263
0 0.600625 0.4498594189315839 0.0225 0.04311152764761012
0 0.643125 0.5791940018744143 0.02 0.03467666354264293
0 0.4725 0.40815370196813494 0.01375 0.007497656982193065
0 0.59125 0.5135895032802249 0.0125 0.010309278350515464
0 0.5 0.3373945641986879 0.06625 0.01499531396438613
0 0.105625 0.3917525773195876 0.0375 0.02436738519212746
0 0.29625 0.6396438612933458 0.03125 0.02436738519212746
0 0.290625 0.5079662605435802 0.0375 0.01780693533270853
0 0.2175 0.5674789128397376 0.04 0.01780693533270853
0 0.2325 0.5801312089971884 0.0325 0.016869728209934397
0 0.143125 0.5253045923149016 0.02625 0.015932521087160263
0 0.209375 0.6410496719775071 0.0275 0.01780693533270853
0 0.30625 0.5599812558575445 0.01625 0.01218369259606373
0 0.11125 0.6879100281162137 0.01125 0.013120899718837863
0 0.849375 0.1790065604498594 0.03 0.02155576382380506
0 0.9025 0.2310215557638238 0.02875 0.02155576382380506
0 0.8275 0.1991565135895033 0.00875 0.008434864104967198
0 0.5175 0.28537956888472354 0.06625 0.019681349578256794
0 0.56375 0.2952202436738519 0.06375 0.019681349578256794
0 0.34125 0.19681349578256796 0.02375 0.015932521087160263
0 0.005625 0.2521087160262418 0.01125 0.016869728209934397
0 0.201875 0.33692596063730085 0.0425 0.02155576382380506
0 0.196875 0.31958762886597936 0.02375 0.01499531396438613
0 0.081875 0.3078725398313027 0.025 0.014058106841611996
0 0.594375 0.5670103092783505 0.04375 0.08716026241799438
0 0.613125 0.5276476101218369 0.01125 0.011246485473289597
0 0.60875 0.47141518275538896 0.0075 0.006560449859418931
0 0.78375 0.34536082474226804 0.0275 0.011246485473289597
0 0.849375 0.3402061855670103 0.0975 0.031865042174320526
0 0.811875 0.3570759137769447 0.0075 0.004686035613870665
0 0.85375 0.35520149953139646 0.075 0.02717900656044986
0 0.900625 0.274601686972821 0.01 0.006560449859418931
0 0.958125 0.31115276476101217 0.0275 0.028116213683223992
0 0.96625 0.3139643861293346 0.00875 0.011246485473289597
0 0.015625 0.422680412371134 0.02125 0.01499531396438613
1 0.016875 0.5032802249297095 0.03375 0.03748828491096532
0 0.01625 0.5135895032802249 0.02375 0.013120899718837863
0 0.124375 0.6091846298031866 0.0125 0.015932521087160263
0 0.121875 0.6246485473289597 0.0125 0.016869728209934397
0 0.120625 0.6358950328022493 0.01125 0.013120899718837863
0 0.065625 0.7806935332708529 0.04125 0.053420805998125584
0 0.06875 0.8050609184629803 0.01625 0.007497656982193065
1 0.109375 0.6771321462043112 0.13875 0.2530459231490159
0 0.7175 0.683223992502343 0.05125 0.016869728209934397
0 0.719375 0.6916588566073102 0.0575 0.016869728209934397
0 0.906875 0.4948453608247423 0.0375 0.030927835051546393