0 0.481875 0.23617619493908154 0.07625 0.06560449859418932
0 0.21375 0.316776007497657 0.08125 0.06373008434864105
0 0.490625 0.6565135895032802 0.07125 0.07216494845360824
0 0.425625 0.6776007497656982 0.08 0.059044048734770385
0 0.12125 0.3570759137769447 0.045 0.044048734770384255
0 0.845 0.3064667291471415 0.0775 0.026241799437675725
0 0.690625 0.3669165885660731 0.09375 0.033739456419868794
0 0.393125 0.711340206185567 0.055 0.03936269915651359
0 0.754375 0.3856607310215558 0.06375 0.020618556701030927
0 0.54125 0.7155576382380506 0.065 0.046860356138706656
0 0.455625 0.35941893158388005 0.06625 0.02436738519212746
0 0.53625 0.6565135895032802 0.03875 0.04029990627928772
0 0.446875 0.3767572633552015 0.06 0.022492970946579195
0 0.600625 0.7075913776944704 0.06125 0.04779756326148079
1 0.071875 0.36082474226804123 0.095 0.07216494845360824
0 0.934375 0.549671977507029 0.06 0.05998125585754452
0 0.911875 0.5918462980318651 0.03375 0.03561387066541706
0 0.9 0.5159325210871603 0.09625 0.07778819119025304
0 0.54125 0.35332708528584816 0.05625 0.02155576382380506
0 0.71875 0.6391752577319587 0.04875 0.04217432052483599
0 0.114375 0.48219306466729145 0.06 0.023430178069353328
0 0.82125 0.39550140581068416 0.06875 0.023430178069353328
0 0.476875 0.7005623242736645 0.0275 0.023430178069353328
0 0.148125 0.7366447985004686 0.03375 0.02530459231490159
0 0.965 0.6724461105904405 0.02625 0.02155576382380506
0 0.846875 0.5299906279287723 0.02875 0.019681349578256794
0 0.7975 0.40487347703842547 0.03375 0.010309278350515464
0 0.7425 0.6283973758200563 0.02 0.01780693533270853
0 0.97875 0.36363636363636365 0.0425 0.03748828491096532
0 0.363125 0.4465791940018744 0.03625 0.01780693533270853
0 0.379375 0.45735707591377694 0.03375 0.015932521087160263
0 0.6475 0.3828491096532334 0.04 0.01499531396438613
0 0.513125 0.4175257731958763 0.03875 0.01780693533270853
0 0.58875 0.48078725398313027 0.0175 0.01780693533270853
0 0.345 0.6429240862230553 0.02875 0.02436738519212746
0 0.559375 0.5595126522961574 0.01625 0.01499531396438613
0 0.613125 0.4676663542642924 0.02 0.04311152764761012
0 0.615625 0.6012183692596064 0.0175 0.03467666354264293
0 0.500625 0.40581068416119964 0.01375 0.007497656982193065
0 0.585 0.528584817244611 0.0125 0.010309278350515464
0 0.54875 0.34114339268978444 0.06625 0.01218369259606373
0 0.148125 0.3280224929709466 0.03625 0.022492970946579195
0 0.26 0.6016869728209935 0.03 0.023430178069353328
0 0.29375 0.4723523898781631 0.03625 0.015932521087160263
0 0.204375 0.5182755388940956 0.03875 0.016869728209934397
0 0.215 0.5332708528584817 0.03125 0.015932521087160263
0 0.144375 0.46438612933458295 0.025 0.015932521087160263
0 0.175 0.5880974695407685 0.02625 0.016869728209934397
0 0.293125 0.5257731958762887 0.015 0.01218369259606373
0 0.064375 0.6176194939081537 0.01 0.013120899718837863
0 0.936875 0.24601686972820994 0.02875 0.020618556701030927
0 0.973125 0.3055295220243674 0.0275 0.020618556701030927
0 0.909375 0.2619493908153702 0.00875 0.007497656982193065
0 0.581875 0.29381443298969073 0.06625 0.016869728209934397
0 0.62375 0.31115276476101217 0.06375 0.016869728209934397
0 0.436875 0.1780693533270853 0.0225 0.01499531396438613
0 0.084375 0.1733833177132146 0.0275 0.015932521087160263
0 0.258125 0.2910028116213683 0.0425 0.020618556701030927
0 0.25875 0.2727272727272727 0.0225 0.014058106841611996
0 0.150625 0.2422680412371134 0.025 0.013120899718837863
0 0.571875 0.5815370196813496 0.03875 0.08716026241799438
0 0.601875 0.5463917525773195 0.01125 0.011246485473289597
0 0.614375 0.4906279287722587 0.0075 0.005623242736644799
0 0.823125 0.39690721649484534 0.0275 0.010309278350515464
0 0.888125 0.4029990627928772 0.09625 0.028116213683223992
0 0.846875 0.4133083411433927 0.00625 0.0037488284910965324
0 0.8875 0.4184629803186504 0.075 0.02436738519212746
0 0.958125 0.34817244611059045 0.00875 0.006560449859418931
0 0.995 0.3931583880037488 0.01 0.02717900656044986
0 0.050625 0.3430178069353327 0.02 0.014058106841611996
1 0.023125 0.34817244611059045 0.01625 0.016869728209934397
1 0.025 0.4217432052483599 0.03875 0.03561387066541706
0 0.025 0.43158388003748827 0.02375 0.013120899718837863
0 0.10125 0.5431115276476102 0.01125 0.015932521087160263
0 0.094375 0.5576382380506092 0.01125 0.016869728209934397
0 0.09 0.5684161199625117 0.01 0.013120899718837863
0 0.005625 0.7000937207122774 0.01125 0.05248359887535145
1 0.066875 0.6063730084348641 0.1225 0.2511715089034677
0 0.656875 0.7155576382380506 0.05125 0.01499531396438613
0 0.65625 0.7239925023430178 0.0575 0.01499531396438613
0 0.98125 0.6354264292408622 0.01125 0.010309278350515464
0 0.898125 0.563730084348641 0.03625 0.02999062792877226