0 0.625 0.3542642924086223 0.10125 0.07685098406747891
0 0.41 0.21508903467666354 0.08375 0.07029053420805999
0 0.511875 0.29053420805998126 0.10625 0.08716026241799438
0 0.309375 0.19212746016869728 0.07375 0.06091846298031865
0 0.645625 0.44095595126522963 0.145 0.08809746954076851
0 0.23375 0.338331771321462 0.03625 0.028116213683223992
0 0.676875 0.4006560449859419 0.055 0.04217432052483599
0 0.554375 0.443767572633552 0.0925 0.07122774133083412
0 0.18875 0.41518275538894095 0.0175 0.013120899718837863
0 0.508125 0.36363636363636365 0.00875 0.006560449859418931
0 0.509375 0.36035613870665417 0.0075 0.005623242736644799
0 0.50875 0.35051546391752575 0.0125 0.011246485473289597
0 0.510625 0.3701968134957826 0.04375 0.028116213683223992
0 0.49625 0.3580131208997188 0.05375 0.04592314901593252
0 0.464375 0.44048734770384257 0.01625 0.01218369259606373
0 0.43125 0.506560449859419 0.01375 0.011246485473289597
0 0.45125 0.4090909090909091 0.12625 0.053420805998125584
0 0.31125 0.415651358950328 0.13 0.05248359887535145
0 0.334375 0.35051546391752575 0.1425 0.07778819119025304
0 0.246875 0.3851921274601687 0.01375 0.010309278350515464
0 0.156875 0.4189315838800375 0.0175 0.013120899718837863
0 0.091875 0.4029990627928772 0.015 0.010309278350515464
0 0.15375 0.27647610121836924 0.015 0.010309278350515464
0 0.06 0.23149015932521086 0.01375 0.011246485473289597
0 0.683125 0.3828491096532334 0.04 0.02436738519212746
0 0.700625 0.3922211808809747 0.03 0.030927835051546393
0 0.723125 0.4006560449859419 0.015 0.01499531396438613
0 0.7675 0.43767572633552015 0.0225 0.022492970946579195
0 0.83875 0.38612933458294285 0.01625 0.011246485473289597
0 0.891875 0.6410496719775071 0.01125 0.015932521087160263
0 0.766875 0.6747891283973758 0.01875 0.00937207122774133
0 0.758125 0.683223992502343 0.0325 0.013120899718837863
0 0.668125 0.7839737582005624 0.02125 0.019681349578256794
0 0.58125 0.7174320524835989 0.01125 0.01499531396438613
0 0.578125 0.6218369259606373 0.01125 0.014058106841611996
0 0.416875 0.7094657919400188 0.02125 0.014058106841611996
0 0.345625 0.5290534208059982 0.0175 0.011246485473289597
0 0.3375 0.5178069353327085 0.015 0.00937207122774133
0 0.33 0.5346766635426429 0.015 0.006560449859418931
0 0.18375 0.5074976569821931 0.015 0.00937207122774133
0 0.166875 0.5164011246485474 0.025 0.01499531396438613
0 0.515625 0.8744142455482662 0.05375 0.010309278350515464