0 0.1358 0.47699530516431926 0.058925 0.05821596244131456
0 0.096875 0.6865821596244132 0.05 0.03380281690140845
0 0.0790125 0.37910798122065725 0.05625 0.09194366197183099
0 0.1288375 0.5873239436619718 0.0544625 0.03474178403755868
0 0.41123750000000003 0.13859154929577464 0.0325 0.03012206572769953
0 0.0862875 0.5513145539906104 0.054375 0.03353051643192488
0 0.39 0.5774647887323944 0.0374875 0.03380281690140845
0 0.3795875 0.20901408450704226 0.0317 0.02944600938967136
0 0.061012500000000004 0.17230046948356809 0.03295 0.02884507042253521
0 0.2820875 0.2823568075117371 0.0301 0.028572769953051642
0 0.1515625 0.3083098591549296 0.0317 0.028704225352112676
0 0.12043749999999999 0.23907042253521127 0.0325 0.028910798122065727
0 0.5130375 0.09691079812206572 0.018574999999999998 0.011671361502347417
0 0.3367875 0.3103286384976526 0.013925 0.014084507042253521
0 0.5792875 0.20650704225352112 0.015 0.014084507042253521
0 0.4975 0.28544600938967135 0.015 0.011267605633802818
0 0.5364375 0.3277183098591549 0.0168 0.01235680751173709
0 0.42625 0.23051643192488264 0.0175 0.010328638497652582
0 0.47736249999999997 0.14258215962441315 0.0200875 0.01692018779342723
0 0.053125 0.4352112676056338 0.02625 0.014084507042253521
0 0.221875 0.639906103286385 0.02625 0.014084507042253521
0 0.133125 0.6600938967136151 0.01625 0.011267605633802818
0 0.299375 0.3732394366197183 0.01625 0.014084507042253521
0 0.2411625 0.4534553990610329 0.019825 0.01676056338028169
0 0.4277625 0.5191079812206573 0.025 0.013145539906103286
0 0.37625 0.5492957746478874 0.0225 0.015023474178403756
0 0.54875 0.407981220657277 0.0225 0.014084507042253521
0 0.628125 0.5694835680751174 0.01375 0.014084507042253521
0 0.513125 0.37370892018779345 0.01375 0.013145539906103286
0 0.56625 0.5314553990610329 0.015 0.013145539906103286
0 0.509375 0.4197183098591549 0.01375 0.011267605633802818
0 0.374375 0.5178403755868545 0.01625 0.012206572769953052
0 0.5708 0.5032206572769953 0.01 0.006572769953051643
0 0.819375 0.6164319248826291 0.01875 0.012206572769953052
0 0.9869875 0.5095023474178404 0.025 0.02535211267605634
0 0.9275 0.5164319248826291 0.0125 0.011267605633802818
0 0.838125 0.5220657276995305 0.01375 0.011267605633802818
0 0.826875 0.4089201877934272 0.01125 0.012206572769953052
0 0.75375 0.39530516431924884 0.0125 0.011267605633802818
0 0.818125 0.3967136150234742 0.00625 0.006572769953051643
0 0.3129 0.7260187793427231 0.0233 0.011671361502347417
0 0.1899125 0.722 0.01875 0.012206572769953052
0 0.43 0.7643192488262911 0.02125 0.011267605633802818
0 0.42847499999999994 0.7905446009389671 0.01875 0.008450704225352112
0 0.835625 0.7046948356807512 0.01125 0.008450704225352112
0 0.79585 0.2299154929577465 0.0074624999999999995 0.005953051643192488
0 0.8157625000000001 0.12701408450704227 0.005625 0.0057840375586854465
0 0.4715875 0.13123943661971832 0.015487500000000001 0.007868544600938969
0 0.09519999999999999 0.25903286384976526 0.016587499999999998 0.0063661971830985915
0 0.54485 0.23939906103286385 0.0067 0.003765258215962441
0 0.9637375 0.5154178403755868 0.0259625 0.022384976525821595
0 0.9772375 0.5095586854460094 0.005487499999999999 0.012018779342723005