0 0.33 0.7052483598875351 0.085 0.06091846298031865
0 0.49875 0.25773195876288657 0.06 0.053420805998125584
1 0.270625 0.4343955014058107 0.24125 0.10590440487347703
0 0.625 0.21930646672914714 0.04375 0.033739456419868794
0 0.221875 0.8359887535145267 0.02875 0.020618556701030927
0 0.3925 0.6776007497656982 0.06625 0.05060918462980318
0 0.759375 0.24835988753514526 0.0425 0.033739456419868794
0 0.665625 0.27507029053420806 0.035 0.03280224929709466
0 0.3575 0.2849109653233365 0.21125 0.16588566073102157
0 0.791875 0.37488284910965325 0.03375 0.028116213683223992
0 0.46125 0.3828491096532334 0.0425 0.02155576382380506
0 0.44375 0.21321462043111528 0.035 0.038425492033739454
0 0.5775 0.6794751640112465 0.0175 0.011246485473289597
0 0.175 0.19306466729147143 0.04875 0.04217432052483599
0 0.23 0.07778819119025304 0.04125 0.04873477038425492
0 0.14625 0.45454545454545453 0.05375 0.02999062792877226
0 0.884375 0.35754451733833176 0.0525 0.04592314901593252
0 0.53625 0.3392689784442362 0.05 0.028116213683223992
0 0.034375 0.7005623242736645 0.04 0.05998125585754452
0 0.863125 0.5463917525773195 0.02 0.01218369259606373
0 0.985 0.48125585754451733 0.03 0.08434864104967198
0 0.695 0.2211808809746954 0.03625 0.028116213683223992
0 0.84375 0.33505154639175255 0.07 0.06091846298031865
0 0.9913375000000001 0.2735613870665417 0.0173375 0.027788191190253046
0 0.9416 0.31552014995313965 0.0334375 0.029428303655107776
0 0.7171875 0.3257450796626054 0.08685000000000001 0.034058106841612
0 0.627975 0.32397375820056235 0.17661249999999998 0.1013589503280225
0 0.7137375 0.40367385192127464 0.012350000000000002 0.007357075913776944
0 0.540575 0.40026241799437673 0.019987500000000002 0.009812558575445173
0 0.7161 0.4584348641049672 0.153 0.0656701030927835
0 0.762625 0.47833177132146204 0.1006625 0.03895970009372071
0 0.7342749999999999 0.5256044985941893 0.1304625 0.05122774133083411
0 0.6376124999999999 0.5811902530459232 0.1486375 0.0539456419868791
0 0.628525 0.5062605435801312 0.11883749999999998 0.04305529522024367
0 0.411025 0.5772352389878163 0.05815000000000001 0.01661668228678538
0 0.3803125 0.5122492970946579 0.0178125 0.022343017806935334
0 0.3268875 0.5040768509840675 0.0527 0.026157450796626056
0 0.38067500000000004 0.6419493908153703 0.015625 0.013626991565135894
0 0.5578375 0.6403092783505155 0.015262500000000002 0.008716026241799438
0 0.4624375 0.6933083411433927 0.0149 0.012802249297094658
0 0.6757625 0.6948078725398313 0.04542500000000001 0.04305529522024367
0 0.8223999999999999 0.653805060918463 0.107575 0.033514526710402996
0 0.8018625 0.7634676663542643 0.01635 0.01253045923149016
0 0.6347 0.8439925023430178 0.0149 0.012802249297094658
0 0.5787375 0.7958950328022493 0.014175 0.014170571696344891
0 0.4217375 0.808153701968135 0.015625 0.01253045923149016
0 0.0130875 0.9551546391752577 0.026162499999999998 0.042774133083411436
0 0.043062500000000004 0.5329615745079662 0.06505 0.01907216494845361
0 0.06305 0.39154639175257727 0.036699999999999997 0.03597000937207123
0 0.2288 0.47689784442361766 0.032575 0.028462980318650424
1 0.42696249999999997 0.5005248359887534 0.21017499999999997 0.15163074039362698
1 0.1519375 0.6370759137769447 0.21387499999999998 0.1873477038425492