0 0.751875 0.7488284910965324 0.10125 0.05998125585754452
0 0.72375 0.8533270852858482 0.11625 0.06654170571696345
0 0.35625 0.7347703842549204 0.08375 0.061855670103092786
0 0.5225 0.7544517338331771 0.1275 0.09372071227741331
0 0.7825 0.4381443298969072 0.03 0.022492970946579195
0 0.915 0.4301780693533271 0.02875 0.020618556701030927
0 0.56125 0.7942830365510778 0.095 0.05154639175257732
0 0.15125 0.7029053420805998 0.01875 0.014058106841611996
0 0.95875 0.32661668228678536 0.03 0.02155576382380506
0 0.835 0.7380506091846298 0.06625 0.023430178069353328
1 0.5525 0.5304592314901593 0.10625 0.08997188378631678
0 0.99125 0.30880974695407687 0.0175 0.015932521087160263
1 0.7725 0.3261480787253983 0.1075 0.08622305529522024
0 0.69125 0.7666354264292409 0.0675 0.023430178069353328
1 0.696875 0.5646672914714151 0.1025 0.08059981255857544
0 0.626875 0.6640112464854733 0.135 0.056232427366447985
0 0.465 0.6363636363636364 0.05375 0.031865042174320526
0 0.52125 0.8219306466729147 0.09875 0.05716963448922212
0 0.671875 0.316776007497657 0.03625 0.029053420805998126
0 0.09625 0.5248359887535146 0.0325 0.04311152764761012
0 0.398125 0.19634489222118087 0.03875 0.02717900656044986
0 0.445625 0.6068416119962512 0.03375 0.023430178069353328
0 0.60625 0.6213683223992502 0.0375 0.02530459231490159
1 0.590625 0.5801312089971884 0.0975 0.07778819119025304
0 0.581875 0.19868791002811623 0.01625 0.020618556701030927
0 0.620625 0.7722586691658857 0.01875 0.013120899718837863
0 0.31625 0.4775070290534208 0.05625 0.031865042174320526
0 0.27 0.44798500468603564 0.04 0.02530459231490159
1 0.730625 0.3622305529522024 0.1025 0.08341143392689784
0 0.1525 0.10262417994376757 0.04125 0.02717900656044986
0 0.1025 0.19868791002811623 0.01625 0.02155576382380506
0 0.24125 0.16213683223992503 0.0425 0.02717900656044986
0 0.193125 0.30880974695407687 0.02 0.015932521087160263
0 0.3 0.29662605435801315 0.0125 0.020618556701030927
0 0.308125 0.28537956888472354 0.00875 0.011246485473289597
0 0.3175 0.2867853795688847 0.0125 0.011246485473289597
0 0.425625 0.25445173383317715 0.0275 0.029053420805998126
0 0.471875 0.23149015932521086 0.0275 0.01780693533270853
0 0.6075 0.17994376757263356 0.01875 0.014058106841611996
0 0.5925 0.19821930646672914 0.01625 0.014058106841611996
1 0.693125 0.39690721649484534 0.02375 0.01499531396438613
1 0.784375 0.3289597000937207 0.01625 0.011246485473289597
0 0.94875 0.28865979381443296 0.01875 0.014058106841611996
0 0.693125 0.5609184629803187 0.0225 0.01218369259606373
0 0.803125 0.6148078725398313 0.13625 0.09278350515463918
0 0.778125 0.5740393626991566 0.205 0.08434864104967198
0 0.514375 0.42033739456419866 0.015 0.020618556701030927
0 0.529375 0.4053420805998126 0.025 0.022492970946579195
0 0.4925 0.3880037488284911 0.01375 0.007497656982193065
0 0.499375 0.8458294283036552 0.0225 0.03467666354264293
1 0.463125 0.6490159325210871 0.09625 0.07872539831302718
0 0.349375 0.4878163074039363 0.01625 0.019681349578256794
0 0.363125 0.4793814432989691 0.0125 0.011246485473289597
0 0.134375 0.4967197750702905 0.0275 0.04311152764761012
0 0.0525 0.6588566073102156 0.01375 0.013120899718837863
0 0.2475 0.7905342080599812 0.02625 0.011246485473289597
0 0.36 0.7408622305529522 0.01625 0.010309278350515464
0 0.183125 0.5187441424554826 0.0075 0.008434864104967198
0 0.17875 0.521087160262418 0.0075 0.006560449859418931
1 0.4475 0.13495782567947517 0.0575 0.03936269915651359