0 0.04125 0.4311152764761012 0.07875 0.07029053420805999
1 0.72875 0.6302717900656045 0.1725 0.17432052483598875
0 0.455 0.8580131208997188 0.06375 0.059044048734770385
0 0.2525 0.22446110590440488 0.02875 0.033739456419868794
0 0.404375 0.4287722586691659 0.0225 0.015932521087160263
0 0.364375 0.8345829428303655 0.08 0.06373008434864105
0 0.53 0.5318650421743205 0.085 0.06560449859418932
0 0.52625 0.6518275538894096 0.015 0.011246485473289597
0 0.31875 0.4147141518275539 0.0425 0.03467666354264293
0 0.515 0.6026241799437676 0.015 0.008434864104967198
0 0.318125 0.4690721649484536 0.0475 0.044048734770384255
0 0.22 0.6260543580131209 0.01875 0.019681349578256794
0 0.474375 0.5534208059981256 0.015 0.010309278350515464
0 0.2775 0.7849109653233365 0.0125 0.008434864104967198
0 0.215 0.5487347703842549 0.01875 0.019681349578256794
0 0.82375 0.2933458294283037 0.02 0.01499531396438613
0 0.43 0.4044048734770384 0.0175 0.014058106841611996
0 0.225625 0.7305529522024368 0.0325 0.022492970946579195
0 0.746875 0.19868791002811623 0.02375 0.01499531396438613
0 0.319375 0.3537956888472352 0.01625 0.014058106841611996
0 0.95375 0.6373008434864105 0.055 0.061855670103092786
0 0.675 0.9395501405810684 0.03625 0.01874414245548266
0 0.670625 0.9550140581068416 0.04375 0.023430178069353328
0 0.559375 0.9236176194939082 0.01625 0.013120899718837863
0 0.519375 0.6532333645735707 0.015 0.01218369259606373
0 0.4875 0.6260543580131209 0.01375 0.01218369259606373
0 0.4825 0.6241799437675727 0.01125 0.01218369259606373
0 0.506875 0.5965323336457357 0.01625 0.010309278350515464
0 0.4475 0.5768509840674789 0.01375 0.008434864104967198
0 0.405 0.5515463917525774 0.025 0.022492970946579195
0 0.413125 0.5346766635426429 0.02875 0.022492970946579195
0 0.420625 0.520618556701031 0.0275 0.02436738519212746
0 0.4325 0.5079662605435802 0.0275 0.02717900656044986
0 0.450625 0.5009372071227741 0.02125 0.02155576382380506
0 0.46875 0.5004686035613871 0.02125 0.016869728209934397
0 0.386875 0.49625117150890347 0.015 0.010309278350515464
0 0.584375 0.5295220243673852 0.01375 0.008434864104967198
0 0.591875 0.5201499531396439 0.01375 0.00937207122774133
0 0.765625 0.612933458294283 0.015 0.014058106841611996
0 0.7 0.4629803186504217 0.0225 0.014058106841611996
0 0.721875 0.38331771321462044 0.01625 0.010309278350515464
0 0.59875 0.30412371134020616 0.01375 0.010309278350515464
0 0.6075 0.2985004686035614 0.01 0.008434864104967198
0 0.5725 0.2422680412371134 0.0175 0.010309278350515464
0 0.459375 0.23851921274601687 0.015 0.008434864104967198
0 0.089375 0.6579194001874414 0.0325 0.019681349578256794
0 0.0525 0.7071227741330834 0.0325 0.01874414245548266
0 0.30125 0.8350515463917526 0.01625 0.01218369259606373
0 0.04625 0.40112464854732893 0.05875 0.04779756326148079
0 0.22625 0.4372071227741331 0.01 0.006560449859418931
0 0.226875 0.4020618556701031 0.01375 0.011246485473289597
1 0.0675 0.22071227741330834 0.04 0.09184629803186505
0 0.09 0.22727272727272727 0.0225 0.014058106841611996
0 0.3425 0.22446110590440488 0.01625 0.011246485473289597
0 0.403125 0.3294283036551078 0.01625 0.010309278350515464
0 0.374375 0.30318650421743204 0.01625 0.011246485473289597
0 0.843125 0.21508903467666354 0.0225 0.014058106841611996
1 0.6275 0.4878163074039363 0.16625 0.1836925960637301
1 0.268125 0.4268978444236176 0.11875 0.10871602624179943
1 0.274375 0.32052483598875353 0.13875 0.11996251171508904
0 0.015625 0.7792877225866917 0.01625 0.014058106841611996