0 0.8975 0.555763823805061 0.065 0.056232427366447985
0 0.11 0.3650421743205248 0.0625 0.04967197750702906
0 0.576875 0.19634489222118087 0.06375 0.04217432052483599
0 0.135625 0.4217432052483599 0.05375 0.041237113402061855
0 0.42495 0.7153889409559513 0.071025 0.0825585754451734
0 0.88 0.6575632614807873 0.0425 0.04217432052483599
0 0.8375 0.6866166822867854 0.0475 0.03467666354264293
0 0.783125 0.865979381443299 0.04375 0.031865042174320526
0 0.373125 0.3978444236176195 0.04625 0.038425492033739454
0 0.2525 0.3392689784442362 0.0425 0.031865042174320526
0 0.97125 0.6030927835051546 0.0475 0.05529522024367385
0 0.925 0.6930646672914714 0.05 0.03467666354264293
0 0.171925 0.28540768509840675 0.042575 0.054058106841612
0 0.93715 0.8976663542642923 0.0403875 0.034329896907216495
0 0.873125 0.2600749765698219 0.06625 0.03467666354264293
0 0.41676250000000004 0.6693814432989691 0.05625 0.061433926897844424
0 0.28125 0.3181818181818182 0.035 0.044048734770384255
0 0.8075 0.4878163074039363 0.0525 0.03655107778819119
0 0.983125 0.6625210871602624 0.03375 0.04856607310215558
0 0.094375 0.169165885660731 0.02375 0.010309278350515464
0 0.003125 0.2014995313964386 0.00625 0.011246485473289597
0 0.34 0.25023430178069356 0.015 0.013120899718837863
0 0.6565000000000001 0.2230834114339269 0.0355 0.018800374882849108
0 0.2975 0.4957825679475164 0.0175 0.016869728209934397
0 0.1025 0.5332708528584817 0.0275 0.01499531396438613
0 0.770475 0.3569728209934395 0.0375 0.017947516401124648
0 0.01625 0.8135426429240862 0.0225 0.015079662605435801
0 0.8676999999999999 0.781630740393627 0.0328875 0.02436738519212746
0 0.86 0.8669165885660731 0.0175 0.013120899718837863
0 0.943125 0.8116213683223993 0.01875 0.01499531396438613
0 0.7670375 0.25333645735707594 0.03395 0.017966260543580134
0 0.9548125000000001 0.23840674789128397 0.0341625 0.011208997188378632
0 0.9167624999999999 0.33755388940955955 0.0285125 0.017966260543580134
0 0.8032875 0.4458669165885661 0.06632500000000001 0.0407029053420806
0 0.7250125 0.5008903467666355 0.084575 0.027019681349578255
0 0.3682 0.5098594189315838 0.025750000000000002 0.007619493908153703
0 0.39275 0.480796626054358 0.0310375 0.05880037488284911
1 0.56975 0.4912558575445173 0.3241125 0.037010309278350514
1 0.33995 0.5250515463917526 0.3352125 0.03867853795688848
1 0.0863875 0.540365510777882 0.1727625 0.032024367385192126
0 0.2784 0.46649484536082475 0.040325 0.04974695407685098
0 0.28015 0.4432427366447985 0.03375 0.04861293345829428
0 0.3082125 0.49065604498594184 0.03465 0.0501593252108716
0 0.31705 0.7475351452671041 0.05595 0.07776944704779756
0 0.5172125 0.84601686972821 0.0525 0.055126522961574505
0 0.17965 0.2812746016869728 0.032725 0.03466729147141519
0 0.755925 0.6600281162136832 0.020012500000000003 0.017553889409559514