0 0.624375 0.5262417994376757 0.085 0.08434864104967198
0 0.710625 0.9554826616682287 0.0525 0.04873477038425492
0 0.40625 0.323805060918463 0.07125 0.05810684161199625
0 0.65875 0.7357075913776945 0.04625 0.04029990627928772
0 0.578125 0.12136832239925023 0.06625 0.05716963448922212
0 0.69125 0.49953139643861294 0.02125 0.01874414245548266
0 0.720925 0.6092877225866917 0.01685 0.0263261480787254
0 0.66875 0.8772258669165885 0.02 0.01499531396438613
0 0.02375 0.7413308341143393 0.04375 0.03655107778819119
0 0.486875 0.2366447985004686 0.04125 0.046860356138706656
0 0.5765250000000001 0.2962417994376757 0.010549999999999999 0.017047797563261483
0 0.05 0.43668228678537957 0.1 0.07321462043111528
0 0.236225 0.03467666354264293 0.0663 0.05998125585754452
0 0.684375 0.6944704779756327 0.02 0.01218369259606373
0 0.0380375 0.4154920337394564 0.0407 0.026447985004686033
0 0.050275 0.3896251171508904 0.10055 0.1043767572633552
0 0.04915 0.3537113402061856 0.0296 0.06240862230552952
0 0.019950000000000002 0.32978444236176196 0.039900000000000005 0.04930646672914714
0 0.3461 0.22790065604498594 0.040225 0.040543580131209
0 0.35072499999999995 0.05436738519212746 0.0374375 0.03987816307403936
0 0.4317375 0.11093720712277413 0.017075 0.012783505154639175
0 0.5171625 0.2737113402061856 0.014775 0.01486410496719775
0 0.6900499999999999 0.2605154639175258 0.0133625 0.0176194939081537
0 0.634275 0.16039362699156512 0.040787500000000004 0.038116213683223994
0 0.4908875 0.2838894095595127 0.016774999999999998 0.012014995313964386
0 0.5205625 0.29829428303655103 0.0441625 0.024854732895970007
0 0.54415 0.32653233364573575 0.0213375 0.03
0 0.5101 0.348912839737582 0.0224125 0.013617619493908153
0 0.4790875 0.34848172446110587 0.041825 0.02189315838800375
0 0.48613750000000006 0.3077132146204311 0.10617499999999999 0.061930646672914716
0 0.367425 0.41781630740393627 0.02015 0.011640112464854732
0 0.5289375 0.518659793814433 0.019825 0.037591377694470476
0 0.7246875 0.6003936269915652 0.014025000000000001 0.02134020618556701
0 0.7283 0.7028022492970947 0.009075 0.021321462043111528
0 0.3404 0.9407216494845361 0.0208875 0.017338331771321464
0 0.315475 0.9713776944704781 0.035725 0.028444236176194942
0 0.293225 0.5544704779756326 0.033075 0.027066541705716964
0 0.3153 0.5868322399250234 0.029325 0.07182755388940956
0 0.3345125 0.5968228678537957 0.0236125 0.029606373008434862
0 0.2725 0.6136457357075914 0.0258875 0.056982193064667286
0 0.290375 0.6159325210871603 0.0236125 0.05298031865042174
0 0.3310875 0.6250609184629804 0.0319875 0.013617619493908153
1 0.4885875 0.6099718837863168 0.08821249999999999 0.1649015932521087
1 0.40399999999999997 0.5359325210871603 0.216725 0.1788191190253046
1 0.4455625 0.486194939081537 0.206525 0.12452671040299906
1 0.5831375 0.44397375820056234 0.13470000000000001 0.23544517338331772
1 0.454575 0.4009559512652296 0.19640000000000002 0.12319587628865979
0 0.5875374999999999 0.2933645735707591 0.0119875 0.015229615745079663
0 0.0189875 0.77456419868791 0.037975 0.08261480787253983
0 0.022949999999999998 0.8691846298031864 0.045899999999999996 0.08760074976569822
0 0.0287125 0.8369728209934395 0.0387875 0.035585754451733835