0 0.85875 0.47797563261480785 0.1125 0.08528584817244611
0 0.9175 0.4104967197750703 0.115 0.07685098406747891
0 0.96375 0.5234301780693533 0.06625 0.059044048734770385
0 0.47625 0.4906279287722587 0.0725 0.1021555763823805
0 0.9675 0.3158388003748828 0.065 0.04873477038425492
0 0.914375 0.5074976569821931 0.03875 0.03936269915651359
0 0.794375 0.5590440487347704 0.06375 0.03936269915651359
0 0.624375 0.6466729147141518 0.05875 0.03467666354264293
0 0.57625 0.6930646672914714 0.06 0.022492970946579195
1 0.145625 0.6223055295220243 0.16 0.22211808809746955
0 0.096875 0.4104967197750703 0.045 0.03936269915651359
0 0.378125 0.555763823805061 0.0825 0.10871602624179943
1 0.39875 0.5801312089971884 0.1175 0.15745079662605435
0 0.076875 0.5407685098406748 0.03875 0.041237113402061855
0 0.11375 0.43064667291471415 0.04 0.041237113402061855
0 0.825 0.5768509840674789 0.04875 0.030927835051546393
0 0.585625 0.5801312089971884 0.04625 0.07122774133083412
0 0.68625 0.5960637300843487 0.05375 0.029053420805998126
0 0.108125 0.32567947516401125 0.05125 0.03280224929709466
0 0.70375 0.5459231490159325 0.045 0.06279287722586692
0 0.655 0.3959700093720712 0.04125 0.09090909090909091
0 0.67375 0.6180880974695407 0.05625 0.031865042174320526
0 0.575 0.4231490159325211 0.035 0.04029990627928772
1 0.203125 0.39690721649484534 0.06625 0.16869728209934395
0 0.34 0.23008434864104968 0.1075 0.05716963448922212
0 0.093125 0.6218369259606373 0.02875 0.031865042174320526
0 0.245 0.25679475164011245 0.03125 0.02155576382380506
0 0.17 0.49250234301780693 0.0225 0.02155576382380506
0 0.065625 0.3444236176194939 0.02125 0.02155576382380506
0 0.044375 0.6157450796626054 0.03 0.030927835051546393
0 0.543125 0.6307403936269915 0.0375 0.026241799437675725
0 0.569375 0.6640112464854733 0.0325 0.023430178069353328
0 0.61 0.5454545454545454 0.01875 0.01218369259606373
0 0.7375 0.5234301780693533 0.02875 0.01780693533270853
0 0.838125 0.5417057169634489 0.04 0.01874414245548266
0 0.729375 0.6096532333645736 0.0325 0.029053420805998126
0 0.913125 0.634020618556701 0.03375 0.01780693533270853
0 0.81 0.703842549203374 0.01 0.006560449859418931
0 0.978125 0.5787253983130272 0.0275 0.023430178069353328
0 0.98 0.5552952202436738 0.03375 0.029053420805998126
0 0.745625 0.5604498594189316 0.01375 0.008434864104967198
0 0.73 0.457825679475164 0.04 0.03561387066541706
0 0.725625 0.436269915651359 0.0325 0.03467666354264293
0 0.723125 0.41611996251171507 0.04 0.03655107778819119
0 0.6325 0.44611059044048734 0.015 0.01218369259606373
0 0.615 0.37300843486410495 0.01375 0.01218369259606373
0 0.52875 0.42221180880974696 0.01375 0.01499531396438613
0 0.86625 0.3739456419868791 0.0325 0.02436738519212746
0 0.859375 0.2802249297094658 0.03375 0.022492970946579195
0 0.813125 0.2788191190253046 0.045 0.09840674789128398
0 0.780625 0.29662605435801315 0.0225 0.031865042174320526
0 0.735 0.2703842549203374 0.0375 0.02999062792877226
1 0.69625 0.29756326148078727 0.0825 0.14620431115276475
1 0.6175 0.3444236176194939 0.10125 0.19306466729147143
1 0.531875 0.3823805060918463 0.1425 0.21087160262417995
0 0.170625 0.30318650421743204 0.025 0.01874414245548266
0 0.07625 0.31021555763823805 0.0225 0.01780693533270853
0 0.06625 0.2774133083411434 0.0225 0.016869728209934397
0 0.04625 0.26569821930646675 0.01625 0.016869728209934397
0 0.240625 0.3270852858481724 0.0175 0.01874414245548266
0 0.23875 0.3467666354264292 0.01625 0.01874414245548266
0 0.05 0.4854732895970009 0.0225 0.020618556701030927
0 0.053125 0.46438612933458295 0.02 0.023430178069353328
0 0.001875 0.48828491096532334 0.00375 0.00937207122774133
0 0.015 0.4732895970009372 0.00875 0.007497656982193065
0 0.05875 0.5599812558575445 0.03625 0.026241799437675725
0 0.049375 0.633552014995314 0.01625 0.014058106841611996
0 0.068125 0.6180880974695407 0.02375 0.03655107778819119
0 0.0625 0.7427366447985004 0.03625 0.02530459231490159
0 0.110625 0.6893158388003748 0.01125 0.010309278350515464
0 0.333125 0.6879100281162137 0.02375 0.013120899718837863
0 0.558125 0.6166822867853796 0.0125 0.007497656982193065
0 0.474375 0.6424554826616682 0.0125 0.007497656982193065