0 0.85125 0.44095595126522963 0.1 0.07591377694470477
0 0.896775 0.36785379568884724 0.10372500000000001 0.0668041237113402
0 0.96375 0.4746954076850984 0.0575 0.053420805998125584
0 0.475 0.492970946579194 0.055 0.09746954076850985
0 0.9375 0.26804123711340205 0.075 0.041237113402061855
0 0.912175 0.46434864104967194 0.031974999999999996 0.036916588566073105
0 0.8025 0.5276476101218369 0.0575 0.033739456419868794
0 0.650625 0.6321462043111528 0.05375 0.029053420805998126
0 0.6110125 0.6834395501405811 0.057037500000000005 0.0173008434864105
1 0.1720625 0.6577600749765699 0.1217 0.2115651358950328
0 0.084375 0.4536082474226804 0.03875 0.03561387066541706
0 0.389375 0.5679475164011246 0.06375 0.10309278350515463
1 0.414375 0.5899718837863168 0.09125 0.14901593252108716
0 0.08875 0.584348641049672 0.0325 0.038425492033739454
0 0.104375 0.471883786316776 0.03375 0.038425492033739454
0 0.83635 0.542211808809747 0.043287500000000007 0.026672914714151827
0 0.599375 0.57029053420806 0.03375 0.06841611996251172
0 0.7025 0.5754451733833177 0.05 0.02436738519212746
0 0.079375 0.3683223992502343 0.04625 0.028116213683223992
0 0.7105374999999999 0.5244423617619495 0.033925000000000004 0.059934395501405814
0 0.634275 0.3810965323336457 0.025237500000000003 0.0892314901593252
0 0.6938500000000001 0.5986691658856607 0.0527 0.026654170571696344
0 0.5601375000000001 0.41591377694470477 0.02915 0.03733833177132147
1 0.1868125 0.42876288659793815 0.0367125 0.16713214620431116
0 0.291275 0.24939081537019683 0.10039999999999999 0.04700093720712277
0 0.1201 0.6632895970009373 0.0236625 0.030262417994376758
0 0.2025 0.2858481724461106 0.0275 0.01874414245548266
0 0.171875 0.5271790065604499 0.01875 0.019681349578256794
0 0.04125 0.39128397375820057 0.0175 0.019681349578256794
0 0.07 0.6620149953139643 0.025 0.02880974695407685
0 0.566875 0.6251171508903468 0.03375 0.022492970946579195
0 0.5992875 0.6550421743205248 0.02875 0.020618556701030927
0 0.6175 0.5337394564198688 0.0175 0.010309278350515464
0 0.739375 0.4985941893158388 0.02625 0.01499531396438613
0 0.8422125 0.5061668228678539 0.036925 0.014845360824742268
0 0.7474 0.584601686972821 0.0273 0.025810684161199623
0 0.9335875 0.5896438612933458 0.030674999999999997 0.01527647610121837
0 0.00625 0.6733833177132146 0.0125 0.014058106841611996
0 0.036875 0.7722586691658857 0.01875 0.011246485473289597
0 0.025 0.7502343017806935 0.02 0.01218369259606373
0 0.00375 0.7446110590440488 0.0075 0.01780693533270853
0 0.8447499999999999 0.6694095595126522 0.0089875 0.005679475164011246
0 0.9881125000000001 0.5279100281162137 0.023787500000000003 0.021940018744142455
0 0.9856374999999999 0.5044985941893158 0.028725 0.026532333645735706
0 0.7541 0.5341237113402062 0.012475 0.0078912839737582
0 0.7201125 0.43446110590440484 0.0334 0.032933458294283034
0 0.712125 0.41334582942830367 0.0261375 0.03162136832239925
0 0.7054375 0.39352389878163074 0.0336875 0.03334582942830366
0 0.6211875 0.43282099343955016 0.0121875 0.01139643861293346
0 0.5898 0.3622492970946579 0.011025 0.011715089034676664
0 0.5136875 0.4196344892221181 0.0116125 0.014517338331771322
0 0.839075 0.33687910028116214 0.0290375 0.021162136832239924
0 0.8148125 0.24507029053420806 0.0304875 0.019634489222118086
0 0.768775 0.2483411433926898 0.0272875 0.09629803186504217
0 0.739725 0.26955951265229616 0.018025 0.030328022492970945
0 0.6900375 0.2478912839737582 0.03195 0.027488284910965322
1 0.656925 0.27890346766635427 0.055787500000000004 0.141921274601687
1 0.5874875 0.3336269915651359 0.068 0.18756326148078725
1 0.51005 0.38000937207122776 0.10661250000000001 0.201087160262418
0 0.1373625 0.3391471415182755 0.0226625 0.01684161199625117
0 0.045250000000000005 0.3563355201499531 0.02035 0.01607310215557638
0 0.0296625 0.3245735707591378 0.0200875 0.015079662605435801
0 0.0068375 0.3153045923149016 0.013687499999999998 0.01584817244611059
0 0.2115625 0.3556701030927835 0.013387500000000002 0.017357075913776943
0 0.212975 0.37537019681349576 0.013125 0.018191190253045924
0 0.051812500000000004 0.5325210871602625 0.01905 0.019175257731958762
0 0.050525 0.5114714151827554 0.0165 0.02148078725398313
0 0.0028499999999999997 0.5408247422680412 0.005699999999999999 0.007975632614807873
0 0.0152875 0.5239268978444236 0.0073375 0.006616682286785379
0 0.0746125 0.6055857544517338 0.0321875 0.023242736644798503
0 0.07885 0.6795126522961574 0.01355 0.013177132146204312
0 0.09466250000000001 0.6623523898781631 0.0180625 0.03468603561387067
0 0.1117625 0.7857357075913777 0.0330375 0.022708528584817245
0 0.1491875 0.7284442361761949 0.0095875 0.008940955951265228
0 0.36935 0.7035238987816307 0.0228125 0.011274601686972821
0 0.5790875 0.6094657919400187 0.011474999999999999 0.006738519212746017
0 0.500975 0.6440487347703843 0.011237500000000001 0.0068978444236176195