0 0.60375 0.6016869728209935 0.0975 0.06560449859418932
0 0.073125 0.28537956888472354 0.11875 0.11433926897844424
0 0.923125 0.33786316776007497 0.14125 0.1077788191190253
0 0.295625 0.8041237113402062 0.07625 0.05060918462980318
0 0.195 0.17619493908153702 0.05 0.033739456419868794
0 0.545 0.6283973758200563 0.0625 0.05716963448922212
0 0.308125 0.5576382380506092 0.04625 0.033739456419868794
0 0.879375 0.8626991565135895 0.04375 0.031865042174320526
0 0.091875 0.3542642924086223 0.05 0.031865042174320526
1 0.5525 0.40253045923149017 0.1375 0.14620431115276475
0 0.3325 0.746485473289597 0.07 0.05248359887535145
0 0.250625 0.7343017806935332 0.06625 0.05060918462980318
0 0.575 0.4119025304592315 0.05 0.05435801312089972
0 0.13125 0.22211808809746955 0.2225 0.1190253045923149
0 0.016875 0.697282099343955 0.03375 0.026241799437675725
0 0.223125 0.5018744142455482 0.0225 0.01874414245548266
0 0.05875 0.3898781630740394 0.03 0.028116213683223992
0 0.07 0.12933458294283037 0.0325 0.02717900656044986
0 0.530625 0.3045923149015933 0.025 0.01874414245548266
0 0.585625 0.823805060918463 0.03 0.023430178069353328
0 0.775 0.19400187441424555 0.1725 0.1190253045923149
0 0.734375 0.26569821930646675 0.32375 0.1415182755388941
0 0.63625 0.1738519212746017 0.1025 0.08903467666354264
0 0.85875 0.17572633552014996 0.085 0.06935332708528585
0 0.945 0.2591377694470478 0.11 0.22774133083411435
0 0.57 0.676663542642924 0.04125 0.02999062792877226
1 0.203125 0.7132146204311153 0.40625 0.19119025304592316
1 0.44875 0.6911902530459232 0.335 0.3767572633552015
1 0.749375 0.7202436738519212 0.49125 0.358950328022493
1 0.7425 0.7188378631677601 0.43 0.35238987816307404