0 0.44625 0.16307403936269915 0.095 0.05248359887535145
0 0.308125 0.22071227741330834 0.06125 0.06091846298031865
0 0.781875 0.8242736644798501 0.0575 0.044048734770384255
0 0.62875 0.6963448922211809 0.085 0.053420805998125584
0 0.488125 0.6804123711340206 0.01875 0.014058106841611996
0 0.198125 0.16119962511715089 0.04 0.02717900656044986
0 0.596875 0.21087160262417995 0.07625 0.02530459231490159
0 0.11625 0.26522961574507964 0.03875 0.02530459231490159
0 0.664375 0.7511715089034676 0.07625 0.05154639175257732
0 0.688125 0.28256794751640113 0.05625 0.033739456419868794
0 0.29875 0.5154639175257731 0.02 0.015932521087160263
0 0.136875 0.5103092783505154 0.01625 0.01499531396438613
1 0.435 0.6255857544517338 0.2875 0.19962511715089035
0 0.434375 0.5909090909090909 0.0175 0.01780693533270853
0 0.495625 0.3655107778819119 0.03875 0.022492970946579195
0 0.833125 0.38847235238987815 0.04375 0.014058106841611996
0 0.651875 0.7099343955014058 0.05375 0.03748828491096532
0 0.7875 0.7778819119025304 0.0425 0.02717900656044986
0 0.775 0.7188378631677601 0.01625 0.013120899718837863
0 0.9475 0.7680412371134021 0.05875 0.019681349578256794
0 0.93125 0.8828491096532334 0.04375 0.029053420805998126
0 0.259375 0.8139643861293346 0.0175 0.011246485473289597
0 0.373125 0.7436738519212746 0.01875 0.015932521087160263
0 0.39625 0.7263355201499532 0.045 0.02530459231490159
0 0.435 0.7029053420805998 0.07875 0.031865042174320526
0 0.579375 0.5529522024367385 0.0125 0.00937207122774133
0 0.5625 0.5468603561387066 0.0125 0.005623242736644799
0 0.610625 0.514526710402999 0.04 0.010309278350515464
0 0.681875 0.5506091846298032 0.08 0.011246485473289597
0 0.375 0.4554826616682287 0.01375 0.010309278350515464
0 0.3975 0.4301780693533271 0.0725 0.046860356138706656
0 0.411875 0.2563261480787254 0.06625 0.07403936269915651
0 0.451875 0.28444236176194937 0.05625 0.05716963448922212
0 0.678125 0.14245548266166824 0.01625 0.01218369259606373
0 0.731875 0.14948453608247422 0.01875 0.013120899718837863
0 0.7475 0.2211808809746954 0.03625 0.029053420805998126
0 0.86 0.21930646672914714 0.0425 0.029053420805998126
0 0.9625 0.38425492033739456 0.045 0.026241799437675725
1 0.843125 0.450796626054358 0.11125 0.12371134020618557
1 0.76375 0.3364573570759138 0.23625 0.1190253045923149
1 0.674375 0.44892221180880976 0.15375 0.19212746016869728
1 0.661875 0.5107778819119025 0.16375 0.08247422680412371
1 0.6375 0.4878163074039363 0.21375 0.13683223992502344
1 0.453125 0.450796626054358 0.28875 0.20805998125585753
1 0.48375 0.5716963448922212 0.1875 0.07966260543580131