0 0.720625 0.43708920187793426 0.04625 0.04131455399061033
0 0.554375 0.4732394366197183 0.05125 0.04037558685446009
0 0.47875 0.7633802816901408 0.04875 0.0647887323943662
0 0.53875 0.38779342723004695 0.07875 0.046009389671361506
0 0.190625 0.3751173708920188 0.0375 0.054460093896713614
0 0.52375 0.5835680751173709 0.03875 0.03380281690140845
0 0.233125 0.6807511737089202 0.035 0.03380281690140845
0 0.53625 0.43802816901408453 0.07125 0.048826291079812206
0 0.56125 0.16901408450704225 0.0775 0.03192488262910798
0 0.59875 0.4610328638497653 0.02875 0.03755868544600939
0 0.676875 0.4225352112676056 0.06875 0.04788732394366197
0 0.6375 0.8408450704225352 0.105 0.06103286384976526
0 0.2725 0.7934272300469484 0.0775 0.023474178403755867
0 0.51625 0.41173708920187796 0.07625 0.03755868544600939
0 0.31875 0.8065727699530516 0.07875 0.0215962441314554
1 0.526875 0.815962441314554 0.0775 0.12112676056338029
0 0.6075 0.3873239436619718 0.04625 0.03474178403755868
0 0.093125 0.24413145539906103 0.045 0.023474178403755867
0 0.735625 0.8488262910798122 0.04625 0.03286384976525822
0 0.2725 0.8075117370892019 0.01625 0.008450704225352112
0 0.2725 0.8178403755868544 0.0175 0.010328638497652582
0 0.201875 0.7272300469483568 0.015 0.010328638497652582
0 0.21125 0.7356807511737089 0.0375 0.012206572769953052
0 0.26375 0.5497652582159624 0.05 0.016901408450704224
0 0.2275 0.6075117370892019 0.02875 0.01784037558685446
0 0.27125 0.5619718309859155 0.0175 0.014084507042253521
0 0.21125 0.503755868544601 0.01375 0.01596244131455399
0 0.245 0.4802816901408451 0.01 0.007511737089201878
0 0.19375 0.3957746478873239 0.02625 0.008450704225352112
0 0.200625 0.28544600938967135 0.0275 0.016901408450704224
0 0.18125 0.3323943661971831 0.015 0.014084507042253521
0 0.39125 0.8234741784037559 0.015 0.011267605633802818
0 0.4725 0.7291079812206572 0.0125 0.010328638497652582
0 0.440625 0.4981220657276995 0.0475 0.020657276995305163
0 0.62375 0.4647887323943662 0.02125 0.018779342723004695
0 0.609375 0.5192488262910798 0.025 0.020657276995305163
0 0.453125 0.41502347417840374 0.0225 0.01596244131455399
0 0.325625 0.4953051643192488 0.01875 0.0215962441314554
0 0.40875 0.4197183098591549 0.02 0.009389671361502348
0 0.338125 0.5028169014084507 0.02 0.0215962441314554
0 0.440625 0.39436619718309857 0.0175 0.02629107981220657
0 0.429375 0.40187793427230045 0.01875 0.02535211267605634
0 0.465625 0.5154929577464789 0.01625 0.013145539906103286
0 0.27875 0.492018779342723 0.015 0.010328638497652582
0 0.301875 0.47699530516431926 0.02 0.005633802816901409
0 0.383125 0.4450704225352113 0.01625 0.006572769953051643
0 0.468125 0.29671361502347415 0.035 0.028169014084507043
0 0.2825 0.27511737089201876 0.025 0.01596244131455399
0 0.304375 0.3018779342723005 0.02125 0.015023474178403756
0 0.675 0.35492957746478876 0.02125 0.016901408450704224
0 0.28875 0.3629107981220657 0.00875 0.008450704225352112
0 0.631875 0.3511737089201878 0.01375 0.011267605633802818
0 0.46125 0.3502347417840376 0.015 0.011267605633802818
0 0.5475 0.307981220657277 0.01 0.008450704225352112
0 0.37625 0.35774647887323946 0.01625 0.006572769953051643
0 0.294375 0.3568075117370892 0.0075 0.006572769953051643
0 0.29625 0.3474178403755869 0.015 0.007511737089201878
0 0.565625 0.30657276995305166 0.01 0.009389671361502348
0 0.345625 0.3657276995305164 0.01 0.008450704225352112
0 0.734375 0.38215962441314555 0.015 0.012206572769953052
0 0.723125 0.3492957746478873 0.0225 0.016901408450704224
0 0.85625 0.26291079812206575 0.0175 0.014084507042253521
0 0.83125 0.8370892018779342 0.06375 0.046948356807511735
0 0.69875 0.3619718309859155 0.02125 0.005633802816901409
0 0.6475 0.4070422535211268 0.0625 0.0431924882629108
0 0.573125 0.4169014084507042 0.03375 0.03568075117370892
0 0.298125 0.4807511737089202 0.0125 0.004694835680751174
0 0.20375 0.7563380281690141 0.0075 0.010328638497652582
0 0.196875 0.7568075117370892 0.01 0.014084507042253521
0 0.208125 0.7661971830985915 0.01375 0.008450704225352112
0 0.190625 0.7816901408450704 0.0275 0.018779342723004695
0 0.368125 0.8821596244131455 0.0125 0.003755868544600939