0 0.5683874999999999 0.6695962441314554 0.051975 0.03192488262910798
0 0.5321374999999999 0.5428638497652581 0.049562499999999995 0.03611267605633803
0 0.151875 0.46572769953051646 0.08375 0.03192488262910798
0 0.64645 0.5368732394366197 0.055962500000000005 0.056769953051643195
0 0.6875 0.27699530516431925 0.07 0.024413145539906103
0 0.3875 0.5122065727699531 0.0425 0.027230046948356807
0 0.27865 0.28752112676056335 0.0425375 0.024619718309859154
0 0.580125 0.5312582159624413 0.060425000000000006 0.05051643192488263
0 0.935 0.5690140845070423 0.0375 0.056338028169014086
0 0.5448375 0.5763474178403756 0.0483125 0.018779342723004695
0 0.59045 0.6381032863849766 0.058600000000000006 0.0491830985915493
0 0.0375 0.5795211267605634 0.075 0.07523004694835682
0 0.1260375 0.3090704225352113 0.026237499999999997 0.05767136150234742
0 0.616325 0.5184882629107982 0.044950000000000004 0.055549295774647886
0 0.1055875 0.3427981220657277 0.0236625 0.05835680751173709
1 0.07875 0.4981220657276995 0.1575 0.04976525821596244
0 0.6418 0.5882629107981221 0.0436125 0.03286384976525822
0 0.868125 0.2131455399061033 0.02875 0.03192488262910798
0 0.020862500000000003 0.6522065727699531 0.0417125 0.03272300469483568
0 0.1075 0.307981220657277 0.01 0.011267605633802818
0 0.09375 0.30733333333333335 0.0125 0.012206572769953052
0 0.21875 0.2605633802816901 0.0125 0.010328638497652582
0 0.206875 0.2671361502347418 0.01375 0.027230046948356807
0 0.45043750000000005 0.31983098591549297 0.0191375 0.036845070422535216
0 0.376025 0.28832863849765256 0.022937500000000003 0.020535211267605633
0 0.43375 0.3244131455399061 0.0175 0.012206572769953052
0 0.515 0.28356807511737087 0.02 0.009389671361502348
0 0.54375 0.3103286384976526 0.01 0.006572769953051643
0 0.66 0.27793427230046946 0.01 0.018779342723004695
0 0.805625 0.2906103286384977 0.02125 0.01971830985915493
0 0.745 0.2727699530516432 0.0175 0.010328638497652582
0 0.078125 0.3957746478873239 0.01375 0.010328638497652582
0 0.1975 0.46338028169014084 0.0125 0.008450704225352112
0 0.506875 0.45586854460093895 0.02375 0.03474178403755868
0 0.538125 0.5953051643192488 0.02375 0.015023474178403756
0 0.466875 0.5807511737089202 0.02625 0.01784037558685446
0 0.61625 0.4708920187793427 0.02 0.01596244131455399
0 0.5179625 0.3695962441314554 0.0270625 0.012422535211267606
0 0.613125 0.43708920187793426 0.01125 0.014084507042253521
0 0.5075 0.3785633802816902 0.0275 0.012816901408450704
0 0.644375 0.4629107981220657 0.03375 0.011267605633802818
0 0.635 0.4539906103286385 0.0325 0.012206572769953052
0 0.481875 0.4732394366197183 0.01625 0.011267605633802818
0 0.52625 0.33491079812206576 0.0125 0.009990610328638499
0 0.5445 0.3531924882629108 0.006 0.014732394366197183
0 0.58125 0.4164319248826291 0.0075 0.012206572769953052
0 0.7725 0.49014084507042255 0.035 0.024413145539906103
0 0.81375 0.35258215962441314 0.02 0.01784037558685446
0 0.776875 0.3671361502347418 0.01875 0.015023474178403756
0 0.680625 0.6413145539906103 0.02125 0.015023474178403756
0 0.696875 0.3511737089201878 0.01125 0.005633802816901409
0 0.6879125 0.6093896713615023 0.014187499999999999 0.009389671361502348
0 0.701875 0.4812206572769953 0.01375 0.010328638497652582
0 0.751875 0.5488262910798122 0.01125 0.006572769953051643
0 0.6975 0.41737089201877936 0.0075 0.012206572769953052
0 0.704375 0.355868544600939 0.00875 0.005633802816901409
0 0.716875 0.35774647887323946 0.00875 0.011267605633802818
0 0.7525 0.5629107981220657 0.0125 0.006572769953051643
0 0.689375 0.3938967136150235 0.01125 0.006572769953051643
0 0.64 0.684037558685446 0.015 0.010328638497652582
0 0.6845375 0.6774647887323944 0.0215875 0.01596244131455399
0 0.79 0.7835680751173709 0.0175 0.012206572769953052
0 0.029300000000000003 0.7249859154929578 0.058600000000000006 0.044985915492957745
0 0.6696875 0.6587136150234741 0.0062375 0.016225352112676058
0 0.6128750000000001 0.6169483568075117 0.053425 0.044431924882629106
0 0.6050625000000001 0.5605352112676056 0.0455125 0.02391549295774648
0 0.5390999999999999 0.35025352112676056 0.00555 0.00943661971830986
0 0.1801125 0.2603192488262911 0.014337500000000001 0.004967136150234742
0 0.1802125 0.2548638497652582 0.019 0.006854460093896713
0 0.1667875 0.26297652582159625 0.0103125 0.009446009389671361
0 0.1472875 0.2484131455399061 0.024237500000000002 0.01969014084507042
0 0.001925 0.3748169014084507 0.0038624999999999996 0.00943661971830986