0 0.23625 0.5093720712277413 0.12 0.07029053420805999
0 0.68 0.7239925023430178 0.0425 0.03655107778819119
0 0.183125 0.6308809746954077 0.07625 0.06401124648547328
1 0.23056249999999998 0.37491096532333645 0.1286375 0.08997188378631678
1 0.2633125 0.591593252108716 0.0846625 0.053477038425492035
0 0.806875 0.4878163074039363 0.03125 0.03280224929709466
0 0.88625 0.7099343955014058 0.0425 0.038425492033739454
0 0.915 0.6893158388003748 0.0375 0.030927835051546393
0 0.879375 0.3908153701968135 0.05125 0.02436738519212746
1 0.36017499999999997 0.6439456419868791 0.1253375 0.07979381443298969
0 0.57625 0.6462043111527648 0.0375 0.030927835051546393
0 0.856875 0.7319587628865979 0.03625 0.028116213683223992
0 0.9375 0.648078725398313 0.055 0.03467666354264293
0 0.7137375 0.598406747891284 0.029987499999999997 0.03655107778819119
0 0.6493625000000001 0.3514526710402999 0.044762500000000004 0.02999062792877226
1 0.5038750000000001 0.6202249297094657 0.04573750000000001 0.03298031865042174
0 0.784375 0.8425492033739457 0.03875 0.031865042174320526
1 0.34208750000000004 0.4297188378631677 0.09052500000000001 0.18568884723523899
0 0.76625 0.7680412371134021 0.04 0.03280224929709466
0 0.7764875000000001 0.6455388940955951 0.045475 0.03147141518275539
0 0.78975 0.5556701030927835 0.0440125 0.024957825679475163
0 0.2501 0.6243767572633553 0.12481249999999999 0.07270852858481724
1 0.4326375 0.45908153701968135 0.0903375 0.18818181818181817
0 0.256875 0.3125585754451734 0.02625 0.015932521087160263
0 0.1766875 0.32286785379568883 0.016625 0.01218369259606373
0 0.36655 0.3138331771321462 0.015600000000000001 0.010993439550140581
0 0.41136249999999996 0.3179756326148078 0.016774999999999998 0.01633552014995314
0 0.27875 0.39357075913776945 0.0225 0.02436738519212746
0 0.141875 0.43580131208997186 0.02375 0.020618556701030927
0 0.11 0.4564198687910028 0.02 0.01499531396438613
0 0.1675 0.5271790065604499 0.015 0.015932521087160263
0 0.149375 0.5365510777881912 0.02125 0.02155576382380506
0 0.145625 0.4231490159325211 0.01875 0.015932521087160263
0 0.230625 0.36879100281162136 0.01125 0.008434864104967198
0 0.306875 0.5585754451733833 0.01375 0.011246485473289597
0 0.494375 0.40393626991565135 0.02375 0.01874414245548266
0 0.650625 0.42221180880974696 0.01875 0.014058106841611996
0 0.515 0.5515463917525774 0.05 0.014058106841611996
0 0.600625 0.5571696344892221 0.02625 0.014058106841611996
0 0.441875 0.3467666354264292 0.02625 0.016869728209934397
0 0.649375 0.4395501405810684 0.02125 0.013120899718837863
0 0.628125 0.5782567947516402 0.01125 0.007497656982193065
0 0.606875 0.64058106841612 0.02125 0.02155576382380506
0 0.3775 0.5468603561387066 0.0125 0.010309278350515464
0 0.38 0.6293345829428304 0.0125 0.008434864104967198
0 0.601875 0.6601312089971884 0.02625 0.02316776007497657
0 0.490625 0.5641986879100281 0.06125 0.013120899718837863
0 0.683125 0.5402999062792877 0.02875 0.02155576382380506
0 0.694375 0.48125585754451733 0.02625 0.030927835051546393
0 0.69 0.44095595126522963 0.0325 0.01780693533270853
0 0.983125 0.37582005623242737 0.03125 0.01874414245548266
0 0.785 0.5304592314901593 0.03 0.026241799437675725
0 0.8170000000000001 0.6347703842549203 0.0184875 0.011799437675726335
0 0.96125 0.6288659793814433 0.0175 0.013120899718837863
0 0.740625 0.6629615745079662 0.01425 0.008978444236176195
0 0.6287375000000001 0.6897750702905342 0.0350125 0.024376757263355205
0 0.634375 0.8402061855670103 0.01875 0.014058106841611996
0 0.6575 0.7699156513589503 0.015 0.01218369259606373
0 0.6628375 0.817244611059044 0.018175 0.01499531396438613
0 0.65125 0.8495782567947516 0.0225 0.008434864104967198
0 0.689375 0.8074039362699157 0.02125 0.008434864104967198
0 0.7025625 0.5703842549203374 0.026924999999999998 0.032933458294283034
0 0.395225 0.319671977507029 0.0148125 0.02189315838800375
0 0.2334375 0.5689784442361762 0.014537500000000002 0.005716963448922211
0 0.2460125 0.5938519212746016 0.008775 0.0076663542642924085
0 0.0060999999999999995 0.6654732895970009 0.008175 0.006560449859418931