0 0.46 0.30412371134020616 0.10625 0.09653233364573571
0 0.221875 0.6574507966260543 0.0525 0.03561387066541706
0 0.29375 0.2774133083411434 0.0925 0.06373008434864105
1 0.6375 0.2858481724461106 0.1325 0.1049671977507029
1 0.35375 0.33270852858481725 0.08 0.06935332708528585
0 0.548125 0.7277413308341143 0.04625 0.02717900656044986
0 0.261875 0.8097469540768509 0.055 0.03561387066541706
0 0.2925 0.8294283036551078 0.045 0.030927835051546393
0 0.684375 0.7713214620431116 0.0375 0.04029990627928772
1 0.294375 0.4104967197750703 0.11875 0.10121836925960637
0 0.31375 0.5721649484536082 0.045 0.030927835051546393
0 0.229375 0.7905342080599812 0.04125 0.02999062792877226
0 0.349375 0.8416119962511716 0.05125 0.04498594189315839
0 0.391875 0.6696344892221181 0.05125 0.026241799437675725
0 0.7125 0.5960637300843487 0.045 0.03655107778819119
1 0.340625 0.5154639175257731 0.04875 0.03748828491096532
0 0.075625 0.7478912839737581 0.04625 0.031865042174320526
1 0.576875 0.37488284910965325 0.255 0.08622305529522024
0 0.1725 0.7263355201499532 0.0475 0.03280224929709466
0 0.335625 0.7211808809746955 0.0475 0.03655107778819119
0 0.45625 0.7221180880974696 0.03875 0.03561387066541706
0 0.309375 0.32661668228678536 0.11 0.10121836925960637
1 0.546875 0.4451733833177132 0.25875 0.08716026241799438
0 0.723125 0.29896907216494845 0.02375 0.02155576382380506
0 0.70125 0.24039362699156513 0.0175 0.013120899718837863
0 0.7325 0.3809746954076851 0.01625 0.01218369259606373
0 0.731875 0.4147141518275539 0.0225 0.014058106841611996
0 0.618125 0.323805060918463 0.035 0.019681349578256794
0 0.5475 0.22633552014995315 0.03 0.019681349578256794
0 0.516875 0.2047797563261481 0.0225 0.016869728209934397
0 0.429375 0.2549203373945642 0.0225 0.013120899718837863
0 0.415 0.2422680412371134 0.03125 0.01780693533270853
0 0.565 0.22774133083411435 0.0225 0.015932521087160263
0 0.645625 0.28537956888472354 0.0125 0.00937207122774133
0 0.401875 0.3622305529522024 0.01625 0.011246485473289597
0 0.626875 0.485941893158388 0.0275 0.019681349578256794
0 0.61875 0.6040299906279287 0.02 0.01499531396438613
0 0.433125 0.5164011246485474 0.02375 0.038425492033739454
0 0.434375 0.5810684161199625 0.02125 0.020618556701030927
0 0.696875 0.44048734770384257 0.025 0.02155576382380506
0 0.595625 0.604967197750703 0.02 0.016869728209934397
0 0.409375 0.6035613870665417 0.01125 0.00937207122774133
0 0.325 0.5941893158388004 0.03125 0.01780693533270853
0 0.425 0.41377694470477977 0.015 0.010309278350515464
0 0.315625 0.4240862230552952 0.0125 0.010309278350515464
0 0.298125 0.5927835051546392 0.03375 0.02155576382380506
0 0.41375 0.49953139643861294 0.02375 0.046860356138706656
0 0.465625 0.64058106841612 0.03125 0.023430178069353328
0 0.545 0.6429240862230553 0.04375 0.022492970946579195
0 0.598125 0.6354264292408622 0.0275 0.026241799437675725
0 0.715 0.8472352389878163 0.02875 0.02530459231490159
0 0.489375 0.7155576382380506 0.0375 0.02530459231490159
0 0.354375 0.7502343017806935 0.0175 0.01499531396438613
0 0.3775 0.8575445173383318 0.01875 0.014058106841611996
0 0.30875 0.6963448922211809 0.01375 0.011246485473289597
0 0.261875 0.6157450796626054 0.03625 0.029053420805998126
0 0.0625 0.6358950328022493 0.02 0.01499531396438613
0 0.158125 0.6457357075913777 0.0175 0.01218369259606373
0 0.09625 0.654639175257732 0.02125 0.015932521087160263
0 0.051875 0.6494845360824743 0.01375 0.01780693533270853
0 0.111875 0.6733833177132146 0.01375 0.016869728209934397
0 0.428125 0.6583880037488284 0.04625 0.02436738519212746
0 0.728125 0.4029990627928772 0.03 0.013120899718837863
0 0.380625 0.3083411433926898 0.00875 0.01218369259606373
0 0.349375 0.32052483598875353 0.01125 0.007497656982193065
0 0.22875 0.14901593252108716 0.01 0.007497656982193065