0 0.56875 0.6738519212746017 0.135 0.08434864104967198
0 0.79625 0.6991565135895033 0.04875 0.04779756326148079
0 0.36625 0.5731021555763823 0.13 0.09746954076850985
1 0.6175 0.4072164948453608 0.24375 0.2539831302717901
0 0.593125 0.837394564198688 0.0575 0.03936269915651359
0 0.45125 0.5641986879100281 0.045 0.03748828491096532
0 0.600625 0.761012183692596 0.05 0.03467666354264293
0 0.1825 0.5084348641049672 0.045 0.041237113402061855
0 0.08125 0.7596063730084348 0.04 0.03467666354264293
0 0.4225 0.1358950328022493 0.03625 0.03467666354264293
0 0.2625 0.7778819119025304 0.0525 0.04217432052483599
0 0.743125 0.852389878163074 0.03875 0.030927835051546393
0 0.289375 0.6733833177132146 0.02875 0.023430178069353328
0 0.501875 0.6780693533270853 0.05125 0.04311152764761012
0 0.31125 0.823805060918463 0.07125 0.06935332708528585
0 0.3325 0.7089971883786317 0.06375 0.07497656982193064
1 0.32375 0.514526710402999 0.2175 0.17057169634489222
0 0.65125 0.8856607310215557 0.0575 0.03561387066541706
0 0.5625 0.8650421743205249 0.125 0.06091846298031865
0 0.481875 0.8552014995313965 0.1075 0.05716963448922212
0 0.36875 0.8589503280224929 0.03125 0.01218369259606373
0 0.373125 0.7338331771321462 0.04625 0.04873477038425492
0 0.33625 0.7558575445173383 0.11875 0.14432989690721648
0 0.278125 0.7938144329896907 0.01625 0.01218369259606373
0 0.255625 0.7825679475164011 0.0175 0.01499531396438613
0 0.251875 0.7938144329896907 0.04875 0.03467666354264293
0 0.2325 0.7769447047797563 0.01375 0.010309278350515464
0 0.3375 0.7160262417994376 0.02125 0.02155576382380506
0 0.29375 0.732427366447985 0.02125 0.02530459231490159
0 0.339375 0.549671977507029 0.015 0.015932521087160263
0 0.214375 0.0895032802249297 0.0275 0.01874414245548266
0 0.2625 0.44283036551077787 0.0175 0.008434864104967198
1 0.609375 0.33552014995313967 0.3075 0.3917525773195876
1 0.583125 0.2952202436738519 0.2825 0.3233364573570759
1 0.406875 0.3959700093720712 0.23 0.18088097469540768