0 0.298125 0.49671361502347416 0.12375 0.08826291079812207
0 0.4475 0.7427230046948357 0.12875 0.08262910798122065
0 0.60375 0.3427230046948357 0.15125 0.10422535211267606
0 0.719375 0.5887323943661972 0.11125 0.07136150234741784
0 0.705 0.4793427230046948 0.1375 0.08826291079812207
0 0.863125 0.5380281690140845 0.14875 0.14741784037558686
0 0.814375 0.22582159624413145 0.09125 0.06854460093896714
0 0.593125 0.503755868544601 0.08875 0.07605633802816901
0 0.208125 0.4291079812206573 0.07375 0.05727699530516432
0 0.12875 0.6591549295774648 0.0775 0.059154929577464786
0 0.993125 0.4619718309859155 0.01375 0.06948356807511737
0 0.53875 0.43615023474178405 0.0825 0.059154929577464786
0 0.330625 0.6215962441314554 0.0575 0.0431924882629108
0 0.3375 0.5666666666666667 0.075 0.04976525821596244
0 0.59125 0.5826291079812207 0.075 0.07042253521126761
0 0.055625 0.6816901408450704 0.0775 0.05821596244131456
0 0.468125 0.30704225352112674 0.075 0.06572769953051644
0 0.134375 0.7446009389671362 0.05375 0.04507042253521127
0 0.78875 0.8826291079812206 0.06 0.044131455399061034
0 0.686875 0.7061032863849765 0.06 0.07793427230046948
0 0.903125 0.8230046948356807 0.04625 0.03380281690140845
0 0.576875 0.7737089201877935 0.05125 0.038497652582159626
0 0.111875 0.39154929577464787 0.04125 0.03192488262910798
0 0.34375 0.7924882629107981 0.03875 0.03192488262910798
0 0.3625 0.3812206572769953 0.04 0.02910798122065728
0 0.71375 0.8244131455399061 0.0375 0.030985915492957747
0 0.11625 0.2586854460093897 0.05875 0.04131455399061033
0 0.3775 0.7924882629107981 0.045 0.046009389671361506
0 0.633125 0.22582159624413145 0.075 0.08075117370892018
0 0.2425 0.7539906103286385 0.05625 0.0431924882629108
0 0.5275 0.21971830985915494 0.04125 0.03286384976525822
0 0.665 0.23990610328638498 0.08875 0.09295774647887324
0 0.185 0.27230046948356806 0.06 0.0431924882629108
0 0.714375 0.8934272300469484 0.02625 0.009389671361502348
0 0.325 0.24788732394366197 0.03125 0.030985915492957747
0 0.64625 0.8023474178403756 0.03125 0.024413145539906103
0 0.605 0.8140845070422535 0.02 0.015023474178403756
0 0.065 0.715962441314554 0.02125 0.01596244131455399
0 0.595 0.20938967136150236 0.03625 0.027230046948356807
0 0.88125 0.20375586854460093 0.0575 0.01971830985915493
0 0.71625 0.887793427230047 0.0225 0.007511737089201878
0 0.291875 0.8553990610328639 0.05625 0.012206572769953052
0 0.39125 0.23849765258215963 0.035 0.03380281690140845