0 0.18375 0.2797563261480787 0.11125 0.05435801312089972
0 0.333125 0.39456419868791004 0.08125 0.059044048734770385
0 0.413125 0.04170571696344892 0.10625 0.06560449859418932
0 0.646875 0.2539831302717901 0.1025 0.10965323336457357
0 0.92875 0.08997188378631678 0.09125 0.05716963448922212
0 0.183125 0.49343955014058105 0.08625 0.031865042174320526
0 0.310625 0.5815370196813496 0.0725 0.04498594189315839
0 0.12875 0.3851921274601687 0.07875 0.04029990627928772
0 0.22375 0.46251171508903466 0.07 0.031865042174320526
0 0.093125 0.6115276476101218 0.0725 0.07778819119025304
0 0.46 0.3134957825679475 0.03875 0.06841611996251172
0 0.375625 0.3697282099343955 0.02375 0.022492970946579195
0 0.5 0.3917525773195876 0.035 0.06373008434864105
0 0.63625 0.7160262417994376 0.02 0.011246485473289597
0 0.118125 0.6616682286785379 0.09 0.028116213683223992
0 0.51625 0.1204311152764761 0.0225 0.016869728209934397
0 0.235 0.17733833177132147 0.04625 0.027600749765698217
0 0.23465 0.0750796626054358 0.043675 0.02838800374882849
0 0.475 0.07263355201499531 0.025 0.01780693533270853
0 0.7572249999999999 0.41291471415182757 0.01625 0.01197750702905342
1 0.166125 0.8839550140581068 0.210225 0.06807872539831303
0 0.325625 0.21368322399250234 0.08125 0.03748828491096532
0 0.4686 0.43715089034676663 0.014199999999999999 0.013270852858481725
0 0.711 0.5669259606373008 0.08372500000000001 0.027694470477975634
0 0.7318125000000001 0.5572258669165885 0.026875 0.010581068416119962
0 0.7516124999999999 0.5918462980318651 0.0848 0.03339268978444236
0 0.9551625 0.5798594189315839 0.0888 0.0246485473289597
0 0.788675 0.48794751640112466 0.021862499999999997 0.046344892221180885
0 0.7714125 0.4890909090909091 0.0126625 0.03644798500468604
0 0.9871500000000001 0.28241799437675724 0.022799999999999997 0.049409559512652294
0 0.7541500000000001 0.2881349578256795 0.01165 0.010590440487347705
0 0.602375 0.2913683223992502 0.0208 0.02162136832239925
0 0.6546500000000001 0.08316776007497656 0.0228125 0.05814432989690722
0 0.4567 0.6393158388003749 0.015375000000000002 0.010112464854732895
0 0.5149750000000001 0.6529053420805998 0.020550000000000002 0.016429240862230556
0 0.3487625 0.7417994376757263 0.0179375 0.012830365510777882
0 0.48345 0.7988191190253047 0.0153625 0.017507029053420806
1 0.3254875 0.7107403936269916 0.318825 0.09251171508903468
1 0.48291249999999997 0.6131958762886598 0.3148375 0.09142455482661668
1 0.6684874999999999 0.3865042174320525 0.1956 0.20829428303655106
1 0.8841125 0.36074039362699156 0.23176249999999998 0.15384254920337395
1 0.8152875 0.4002061855670103 0.120425 0.23863167760074977
0 0.8406375 0.7983223992502343 0.0228125 0.01141518275538894