0 0.6288384512683578 0.8633720930232558 0.11882510013351134 0.11773255813953488
0 0.6695594125500668 0.5508720930232558 0.1268357810413885 0.12354651162790697
0 0.6188251001335113 0.6816860465116279 0.11882510013351134 0.13226744186046513
0 0.335781041388518 0.3946220930232558 0.12817089452603472 0.13953488372093023
0 0.38584779706275035 0.6787790697674418 0.12550066755674233 0.14680232558139536
0 0.32910547396528705 0.5392441860465116 0.1375166889185581 0.11482558139534883
0 0.37917222963951935 0.11409883720930232 0.1375166889185581 0.12209302325581395
0 0.6542056074766355 0.4127906976744186 0.1308411214953271 0.12936046511627908
0 0.4706275033377837 0.9011627906976745 0.12016021361815754 0.12063953488372094
0 0.5033377837116155 0.7354651162790697 0.11348464619492657 0.1308139534883721
0 0.5627503337783711 0.2819767441860465 0.11882510013351134 0.1380813953488372
0 0.8084112149532711 0.3444767441860465 0.11615487316421896 0.13517441860465115
0 0.7096128170894526 0.18604651162790697 0.1268357810413885 0.12063953488372094
0 0.30040053404539385 0.8444767441860465 0.12817089452603472 0.13662790697674418
0 0.562082777036048 0.08866279069767442 0.11481975967957277 0.12645348837209303
0 0.4272363150867824 0.28851744186046513 0.1081441922563418 0.13953488372093023
0 0.22029372496662217 0.2609011627906977 0.11615487316421896 0.13372093023255813
0 0.8371161548731643 0.5377906976744186 0.11081441922563418 0.13953488372093023
0 0.787716955941255 0.7492732558139535 0.1081441922563418 0.1308139534883721
0 0.16622162883845126 0.4680232558139535 0.11748998664886515 0.13953488372093023
0 0.19826435246995994 0.6824127906976745 0.1054739652870494 0.13372093023255813