0 0.5046666666666667 0.3293201133144476 0.13866666666666666 0.14022662889518414
0 0.85 0.3803116147308782 0.132 0.14872521246458922
0 0.3273333333333333 0.8314447592067988 0.132 0.13739376770538245
0 0.19266666666666668 0.7245042492917847 0.132 0.14872521246458922
0 0.8486666666666667 0.5481586402266289 0.15066666666666667 0.13031161473087818
0 0.424 0.13031161473087818 0.13466666666666666 0.14022662889518414
0 0.6093333333333333 0.13243626062322947 0.144 0.13031161473087818
0 0.774 0.2188385269121813 0.136 0.15439093484419264
0 0.13066666666666665 0.5460339943342776 0.13466666666666666 0.16288951841359772
0 0.14466666666666667 0.35410764872521244 0.11466666666666667 0.1359773371104816
0 0.644 0.3328611898016997 0.12666666666666668 0.13456090651558072
0 0.356 0.36827195467422097 0.124 0.14872521246458922
0 0.6386666666666667 0.6388101983002833 0.14266666666666666 0.1388101983002833
0 0.28733333333333333 0.5042492917847026 0.11866666666666667 0.12464589235127478
0 0.25266666666666665 0.2075070821529745 0.12666666666666668 0.12322946175637393
0 0.358 0.6579320113314447 0.12933333333333333 0.13456090651558072
0 0.6973333333333334 0.8208215297450425 0.12666666666666668 0.12039660056657224
0 0.508 0.7067988668555241 0.13333333333333333 0.1359773371104816
0 0.826 0.6919263456090652 0.12133333333333333 0.11614730878186968
0 0.6966666666666667 0.48654390934844194 0.12 0.141643059490085
0 0.5186666666666667 0.8661473087818697 0.148 0.12464589235127478