0 0.4786666666666667 0.6692634560906515 0.12666666666666668 0.1274787535410765
0 0.14 0.580028328611898 0.11866666666666667 0.1359773371104816
0 0.704 0.18980169971671387 0.12 0.12464589235127478
0 0.828 0.31090651558073656 0.11866666666666667 0.1359773371104816
0 0.158 0.41359773371104813 0.14 0.11473087818696884
0 0.5393333333333333 0.8760623229461756 0.12266666666666666 0.1274787535410765
0 0.35533333333333333 0.853399433427762 0.13333333333333333 0.11614730878186968
0 0.2 0.7492917847025495 0.12266666666666666 0.141643059490085
0 0.872 0.495042492917847 0.12 0.1501416430594901
0 0.8393333333333334 0.6848441926345609 0.10266666666666667 0.12464589235127478
0 0.3406666666666667 0.6501416430594901 0.11466666666666667 0.12181303116147309
0 0.63 0.6473087818696884 0.11066666666666666 0.13739376770538245
0 0.376 0.34631728045325777 0.13066666666666665 0.12464589235127478
0 0.712 0.5191218130311614 0.108 0.11331444759206799
0 0.7173333333333334 0.8186968838526912 0.116 0.11048158640226628
0 0.6566666666666666 0.358356940509915 0.11733333333333333 0.12181303116147309
0 0.3353333333333333 0.15934844192634562 0.11733333333333333 0.10764872521246459
0 0.5126666666666667 0.29320113314447593 0.12133333333333333 0.12322946175637393
0 0.19466666666666665 0.2726628895184136 0.112 0.1048158640226629
0 0.30333333333333334 0.4915014164305949 0.108 0.13031161473087818
0 0.5173333333333333 0.13385269121813032 0.13733333333333334 0.11048158640226628