0 0.646 0.1262135922330097 0.108 0.10818307905686546
0 0.8566666666666667 0.3945908460471567 0.11333333333333333 0.10124826629680998
0 0.8506666666666667 0.6359223300970874 0.108 0.11095700416088766
0 0.5953333333333334 0.8751733703190014 0.11333333333333333 0.11234396671289876
0 0.16733333333333333 0.36130374479889044 0.11066666666666666 0.0970873786407767
0 0.21066666666666667 0.25866851595006934 0.11066666666666666 0.11511789181692095
0 0.38133333333333336 0.6428571428571429 0.10533333333333333 0.11095700416088766
0 0.27066666666666667 0.8092926490984743 0.11066666666666666 0.11234396671289876
0 0.676 0.45700416088765605 0.10266666666666667 0.12205270457697642
0 0.794 0.7524271844660194 0.116 0.11789181692094314
0 0.4093333333333333 0.30235783633841884 0.096 0.10957004160887657
0 0.6673333333333333 0.5762829403606102 0.11466666666666667 0.11511789181692095
0 0.16066666666666668 0.478502080443828 0.1 0.11095700416088766
0 0.16533333333333333 0.602635228848821 0.108 0.11927877947295423
0 0.3406666666666667 0.5325936199722607 0.10933333333333334 0.1262135922330097
0 0.74 0.19486823855755894 0.10933333333333334 0.12066574202496533
0 0.8113333333333334 0.2871012482662968 0.12266666666666666 0.11650485436893204
0 0.6146666666666667 0.34257975034674065 0.10533333333333333 0.11234396671289876
0 0.608 0.6553398058252428 0.08933333333333333 0.09015256588072122
0 0.522 0.2871012482662968 0.07866666666666666 0.10402219140083217
0 0.396 0.11650485436893204 0.10133333333333333 0.11234396671289876
0 0.8713333333333333 0.5187239944521498 0.09733333333333333 0.11511789181692095
0 0.35533333333333333 0.8647711511789181 0.08666666666666667 0.08737864077669903
0 0.496 0.6823855755894591 0.09333333333333334 0.11511789181692095
0 0.7086666666666667 0.8321775312066574 0.092 0.09292649098474341
0 0.5226666666666666 0.0957004160887656 0.1 0.11095700416088766
0 0.46266666666666667 0.8918169209431346 0.11066666666666666 0.09292649098474341
0 0.198 0.7246879334257975 0.09866666666666667 0.10818307905686546
0 0.2846666666666667 0.17267683772538142 0.08666666666666667 0.09986130374479889
0 0.338 0.3897364771151179 0.092 0.11511789181692095