0 0.29992592592592593 0.32804629629629634 0.011157407407407408 0.01262037037037037
1 0.29183333333333333 0.33498148148148144 0.06362037037037037 0.05734259259259259
1 0.2858425925925926 0.1888425925925926 0.26379629629629625 0.13850925925925925
0 0.30127777777777776 0.16298148148148148 0.021574074074074075 0.014981481481481481
1 0.0806388888888889 0.3930740740740741 0.1612777777777778 0.1442962962962963
1 0.06752777777777778 0.4316388888888889 0.1350462962962963 0.12039814814814814
1 0.27485185185185185 0.5091759259259259 0.13458333333333333 0.11266666666666668
1 0.09418518518518518 0.6795462962962963 0.14817592592592593 0.22060185185185185
1 0.22701851851851854 0.7371574074074074 0.13760185185185186 0.12208333333333332
1 0.39966666666666667 0.7959259259259259 0.1275 0.13042592592592595
1 0.32030555555555557 0.6076481481481482 0.09360185185185185 0.12350925925925925
1 0.3189166666666667 0.6093703703703703 0.15875925925925927 0.20053703703703704
0 0.3572037037037037 0.5669074074074074 0.011240740740740742 0.022222222222222223
0 0.8680462962962963 0.7991944444444444 0.006935185185185186 0.008185185185185184
0 0.9179814814814814 0.7196203703703704 0.0065 0.008407407407407407
0 0.9738981481481481 0.6903055555555555 0.003416666666666667 0.015370370370370371
0 0.8539629629629629 0.6426481481481481 0.011555555555555557 0.009685185185185186
0 0.9005092592592592 0.5110925925925927 0.010611111111111111 0.011555555555555557
0 0.8771388888888888 0.4012777777777778 0.005851851851851852 0.023574074074074074
0 0.7349166666666667 0.21700925925925926 0.016888888888888887 0.0225
1 0.6337407407407408 0.15401851851851853 0.08926851851851851 0.054981481481481485
1 0.7564166666666666 0.22899074074074074 0.1433888888888889 0.243962962962963
1 0.6196759259259259 0.36450000000000005 0.09648148148148149 0.2002685185185185
1 0.6439074074074074 0.45165740740740745 0.07172222222222221 0.14725925925925926
1 0.8977407407407407 0.3938148148148148 0.08961111111111111 0.19783333333333333
1 0.8988888888888888 0.4964814814814815 0.11096296296296297 0.19416666666666665
1 0.8368981481481482 0.6099537037037037 0.23340740740740742 0.14725925925925926
1 0.9623981481481483 0.6856203703703704 0.03811111111111111 0.09792592592592593
1 0.8584537037037037 0.7825277777777778 0.06596296296296296 0.06453703703703705
1 0.896787037037037 0.6878333333333333 0.16856481481481483 0.27528703703703705
1 0.9516481481481481 0.8158981481481481 0.09671296296296296 0.06340740740740741