0 0.708203125 0.46484375 0.07890625 0.09140625
0 0.51796875 0.539453125 0.09296875 0.06484375
0 0.424609375 0.5171875 0.0921875 0.075
0 0.299609375 0.409375 0.071875 0.08671875
0 0.389453125 0.16796875 0.0828125 0.08984375
0 0.1234375 0.616796875 0.07109375 0.07578125
0 0.662890625 0.421875 0.06796875 0.0671875
0 0.22109375 0.5734375 0.07421875 0.07109375
0 0.615234375 0.512109375 0.09296875 0.071875
0 0.08046875 0.88828125 0.07109375 0.07578125
0 0.4765625 0.47421875 0.0703125 0.0625
0 0.751171875 0.561328125 0.059375 0.0609375
0 0.45 0.79453125 0.07109375 0.07578125
0 0.548046875 0.751171875 0.07421875 0.07109375
0 0.178125 0.844921875 0.07421875 0.07109375
0 0.73515625 0.229296875 0.071875 0.07890625
0 0.6734375 0.90390625 0.0671875 0.06875
0 0.7890625 0.71953125 0.06328125 0.065625
0 0.3921875 0.34609375 0.07109375 0.071875
0 0.619921875 0.322265625 0.05703125 0.0671875
0 0.908203125 0.560546875 0.06875 0.07109375
0 0.37578125 0.72421875 0.0765625 0.07265625
0 0.801171875 0.315625 0.0625 0.09609375
0 0.761328125 0.1390625 0.0890625 0.09296875
0 0.55078125 0.105078125 0.07265625 0.0671875
0 0.30859375 0.16328125 0.06796875 0.08125
0 0.4 0.09375 0.08359375 0.08203125
0 0.578125 0.05390625 0.08515625 0.06328125
0 0.022265625 0.818359375 0.04453125 0.07265625
0 0.04921875 0.546875 0.07734375 0.07265625
0 0.8 0.523046875 0.0625 0.06640625
0 0.355859375 0.4765625 0.06484375 0.07734375
0 0.671484375 0.075390625 0.08671875 0.0671875
0 0.466015625 0.41484375 0.06328125 0.059375
0 0.41015625 0.44921875 0.06484375 0.053125
0 0.612890625 0.45859375 0.05703125 0.0546875
0 0.429296875 0.639453125 0.075 0.07734375
0 0.059765625 0.733203125 0.07421875 0.0765625
0 0.630078125 0.112890625 0.08046875 0.06015625
0 0.5515625 0.48125 0.06875 0.0546875
0 0.726953125 0.62265625 0.06640625 0.06953125
0 0.85234375 0.7234375 0.06015625 0.0578125
0 0.8546875 0.8421875 0.06875 0.071875
0 0.746484375 0.804296875 0.0609375 0.065625
0 0.6109375 0.258203125 0.07109375 0.0609375
0 0.848828125 0.965625 0.05703125 0.06328125
0 0.73515625 0.983984375 0.0625 0.03203125
0 0.102734375 0.46171875 0.07421875 0.0765625
0 0.78984375 0.2203125 0.0625 0.065625
0 0.69765625 0.153125 0.07421875 0.06953125
0 0.51953125 0.656640625 0.06640625 0.07265625
0 0.471875 0.118359375 0.06796875 0.06484375
0 0.7375 0.298046875 0.05546875 0.06484375
0 0.9265625 0.625 0.05234375 0.05546875
0 0.798828125 0.98828125 0.06171875 0.0234375
0 0.19296875 0.478515625 0.06640625 0.07265625
0 0.771875 0.394140625 0.0546875 0.0640625
0 0.269921875 0.240625 0.05859375 0.08515625
0 0.15 0.750390625 0.06640625 0.07265625
0 0.65859375 0.2171875 0.0703125 0.0609375
0 0.697265625 0.843359375 0.06015625 0.06171875
0 0.32578125 0.323046875 0.0640625 0.08046875
0 0.341015625 0.240625 0.05390625 0.06953125
0 0.646484375 0.1734375 0.06953125 0.0625
0 0.87265625 0.906640625 0.053125 0.0546875
0 0.719140625 0.36875 0.05859375 0.08125
0 0.482421875 0.062109375 0.07109375 0.06484375
0 0.5859375 0.40703125 0.06328125 0.05546875
0 0.902734375 0.684375 0.05859375 0.0640625
0 0.676171875 0.272265625 0.059375 0.059375
0 0.492578125 0.249609375 0.053125 0.059375
0 0.80859375 0.8 0.05625 0.06015625
0 0.630078125 0.3703125 0.05 0.0484375
0 0.2703125 0.33359375 0.059375 0.07890625
0 0.53125 0.37421875 0.059375 0.06328125
0 0.526171875 0.423828125 0.0640625 0.05234375
0 0.590234375 0.1625 0.05390625 0.05546875
0 0.47578125 0.359375 0.0703125 0.05859375
0 0.43984375 0.322265625 0.06796875 0.06015625
0 0.52578125 0.198046875 0.0640625 0.0609375
0 0.462890625 0.219140625 0.0515625 0.0578125
0 0.862109375 0.518359375 0.0578125 0.0609375
0 0.419140625 0.396484375 0.06875 0.0609375
0 0.677734375 0.328125 0.04375 0.05625
0 0.534375 0.327734375 0.06328125 0.04140625
0 0.43515625 0.26796875 0.0484375 0.0609375
0 0.47890625 0.30546875 0.04609375 0.05
0 0.47734375 0.165625 0.0625 0.06015625
0 0.3609375 0.401171875 0.0515625 0.05703125
0 0.58125 0.29765625 0.04296875 0.0578125
0 0.5828125 0.208203125 0.06953125 0.04921875
0 0.6859375 0.97265625 0.04921875 0.04921875
0 0.3859375 0.26796875 0.04921875 0.0734375
0 0.738671875 0.690625 0.0484375 0.04921875
0 0.42109375 0.20703125 0.05625 0.059375
0 0.5828125 0.364453125 0.04296875 0.0546875
0 0.537109375 0.15390625 0.053125 0.0484375
0 0.550390625 0.248828125 0.0609375 0.0515625