0 0.3233333333333333 0.6058743169398907 0.156 0.15300546448087432
0 0.8386666666666667 0.6338797814207651 0.12133333333333333 0.1366120218579235
0 0.12733333333333333 0.4057377049180328 0.13066666666666665 0.1407103825136612
0 0.408 0.29439890710382516 0.15866666666666668 0.15710382513661203
0 0.7653333333333333 0.782103825136612 0.14933333333333335 0.17896174863387979
0 0.6926666666666667 0.17486338797814208 0.14666666666666667 0.1366120218579235
0 0.18333333333333332 0.7363387978142076 0.14133333333333334 0.1407103825136612
0 0.8193333333333334 0.31420765027322406 0.124 0.13797814207650272
0 0.5713333333333334 0.3155737704918033 0.14933333333333335 0.16256830601092895
0 0.46266666666666667 0.9043715846994536 0.152 0.1325136612021858
0 0.20666666666666667 0.24112021857923496 0.14133333333333334 0.17486338797814208
0 0.314 0.855191256830601 0.15066666666666667 0.16393442622950818
0 0.4673333333333333 0.6994535519125683 0.144 0.11065573770491803
0 0.11733333333333333 0.5710382513661202 0.12266666666666666 0.15437158469945356
0 0.612 0.6741803278688525 0.128 0.12295081967213115
0 0.6233333333333333 0.8777322404371585 0.15733333333333333 0.13387978142076504
0 0.5353333333333333 0.10314207650273224 0.144 0.1092896174863388
0 0.868 0.4760928961748634 0.116 0.14754098360655737
0 0.66 0.5013661202185792 0.14666666666666667 0.18169398907103826
0 0.30666666666666664 0.44603825136612024 0.12666666666666668 0.16256830601092895
0 0.354 0.12363387978142076 0.17466666666666666 0.13934426229508196