0 0.354 0.6468579234972678 0.16 0.15710382513661203
0 0.8606666666666667 0.5457650273224044 0.12533333333333332 0.1407103825136612
0 0.11666666666666667 0.5006830601092896 0.13466666666666666 0.14344262295081966
0 0.362 0.32308743169398907 0.16266666666666665 0.16120218579234974
0 0.824 0.7076502732240437 0.15466666666666667 0.1830601092896175
0 0.6106666666666667 0.1366120218579235 0.15066666666666667 0.1407103825136612
0 0.24866666666666667 0.8080601092896175 0.14533333333333334 0.1448087431693989
0 0.766 0.24043715846994534 0.128 0.14207650273224043
0 0.5253333333333333 0.30327868852459017 0.15333333333333332 0.16666666666666666
0 0.5593333333333333 0.9016393442622951 0.15466666666666667 0.13797814207650272
0 0.15466666666666667 0.32172131147540983 0.14666666666666667 0.17896174863387979
0 0.4033333333333333 0.8907103825136612 0.15466666666666667 0.1680327868852459
0 0.5153333333333333 0.7015027322404371 0.14666666666666667 0.11475409836065574
0 0.14533333333333334 0.6632513661202186 0.12666666666666668 0.15710382513661203
0 0.65 0.6413934426229508 0.13066666666666665 0.12568306010928962
0 0.7093333333333334 0.8360655737704918 0.16133333333333333 0.13797814207650272
0 0.44066666666666665 0.10655737704918032 0.14666666666666667 0.1133879781420765
0 0.8513333333333334 0.3859289617486339 0.12 0.15027322404371585
0 0.6553333333333333 0.46174863387978143 0.152 0.18442622950819673
0 0.29933333333333334 0.4959016393442623 0.132 0.16666666666666666
0 0.27 0.17076502732240437 0.17733333333333334 0.1448087431693989