0 0.37866666666666665 0.3312841530054645 0.13466666666666666 0.14617486338797814
0 0.4053333333333333 0.8592896174863388 0.12266666666666666 0.11202185792349727
0 0.5526666666666666 0.11065573770491803 0.12533333333333332 0.12158469945355191
0 0.69 0.38456284153005466 0.13866666666666666 0.1489071038251366
0 0.254 0.799863387978142 0.16133333333333333 0.1366120218579235
0 0.836 0.662568306010929 0.12 0.13797814207650272
0 0.23733333333333334 0.20218579234972678 0.124 0.1325136612021858
0 0.714 0.8060109289617486 0.124 0.11475409836065574
0 0.6866666666666666 0.5532786885245902 0.14533333333333334 0.13797814207650272
0 0.10333333333333333 0.5040983606557377 0.116 0.14344262295081966
0 0.7206666666666667 0.17418032786885246 0.15866666666666668 0.1284153005464481
0 0.136 0.3476775956284153 0.14666666666666667 0.13934426229508196
0 0.30333333333333334 0.48770491803278687 0.09466666666666666 0.13797814207650272
0 0.3913333333333333 0.11748633879781421 0.14 0.11065573770491803
0 0.3426666666666667 0.6325136612021858 0.108 0.12021857923497267
0 0.146 0.6653005464480874 0.116 0.15027322404371585
0 0.8886666666666667 0.49453551912568305 0.09333333333333334 0.13797814207650272
0 0.5613333333333334 0.8722677595628415 0.13333333333333333 0.1051912568306011
0 0.5153333333333333 0.6632513661202186 0.164 0.13387978142076504
0 0.532 0.29713114754098363 0.148 0.11475409836065574
0 0.85 0.3121584699453552 0.12 0.16666666666666666