0 0.293359375 0.7526358475263585 0.0984375 0.09245742092457421
0 0.851953125 0.6982968369829684 0.09609375 0.11030008110300081
0 0.08203125 0.3450932684509327 0.09453125 0.12408759124087591
0 0.1203125 0.6719383617193836 0.10078125 0.1386861313868613
0 0.727734375 0.8442822384428224 0.09609375 0.10381184103811841
0 0.5953125 0.8012976480129764 0.084375 0.08191403081914031
0 0.534375 0.902676399026764 0.115625 0.08353609083536091
0 0.214453125 0.8150851581508516 0.0984375 0.09326845093268452
0 0.222265625 0.30251419302514193 0.0828125 0.08191403081914031
0 0.808984375 0.38321167883211676 0.08828125 0.11273317112733171
0 0.1953125 0.1922141119221411 0.10390625 0.08840227088402271
0 0.71640625 0.7274939172749392 0.13203125 0.12408759124087591
0 0.288671875 0.3710462287104623 0.09765625 0.08434712084347121
0 0.424609375 0.20072992700729927 0.0828125 0.064882400648824
0 0.34375 0.13138686131386862 0.07421875 0.062449310624493104
0 0.401953125 0.8183292781832928 0.0859375 0.08191403081914031
0 0.50546875 0.08637469586374696 0.1453125 0.09245742092457421
0 0.719140625 0.6021897810218978 0.14453125 0.08596918085969181
0 0.61796875 0.6881589618815896 0.06484375 0.0665044606650446
0 0.58125 0.20478507704785076 0.10703125 0.07542579075425791
0 0.491015625 0.29480940794809407 0.07890625 0.0705596107055961
0 0.919140625 0.5085158150851582 0.08203125 0.1030008110300081
0 0.362109375 0.6914030819140308 0.06953125 0.0665044606650446
0 0.8140625 0.20559610705596107 0.0984375 0.10137875101378752
0 0.36328125 0.9136253041362531 0.071875 0.06326034063260341
0 0.6765625 0.13260340632603407 0.06640625 0.0705596107055961
0 0.667578125 0.6382806163828062 0.06640625 0.054339010543390104
0 0.703125 0.4545823195458232 0.06171875 0.0770478507704785
0 0.075390625 0.5068937550689375 0.0609375 0.0746147607461476
0 0.817578125 0.5109489051094891 0.05859375 0.0746147607461476
0 0.9046875 0.3381995133819951 0.0546875 0.0770478507704785
0 0.1859375 0.4444444444444444 0.084375 0.15085158150851583
0 0.284765625 0.6618004866180048 0.1078125 0.09651257096512571
0 0.42265625 0.7242497972424979 0.0453125 0.07948094079480941
0 0.406640625 0.5543390105433901 0.03046875 0.0332522303325223
0 0.2703125 0.46147607461476076 0.05078125 0.08191403081914031
0 0.336328125 0.3029197080291971 0.09921875 0.16139497161394972
0 0.54375 0.7214111922141119 0.05078125 0.09407948094079481
0 0.24140625 0.615977291159773 0.153125 0.10056772100567721
0 0.597265625 0.5977291159772912 0.0390625 0.043795620437956206
0 0.697265625 0.37793998377939986 0.09140625 0.062449310624493104
0 0.578125 0.3057583130575831 0.06015625 0.09732360097323602
0 0.4515625 0.3815896188158962 0.03671875 0.038929440389294405
0 0.47734375 0.5871857258718572 0.0390625 0.038929440389294405
0 0.38125 0.6180048661800487 0.03671875 0.034874290348742905
0 0.60859375 0.4562043795620438 0.03359375 0.038929440389294405
0 0.475390625 0.4367396593673966 0.03671875 0.0413625304136253
0 0.3359375 0.4821573398215734 0.0375 0.038118410381184104
0 0.66875 0.29927007299270075 0.15390625 0.17680454176804541
0 0.3328125 0.5340632603406326 0.03671875 0.0364963503649635
0 0.40546875 0.29967558799675587 0.04765625 0.10543390105433902
0 0.56484375 0.6338199513381995 0.0375 0.040551500405515
0 0.584375 0.4148418491484185 0.03515625 0.0364963503649635
0 0.353515625 0.5859691808596919 0.0421875 0.0373073803730738
0 0.54296875 0.3872668288726683 0.03828125 0.038118410381184104
0 0.4953125 0.3751013787510138 0.0328125 0.0364963503649635
0 0.404296875 0.39902676399026765 0.03203125 0.030819140308191405
0 0.716015625 0.5291970802919708 0.1296875 0.042173560421735604
0 0.393359375 0.5154095701540957 0.0375 0.038929440389294405
0 0.43046875 0.6390916463909164 0.03828125 0.042173560421735604
0 0.490625 0.7627737226277372 0.06875 0.1654501216545012
0 0.52109375 0.6480129764801298 0.03515625 0.035685320356853206
0 0.555859375 0.5154095701540957 0.04296875 0.038929440389294405
0 0.4046875 0.47364152473641524 0.04296875 0.0373073803730738
0 0.611328125 0.5519059205190592 0.040625 0.038118410381184104
0 0.475390625 0.6472019464720195 0.040625 0.035685320356853206
0 0.434375 0.44120032441200324 0.03046875 0.034874290348742905
0 0.541796875 0.4740470397404704 0.0375 0.034874290348742905
0 0.51953125 0.5843471208434712 0.0390625 0.0413625304136253
0 0.616015625 0.5024330900243309 0.03671875 0.039740470397404706
0 0.21953125 0.5506893755068938 0.146875 0.054339010543390104
0 0.5171875 0.4440389294403893 0.040625 0.0373073803730738
0 0.3625 0.43146796431467965 0.0359375 0.038118410381184104
0 0.435546875 0.5798864557988646 0.0390625 0.0364963503649635
0 0.553125 0.5555555555555556 0.03671875 0.040551500405515