0 0.28515625 0.7449310624493106 0.0953125 0.08921330089213302
0 0.844921875 0.7108678021086781 0.0921875 0.1070559610705596
0 0.0875 0.33008921330089214 0.090625 0.12084347120843471
0 0.11484375 0.6581508515815085 0.09609375 0.1354420113544201
0 0.716015625 0.8523925385239254 0.09296875 0.10056772100567721
0 0.58515625 0.8045417680454177 0.08203125 0.0786699107866991
0 0.520703125 0.9034874290348743 0.11328125 0.07948094079480941
0 0.20390625 0.8045417680454177 0.0953125 0.09002433090024331
0 0.22890625 0.2923763179237632 0.08046875 0.0786699107866991
0 0.812890625 0.39456609894566097 0.084375 0.10948905109489052
0 0.205859375 0.18126520681265207 0.10078125 0.0851581508515815
0 0.70859375 0.735198702351987 0.128125 0.1192214111922141
0 0.29296875 0.3633414436334144 0.0953125 0.08110300081103
0 0.434765625 0.19829683698296838 0.08046875 0.06163828061638281
0 0.35625 0.12611516626115166 0.071875 0.06001622060016221
0 0.39140625 0.8146796431467964 0.08359375 0.0786699107866991
0 0.51953125 0.0867802108678021 0.1421875 0.08759124087591241
0 0.715625 0.6098945660989457 0.1421875 0.08110300081103
0 0.61171875 0.6922141119221411 0.0625 0.0640713706407137
0 0.591015625 0.20802919708029197 0.1046875 0.07137064071370641
0 0.498046875 0.29480940794809407 0.0765625 0.0681265206812652
0 0.91875 0.5235198702351987 0.07890625 0.10056772100567721
0 0.355859375 0.6861313868613139 0.0671875 0.0640713706407137
0 0.823828125 0.21735604217356042 0.0953125 0.09813463098134631
0 0.349609375 0.9083536090835361 0.06953125 0.06082725060827251
0 0.688671875 0.13909164639091645 0.0640625 0.0681265206812652
0 0.662890625 0.6443633414436334 0.06484375 0.05190592051905921
0 0.7046875 0.46188158961881587 0.059375 0.0746147607461476
0 0.075390625 0.49148418491484186 0.05859375 0.07218167072181671
0 0.8171875 0.5223033252230332 0.05625 0.072992700729927
0 0.909765625 0.35279805352798055 0.05234375 0.07542579075425791
0 0.187890625 0.43309002433090027 0.0796875 0.14841849148418493
0 0.279296875 0.654095701540957 0.1046875 0.09245742092457421
0 0.415234375 0.7214111922141119 0.04296875 0.07785888077858881
0 0.4046875 0.551094890510949 0.0296875 0.032441200324412
0 0.271875 0.45336577453365773 0.0484375 0.08029197080291971
0 0.34296875 0.29724249797242497 0.09375 0.15815085158150852
0 0.536328125 0.7230332522303325 0.04765625 0.09245742092457421
0 0.2375 0.6066504460665044 0.15 0.0948905109489051
0 0.59375 0.6013787510137875 0.0375 0.042173560421735604
0 0.701171875 0.38523925385239255 0.08984375 0.059205190592051905
0 0.584765625 0.3085969180859692 0.05703125 0.09570154095701541
0 0.45546875 0.3799675587996756 0.03515625 0.0373073803730738
0 0.474609375 0.5863746958637469 0.0375 0.0373073803730738
0 0.37734375 0.6135442011354421 0.0359375 0.0332522303325223
0 0.61015625 0.4602595296025953 0.03203125 0.038118410381184104
0 0.47734375 0.4359286293592863 0.03515625 0.039740470397404706
0 0.33671875 0.47607461476074614 0.0359375 0.0364963503649635
0 0.675390625 0.305352798053528 0.1484375 0.1711273317112733
0 0.331640625 0.5279805352798054 0.0359375 0.034874290348742905
0 0.412109375 0.2964314679643147 0.04453125 0.10381184103811841
0 0.56015625 0.6362530413625304 0.0359375 0.038929440389294405
0 0.587109375 0.4180859691808597 0.03359375 0.035685320356853206
0 0.35078125 0.5806974858069749 0.040625 0.035685320356853206
0 0.546875 0.3888888888888889 0.03671875 0.0364963503649635
0 0.499609375 0.3751013787510138 0.03125 0.035685320356853206
0 0.4078125 0.3957826439578264 0.03125 0.030008110300081103
0 0.71484375 0.5369018653690186 0.128125 0.0373073803730738
0 0.39296875 0.5113544201135442 0.0359375 0.0373073803730738
0 0.42578125 0.6366585563665855 0.03671875 0.040551500405515
0 0.481640625 0.7623682076236821 0.06328125 0.1630170316301703
0 0.516015625 0.64882400648824 0.034375 0.0340632603406326
0 0.55546875 0.5174371451743714 0.04140625 0.0373073803730738
0 0.40546875 0.47039740470397406 0.04140625 0.035685320356853206
0 0.609375 0.5559610705596107 0.0390625 0.0364963503649635
0 0.4703125 0.6463909164639091 0.03984375 0.0340632603406326
0 0.436328125 0.43876723438767234 0.0296875 0.0340632603406326
0 0.542578125 0.47566909975669097 0.03671875 0.0332522303325223
0 0.516796875 0.5851581508515815 0.0375 0.039740470397404706
0 0.616015625 0.5064882400648824 0.03515625 0.038118410381184104
0 0.21796875 0.540551500405515 0.1453125 0.0494728304947283
0 0.519140625 0.4448499594484996 0.0390625 0.035685320356853206
0 0.36484375 0.42660178426601786 0.034375 0.0364963503649635
0 0.4328125 0.5774533657745337 0.03828125 0.034874290348742905
0 0.551171875 0.5575831305758313 0.03515625 0.038929440389294405