0 0.2765625 0.8171892497200448 0.14583333333333334 0.1522956326987682
0 0.6580729166666667 0.8695408734602463 0.19322916666666667 0.17581187010078386
0 0.6442708333333333 0.14977603583426652 0.1109375 0.12933930571108623
0 0.7859375 0.7841545352743561 0.13802083333333334 0.15845464725643896
0 0.5364583333333334 0.14977603583426652 0.11197916666666667 0.17301231802911535
0 0.7729166666666667 0.20352743561030234 0.11458333333333333 0.14837625979843225
0 0.86796875 0.44988801791713323 0.16458333333333333 0.1595744680851064
0 0.19244791666666666 0.3012318029115342 0.125 0.13997760358342665
0 0.4002604166666667 0.3513437849944009 0.12604166666666666 0.1349384098544233
0 0.28958333333333336 0.5237961926091825 0.10885416666666667 0.1422172452407615
0 0.8583333333333333 0.7091265397536394 0.12708333333333333 0.1270996640537514
0 0.3893229166666667 0.879619260918253 0.1015625 0.10862262038073908
0 0.15234375 0.5999440089585666 0.14114583333333333 0.11478163493840986
0 0.84296875 0.31382978723404253 0.16354166666666667 0.13997760358342665
0 0.5911458333333334 0.6178611422172452 0.09635416666666667 0.09630459126539753
0 0.14479166666666668 0.4605263157894737 0.209375 0.1595744680851064
0 0.6580729166666667 0.33650615901455766 0.12760416666666666 0.1606942889137738
0 0.63984375 0.7256438969764838 0.12239583333333333 0.11142217245240761
0 0.3221354166666667 0.6399776035834267 0.09635416666666667 0.07502799552071669
0 0.88125 0.5929451287793953 0.14375 0.10694288913773796
0 0.4921875 0.8863381858902576 0.11666666666666667 0.13941769316909294
0 0.40729166666666666 0.7320828667413214 0.15625 0.10638297872340426
0 0.465625 0.6349384098544233 0.11041666666666666 0.10638297872340426
0 0.6111979166666667 0.4851623740201568 0.08333333333333333 0.10694288913773796
0 0.5377604166666666 0.7458006718924972 0.0953125 0.1019036954087346
0 0.5057291666666667 0.4316909294512878 0.096875 0.09630459126539753
0 0.515625 0.3082306830907055 0.09010416666666667 0.09798432250839866
0 0.7421875 0.5627099664053752 0.07291666666666667 0.08174692049272117
0 0.7096354166666666 0.6396976483762598 0.11354166666666667 0.11982082866741321
0 0.31953125 0.4008958566629339 0.078125 0.09798432250839866
0 0.7203125 0.45716685330347145 0.0828125 0.08902575587905935
0 0.27578125 0.21808510638297873 0.09322916666666667 0.11982082866741321
0 0.4 0.5064389697648376 0.08125 0.1103023516237402
0 0.17291666666666666 0.7158454647256439 0.14479166666666668 0.10022396416573348
0 0.3921875 0.1595744680851064 0.1515625 0.22732362821948487