0 0.23880208333333333 0.21808510638297873 0.13697916666666668 0.1522956326987682
0 0.1375 0.6170212765957447 0.1578125 0.20212765957446807
0 0.8026041666666667 0.7024076147816349 0.1171875 0.11534154535274356
0 0.1984375 0.7648376259798432 0.14322916666666666 0.1433370660694289
0 0.8174479166666667 0.5873460246360582 0.15833333333333333 0.11478163493840986
0 0.73515625 0.8317469204927211 0.13489583333333333 0.1187010078387458
0 0.4947916666666667 0.8986562150055991 0.14322916666666666 0.17189249720044794
0 0.72578125 0.20016797312430012 0.1265625 0.13045912653975364
0 0.65078125 0.41461366181410975 0.12135416666666667 0.13157894736842105
0 0.5075520833333333 0.2726763717805151 0.12916666666666668 0.11254199328107503
0 0.25755208333333335 0.8524636058230683 0.11458333333333333 0.13325867861142218
0 0.165625 0.3292273236282195 0.09791666666666667 0.10582306830907055
0 0.45651041666666664 0.11590145576707726 0.10208333333333333 0.14837625979843225
0 0.6239583333333333 0.891097424412094 0.125 0.17189249720044794
0 0.37864583333333335 0.5806270996640538 0.08697916666666666 0.10078387458006718
0 0.5856770833333333 0.1270996640537514 0.1421875 0.2206047032474804
0 0.6286458333333333 0.6912094064949608 0.14583333333333334 0.13213885778275475
0 0.27265625 0.6175811870100784 0.1 0.1282194848824188
0 0.39557291666666666 0.2911534154535274 0.06666666666666667 0.1013437849944009
0 0.3614583333333333 0.893057110862262 0.09479166666666666 0.1511758118701008
0 0.1453125 0.43784994400895855 0.12604166666666666 0.12150055991041434
0 0.2989583333333333 0.36898096304591266 0.09427083333333333 0.16517357222844345
0 0.38046875 0.44456886898096304 0.0953125 0.11590145576707726
0 0.4981770833333333 0.620380739081747 0.096875 0.08622620380739082
0 0.26848958333333334 0.5058790593505039 0.0921875 0.09966405375139978
0 0.5619791666666667 0.5156774916013438 0.08697916666666666 0.1013437849944009
0 0.6744791666666666 0.5431131019036954 0.08854166666666667 0.093505039193729
0 0.40859375 0.7491601343784995 0.07395833333333333 0.0761478163493841
0 0.3421875 0.7035274356103024 0.1078125 0.1187010078387458
0 0.61640625 0.32166853303471443 0.0890625 0.08062709966405375
0 0.5088541666666667 0.740481522956327 0.08020833333333334 0.08622620380739082
0 0.7908854166666667 0.3003919372900336 0.10885416666666667 0.09630459126539753
0 0.5080729166666667 0.39249720044792835 0.10052083333333334 0.083986562150056
0 0.34661458333333334 0.12178051511758119 0.08854166666666667 0.1528555431131019
0 0.8283854166666667 0.4328107502799552 0.20729166666666668 0.15565509518477044