0 0.3098958333333333 0.7643614054657 0.10572916666666667 0.09258226436140547
0 0.78515625 0.1899051868377022 0.10364583333333334 0.11154489682097044
0 0.7315104166666667 0.760457334076966 0.10104166666666667 0.10094813162297825
0 0.2 0.7916899051868377 0.08125 0.09704406023424428
0 0.17291666666666666 0.42721695482431676 0.08020833333333334 0.10485220301171222
0 0.8981770833333333 0.6720580033463469 0.07239583333333334 0.09369771332961517
0 0.1109375 0.6427774679308421 0.0828125 0.0886781929726715
0 0.5502604166666667 0.8282208588957055 0.0828125 0.053541550474065815
0 0.6421875 0.10429447852760736 0.09375 0.07194645844952594
0 0.08463541666666667 0.48633575013943114 0.06979166666666667 0.10373675404350251
0 0.7091145833333333 0.8918014500836586 0.09479166666666666 0.08142777467930842
0 0.4140625 0.7230897936419409 0.090625 0.08254322364751812
0 0.6130208333333333 0.7275515895147797 0.0671875 0.08700501952035694
0 0.9338541666666667 0.5041829336307864 0.06927083333333334 0.11154489682097044
0 0.8106770833333333 0.37116564417177916 0.0734375 0.09592861126603458
0 0.48385416666666664 0.7487451199107641 0.07604166666666666 0.06748466257668712
0 0.47265625 0.15448968209704406 0.09322916666666667 0.06692693809258227
0 0.3125 0.6514221974344674 0.06302083333333333 0.0897936419408812
0 0.25885416666666666 0.5418293363078639 0.06510416666666667 0.06413831567205801
0 0.6364583333333333 0.34913552704963746 0.06302083333333333 0.0630228667038483
0 0.734375 0.6246514221974344 0.071875 0.08087005019520357
0 0.7669270833333334 0.4796430563301729 0.07083333333333333 0.08365867261572783
0 0.12135416666666667 0.33240379252649194 0.078125 0.1015058561070831
0 0.46041666666666664 0.3064696040156163 0.08333333333333333 0.07529280535415504
0 0.43645833333333334 0.5538204127161183 0.05520833333333333 0.07027328499721137
0 0.253125 0.4626324595649749 0.07760416666666667 0.07640825432236475
0 0.72421875 0.3449525934188511 0.0828125 0.08533184606804238
0 0.340625 0.49219185722253206 0.07447916666666667 0.06860011154489683
0 0.6380208333333334 0.8098159509202454 0.075 0.0747350808700502
0 0.5393229166666667 0.23452314556609036 0.07760416666666667 0.06469604015616286
0 0.31145833333333334 0.8773006134969326 0.07291666666666667 0.06581148912437255
0 0.35052083333333334 0.5566090351366425 0.07135416666666666 0.053541550474065815
0 0.28932291666666665 0.34802007808142776 0.07604166666666666 0.06971556051310653
0 0.6864583333333333 0.456776352481874 0.0625 0.046848856664807585
0 0.3963541666666667 0.33825989960959285 0.059375 0.06860011154489683
0 0.47552083333333334 0.8262688232013385 0.0578125 0.0501952035694367
0 0.55859375 0.560234244283324 0.05520833333333333 0.05856107083100948
0 0.6486979166666667 0.2091466815393196 0.05677083333333333 0.05075292805354155
0 0.6557291666666667 0.59425543781372 0.05364583333333333 0.06134969325153374
0 0.24166666666666667 0.6915783602900167 0.0625 0.07250418293363078
0 0.34088541666666666 0.4205242610150586 0.06458333333333334 0.046291132180702736
0 0.5729166666666666 0.16954824316787506 0.06458333333333334 0.047406581148912434
0 0.8901041666666667 0.3413273842721695 0.07916666666666666 0.09369771332961517
0 0.57265625 0.38176240936977135 0.06927083333333334 0.04350250976017847
0 0.5549479166666667 0.6514221974344674 0.06302083333333333 0.10094813162297825
0 0.8497395833333333 0.46346904629113217 0.050520833333333334 0.0769659788064696
0 0.8388020833333333 0.5554935861684328 0.050520833333333334 0.08310094813162298
0 0.71328125 0.24400446179587285 0.04635416666666667 0.047406581148912434
0 0.5872395833333334 0.3148354712771891 0.042708333333333334 0.044617958728388175
0 0.434375 0.6441717791411042 0.0484375 0.05688789737869492
0 0.6177083333333333 0.4852203011712214 0.04635416666666667 0.06246514221974345
0 0.40546875 0.8073061907417736 0.059375 0.04294478527607362
0 0.35911458333333335 0.369771332961517 0.05625 0.053541550474065815
0 0.4856770833333333 0.6486335750139431 0.04791666666666667 0.0780814277746793
0 0.37473958333333335 0.6118237590630229 0.05 0.0652537646402677
0 0.81875 0.7992191857222533 0.0796875 0.09425543781372002
0 0.4622395833333333 0.373675404350251 0.05364583333333333 0.046848856664807585
0 0.20364583333333333 0.6232571109871723 0.06302083333333333 0.047406581148912434
0 0.5122395833333333 0.36949247071946456 0.042708333333333334 0.04573340769659788
0 0.68125 0.4015616285554936 0.0640625 0.0384829894032348
0 0.5143229166666666 0.5158951477969883 0.04583333333333333 0.03792526491912995
0 0.8075520833333333 0.6349693251533742 0.04375 0.05856107083100948
0 0.2734375 0.5998326826547685 0.0375 0.049637479085331844
0 0.68359375 0.5217512548800892 0.09479166666666666 0.06804238706079196
0 0.22161458333333334 0.32292247629670945 0.04583333333333333 0.06023424428332404
0 0.5393229166666667 0.30702732849972114 0.05 0.06023424428332404
0 0.37213541666666666 0.26631344116006694 0.044270833333333336 0.053541550474065815
0 0.6127604166666667 0.6296709425543782 0.04010416666666667 0.05521472392638037
0 0.16875 0.5214723926380368 0.043229166666666666 0.049079754601226995
0 0.48020833333333335 0.4252649191299498 0.0421875 0.040156162855549356
0 0.5419270833333333 0.4230340211935304 0.04895833333333333 0.044617958728388175
0 0.5671875 0.48856664807585054 0.03333333333333333 0.047406581148912434
0 0.78515625 0.6918572225320692 0.036458333333333336 0.049079754601226995
0 0.46484375 0.48661461238148357 0.0359375 0.046291132180702736
0 0.55 0.7518126045733408 0.04010416666666667 0.04517568321249303
0 0.7658854166666667 0.29726715002788623 0.04635416666666667 0.049637479085331844
0 0.42552083333333335 0.2403792526491913 0.052083333333333336 0.07250418293363078
0 0.4127604166666667 0.4938650306748466 0.0390625 0.0384829894032348
0 0.47760416666666666 0.06330172894590072 0.16666666666666666 0.08087005019520357
0 0.5125 0.9127161182375906 0.19270833333333334 0.08087005019520357
0 0.6 0.5404350250976018 0.034375 0.042387060791968766
0 0.69296875 0.6687116564417178 0.0375 0.06971556051310653
0 0.503125 0.5750139431121026 0.03958333333333333 0.04294478527607362
0 0.6658854166666667 0.28806469604015617 0.053125 0.04071388733965421
0 0.6059895833333333 0.25906302286670385 0.0421875 0.049637479085331844
0 0.375 0.6940881204684886 0.043229166666666666 0.044060234244283326
0 0.7591145833333334 0.549079754601227 0.050520833333333334 0.03625209146681539
0 0.7505208333333333 0.4102063580591188 0.0375 0.025655326268823202
0 0.40677083333333336 0.4445064138315672 0.03177083333333333 0.03569436698271054
0 0.38619791666666664 0.17707752370329058 0.052083333333333336 0.03625209146681539
0 0.3294270833333333 0.294478527607362 0.04791666666666667 0.0384829894032348
0 0.4666666666666667 0.23675404350250975 0.03854166666666667 0.03680981595092025
0 0.18541666666666667 0.5775237032905745 0.041666666666666664 0.03904071388733965
0 0.27005208333333336 0.41634132738427215 0.04114583333333333 0.03569436698271054
0 0.33541666666666664 0.21221416620189626 0.03854166666666667 0.03569436698271054
0 0.4236979166666667 0.4090909090909091 0.04479166666666667 0.05242610150585611
0 0.2578125 0.1762409369771333 0.1890625 0.17456776352481873
0 0.28463541666666664 0.2610150585610708 0.049479166666666664 0.054099274958170664
0 0.6572916666666667 0.6885108756274401 0.03229166666666667 0.03680981595092025
0 0.6075520833333333 0.4291689905186838 0.042708333333333334 0.03067484662576687