0 0.2890625 0.7456776352481874 0.11302083333333333 0.10206358059118795
0 0.809375 0.21779141104294478 0.1125 0.12102621305075292
0 0.709375 0.7810931399888456 0.10885416666666667 0.10987172336865589
0 0.17734375 0.7626882320133854 0.0890625 0.10429447852760736
0 0.18020833333333333 0.39709983268265475 0.08854166666666667 0.1121026213050753
0 0.8825520833333333 0.7085889570552147 0.0796875 0.09983268265476855
0 0.10078125 0.605967651979922 0.08958333333333333 0.09592861126603458
0 0.5234375 0.8315672058003346 0.08697916666666666 0.06079196876742889
0 0.6739583333333333 0.11907417735638595 0.09947916666666666 0.08031232571109871
0 0.08723958333333333 0.4475738984941439 0.078125 0.10987172336865589
0 0.6763020833333333 0.9099274958170663 0.10104166666666667 0.0897936419408812
0 0.3963541666666667 0.7141662018962632 0.096875 0.09090909090909091
0 0.5940104166666667 0.7373117679866146 0.07395833333333333 0.09313998884551032
0 0.9317708333333333 0.5446179587283881 0.078125 0.11767986614612382
0 0.8200520833333333 0.4007250418293363 0.08072916666666667 0.10262130507529281
0 0.4635416666666667 0.7462353597322923 0.08125 0.07417735638594534
0 0.50078125 0.15337423312883436 0.0984375 0.07529280535415504
0 0.30078125 0.6332961517010597 0.0703125 0.09537088678192973
0 0.25625 0.5192414947016174 0.0703125 0.06971556051310653
0 0.6481770833333333 0.36252091466815395 0.06770833333333333 0.06860011154489683
0 0.7234375 0.6461238148354713 0.078125 0.08700501952035694
0 0.7674479166666667 0.5047406581148912 0.07760416666666667 0.0897936419408812
0 0.13645833333333332 0.2978248745119911 0.0859375 0.10819854991634133
0 0.47630208333333335 0.3034021193530396 0.0890625 0.08254322364751812
0 0.4322916666666667 0.5476854433909648 0.0609375 0.07529280535415504
0 0.25703125 0.439765755716676 0.08333333333333333 0.08310094813162298
0 0.7359375 0.3664249860568879 0.08958333333333333 0.09258226436140547
0 0.3419270833333333 0.4774121583937535 0.0796875 0.07529280535415504
0 0.6122395833333333 0.8215281650864473 0.08072916666666667 0.08142777467930842
0 0.5606770833333333 0.2392638036809816 0.0828125 0.07194645844952594
0 0.28151041666666665 0.8583379810373676 0.078125 0.07250418293363078
0 0.3463541666666667 0.5423870607919687 0.07552083333333333 0.06023424428332404
0 0.3026041666666667 0.3290574456218628 0.08125 0.07640825432236475
0 0.6893229166666667 0.4743446737311768 0.06614583333333333 0.05242610150585611
0 0.40989583333333335 0.3293363078639152 0.06458333333333334 0.0736196319018405
0 0.44895833333333335 0.822643614054657 0.06145833333333333 0.05521472392638037
0 0.5533854166666666 0.5655326268823201 0.059895833333333336 0.06358059118795314
0 0.671875 0.2242052426101506 0.0609375 0.05577244841048522
0 0.6473958333333333 0.6084774121583938 0.058333333333333334 0.06636921360847742
0 0.22708333333333333 0.6667596207473508 0.06822916666666666 0.0780814277746793
0 0.34791666666666665 0.4060234244283324 0.06822916666666666 0.051868377021751254
0 0.5994791666666667 0.17763524818739543 0.06822916666666666 0.05298382598996096
0 0.9015625 0.3784160624651422 0.08645833333333333 0.10094813162297825
0 0.58203125 0.3890128276631344 0.07239583333333334 0.049637479085331844
0 0.5424479166666667 0.6558839933073062 0.07083333333333333 0.10652537646402677
0 0.8513020833333333 0.4963747908533185 0.05677083333333333 0.08142777467930842
0 0.8330729166666667 0.587005019520357 0.057291666666666664 0.08756274400446179
0 0.7333333333333333 0.2649191299498048 0.05 0.051310652537646405
0 0.6020833333333333 0.3237590630228667 0.04635416666666667 0.04852203011712214
0 0.42291666666666666 0.637479085331846 0.053125 0.06134969325153374
0 0.6184895833333334 0.4963747908533185 0.051041666666666666 0.06636921360847742
0 0.3807291666666667 0.7972671500278862 0.0625 0.04852203011712214
0 0.3703125 0.3572225320691578 0.06041666666666667 0.05856107083100948
0 0.47369791666666666 0.6466815393195762 0.05416666666666667 0.08198549916341327
0 0.36614583333333334 0.5998326826547685 0.05520833333333333 0.06971556051310653
0 0.7932291666666667 0.8279419966536531 0.08697916666666666 0.1015058561070831
0 0.47265625 0.3706079196876743 0.057291666666666664 0.051868377021751254
0 0.19479166666666667 0.5950920245398773 0.06666666666666667 0.05298382598996096
0 0.5229166666666667 0.37116564417177916 0.04635416666666667 0.049637479085331844
0 0.6885416666666667 0.41885108756274403 0.0671875 0.044060234244283326
0 0.5130208333333334 0.5172894590072504 0.04895833333333333 0.04182933630786392
0 0.7953125 0.6631344116006692 0.0484375 0.06246514221974345
0 0.26614583333333336 0.5783602900167317 0.04114583333333333 0.05298382598996096
0 0.68125 0.5387618516452872 0.1 0.07640825432236475
0 0.23697916666666666 0.29754601226993865 0.050520833333333334 0.06413831567205801
0 0.5549479166666667 0.31148912437255993 0.0546875 0.06469604015616286
0 0.39166666666666666 0.2551589514779699 0.0484375 0.05744562186279978
0 0.6018229166666667 0.6397099832682654 0.044270833333333336 0.05856107083100948
0 0.16822916666666668 0.4905186837702175 0.046875 0.05298382598996096
0 0.4864583333333333 0.42359174567763525 0.0453125 0.044060234244283326
0 0.5479166666666667 0.42721695482431676 0.05260416666666667 0.049079754601226995
0 0.56796875 0.4949804796430563 0.03697916666666667 0.0501952035694367
0 0.7684895833333333 0.7177914110429447 0.04010416666666667 0.05242610150585611
0 0.4661458333333333 0.4832682654768544 0.03958333333333333 0.049637479085331844
0 0.5294270833333333 0.7554378137200223 0.04375 0.04852203011712214
0 0.78125 0.32292247629670945 0.05 0.053541550474065815
0 0.446875 0.23452314556609036 0.0578125 0.0769659788064696
0 0.41354166666666664 0.4857780256553263 0.0421875 0.04182933630786392
0 0.51328125 0.06274400446179587 0.17239583333333333 0.09592861126603458
0 0.47890625 0.9124372559955382 0.1984375 0.09871723368655884
0 0.5963541666666666 0.5496374790853319 0.0375 0.04517568321249303
0 0.6783854166666666 0.6860011154489682 0.043229166666666666 0.07306190741773563
0 0.49713541666666666 0.5750139431121026 0.042708333333333334 0.046291132180702736
0 0.6825520833333333 0.3042387060791969 0.05625 0.04573340769659788
0 0.6252604166666667 0.26993865030674846 0.04583333333333333 0.053541550474065815
0 0.35963541666666665 0.6818181818181818 0.046875 0.04796430563301729
0 0.7541666666666667 0.5730619074177357 0.053125 0.04071388733965421
0 0.7567708333333333 0.433909648633575 0.03958333333333333 0.029001673173452314
0 0.41171875 0.4361405465699944 0.034375 0.0384829894032348
0 0.41302083333333334 0.1675962074735081 0.0546875 0.04071388733965421
0 0.346875 0.27941996653653095 0.051041666666666666 0.04294478527607362
0 0.48828125 0.23452314556609036 0.04114583333333333 0.040156162855549356
0 0.18020833333333333 0.5479643056330172 0.04479166666666667 0.04294478527607362
0 0.27786458333333336 0.3951477969882878 0.04375 0.03959843837144451
0 0.359375 0.19799219185722253 0.04114583333333333 0.03904071388733965
0 0.4315104166666667 0.4023982152816509 0.04895833333333333 0.05633017289459007
0 0.28515625 0.15476854433909648 0.20260416666666667 0.1912994980479643
0 0.30494791666666665 0.24177356385945342 0.05364583333333333 0.05856107083100948
0 0.64140625 0.7024539877300614 0.035416666666666666 0.03959843837144451
0 0.6130208333333333 0.43948689347462355 0.04479166666666667 0.03457891801450084