0 0.7565104166666666 0.6893474623535973 0.09166666666666666 0.11767986614612382
0 0.19583333333333333 0.21137757947573899 0.109375 0.1165644171779141
0 0.7307291666666667 0.23870607919687675 0.09947916666666666 0.113218070273285
0 0.7877604166666666 0.805633017289459 0.09479166666666666 0.09202453987730061
0 0.44921875 0.8535973229224763 0.10208333333333333 0.09146681539319576
0 0.6395833333333333 0.0652537646402677 0.09114583333333333 0.08254322364751812
0 0.6533854166666667 0.9085331846068042 0.08697916666666666 0.09313998884551032
0 0.8033854166666666 0.4291689905186838 0.05416666666666667 0.09146681539319576
0 0.1234375 0.3686558839933073 0.071875 0.10429447852760736
0 0.5091145833333334 0.9447852760736196 0.10052083333333334 0.08031232571109871
0 0.8544270833333333 0.2559955382041272 0.08072916666666667 0.10540992749581707
0 0.7125 0.5803123257110987 0.08177083333333333 0.1015058561070831
0 0.70625 0.36726157278304516 0.08489583333333334 0.07640825432236475
0 0.48098958333333336 0.03792526491912995 0.1078125 0.0758505298382599
0 0.36354166666666665 0.17456776352481873 0.09322916666666667 0.08365867261572783
0 0.7328125 0.5041829336307864 0.06666666666666667 0.08477412158393753
0 0.17916666666666667 0.5474065811489124 0.0671875 0.10317902955939766
0 0.6510416666666666 0.6926938092582264 0.08697916666666666 0.07194645844952594
0 0.5515625 0.7557166759620747 0.06302083333333333 0.07306190741773563
0 0.35208333333333336 0.3619631901840491 0.06197916666666667 0.07083100948131622
0 0.60390625 0.24288901282766315 0.07916666666666666 0.08087005019520357
0 0.4669270833333333 0.21556051310652538 0.08177083333333333 0.08031232571109871
0 0.36354166666666665 0.913552704963748 0.09895833333333333 0.0886781929726715
0 0.3216145833333333 0.5524261015058561 0.07447916666666667 0.09313998884551032
0 0.5536458333333333 0.5652537646402677 0.06822916666666666 0.06246514221974345
0 0.478125 0.7660345789180145 0.07552083333333333 0.08700501952035694
0 0.34375 0.2682654768544339 0.08385416666666666 0.09313998884551032
0 0.5010416666666667 0.6709425543781372 0.06770833333333333 0.08310094813162298
0 0.7817708333333333 0.3363078639152259 0.0734375 0.08421639709983268
0 0.25026041666666665 0.47183491355270496 0.06458333333333334 0.08644729503625209
0 0.86171875 0.6818181818181818 0.06510416666666667 0.08142777467930842
0 0.5606770833333333 0.6569994422755159 0.05364583333333333 0.07919687674288901
0 0.3692708333333333 0.7331288343558282 0.06875 0.08477412158393753
0 0.45 0.3028443948689347 0.046875 0.06915783602900168
0 0.3546875 0.6193530395984383 0.0671875 0.06692693809258227
0 0.80546875 0.50920245398773 0.05 0.06469604015616286
0 0.553125 0.43418851087562743 0.057291666666666664 0.0619074177356386
0 0.22109375 0.35610708310094813 0.050520833333333334 0.06358059118795314
0 0.5796875 0.32849972113775794 0.059895833333333336 0.06079196876742889
0 0.6921875 0.7663134411600669 0.07083333333333333 0.07083100948131622
0 0.43411458333333336 0.6742889012827663 0.04635416666666667 0.07138873396542109
0 0.18802083333333333 0.43920803123257113 0.04739583333333333 0.07138873396542109
0 0.33151041666666664 0.09118795315114334 0.09166666666666666 0.0897936419408812
0 0.3859375 0.42861126603457894 0.044270833333333336 0.07640825432236475
0 0.63828125 0.43335192414947016 0.09739583333333333 0.07250418293363078
0 0.44765625 0.1279977691020636 0.07447916666666667 0.05800334634690463
0 0.5341145833333333 0.1346904629113218 0.08020833333333334 0.05856107083100948
0 0.25 0.2852760736196319 0.046875 0.051868377021751254
0 0.32265625 0.41634132738427215 0.04375 0.04796430563301729
0 0.6377604166666667 0.5627440044617958 0.05572916666666667 0.05465699944227551
0 0.47994791666666664 0.3747908533184607 0.0609375 0.05298382598996096
0 0.79140625 0.5850529838259899 0.043229166666666666 0.06581148912437255
0 0.3859375 0.6575571667596207 0.053125 0.0630228667038483
0 0.6393229166666666 0.5075292805354155 0.07552083333333333 0.05521472392638037
0 0.6109375 0.6279977691020636 0.06354166666666666 0.05688789737869492
0 0.7622395833333333 0.14361405465699945 0.0921875 0.09035136642498606
0 0.3841145833333333 0.54712771890686 0.04635416666666667 0.05967651979921919
0 0.63046875 0.8103736754043502 0.04739583333333333 0.06971556051310653
0 0.3776041666666667 0.4938650306748466 0.04479166666666667 0.04796430563301729
0 0.39869791666666665 0.3112102621305075 0.0390625 0.07027328499721137
0 0.5140625 0.48382598996095927 0.03802083333333333 0.05075292805354155
0 0.6098958333333333 0.16397099832682654 0.05677083333333333 0.049637479085331844
0 0.6049479166666667 0.7370329057445622 0.0484375 0.04294478527607362
0 0.5106770833333333 0.3025655326268823 0.06822916666666666 0.10485220301171222
0 0.3494791666666667 0.8070273284997211 0.058333333333333334 0.05242610150585611
0 0.31796875 0.467930842163971 0.058854166666666666 0.05688789737869492
0 0.28880208333333335 0.6489124372559956 0.052083333333333336 0.0501952035694367
0 0.6151041666666667 0.3725599553820413 0.05364583333333333 0.04573340769659788
0 0.5372395833333333 0.8530395984383714 0.04791666666666667 0.04852203011712214
0 0.43125 0.5250976017847183 0.03958333333333333 0.047406581148912434
0 0.42604166666666665 0.4592861126603458 0.044270833333333336 0.05465699944227551
0 0.4859375 0.42861126603457894 0.04583333333333333 0.03792526491912995
0 0.6640625 0.1848856664807585 0.04791666666666667 0.04182933630786392
0 0.48932291666666666 0.5382041271611824 0.04479166666666667 0.04071388733965421
0 0.7322916666666667 0.43335192414947016 0.044270833333333336 0.04517568321249303
0 0.29713541666666665 0.22615727830451757 0.04895833333333333 0.05242610150585611
0 0.26171875 0.5931399888455103 0.0703125 0.05967651979921919
0 0.49895833333333334 0.5936977133296152 0.03802083333333333 0.044060234244283326
0 0.09401041666666667 0.5468488566648075 0.084375 0.18237590630228667
0 0.8841145833333334 0.4651422197434467 0.08541666666666667 0.2102621305075293
0 0.5325520833333334 0.3909648633575014 0.04114583333333333 0.03904071388733965
0 0.6471354166666666 0.28471834913552707 0.0671875 0.04350250976017847
0 0.5697916666666667 0.4927495817066369 0.0421875 0.044617958728388175
0 0.29375 0.33379810373675406 0.040625 0.05911879531511433
0 0.26979166666666665 0.3993307306190742 0.0484375 0.04796430563301729
0 0.6875 0.6235359732292247 0.043229166666666666 0.04852203011712214
0 0.5322916666666667 0.22030117122141663 0.036458333333333336 0.05577244841048522
0 0.403125 0.23675404350250975 0.026041666666666668 0.04127161182375906
0 0.453125 0.6026213050752928 0.034895833333333334 0.03569436698271054
0 0.2046875 0.6385945343000557 0.036458333333333336 0.05744562186279978
0 0.3171875 0.6932515337423313 0.03854166666666667 0.05298382598996096
0 0.25625 0.5493586168432795 0.036458333333333336 0.04294478527607362
0 0.5888020833333333 0.8324037925264919 0.03854166666666667 0.046848856664807585
0 0.43411458333333336 0.7501394311210262 0.035416666666666666 0.04573340769659788
0 0.24010416666666667 0.6910206358059119 0.035416666666666666 0.04294478527607362
0 0.4192708333333333 0.586447295036252 0.051041666666666666 0.05075292805354155
0 0.21067708333333332 0.7757947573898494 0.17291666666666666 0.21137757947573899
0 0.28828125 0.7428890128276632 0.053125 0.05577244841048522
0 0.6674479166666667 0.3218070273284997 0.0359375 0.03625209146681539
0 0.4283854166666667 0.38873396542108196 0.030729166666666665 0.047406581148912434