0 0.8416666666666667 0.2789959607616849 0.128125 0.1465666474321985
0 0.9065104166666667 0.49019042123485285 0.1015625 0.1454125793421812
0 0.22760416666666666 0.6165608770917484 0.11354166666666667 0.0946335833814195
0 0.14322916666666666 0.26255049047893825 0.11197916666666667 0.1298326601269475
0 0.3026041666666667 0.2576457010963647 0.096875 0.11771494518176573
0 0.08723958333333333 0.43104443162146566 0.1234375 0.12406231967686093
0 0.36484375 0.6156953260242354 0.08541666666666667 0.11482977495672245
0 0.15911458333333334 0.7564916330063474 0.10989583333333333 0.1286785920369302
0 0.8588541666666667 0.706866705135603 0.10416666666666667 0.13271783035199078
0 0.44088541666666664 0.7648586266589729 0.07135416666666666 0.11944604731679169
0 0.4276041666666667 0.9122908251586843 0.115625 0.09578765147143682
0 0.2171875 0.5106751298326602 0.1140625 0.11194460473167916
0 0.325 0.8693017888055395 0.14166666666666666 0.10444316214656665
0 0.09453125 0.5565493364108482 0.09895833333333333 0.1090594345066359
0 0.5307291666666667 0.40767455279861514 0.07760416666666667 0.07616849394114253
0 0.68828125 0.2836122331217542 0.10208333333333333 0.10963646855164455
0 0.7861979166666667 0.7688978649740335 0.06927083333333334 0.09809578765147144
0 0.584375 0.07963069821119446 0.12864583333333332 0.11136757068667051
0 0.5552083333333333 0.6286785920369302 0.084375 0.0946335833814195
0 0.21640625 0.39873052510098095 0.103125 0.0727062896710906
0 0.24244791666666668 0.3104443162146567 0.0875 0.09290248124639354
0 0.4075520833333333 0.31996537795729946 0.08645833333333333 0.08136180034622043
0 0.6518229166666667 0.5098095787651471 0.07447916666666667 0.10271206001154068
0 0.6510416666666666 0.8765147143681478 0.125 0.1090594345066359
0 0.75625 0.3750721292556261 0.10364583333333334 0.07039815349105598
0 0.48463541666666665 0.5582804385458742 0.06822916666666666 0.0675129832660127
0 0.7596354166666667 0.46480092325447203 0.09791666666666667 0.07905366416618581
0 0.75 0.5718407386035776 0.14583333333333334 0.10732833237160992
0 0.46822916666666664 0.6503173687247548 0.06302083333333333 0.06809001731102135
0 0.6973958333333333 0.13358338141950374 0.06927083333333334 0.08193883439122908
0 0.4354166666666667 0.4082515868436238 0.0671875 0.0675129832660127
0 0.3723958333333333 0.09290248124639354 0.11510416666666666 0.09290248124639354
0 0.34869791666666666 0.380265435660704 0.078125 0.08655510675129832
0 0.4109375 0.5080784766301212 0.05625 0.07616849394114253
0 0.36223958333333334 0.7556260819388344 0.07395833333333333 0.09001731102135026
0 0.7776041666666667 0.1935949221004039 0.08697916666666666 0.07443739180611655
0 0.5828125 0.3384304673975765 0.11145833333333334 0.07443739180611655
0 0.2703125 0.13964223889209462 0.06666666666666667 0.10098095787651472
0 0.2721354166666667 0.705135603000577 0.0765625 0.10444316214656665
0 0.5322916666666667 0.206866705135603 0.08177083333333333 0.10444316214656665
0 0.47213541666666664 0.08972879399884594 0.059375 0.0738603577611079
0 0.48723958333333334 0.312463935372187 0.06822916666666666 0.07559145989613388
0 0.703125 0.6846508944027697 0.0828125 0.09636468551644548
0 0.6104166666666667 0.22215810732833238 0.07291666666666667 0.07789959607616849
0 0.40390625 0.20484708597807272 0.1375 0.13040969417195614
0 0.19869791666666667 0.1745527986151183 0.08802083333333334 0.06289671090594345
0 0.6356770833333333 0.7380265435660704 0.06145833333333333 0.08366993652625505
0 0.61953125 0.5989613387189844 0.052083333333333336 0.06982111944604731
0 0.32786458333333335 0.51933064050779 0.058333333333333334 0.06405077899596076
0 0.2526041666666667 0.8208309290248125 0.06770833333333333 0.06578188113098672
0 0.09453125 0.34968263127524524 0.0640625 0.06231967686093479
0 0.5411458333333333 0.9134448932487017 0.07135416666666666 0.04789382573571841
0 0.5684895833333333 0.5109636468551645 0.05625 0.07905366416618581
0 0.5486979166666667 0.7714945181765724 0.09947916666666666 0.15637622619734565
0 0.31875 0.4359492210040392 0.050520833333333334 0.058280438545874204
0 0.8768229166666667 0.6058857472590883 0.0625 0.07328332371609925
0 0.8794270833333333 0.3834391229082516 0.06197916666666667 0.04731679169070975
0 0.10364583333333334 0.6529140219272938 0.050520833333333334 0.07963069821119446
0 0.7356770833333334 0.8139065204847086 0.0453125 0.05654933641084824
0 0.63828125 0.4177726485862666 0.06770833333333333 0.05020196191575303