0 0.7246666666666667 0.8200319233838786 0.16466666666666666 0.1931364724660814
0 0.7236666666666667 0.22226656025538707 0.136 0.16440542697525937
0 0.607 0.08978451715881884 0.12933333333333333 0.12529928172386273
0 0.42833333333333334 0.9385474860335196 0.116 0.12290502793296089
0 0.6026666666666667 0.7625698324022346 0.11733333333333333 0.13886671987230648
0 0.7813333333333333 0.3986432561851556 0.12533333333333332 0.16679968076616122
0 0.7893333333333333 0.6157222665602554 0.12266666666666666 0.16121308858739025
0 0.572 0.912609736632083 0.12066666666666667 0.1372705506783719
0 0.528 0.6871508379888268 0.09466666666666666 0.10375099760574621
0 0.41733333333333333 0.15881883479648842 0.10266666666666667 0.10215482841181166
0 0.615 0.29928172386272944 0.09133333333333334 0.10614525139664804
0 0.5226666666666666 0.1971268954509178 0.10666666666666667 0.11332801276935354
0 0.4716666666666667 0.053471667996807665 0.10866666666666666 0.10694333599361533
0 0.32666666666666666 0.11093375897845172 0.11 0.13487629688747008
0 0.6716666666666666 0.6065442936951316 0.09866666666666667 0.14924181963288108
0 0.531 0.363926576217079 0.08733333333333333 0.09976057462090981
0 0.6643333333333333 0.43216280925778133 0.09466666666666666 0.1189146049481245
0 0.589 0.5231444533120511 0.086 0.12051077414205906
0 0.4726666666666667 0.809656823623304 0.09333333333333334 0.11013567438148444
0 0.2783333333333333 0.839584996009577 0.108 0.12130885873902633
0 0.3863333333333333 0.3120510774142059 0.09 0.10135674381484437
0 0.32366666666666666 0.2326416600159617 0.086 0.11093375897845172
0 0.3923333333333333 0.7071029529130087 0.086 0.10534716679968077
0 0.28633333333333333 0.5885873902633679 0.07933333333333334 0.10614525139664804
0 0.475 0.5247406225059856 0.04933333333333333 0.061452513966480445
0 0.3353333333333333 0.7701516360734237 0.084 0.08619313647246608
0 0.38 0.5426975259377494 0.04933333333333333 0.05905826017557861
0 0.412 0.4257781324820431 0.04533333333333334 0.053471667996807665
0 0.4543333333333333 0.6400638467677574 0.05 0.060654429369513166
0 0.394 0.6312849162011173 0.05266666666666667 0.05027932960893855
0 0.43733333333333335 0.5802075019952115 0.04666666666666667 0.053471667996807665
0 0.465 0.4565043894652833 0.048666666666666664 0.055865921787709494
0 0.33066666666666666 0.4565043894652833 0.046 0.05426975259377494
0 0.31133333333333335 0.38347964884277735 0.04733333333333333 0.05506783719074222
0 0.3303333333333333 0.6652035115722267 0.04466666666666667 0.05426975259377494
0 0.46166666666666667 0.722266560255387 0.046 0.055865921787709494
0 0.507 0.6049481245011972 0.046 0.05905826017557861
0 0.331 0.5179569034317638 0.042 0.053471667996807665
0 0.37533333333333335 0.47406225059856344 0.04133333333333333 0.05107741420590583
0 0.2713333333333333 0.49441340782122906 0.04466666666666667 0.05985634477254589
0 0.5706666666666667 0.43335993615323226 0.04133333333333333 0.05426975259377494
0 0.4746666666666667 0.4022346368715084 0.048666666666666664 0.055865921787709494
0 0.35633333333333334 0.5837988826815642 0.046 0.05826017557861133
0 0.5303333333333333 0.5442936951316839 0.052 0.060654429369513166
0 0.367 0.41021548284118114 0.04533333333333334 0.060654429369513166
0 0.522 0.4652833200319234 0.04466666666666667 0.05506783719074222
0 0.47833333333333333 0.2948922585794094 0.048666666666666664 0.052673583399840386
0 0.423 0.37110933758978454 0.05 0.05027932960893855
0 0.18366666666666667 0.4808459696727853 0.14666666666666667 0.5195530726256983
0 0.5786666666666667 0.6177174780526736 0.04466666666666667 0.060654429369513166