0 0.20572916666666666 0.7762788083192805 0.09895833333333333 0.13490725126475547
0 0.13776041666666666 0.31337830241708825 0.10729166666666666 0.12759977515458124
0 0.66328125 0.8768971332209107 0.103125 0.13097245643620012
0 0.6578125 0.4943788645306352 0.07291666666666667 0.09893198426082069
0 0.2546875 0.6304103428892637 0.1171875 0.07195053400786959
0 0.3611979166666667 0.8788645306351883 0.1359375 0.1225407532321529
0 0.4010416666666667 0.33754918493535696 0.0859375 0.07925801011804384
0 0.9065104166666667 0.4688026981450253 0.1046875 0.1399662731871838
0 0.21979166666666666 0.42074198988195616 0.09947916666666666 0.07476110174255199
0 0.5682291666666667 0.6298482293423272 0.0828125 0.09499718943226532
0 0.5786458333333333 0.33895446880269814 0.10885416666666667 0.07363687464867903
0 0.3846354166666667 0.6270376616076447 0.090625 0.10286677908937605
0 0.7080729166666667 0.6573917931422147 0.0921875 0.08993816750983699
0 0.51015625 0.09134345137717818 0.13125 0.10680157391793142
0 0.8171875 0.24985947161326588 0.13958333333333334 0.14502529510961215
0 0.24088541666666666 0.33192804946599214 0.08802083333333334 0.0837549184935357
0 0.5338541666666666 0.4007869589657111 0.078125 0.07307476110174255
0 0.46171875 0.8993816750983699 0.1109375 0.1163575042158516
0 0.46875 0.7670039347948285 0.07135416666666666 0.1259134345137718
0 0.58359375 0.5103991006183249 0.057291666666666664 0.0775716694772344
0 0.5216145833333333 0.22062956717256885 0.08177083333333333 0.09949409780775717
0 0.33541666666666664 0.5222034851039911 0.0609375 0.06745362563237774
0 0.48359375 0.6526138279932546 0.06145833333333333 0.06127037661607645
0 0.38359375 0.7509836987071389 0.0765625 0.08881394041596402
0 0.6721354166666667 0.2706576728499157 0.11458333333333333 0.10118043844856661
0 0.7606770833333333 0.4468802698145025 0.0984375 0.07644744238336144
0 0.09453125 0.49269252388982576 0.11979166666666667 0.12085441259134345
0 0.30052083333333335 0.2729061270376616 0.0953125 0.10230466554243957
0 0.10651041666666666 0.6143901068015739 0.1046875 0.10848791455874086
0 0.32864583333333336 0.1101742551995503 0.08177083333333333 0.12310286677908938
0 0.19036458333333334 0.21557054525014052 0.07916666666666666 0.06464305789769534
0 0.4934895833333333 0.5775716694772344 0.07083333333333333 0.061832490163012926
0 0.4192708333333333 0.5191118605958404 0.059895833333333336 0.07363687464867903
0 0.2890625 0.7152894884766723 0.07708333333333334 0.10118043844856661
0 0.3984375 0.08993816750983699 0.06145833333333333 0.06632939853850478
0 0.4375 0.426363125351321 0.06354166666666666 0.06801573917931422
0 0.8841145833333334 0.5893760539629005 0.075 0.060146149522203485
0 0.7416666666666667 0.3530073074761102 0.10677083333333333 0.06689151208544127
0 0.1015625 0.40809443507588533 0.06614583333333333 0.050590219224283306
0 0.34921875 0.39657110736368745 0.084375 0.07869589657110736
0 0.7809895833333333 0.7692523889825745 0.06614583333333333 0.10511523327712198
0 0.5989583333333334 0.21528948847667229 0.071875 0.07644744238336144
0 0.5666666666666667 0.9052838673412029 0.0609375 0.06632939853850478
0 0.48098958333333336 0.3268690275435638 0.06614583333333333 0.07869589657110736
0 0.6296875 0.12563237774030353 0.0703125 0.07813378302417089
0 0.30130208333333336 0.8322091062394603 0.06458333333333334 0.0657672849915683
0 0.6557291666666667 0.7203485103991006 0.06145833333333333 0.08263069139966273
0 0.76015625 0.5503091624508151 0.14895833333333333 0.10848791455874086
0 0.22760416666666666 0.5255761663856099 0.11614583333333334 0.1101742551995503
0 0.6354166666666666 0.5879707700955593 0.05364583333333333 0.06913996627318718
0 0.72578125 0.8069139966273187 0.052083333333333336 0.054525014052838675
0 0.32421875 0.44547498594716134 0.05572916666666667 0.05396290050590219
0 0.8669270833333333 0.3538504777965149 0.06041666666666667 0.04440697020798201
0 0.13333333333333333 0.7034851039910062 0.05416666666666667 0.07644744238336144
0 0.8442708333333333 0.7032040472175379 0.1171875 0.1259134345137718
0 0.7190104166666667 0.17397414277684092 0.08854166666666667 0.07532321528948847
0 0.2453125 0.1689151208544126 0.06614583333333333 0.10061832490163013
0 0.5713541666666667 0.7571669477234402 0.10520833333333333 0.15401911186059583
0 0.39895833333333336 0.2096683530073075 0.1375 0.12703766160764474
0 0.6419270833333334 0.40640809443507586 0.07239583333333334 0.050590219224283306