0 0.78046875 0.32305103757711723 0.10989583333333333 0.11890072910824454
0 0.265625 0.8721256309590578 0.12916666666666668 0.11160964666292765
0 0.3880208333333333 0.8236118900729108 0.11354166666666667 0.09927089175546831
0 0.63671875 0.8297812675266405 0.08541666666666667 0.1065619742007852
0 0.8958333333333334 0.3567021873247336 0.09791666666666667 0.13011777902411667
0 0.7838541666666666 0.8572630398205272 0.12604166666666666 0.12226584408300617
0 0.2838541666666667 0.4416713404374649 0.08125 0.06169377453729669
0 0.07161458333333333 0.4450364554122266 0.09427083333333333 0.13684800897363994
0 0.84765625 0.5036455412226585 0.08541666666666667 0.11329220415030847
0 0.21953125 0.3499719573752103 0.09010416666666667 0.1065619742007852
0 0.47161458333333334 0.843241727425687 0.090625 0.09310151430173864
0 0.47942708333333334 0.7341559169938306 0.059895833333333336 0.10319685922602355
0 0.72890625 0.48149186763881097 0.08072916666666667 0.0633763320246775
0 0.44453125 0.07711721817162086 0.125 0.09927089175546831
0 0.26145833333333335 0.7347167694896243 0.08020833333333334 0.11217049915872125
0 0.5830729166666667 0.38614694335389793 0.08958333333333333 0.061132922041503085
0 0.30807291666666664 0.6158160403813797 0.09791666666666667 0.06001121704991587
0 0.35625 0.3227706113292204 0.07916666666666666 0.08412787436904094
0 0.43671875 0.3796971396522715 0.071875 0.06449803701626472
0 0.30494791666666665 0.36960179472798654 0.0734375 0.071228266965788
0 0.41015625 0.7192933258553 0.06302083333333333 0.0717891194615816
0 0.66015625 0.33370723499719573 0.09479166666666666 0.08244531688166012
0 0.16875 0.7902411665731912 0.07916666666666666 0.09085810431856421
0 0.17786458333333333 0.49607403252944476 0.1 0.09871003925967471
0 0.6799479166666667 0.6525518788558609 0.075 0.0717891194615816
0 0.53359375 0.18003365114974762 0.10729166666666666 0.08805384183959619
0 0.4171875 0.6158160403813797 0.07708333333333334 0.08188446438586652
0 0.678125 0.1357263039820527 0.07708333333333334 0.06954570947840717
0 0.7169270833333333 0.4038137969713965 0.08645833333333333 0.055524397083567024
0 0.5807291666666666 0.08216489063376332 0.084375 0.07459338194054964
0 0.5653645833333333 0.6250701065619741 0.06927083333333334 0.08076275939427931
0 0.54453125 0.43634324172742567 0.0640625 0.06057206954570948
0 0.378125 0.9206393718452047 0.07604166666666666 0.0532809871003926
0 0.93125 0.60263600673023 0.06822916666666666 0.10824453168816602
0 0.4625 0.9408300616937746 0.07083333333333333 0.05776780706674145
0 0.94375 0.4806505888951206 0.06041666666666667 0.10263600673022995
0 0.12682291666666667 0.7044307347167695 0.078125 0.05776780706674145
0 0.6651041666666667 0.930173864273696 0.0921875 0.08805384183959619
0 0.7671875 0.18339876612450925 0.0625 0.06618059450364554
0 0.540625 0.28771733034212005 0.06875 0.08188446438586652
0 0.46510416666666665 0.4523275378575435 0.05364583333333333 0.056646102075154234
0 0.6434895833333333 0.517106001121705 0.06145833333333333 0.08244531688166012
0 0.5104166666666666 0.5729108244531688 0.057291666666666664 0.045429052159282106
0 0.5825520833333333 0.5269209197980931 0.04739583333333333 0.0633763320246775
0 0.5609375 0.9332585530005608 0.10833333333333334 0.056085249579360626
0 0.3927083333333333 0.4262478968031408 0.06770833333333333 0.06674144699943915
0 0.26484375 0.27173303421200223 0.06458333333333334 0.054963544587773416
0 0.384375 0.1892877173303421 0.06875 0.10095344924284913
0 0.19348958333333333 0.22462142456533932 0.06354166666666666 0.08244531688166012
0 0.8919270833333334 0.7030286034772855 0.05260416666666667 0.07515423443634324
0 0.11901041666666666 0.31828379136287155 0.059895833333333336 0.08356702187324734
0 0.18463541666666666 0.5984296130117779 0.08958333333333333 0.09085810431856421
0 0.6041666666666666 0.2854739203589456 0.058333333333333334 0.061132922041503085
0 0.6317708333333333 0.2131239484015704 0.0578125 0.06786315199102635
0 0.7903645833333334 0.6926528323051038 0.0921875 0.10431856421761077
0 0.3333333333333333 0.6870443073471677 0.06458333333333334 0.08356702187324734
0 0.44192708333333336 0.17582725743129557 0.051041666666666666 0.054963544587773416
0 0.5572916666666666 0.8505328098710039 0.049479166666666664 0.05272013460459899
0 0.82578125 0.6017947279865395 0.06145833333333333 0.049355019629837356
0 0.25 0.15591699383062255 0.049479166666666664 0.0532809871003926
0 0.49609375 0.641054402692092 0.050520833333333334 0.051598429613011774
0 0.33958333333333335 0.783510936623668 0.05260416666666667 0.056085249579360626
0 0.5044270833333333 0.3724060572069546 0.05520833333333333 0.06505888951205833
0 0.28802083333333334 0.5283230510375772 0.09479166666666666 0.09197980931015143
0 0.7372395833333333 0.7462142456533931 0.052083333333333336 0.08749298934380258
0 0.6361979166666667 0.7013460459899047 0.04791666666666667 0.06898485698261357
0 0.3703125 0.4655075715086932 0.04635416666666667 0.044868199663488505
0 0.8361979166666667 0.25350532809871 0.058854166666666666 0.07291082445316882
0 0.6229166666666667 0.5919798093101515 0.0421875 0.05776780706674145
0 0.08854166666666667 0.6458216489063376 0.05416666666666667 0.049355019629837356
0 0.20494791666666667 0.6741446999439148 0.046875 0.06393718452047112
0 0.18619791666666666 0.4282108805384184 0.05364583333333333 0.04094223219293326
0 0.4473958333333333 0.5291643297812675 0.0484375 0.061132922041503085
0 0.6895833333333333 0.7750981491867639 0.0421875 0.0443073471676949
0 0.81796875 0.40886146943353896 0.0484375 0.03365114974761638
0 0.37864583333333335 0.5297251822770611 0.050520833333333334 0.055524397083567024
0 0.43854166666666666 0.2750981491867639 0.11354166666666667 0.10431856421761077
0 0.3260416666666667 0.10459899046550757 0.0703125 0.055524397083567024
0 0.70234375 0.2560291643297813 0.06927083333333334 0.0633763320246775
0 0.5661458333333333 0.7291082445316882 0.08385416666666666 0.12731351654514864
0 0.8471354166666667 0.7770611329220415 0.051041666666666666 0.05888951205832866
0 0.31223958333333335 0.23499719573752104 0.05520833333333333 0.08300616937745373
0 0.0578125 0.5745933819405497 0.046875 0.06954570947840717
0 0.6322916666666667 0.44363432417274257 0.05520833333333333 0.040381379697139654
0 0.72734375 0.5664610207515424 0.11875 0.08581043185642176