0 0.7158854166666667 0.7814793901750423 0.10572916666666667 0.10559006211180125
0 0.05703125 0.49830604178430266 0.0734375 0.10784867306606437
0 0.7096354166666666 0.3427442123094297 0.09114583333333333 0.09486166007905138
0 0.1453125 0.4345002823263693 0.07760416666666667 0.1101072840203275
0 0.5130208333333334 0.22981366459627328 0.08541666666666667 0.07058159232072275
0 0.8924479166666667 0.6821005081874647 0.07760416666666667 0.09881422924901186
0 0.6294270833333333 0.08723884810841333 0.0984375 0.08582721626199886
0 0.5934895833333333 0.7546583850931677 0.07135416666666666 0.09034443817052512
0 0.28932291666666665 0.784867306606437 0.1078125 0.0942970073404856
0 0.7739583333333333 0.17193675889328064 0.1078125 0.1259175607001694
0 0.7640625 0.48870694522868435 0.07083333333333333 0.09486166007905138
0 0.41692708333333334 0.5742518351214003 0.06354166666666666 0.06719367588932806
0 0.6270833333333333 0.19593450028232637 0.0625 0.055900621118012424
0 0.6833333333333333 0.9054206662902315 0.09635416666666667 0.08752117447769622
0 0.5515625 0.15330321852060982 0.06875 0.05928853754940711
0 0.22786458333333334 0.47656691134952006 0.08020833333333334 0.08074534161490683
0 0.4578125 0.7625635234330886 0.075 0.08074534161490683
0 0.28880208333333335 0.6708074534161491 0.06666666666666667 0.0942970073404856
0 0.31302083333333336 0.4322416713721062 0.065625 0.05138339920948617
0 0.53125 0.8413325804630153 0.08958333333333333 0.05138339920948617
0 0.23020833333333332 0.5561829474872954 0.07291666666666667 0.07171089779785432
0 0.3296875 0.5722755505364201 0.07916666666666666 0.05138339920948617
0 0.38984375 0.7467532467532467 0.09375 0.08526256352343309
0 0.8013020833333333 0.370412196499153 0.08125 0.10502540937323546
0 0.8158854166666667 0.8142292490118577 0.08072916666666667 0.09712027103331451
0 0.6122395833333333 0.3503670242800678 0.07604166666666666 0.06662902315076229
0 0.66796875 0.46950875211744775 0.06614583333333333 0.05194805194805195
0 0.2640625 0.35968379446640314 0.07291666666666667 0.08469791078486731
0 0.08984375 0.6643139469226426 0.08385416666666666 0.1038961038961039
0 0.8411458333333334 0.47148503670242803 0.05364583333333333 0.08413325804630152
0 0.17786458333333333 0.8003952569169961 0.08333333333333333 0.1005081874647092
0 0.08776041666666666 0.3337097684923772 0.08125 0.1101072840203275
0 0.28880208333333335 0.8898927159796725 0.07552083333333333 0.06493506493506493
0 0.628125 0.6075663466967814 0.06197916666666667 0.060982495765104464
0 0.5986979166666667 0.4966120835686053 0.051041666666666666 0.06662902315076229
0 0.40963541666666664 0.6595143986448334 0.05260416666666667 0.06267645398080181
0 0.6169270833333333 0.8413325804630153 0.07760416666666667 0.07848673066064371
0 0.8901041666666667 0.33766233766233766 0.0875 0.10276679841897234
0 0.46640625 0.6725014116318464 0.05 0.08865047995482778
0 0.18072916666666666 0.6437041219649915 0.06458333333333334 0.04912478825522304
0 0.5197916666666667 0.4311123658949746 0.052083333333333336 0.05138339920948617
0 0.7190104166666667 0.642292490118577 0.0796875 0.08752117447769622
0 0.53671875 0.5846979107848673 0.05677083333333333 0.06662902315076229
0 0.9315104166666667 0.51270468661773 0.078125 0.12083568605307736
0 0.6580729166666667 0.40570299265951437 0.0703125 0.043478260869565216
0 0.21276041666666667 0.7156973461321288 0.0640625 0.0756634669678148
0 0.83515625 0.5714285714285714 0.05572916666666667 0.09090909090909091
0 0.37265625 0.3396386222473179 0.06197916666666667 0.06775832862789384
0 0.55 0.5045172219085262 0.0390625 0.05138339920948617
0 0.3484375 0.6315640880858272 0.05260416666666667 0.06888763410502541
0 0.69765625 0.23348390739695088 0.051041666666666666 0.05307735742518351
0 0.33125 0.37634105025409376 0.058854166666666666 0.05815923207227555
0 0.44427083333333334 0.14878599661208358 0.09739583333333333 0.07679277244494635
0 0.4348958333333333 0.3848108413325805 0.05625 0.05251270468661773
0 0.80390625 0.6535855448898927 0.042708333333333334 0.06267645398080181
0 0.44947916666666665 0.846979107848673 0.059895833333333336 0.050818746470920384
0 0.5520833333333334 0.39158667419536985 0.0703125 0.05307735742518351
0 0.3151041666666667 0.5019762845849802 0.07760416666666667 0.07509881422924901
0 0.5690104166666666 0.31309994353472614 0.0484375 0.0502540937323546
0 0.49244791666666665 0.5409373235460192 0.04583333333333333 0.03896103896103896
0 0.45729166666666665 0.4432523997741389 0.042708333333333334 0.04517221908526256
0 0.6752604166666667 0.6874647092038396 0.04375 0.07453416149068323
0 0.3807291666666667 0.8289102202145681 0.0625 0.043478260869565216
0 0.39609375 0.23574251835121401 0.053125 0.08018068887634106
0 0.47994791666666664 0.5954263128176172 0.04010416666666667 0.04178430265386787
0 0.38723958333333336 0.5036702428006776 0.04010416666666667 0.04517221908526256
0 0.5283854166666667 0.7707509881422925 0.041666666666666664 0.04630152456239413
0 0.18567708333333333 0.33455674760022586 0.04739583333333333 0.06832298136645963
0 0.48880208333333336 0.38114059853190285 0.0453125 0.054771315640880856
0 0.35208333333333336 0.7117447769621683 0.044270833333333336 0.04630152456239413
0 0.44114583333333335 0.22557876905702992 0.04010416666666667 0.04291360813099943
0 0.5893229166666667 0.2571993224167137 0.04739583333333333 0.05533596837944664
0 0.2453125 0.6194240542066629 0.040625 0.05420666290231508
0 0.5174479166666667 0.313382269904009 0.05572916666666667 0.06549971767363072
0 0.45598958333333334 0.057876905702992656 0.17708333333333334 0.10107284020327499
0 0.4388020833333333 0.30350084697910784 0.08697916666666666 0.08413325804630152
0 0.4856770833333333 0.9342179559570863 0.19895833333333332 0.088085827216262
0 0.7528645833333333 0.28825522303783174 0.0484375 0.05815923207227555
0 0.5934895833333333 0.6470920383963862 0.03958333333333333 0.055900621118012424
0 0.15182291666666667 0.5965556182947487 0.044270833333333336 0.03896103896103896
0 0.44192708333333336 0.5042348955392434 0.03958333333333333 0.04912478825522304
0 0.30078125 0.29898362507058157 0.05 0.044042913608131
0 0.64609375 0.2896668548842462 0.058854166666666666 0.0502540937323546
0 0.38177083333333334 0.4528514963297572 0.0375 0.037267080745341616
0 0.5825520833333333 0.5575945793337098 0.035416666666666666 0.048560135516657256
0 0.6671875 0.5372670807453416 0.09895833333333333 0.07340485601355166
0 0.23619791666666667 0.4215132693393563 0.043229166666666666 0.034443817052512704
0 0.73984375 0.411914172783738 0.04114583333333333 0.028232636928289104
0 0.6372395833333333 0.7094861660079052 0.035416666666666666 0.037267080745341616
0 0.13020833333333334 0.5375494071146245 0.03854166666666667 0.057029926595143984
0 0.2916666666666667 0.20863918690005648 0.03802083333333333 0.04121964991530209
0 0.24635416666666668 0.26312817617165446 0.0515625 0.06493506493506493
0 0.53359375 0.6688311688311688 0.06822916666666666 0.10728402032749859
0 0.22552083333333334 0.16996047430830039 0.18541666666666667 0.19875776397515527
0 0.33958333333333335 0.26990400903444384 0.04791666666666667 0.06549971767363072
0 0.40859375 0.42941840767927725 0.03854166666666667 0.039525691699604744
0 0.7479166666666667 0.5680406549971767 0.052083333333333336 0.040654997176736304
0 0.35208333333333336 0.17108977978543197 0.05625 0.04178430265386787
0 0.7671875 0.7145680406549971 0.04010416666666667 0.04517221908526256
0 0.590625 0.43845285149632973 0.044270833333333336 0.033314511575381144