0 0.7203125 0.777244494635799 0.10416666666666667 0.1038961038961039
0 0.05703125 0.5067758328627894 0.071875 0.1067193675889328
0 0.70703125 0.33879164313946925 0.08958333333333333 0.09316770186335403
0 0.14427083333333332 0.44127611518915866 0.07604166666666666 0.10841332580463016
0 0.50859375 0.2295313382269904 0.084375 0.06888763410502541
0 0.8953125 0.6747600225861096 0.07604166666666666 0.09712027103331451
0 0.62265625 0.08498023715415019 0.096875 0.08413325804630152
0 0.59765625 0.7529644268774703 0.06979166666666667 0.08921513269339357
0 0.29401041666666666 0.7888198757763976 0.10625 0.09203839638622248
0 0.76875 0.1668548842461886 0.10572916666666667 0.12365894974590627
0 0.7638020833333333 0.4836250705815923 0.06927083333333334 0.09373235460191982
0 0.41822916666666665 0.5759457933370977 0.0625 0.0660643704121965
0 0.6221354166666667 0.19367588932806323 0.06145833333333333 0.054771315640880856
0 0.68984375 0.9017504234895539 0.09479166666666666 0.08582721626199886
0 0.54609375 0.15245623941276115 0.06770833333333333 0.05815923207227555
0 0.22760416666666666 0.4816487859966121 0.07916666666666666 0.07905138339920949
0 0.46197916666666666 0.7634105025409373 0.07395833333333333 0.07961603613777526
0 0.2916666666666667 0.6747600225861096 0.06510416666666667 0.09316770186335403
0 0.31197916666666664 0.43591191417278374 0.06458333333333334 0.0502540937323546
0 0.53671875 0.8407679277244494 0.08854166666666667 0.049689440993788817
0 0.23125 0.5612648221343873 0.071875 0.07058159232072275
0 0.33098958333333334 0.5753811405985318 0.078125 0.049689440993788817
0 0.39375 0.748729531338227 0.0921875 0.08356860530773574
0 0.79921875 0.36476566911349523 0.0796875 0.10333145115753811
0 0.8208333333333333 0.808300395256917 0.07916666666666666 0.09542631281761717
0 0.6098958333333333 0.34839073969508755 0.075 0.06549971767363072
0 0.6674479166666667 0.466403162055336 0.06510416666666667 0.050818746470920384
0 0.26171875 0.3642010163749294 0.07135416666666666 0.08356860530773574
0 0.09244791666666667 0.6719367588932806 0.08229166666666667 0.10220214568040654
0 0.840625 0.46499153020892153 0.052083333333333336 0.08300395256916997
0 0.1828125 0.8063241106719368 0.08177083333333333 0.09881422924901186
0 0.08515625 0.3416149068322981 0.0796875 0.10841332580463016
0 0.2950520833333333 0.893845285149633 0.07447916666666667 0.06380575945793338
0 0.6299479166666667 0.6050254093732355 0.0609375 0.059853190287972896
0 0.5986979166666667 0.4946357989836251 0.05 0.06549971767363072
0 0.4122395833333333 0.6612083568605308 0.0515625 0.06154714850367024
0 0.6223958333333334 0.8390739695087521 0.0765625 0.07679277244494635
0 0.8875 0.33032185206098247 0.0859375 0.10107284020327499
0 0.46927083333333336 0.6730660643704122 0.0484375 0.08752117447769622
0 0.18307291666666667 0.6496329757199323 0.0640625 0.04799548277809147
0 0.51875 0.4308300395256917 0.051041666666666666 0.0502540937323546
0 0.7213541666666666 0.6380575945793338 0.078125 0.08582721626199886
0 0.5380208333333333 0.5838509316770186 0.05572916666666667 0.06549971767363072
0 0.9317708333333333 0.5045172219085262 0.07604166666666666 0.11914172783738002
0 0.6565104166666667 0.4025974025974026 0.06979166666666667 0.042348955392433656
0 0.21614583333333334 0.7210615471485037 0.06302083333333333 0.07453416149068323
0 0.8361979166666667 0.5652173913043478 0.05416666666666667 0.08977978543195934
0 0.37005208333333334 0.34217955957086393 0.0609375 0.06662902315076229
0 0.55 0.5036702428006776 0.03802083333333333 0.050818746470920384
0 0.35052083333333334 0.6343873517786561 0.0515625 0.06775832862789384
0 0.6932291666666667 0.22981366459627328 0.05 0.05194805194805195
0 0.32916666666666666 0.3794466403162055 0.0578125 0.057029926595143984
0 0.43854166666666666 0.14991530208921514 0.09635416666666667 0.07509881422924901
0 0.43307291666666664 0.385940146809712 0.05520833333333333 0.05138339920948617
0 0.80625 0.6479390175042349 0.041666666666666664 0.062111801242236024
0 0.4549479166666667 0.8478260869565217 0.058854166666666666 0.049689440993788817
0 0.5502604166666667 0.39073969508752115 0.06927083333333334 0.05194805194805195
0 0.3151041666666667 0.5053642010163749 0.0765625 0.07340485601355166
0 0.5658854166666667 0.3116883116883117 0.04739583333333333 0.04912478825522304
0 0.49322916666666666 0.5409373235460192 0.0453125 0.0378317334839074
0 0.45651041666666664 0.4440993788819876 0.0421875 0.044607566346696784
0 0.678125 0.6840767927724449 0.042708333333333334 0.07396950875211744
0 0.3859375 0.8311688311688312 0.06197916666666667 0.042348955392433656
0 0.3919270833333333 0.23771880293619424 0.052083333333333336 0.07905138339920949
0 0.48151041666666666 0.5957086391869001 0.03958333333333333 0.04121964991530209
0 0.38723958333333336 0.5059288537549407 0.03958333333333333 0.044607566346696784
0 0.5328125 0.7701863354037267 0.04114583333333333 0.045736871823828344
0 0.18307291666666667 0.3404856013551666 0.04635416666666667 0.06719367588932806
0 0.4869791666666667 0.3814229249011858 0.044270833333333336 0.05420666290231508
0 0.35546875 0.7145680406549971 0.04375 0.045736871823828344
0 0.43671875 0.2267080745341615 0.03958333333333333 0.042348955392433656
0 0.5854166666666667 0.2555053642010164 0.04635416666666667 0.05420666290231508
0 0.24739583333333334 0.6242236024844721 0.03958333333333333 0.053642010163749296
0 0.5143229166666666 0.31309994353472614 0.0546875 0.06437041219649915
0 0.44895833333333335 0.058723884810841336 0.17552083333333332 0.09768492377188029
0 0.4356770833333333 0.3046301524562394 0.08541666666666667 0.08243929983060418
0 0.49270833333333336 0.9345002823263693 0.19739583333333333 0.08413325804630152
0 0.7494791666666667 0.2834556747600226 0.04739583333333333 0.057029926595143984
0 0.5958333333333333 0.6453980801806889 0.03854166666666667 0.05533596837944664
0 0.15338541666666666 0.6030491247882552 0.04375 0.038396386222473176
0 0.44192708333333336 0.5053642010163749 0.0390625 0.048560135516657256
0 0.29765625 0.3026538678712592 0.049479166666666664 0.04291360813099943
0 0.6427083333333333 0.2868435911914173 0.0578125 0.04912478825522304
0 0.3809895833333333 0.45511010728402035 0.03697916666666667 0.03670242800677583
0 0.58359375 0.5559006211180124 0.034895833333333334 0.04799548277809147
0 0.6677083333333333 0.5341614906832298 0.09791666666666667 0.07171089779785432
0 0.23489583333333333 0.4265951439864483 0.042708333333333334 0.03387916431394692
0 0.73828125 0.40739695087521177 0.040625 0.02766798418972332
0 0.640625 0.7069452286843592 0.034895833333333334 0.03670242800677583
0 0.13098958333333333 0.5446075663466968 0.0375 0.05646527385657821
0 0.2869791666666667 0.21259175607001693 0.0375 0.040654997176736304
0 0.24270833333333333 0.26792772444946356 0.050520833333333334 0.06380575945793338
0 0.5361979166666667 0.668266516092603 0.06666666666666667 0.10615471485036702
0 0.2203125 0.17532467532467533 0.18229166666666666 0.19536984754376058
0 0.3359375 0.27300959909655564 0.046875 0.06437041219649915
0 0.4075520833333333 0.4311123658949746 0.03802083333333333 0.03896103896103896
0 0.7489583333333333 0.5632411067193676 0.0515625 0.039525691699604744
0 0.346875 0.17391304347826086 0.05572916666666667 0.040654997176736304
0 0.7705729166666667 0.7094861660079052 0.03958333333333333 0.044607566346696784
0 0.5895833333333333 0.4367588932806324 0.04375 0.03274985883681536