0 0.7986979166666667 0.8153585544889893 0.1296875 0.13099943534726144
0 0.8200520833333333 0.46696781479390176 0.09270833333333334 0.10954263128176171
0 0.75390625 0.30124223602484473 0.10989583333333333 0.11575381140598531
0 0.4166666666666667 0.8080180688876341 0.11458333333333333 0.10728402032749859
0 0.5026041666666666 0.8311688311688312 0.09583333333333334 0.08526256352343309
0 0.29921875 0.867871259175607 0.13229166666666667 0.11914172783738002
0 0.64609375 0.31931112365894976 0.08125 0.08639186900056466
0 0.22005208333333334 0.3650479954827781 0.096875 0.09712027103331451
0 0.3203125 0.614059853190288 0.09114583333333333 0.0756634669678148
0 0.09192708333333334 0.4774138904573687 0.1015625 0.13608130999435347
0 0.6541666666666667 0.790231507622812 0.0859375 0.10954263128176171
0 0.5138020833333333 0.1852060982495765 0.10260416666666666 0.09090909090909091
0 0.7182291666666667 0.44748729531338227 0.08020833333333334 0.06324110671936758
0 0.865625 0.32185206098249575 0.0984375 0.12987012987012986
0 0.3015625 0.53613777526821 0.09375 0.09147374364765669
0 0.3578125 0.6795595708639187 0.06614583333333333 0.08469791078486731
0 0.15625 0.7123094297007341 0.07916666666666666 0.06154714850367024
0 0.42421875 0.2876905702992659 0.11041666666666666 0.10163749294184077
0 0.4942708333333333 0.7114624505928854 0.06302083333333333 0.09994353472614342
0 0.29270833333333335 0.4505928853754941 0.0828125 0.060982495765104464
0 0.28880208333333335 0.733201581027668 0.08229166666666667 0.11349520045172219
0 0.79140625 0.6504799548277809 0.0953125 0.10559006211180125
0 0.42109375 0.09203839638622248 0.121875 0.09542631281761717
0 0.209375 0.7893845285149633 0.08020833333333334 0.09203839638622248
0 0.6934895833333333 0.6233766233766234 0.07083333333333333 0.07961603613777526
0 0.19270833333333334 0.5118577075098815 0.09791666666666667 0.09937888198757763
0 0.6471354166666666 0.13664596273291926 0.07604166666666666 0.07058159232072275
0 0.5473958333333333 0.09655561829474874 0.08385416666666666 0.06719367588932806
0 0.21067708333333332 0.6095426312817617 0.08125 0.08639186900056466
0 0.41484375 0.9085262563523433 0.07447916666666667 0.054771315640880856
0 0.4239583333333333 0.6016374929418408 0.07291666666666667 0.09260304912478826
0 0.69140625 0.8845285149632975 0.09322916666666667 0.09542631281761717
0 0.43411458333333336 0.3740824392998306 0.06927083333333334 0.06324110671936758
0 0.5729166666666666 0.5934500282326369 0.07135416666666666 0.07509881422924901
0 0.7072916666666667 0.38085827216261997 0.0828125 0.057029926595143984
0 0.35 0.3382269904009034 0.07864583333333333 0.09147374364765669
0 0.5 0.9212309429700734 0.07083333333333333 0.06324110671936758
0 0.5205729166666667 0.2780914737436477 0.06666666666666667 0.08130999435347261
0 0.81640625 0.5567476002258611 0.06458333333333334 0.05194805194805195
0 0.7213541666666666 0.5304912478825522 0.11822916666666666 0.09090909090909091
0 0.5700520833333333 0.37012987012987014 0.08958333333333333 0.05759457933370977
0 0.39401041666666664 0.4254658385093168 0.06614583333333333 0.07001693958215698
0 0.5815104166666667 0.282326369282891 0.058854166666666666 0.06267645398080181
0 0.4510416666666667 0.515527950310559 0.04739583333333333 0.06041784302653868
0 0.6380208333333334 0.49294184076792774 0.06145833333333333 0.08018068887634106
0 0.3072916666666667 0.38226990400903443 0.07239583333333334 0.07284020327498589
0 0.43255208333333334 0.7111801242236024 0.06354166666666666 0.07453416149068323
0 0.92109375 0.435347261434218 0.065625 0.10163749294184077
0 0.37213541666666666 0.20835686053077357 0.06979166666666667 0.09486166007905138
0 0.7302083333333333 0.1727837380011293 0.06354166666666666 0.06549971767363072
0 0.10026041666666667 0.5940146809712027 0.057291666666666664 0.06267645398080181
0 0.5885416666666666 0.9164313946922643 0.09895833333333333 0.06945228684359118
0 0.88046875 0.6544325239977414 0.0578125 0.07453416149068323
0 0.5763020833333333 0.5033879164313947 0.0453125 0.06267645398080181
0 0.9127604166666666 0.5513833992094862 0.0703125 0.10841332580463016
0 0.31692708333333336 0.13438735177865613 0.0703125 0.054771315640880856
0 0.4625 0.4370412196499153 0.0546875 0.05646527385657821
0 0.5130208333333334 0.5468661773009599 0.0546875 0.05307735742518351
0 0.30911458333333336 0.2518351214003388 0.0578125 0.07340485601355166
0 0.20208333333333334 0.2543760587238848 0.06770833333333333 0.07735742518351214
0 0.5981770833333333 0.2069452286843591 0.0578125 0.06549971767363072
0 0.12786458333333334 0.6592320722755506 0.0515625 0.05138339920948617
0 0.5369791666666667 0.4246188594014681 0.06302083333333333 0.058723884810841336
0 0.13411458333333334 0.3424618859401468 0.059375 0.07905138339920949
0 0.5809895833333333 0.8263692828910221 0.05 0.057029926595143984
0 0.49453125 0.3619424054206663 0.05677083333333333 0.06041784302653868
0 0.8015625 0.23489553924336534 0.06197916666666667 0.06719367588932806
0 0.8596354166666667 0.7275550536420101 0.0484375 0.06437041219649915
0 0.6768229166666667 0.23800112930547712 0.06979166666666667 0.05815923207227555
0 0.7458333333333333 0.7089215132693394 0.052083333333333336 0.08921513269339357
0 0.3875 0.5313382269904009 0.0484375 0.05138339920948617
0 0.2591145833333333 0.1852060982495765 0.05 0.05194805194805195
0 0.6453125 0.6719367588932806 0.053125 0.06888763410502541
0 0.4239583333333333 0.19932241671372106 0.052083333333333336 0.05251270468661773
0 0.6200520833333333 0.5652173913043478 0.04479166666666667 0.05533596837944664
0 0.36770833333333336 0.7778091473743648 0.05364583333333333 0.05646527385657821
0 0.26171875 0.292772444946358 0.06302083333333333 0.050818746470920384
0 0.5059895833333333 0.61914172783738 0.0515625 0.05420666290231508
0 0.23385416666666667 0.6764539808018069 0.04791666666666667 0.06380575945793338
0 0.20572916666666666 0.45200451722190854 0.0515625 0.04743083003952569
0 0.375 0.468944099378882 0.04114583333333333 0.045736871823828344
0 0.7940104166666667 0.3825522303783173 0.046875 0.03670242800677583
0 0.5786458333333333 0.7066629023150762 0.0859375 0.13043478260869565
0 0.7036458333333333 0.7388481084133258 0.040625 0.04630152456239413
0 0.6192708333333333 0.4243365330321852 0.05364583333333333 0.04121964991530209