0 0.34401041666666665 0.3990674712013165 0.08385416666666666 0.09873834339001646
0 0.19453125 0.3047174986286341 0.0921875 0.10093252879868349
0 0.07838541666666667 0.38645090510148106 0.065625 0.11464618760285245
0 0.2591145833333333 0.5211190345584202 0.08854166666666667 0.0877674163466813
0 0.23020833333333332 0.730115194733955 0.10104166666666667 0.11848601206801974
0 0.44817708333333334 0.2227098189797038 0.0734375 0.09928688974218322
0 0.8515625 0.7029621503017005 0.0796875 0.09434997257268239
0 0.7783854166666667 0.6615469007131103 0.071875 0.07734503565551289
0 0.6596354166666667 0.9418540866703237 0.09635416666666667 0.08447613823368075
0 0.81484375 0.44048272078990675 0.08854166666666667 0.12452002194185409
0 0.5848958333333333 0.3178826110806363 0.0828125 0.09051014810751508
0 0.8565104166666667 0.29264947888096543 0.07552083333333333 0.11300054854635216
0 0.5481770833333334 0.1319253976961053 0.11041666666666666 0.09764125068568294
0 0.09166666666666666 0.5257816785518377 0.071875 0.0981897970378497
0 0.37109375 0.6305540318156885 0.07916666666666666 0.08721886999451453
0 0.3614583333333333 0.2356006582556226 0.09322916666666667 0.08612177729018101
0 0.709375 0.6088864509051015 0.084375 0.09764125068568294
0 0.7729166666666667 0.8362589138782227 0.109375 0.10257816785518377
0 0.6109375 0.8483269336258914 0.10208333333333333 0.10257816785518377
0 0.7880208333333333 0.1766319253976961 0.08020833333333334 0.0877674163466813
0 0.5744791666666667 0.6612726275370269 0.09583333333333334 0.09051014810751508
0 0.63828125 0.4607789358200768 0.071875 0.09654415798134942
0 0.3932291666666667 0.44459681843115745 0.06822916666666666 0.07569939659901262
0 0.3736979166666667 0.3274821722435546 0.07604166666666666 0.09873834339001646
0 0.6158854166666666 0.3754799780581459 0.06510416666666667 0.07789358200767965
0 0.24401041666666667 0.4424026330224904 0.07760416666666667 0.07679648930334614
0 0.43671875 0.7624794295117937 0.08645833333333333 0.08996160175534833
0 0.5486979166666667 0.03730115194733955 0.1046875 0.0746023038946791
0 0.109375 0.25891387822270984 0.08229166666666667 0.09270433351618211
0 0.440625 0.4607789358200768 0.0515625 0.05979155238617663
0 0.6765625 0.2863411958310477 0.09479166666666666 0.09544706527701591
0 0.6671875 0.6908941305540318 0.06666666666666667 0.0850246845858475
0 0.7236979166666667 0.22819528250137136 0.06614583333333333 0.07405375754251234
0 0.70625 0.371914426769062 0.0875 0.0746023038946791
0 0.17395833333333333 0.5373011519473395 0.058333333333333334 0.07569939659901262
0 0.1640625 0.8069116840373012 0.0875 0.09544706527701591
0 0.9080729166666667 0.42375205704882063 0.07864583333333333 0.09051014810751508
0 0.40130208333333334 0.9459681843115744 0.09479166666666666 0.07899067471201317
0 0.6223958333333334 0.5863960504662644 0.057291666666666664 0.0718595721338453
0 0.30494791666666665 0.07131102578167856 0.09166666666666666 0.07295666483817882
0 0.7309895833333333 0.4605046626439934 0.06770833333333333 0.10367526055951728
0 0.259375 0.3598464070213933 0.08489583333333334 0.1113549094898519
0 0.27369791666666665 0.8985189248491497 0.10520833333333333 0.09270433351618211
0 0.33203125 0.49149753154141523 0.05260416666666667 0.07515085024684585
0 0.47890625 0.6151947339550192 0.07395833333333333 0.055403181568842566
0 0.5729166666666666 0.5422380691168404 0.06354166666666666 0.06747120131651124
0 0.5434895833333333 0.21228743828853539 0.12135416666666667 0.08228195282501372
0 0.35625 0.7350521119034559 0.08958333333333333 0.0811848601206802
0 0.4393229166666667 0.31294569391113547 0.0734375 0.05979155238617663
0 0.6244791666666667 0.22325836533187055 0.05572916666666667 0.07021393307734504
0 0.3346354166666667 0.15852989577619309 0.0765625 0.06253428414701043
0 0.4453125 0.673614920460779 0.07083333333333333 0.05650027427317608
0 0.44479166666666664 0.3924849149753154 0.05677083333333333 0.05375754251234229
0 0.50703125 0.4360943499725727 0.050520833333333334 0.05650027427317608
0 0.8981770833333333 0.5323642347778387 0.051041666666666666 0.06198573779484366
0 0.29192708333333334 0.2781130005485464 0.07135416666666666 0.06637410861217773
0 0.2552083333333333 0.5981897970378497 0.0578125 0.06198573779484366
0 0.16276041666666666 0.17964893033461327 0.05625 0.06472846955567746
0 0.646875 0.058145913329676356 0.065625 0.061437191442676904
0 0.51875 0.30444322545255076 0.08958333333333333 0.07679648930334614
0 0.40546875 0.8466812945693911 0.06666666666666667 0.058145913329676356
0 0.5768229166666666 0.47449259462424576 0.0609375 0.06363137685134394
0 0.5408854166666667 0.5957213384530993 0.05572916666666667 0.0575973669775096
0 0.4234375 0.029347229840921557 0.10572916666666667 0.058145913329676356
0 0.33098958333333334 0.5655512890839276 0.09635416666666667 0.06308283049917718
0 0.7184895833333333 0.10175534832693363 0.05364583333333333 0.055951727921009324
0 0.4166666666666667 0.5825562260010971 0.058333333333333334 0.055951727921009324
0 0.88203125 0.6108063631376851 0.051041666666666666 0.06253428414701043
0 0.12057291666666667 0.7100932528798684 0.049479166666666664 0.05924300603400987
0 0.6591145833333333 0.5334613274821722 0.08541666666666667 0.055951727921009324
0 0.5596354166666667 0.413878222709819 0.065625 0.06198573779484366
0 0.5049479166666667 0.6985737794843664 0.05677083333333333 0.11300054854635216
0 0.3927083333333333 0.5175534832693363 0.04635416666666667 0.06692265496434449
0 0.09401041666666667 0.6313768513439386 0.0421875 0.06856829402084476
0 0.7356770833333334 0.534009873834339 0.0640625 0.052660449808008776
0 0.5002604166666667 0.37739989029072957 0.05625 0.06034009873834339
0 0.21588541666666666 0.11821173889193637 0.05625 0.05211190345584202
0 0.5049479166666667 0.7953922106417992 0.052083333333333336 0.07240811848601207
0 0.56640625 0.9670872188699945 0.06041666666666667 0.05485463521667581
0 0.5973958333333333 0.7537026878771256 0.13072916666666667 0.07624794295117937
0 0.29244791666666664 0.683763027975864 0.08489583333333334 0.11080636313768513
0 0.784375 0.32281952825013716 0.04010416666666667 0.04333516182117389
0 0.16302083333333334 0.4253976961053209 0.04375 0.039495337356006584
0 0.490625 0.9662643993417444 0.06145833333333333 0.04552934722984092
0 0.16510416666666666 0.3782227098189797 0.036458333333333336 0.039495337356006584
0 0.50390625 0.5586944596818432 0.058854166666666666 0.05704882062534284
0 0.5348958333333333 0.49917718047174986 0.04583333333333333 0.05979155238617663
0 0.7604166666666666 0.28414701042238066 0.04114583333333333 0.042238069116840374
0 0.79921875 0.36176631925397695 0.0390625 0.04004388370817334
0 0.8083333333333333 0.5913329676357653 0.036458333333333336 0.039495337356006584
0 0.7247395833333333 0.7718047174986287 0.0375 0.036204059243006036
0 0.44166666666666665 0.5315414152495886 0.042708333333333334 0.049917718047174986
0 0.17890625 0.6003839824465167 0.035416666666666666 0.041689522764673616
0 0.81015625 0.5362040592430061 0.0375 0.04333516182117389
0 0.6846354166666667 0.8132199670872189 0.041666666666666664 0.04114097641250686
0 0.6760416666666667 0.18156884256719694 0.0390625 0.03839824465167307
0 0.46796875 0.8628634119583105 0.0359375 0.0405924300603401
0 0.27265625 0.2002194185408667 0.03854166666666667 0.039495337356006584
0 0.6315104166666666 0.1571585298957762 0.0421875 0.036204059243006036
0 0.7546875 0.7328579264947888 0.03697916666666667 0.03730115194733955
0 0.47604166666666664 0.11080636313768513 0.0421875 0.039495337356006584
0 0.3138020833333333 0.8134942402633023 0.04010416666666667 0.04114097641250686
0 0.4328125 0.1138233680746023 0.041666666666666664 0.03510696653867252
0 0.16119791666666666 0.4725726823916621 0.0359375 0.03784969829950631
0 0.27786458333333336 0.7931980252331322 0.0390625 0.03784969829950631
0 0.48333333333333334 0.2553483269336259 0.035416666666666666 0.03730115194733955
0 0.34869791666666666 0.8294020844761383 0.034895833333333334 0.036752605595172794
0 0.5557291666666667 0.7276467361492046 0.04375 0.04114097641250686
0 0.38776041666666666 0.1283598464070214 0.041666666666666664 0.03784969829950631
0 0.18854166666666666 0.6481075150850247 0.0328125 0.03565551289083928
0 0.52734375 0.8694459681843115 0.04114583333333333 0.03455842018650576
0 0.3380208333333333 0.6777290181020296 0.041666666666666664 0.04278661546900713
0 0.31640625 0.337904552934723 0.040625 0.04388370817334065
0 0.6770833333333334 0.41936368623148657 0.0375 0.044980800877674164