1 0.2925 0.45126522961574506 0.15 0.13964386129334583
0 0.5125 0.3626991565135895 0.06 0.05998125585754452
0 0.533125 0.8350515463917526 0.10375 0.07122774133083412
0 0.775625 0.6494845360824743 0.05125 0.03748828491096532
0 0.340625 0.5688847235238987 0.09125 0.05998125585754452
0 0.61375 0.4775070290534208 0.0375 0.03467666354264293
0 0.3775 0.14995313964386128 0.0675 0.02999062792877226
0 0.305 0.5016963448922211 0.0925 0.04873477038425492
0 0.446875 0.19775070290534208 0.01875 0.013120899718837863
0 0.450625 0.18556701030927836 0.01875 0.013120899718837863
0 0.8475 0.29756326148078727 0.04 0.014058106841611996
0 0.215625 0.5220243673851921 0.04875 0.022492970946579195
0 0.209375 0.4967197750702905 0.02125 0.03561387066541706
0 0.610625 0.5543580131208997 0.03375 0.030927835051546393
0 0.581875 0.619962511715089 0.01625 0.01218369259606373
0 0.64875 0.5880974695407685 0.0125 0.008434864104967198
0 0.619375 0.563261480787254 0.02625 0.01499531396438613
0 0.770625 0.4268978444236176 0.03875 0.030927835051546393
0 0.74035 0.3384629803186504 0.025 0.02035613870665417
0 0.913125 0.3444236176194939 0.03125 0.02155576382380506
0 0.8364625 0.5986129334582944 0.035 0.02092783505154639
0 0.87375 0.40112464854732893 0.03 0.02436738519212746
0 0.815625 0.5074976569821931 0.03125 0.02155576382380506
0 0.81375 0.4835988753514527 0.0275 0.020618556701030927
0 0.904375 0.3880037488284911 0.02625 0.01874414245548266
0 0.9225 0.5121836925960638 0.02 0.015932521087160263
0 0.70375 0.5876288659793815 0.02 0.022492970946579195
0 0.724375 0.5993439550140581 0.01875 0.029053420805998126
0 0.990625 0.43252108716026244 0.01625 0.010309278350515464
0 0.986875 0.654639175257732 0.02375 0.019681349578256794
0 0.934375 0.49625117150890347 0.01625 0.04779756326148079
0 0.64 0.7928772258669166 0.035 0.022492970946579195
0 0.759375 0.6785379568884724 0.03125 0.02436738519212746
0 0.949375 0.7474226804123711 0.04125 0.02717900656044986
0 0.731875 0.6737956888472353 0.03125 0.02634489222118088
0 0.909375 0.6940018744142455 0.02375 0.015932521087160263
0 0.681875 0.7947516401124649 0.01875 0.016869728209934397
0 0.80125 0.7525773195876289 0.0175 0.011246485473289597
0 0.86 0.7277413308341143 0.0175 0.010309278350515464
0 0.7125 0.8448922211808809 0.025 0.015932521087160263
0 0.88125 0.7202436738519212 0.015 0.01218369259606373
0 0.6087375 0.7074507966260544 0.0142125 0.011508903467666354
0 0.950875 0.8103655107778819 0.045825 0.026110590440487347
0 0.985525 0.6342268041237114 0.02895 0.045388940955951265
0 0.5039625 0.33159325210871604 0.034025 0.021668228678537956
0 0.35106250000000006 0.39191190253045927 0.0396375 0.024545454545454547
0 0.5369625 0.4574226804123711 0.013125 0.030824742268041237
0 0.528625 0.45557638238050613 0.011012500000000001 0.03170571696344892
0 0.3793125 0.6147422680412371 0.011312500000000001 0.011565135895032802