1 0.583125 0.34910965323336457 0.19875 0.1246485473289597
0 0.68125 0.521087160262418 0.085 0.04967197750702906
0 0.051875 0.49531396438612935 0.10375 0.08341143392689784
0 0.2775 0.6930646672914714 0.05375 0.041237113402061855
0 0.4225 0.37488284910965325 0.0875 0.07310215557638237
0 0.52 0.5866916588566073 0.04875 0.030927835051546393
0 0.975625 0.43908153701968133 0.04625 0.053420805998125584
0 0.514375 0.3542642924086223 0.0725 0.07310215557638237
0 0.90625 0.48687910028116216 0.01875 0.01499531396438613
0 0.921875 0.4906279287722587 0.01875 0.01499531396438613
0 0.73875 0.7774133083411434 0.0225 0.030927835051546393
0 0.495625 0.2858481724461106 0.03375 0.038425492033739454
0 0.53 0.2830365510777882 0.04875 0.01874414245548266
0 0.418125 0.577788191190253 0.04375 0.028116213683223992
0 0.33375 0.5506091846298032 0.0175 0.013120899718837863
0 0.37 0.6035613870665417 0.0125 0.010309278350515464
0 0.405625 0.5838800374882849 0.0225 0.020618556701030927
0 0.57375 0.7085285848172446 0.045 0.031865042174320526
0 0.69375 0.6940018744142455 0.03 0.020618556701030927
0 0.670625 0.8219306466729147 0.03125 0.02530459231490159
0 0.34 0.7427366447985004 0.03 0.028116213683223992
0 0.59875 0.7877225866916588 0.035 0.02436738519212746
0 0.4625 0.7352389878163074 0.03125 0.02530459231490159
0 0.494375 0.7357075913776945 0.03 0.022492970946579195
0 0.61375 0.8116213683223993 0.0275 0.02155576382380506
0 0.446875 0.8144329896907216 0.0225 0.015932521087160263
0 0.365625 0.6443298969072165 0.03125 0.016869728209934397
0 0.34875 0.6588566073102156 0.04 0.016869728209934397
0 0.546875 0.872539831302718 0.015 0.013120899718837863
0 0.251875 0.8500468603561387 0.02875 0.019681349578256794
0 0.466875 0.8247422680412371 0.065 0.015932521087160263
0 0.09875 0.5791940018744143 0.0325 0.028116213683223992
0 0.24 0.6780693533270853 0.035 0.02530459231490159
0 0.131875 0.8139643861293346 0.04 0.03280224929709466
0 0.24875 0.6579194001874414 0.0375 0.02530459231490159
0 0.20625 0.788659793814433 0.02375 0.01874414245548266
0 0.0925 0.6101218369259607 0.02375 0.015932521087160263
0 0.138125 0.7029053420805998 0.01625 0.014058106841611996
0 0.16625 0.7488284910965324 0.015 0.014058106841611996
0 0.023125 0.6288659793814433 0.02375 0.019681349578256794
0 0.174375 0.7656982193064668 0.0175 0.01218369259606373
0 0.215 0.563261480787254 0.01625 0.011246485473289597
0 0.04875 0.8097469540768509 0.03875 0.03655107778819119
0 0.279375 0.8509840674789129 0.0625 0.02530459231490159
0 0.723125 0.5173383317713215 0.03125 0.02717900656044986
0 0.656875 0.3983130271790066 0.03625 0.031865042174320526
0 0.55375 0.5313964386129335 0.0425 0.01218369259606373
0 0.556875 0.5253045923149016 0.04375 0.011246485473289597
0 0.358125 0.39971883786316775 0.01625 0.00937207122774133