0 0.6255208333333333 0.6614583333333334 0.1078125 0.11354166666666667
0 0.45677083333333335 0.2872395833333333 0.11875 0.1078125
0 0.2046875 0.6572916666666667 0.1140625 0.11510416666666666
0 0.67890625 0.39895833333333336 0.0984375 0.10520833333333333
0 0.7734375 0.83203125 0.11458333333333333 0.121875
0 0.20494791666666667 0.446875 0.0890625 0.12135416666666667
0 0.7684895833333333 0.5596354166666667 0.10729166666666666 0.103125
0 0.6505208333333333 0.23151041666666666 0.10729166666666666 0.10572916666666667
0 0.8765625 0.3416666666666667 0.1015625 0.11979166666666667
0 0.38359375 0.5625 0.0796875 0.07291666666666667
0 0.5505208333333333 0.27369791666666665 0.07135416666666666 0.12864583333333332
0 0.20234375 0.5515625 0.10833333333333334 0.09270833333333334
0 0.7567708333333333 0.6526041666666667 0.09322916666666667 0.0921875
0 0.5877604166666667 0.59296875 0.08645833333333333 0.08697916666666666
0 0.10234375 0.42864583333333334 0.090625 0.1265625
0 0.3106770833333333 0.48151041666666666 0.08958333333333333 0.11354166666666667
0 0.2828125 0.29401041666666666 0.10625 0.1125
0 0.24192708333333332 0.7466145833333333 0.07135416666666666 0.08333333333333333
0 0.278125 0.8729166666666667 0.115625 0.09791666666666667
0 0.5481770833333334 0.8317708333333333 0.11458333333333333 0.1015625
0 0.39166666666666666 0.6986979166666667 0.11041666666666666 0.090625
0 0.6098958333333333 0.43255208333333334 0.0734375 0.065625
0 0.22421875 0.21015625 0.09114583333333333 0.08958333333333333
0 0.5674479166666667 0.72734375 0.08854166666666667 0.11822916666666666
0 0.3606770833333333 0.22005208333333334 0.08177083333333333 0.10052083333333334
0 0.30520833333333336 0.5830729166666667 0.0796875 0.09166666666666666
0 0.41692708333333334 0.41875 0.078125 0.07916666666666666
0 0.53671875 0.55625 0.06458333333333334 0.06979166666666667
0 0.7088541666666667 0.73515625 0.10729166666666666 0.12708333333333333
0 0.5502604166666667 0.9263020833333333 0.09375 0.0703125
0 0.44244791666666666 0.8119791666666667 0.09270833333333334 0.11354166666666667
0 0.45286458333333335 0.5591145833333333 0.06302083333333333 0.06614583333333333
0 0.67265625 0.5643229166666667 0.06614583333333333 0.0890625
0 0.7325520833333333 0.2916666666666667 0.11041666666666666 0.09479166666666666
0 0.33177083333333335 0.7885416666666667 0.14739583333333334 0.10260416666666666
0 0.5489583333333333 0.37447916666666664 0.090625 0.0671875
0 0.44375 0.4796875 0.05677083333333333 0.06927083333333334
0 0.6424479166666667 0.81171875 0.08697916666666666 0.07864583333333333
0 0.7856770833333333 0.37109375 0.10364583333333334 0.13177083333333334
0 0.3854166666666667 0.48932291666666666 0.0734375 0.07604166666666666
0 0.7161458333333334 0.15364583333333334 0.0796875 0.06979166666666667
0 0.7989583333333333 0.4783854166666667 0.07291666666666667 0.071875
0 0.5083333333333333 0.63046875 0.0703125 0.06302083333333333
0 0.48385416666666664 0.065625 0.1359375 0.1
0 0.8705729166666667 0.57421875 0.07135416666666666 0.08697916666666666
0 0.37447916666666664 0.35052083333333334 0.07083333333333333 0.08072916666666667
0 0.12916666666666668 0.7028645833333333 0.08072916666666667 0.09010416666666667
0 0.609375 0.32447916666666665 0.08541666666666667 0.06979166666666667
0 0.32057291666666665 0.6567708333333333 0.10677083333333333 0.103125
0 0.4708333333333333 0.37135416666666665 0.06927083333333334 0.06666666666666667
0 0.4395833333333333 0.6244791666666667 0.06875 0.071875
0 0.6130208333333333 0.5127604166666667 0.057291666666666664 0.07760416666666667
0 0.5846354166666666 0.16953125 0.06302083333333333 0.084375
0 0.70078125 0.4859375 0.11875 0.07395833333333333
0 0.48802083333333335 0.7190104166666667 0.09166666666666666 0.06979166666666667
0 0.5010416666666667 0.42552083333333335 0.07604166666666666 0.06302083333333333
0 0.5622395833333333 0.4796875 0.053125 0.06145833333333333
0 0.8408854166666667 0.7002604166666667 0.0546875 0.04791666666666667
0 0.22552083333333334 0.3640625 0.08020833333333334 0.058854166666666666
0 0.31302083333333336 0.39427083333333335 0.10364583333333334 0.0703125
0 0.3859375 0.08177083333333333 0.051041666666666666 0.04791666666666667
0 0.09375 0.5755208333333334 0.04895833333333333 0.049479166666666664
0 0.10598958333333333 0.62734375 0.050520833333333334 0.05
0 0.8236979166666667 0.7502604166666667 0.04635416666666667 0.04635416666666667
0 0.4630208333333333 0.1796875 0.16041666666666668 0.08958333333333333
0 0.09010416666666667 0.5294270833333333 0.04791666666666667 0.04635416666666667
0 0.6364583333333333 0.903125 0.049479166666666664 0.04739583333333333
0 0.16380208333333332 0.27578125 0.04583333333333333 0.046875
0 0.8419270833333333 0.25885416666666666 0.04791666666666667 0.044270833333333336
0 0.20989583333333334 0.815625 0.0515625 0.04479166666666667
0 0.14114583333333333 0.33515625 0.04583333333333333 0.051041666666666666
0 0.8859375 0.5049479166666667 0.042708333333333334 0.04895833333333333
0 0.16848958333333333 0.7716145833333333 0.04791666666666667 0.04635416666666667
0 0.27578125 0.14244791666666667 0.044270833333333336 0.04375
0 0.42265625 0.9372395833333333 0.051041666666666666 0.043229166666666666
0 0.809375 0.22291666666666668 0.046875 0.04583333333333333
0 0.3723958333333333 0.9239583333333333 0.0515625 0.04739583333333333
0 0.6908854166666667 0.8713541666666667 0.04635416666666667 0.046875
0 0.32447916666666665 0.11145833333333334 0.04583333333333333 0.04375
0 0.6356770833333333 0.7372395833333333 0.050520833333333334 0.05260416666666667
0 0.86171875 0.64921875 0.04479166666666667 0.04375
0 0.65078125 0.1109375 0.04375 0.04583333333333333
0 0.41510416666666666 0.7645833333333333 0.04479166666666667 0.044270833333333336
0 0.8927083333333333 0.44869791666666664 0.04114583333333333 0.041666666666666664
0 0.50234375 0.22291666666666668 0.05260416666666667 0.04895833333333333
0 0.58515625 0.08125 0.050520833333333334 0.0421875
0 0.4791666666666667 0.9388020833333334 0.05 0.04635416666666667
0 0.25104166666666666 0.51328125 0.04479166666666667 0.05364583333333333
0 0.7325520833333333 0.36041666666666666 0.049479166666666664 0.049479166666666664
0 0.7747395833333334 0.1921875 0.0421875 0.044270833333333336