0 0.3575520833333333 0.646875 0.1015625 0.09479166666666666
0 0.7046875 0.4276041666666667 0.09375 0.10677083333333333
0 0.303125 0.22942708333333334 0.10208333333333333 0.10104166666666667
0 0.625 0.6630208333333333 0.09427083333333333 0.0859375
0 0.209375 0.8169270833333333 0.10885416666666667 0.10052083333333334
0 0.5114583333333333 0.20052083333333334 0.11197916666666667 0.07395833333333333
0 0.4783854166666667 0.77421875 0.090625 0.09583333333333334
0 0.78671875 0.61171875 0.09322916666666667 0.0953125
0 0.7091145833333333 0.85078125 0.10885416666666667 0.0875
0 0.421875 0.39348958333333334 0.06354166666666666 0.07135416666666666
0 0.73125 0.5184895833333333 0.12239583333333333 0.0546875
0 0.4075520833333333 0.2125 0.0796875 0.0984375
0 0.3846354166666667 0.7755208333333333 0.08125 0.0828125
0 0.4200520833333333 0.5997395833333333 0.07708333333333334 0.0765625
0 0.5153645833333333 0.09635416666666667 0.1171875 0.075
0 0.49192708333333335 0.3098958333333333 0.10416666666666667 0.07604166666666666
0 0.6736979166666667 0.25625 0.10052083333333334 0.09322916666666667
0 0.21979166666666666 0.2786458333333333 0.07552083333333333 0.06145833333333333
0 0.09973958333333334 0.33229166666666665 0.084375 0.1046875
0 0.178125 0.5940104166666667 0.08802083333333334 0.103125
0 0.28828125 0.4203125 0.07760416666666667 0.10052083333333334
0 0.58203125 0.5994791666666667 0.05677083333333333 0.06614583333333333
0 0.7486979166666666 0.18645833333333334 0.07916666666666666 0.08072916666666667
0 0.284375 0.5984375 0.10885416666666667 0.07395833333333333
0 0.7578125 0.32317708333333334 0.09166666666666666 0.06979166666666667
0 0.390625 0.31875 0.0828125 0.06875
0 0.5690104166666666 0.40651041666666665 0.0703125 0.06875
0 0.44947916666666665 0.5442708333333334 0.0625 0.05625
0 0.29609375 0.7395833333333334 0.115625 0.0921875
0 0.08489583333333334 0.6091145833333333 0.058854166666666666 0.08645833333333333
0 0.18307291666666667 0.4864583333333333 0.10364583333333334 0.07916666666666666
0 0.4348958333333333 0.46145833333333336 0.058854166666666666 0.05520833333333333
0 0.46041666666666664 0.6799479166666667 0.08229166666666667 0.05520833333333333
0 0.7388020833333333 0.7013020833333333 0.08177083333333333 0.1
0 0.19088541666666667 0.3734375 0.084375 0.13697916666666668
0 0.6309895833333333 0.5309895833333333 0.05625 0.08385416666666666
0 0.5122395833333333 0.44140625 0.06302083333333333 0.0484375
0 0.21119791666666668 0.684375 0.06822916666666666 0.078125
0 0.6674479166666667 0.76484375 0.12083333333333333 0.0875
0 0.49453125 0.38515625 0.06770833333333333 0.06458333333333334
0 0.8731770833333333 0.6658854166666667 0.06041666666666667 0.071875
0 0.5630208333333333 0.79296875 0.06354166666666666 0.06458333333333334
0 0.371875 0.5263020833333333 0.0546875 0.06354166666666666
0 0.9278645833333333 0.4234375 0.08333333333333333 0.12552083333333333
0 0.478125 0.87734375 0.07916666666666666 0.0609375
0 0.63046875 0.35494791666666664 0.07291666666666667 0.06145833333333333
0 0.24739583333333334 0.1609375 0.08125 0.0703125
0 0.6890625 0.5838541666666667 0.059375 0.078125
0 0.31979166666666664 0.34401041666666665 0.090625 0.0953125
0 0.6234375 0.453125 0.058854166666666666 0.06145833333333333
0 0.36822916666666666 0.45755208333333336 0.0640625 0.06041666666666667
0 0.503125 0.6138020833333333 0.071875 0.04791666666666667
0 0.8390625 0.5377604166666666 0.07760416666666667 0.05260416666666667
0 0.5419270833333333 0.696875 0.058854166666666666 0.11145833333333334
0 0.28151041666666665 0.5184895833333333 0.058854166666666666 0.084375
0 0.5739583333333333 0.490625 0.05416666666666667 0.06927083333333334
0 0.52890625 0.5588541666666667 0.05572916666666667 0.04583333333333333
0 0.34921875 0.8653645833333333 0.041666666666666664 0.049479166666666664
0 0.5963541666666666 0.209375 0.04895833333333333 0.07395833333333333
0 0.5786458333333333 0.30026041666666664 0.057291666666666664 0.096875
0 0.8981770833333333 0.32890625 0.0421875 0.04583333333333333
0 0.36875 0.10807291666666667 0.04375 0.043229166666666666
0 0.3190104166666667 0.12760416666666666 0.044270833333333336 0.04479166666666667
0 0.29713541666666665 0.85546875 0.04114583333333333 0.04114583333333333
0 0.8119791666666667 0.41875 0.06927083333333334 0.15208333333333332
0 0.41380208333333335 0.09817708333333333 0.040625 0.042708333333333334
0 0.11979166666666667 0.6911458333333333 0.041666666666666664 0.044270833333333336
0 0.6752604166666667 0.1359375 0.041666666666666664 0.040625
0 0.7864583333333334 0.8049479166666667 0.03854166666666667 0.042708333333333334
0 0.14713541666666666 0.2565104166666667 0.03854166666666667 0.046875
0 0.61328125 0.12161458333333333 0.04583333333333333 0.03958333333333333
0 0.5486979166666667 0.8828125 0.044270833333333336 0.03697916666666667
0 0.18489583333333334 0.20963541666666666 0.040625 0.042708333333333334
0 0.8229166666666666 0.228125 0.03854166666666667 0.0390625
0 0.05625 0.484375 0.03697916666666667 0.04635416666666667
0 0.8174479166666667 0.7677083333333333 0.040625 0.041666666666666664
0 0.0625 0.43255208333333334 0.04114583333333333 0.04635416666666667
0 0.15885416666666666 0.740625 0.041666666666666664 0.04114583333333333
0 0.8604166666666667 0.2721354166666667 0.03854166666666667 0.040625
0 0.2838541666666667 0.6674479166666667 0.046875 0.044270833333333336
0 0.40260416666666665 0.87890625 0.03854166666666667 0.03958333333333333
0 0.90625 0.5950520833333334 0.040625 0.03854166666666667
0 0.22630208333333332 0.45286458333333335 0.0390625 0.03958333333333333
0 0.60546875 0.8817708333333333 0.03697916666666667 0.036458333333333336
0 0.7747395833333334 0.46380208333333334 0.042708333333333334 0.046875
0 0.9265625 0.5260416666666666 0.0359375 0.04583333333333333
0 0.0625 0.5403645833333334 0.040625 0.04479166666666667
0 0.45208333333333334 0.2552083333333333 0.04895833333333333 0.03854166666666667
0 0.6705729166666666 0.7109375 0.04375 0.04375
0 0.84296875 0.7291666666666666 0.03958333333333333 0.03697916666666667