1 0.9120370370370371 0.6703703703703704 0.08981481481481482 0.22592592592592592
1 0.9175925925925926 0.44074074074074077 0.05925925925925926 0.09259259259259259
1 0.8912037037037037 0.475 0.14537037037037037 0.23796296296296296
1 0.8208333333333333 0.5879629629629629 0.07777777777777778 0.1685185185185185
1 0.6796296296296296 0.5439814814814815 0.17592592592592593 0.1824074074074074
1 0.5486111111111112 0.41898148148148145 0.1712962962962963 0.1648148148148148
1 0.8425925925925926 0.41805555555555557 0.06018518518518518 0.08981481481481482
1 0.799074074074074 0.3921296296296296 0.03333333333333333 0.08518518518518518
1 0.9027777777777778 0.2337962962962963 0.14074074074074075 0.16574074074074074
1 0.8439814814814814 0.24351851851851852 0.05185185185185185 0.12129629629629629
1 0.8833333333333333 0.16666666666666666 0.08425925925925926 0.15185185185185185
1 0.9444444444444444 0.10555555555555556 0.08333333333333333 0.16944444444444445
1 0.7847222222222222 0.2587962962962963 0.05648148148148148 0.13333333333333333
1 0.5314814814814814 0.1527777777777778 0.1537037037037037 0.1574074074074074
1 0.6662037037037037 0.17777777777777778 0.23148148148148148 0.2175925925925926
1 0.762962962962963 0.3824074074074074 0.11203703703703703 0.20555555555555555
1 0.3787037037037037 0.08194444444444444 0.11203703703703703 0.09537037037037037
1 0.11851851851851852 0.034722222222222224 0.14074074074074075 0.06944444444444445
1 0.2412037037037037 0.2763888888888889 0.03333333333333333 0.06018518518518518
1 0.22962962962962963 0.2722222222222222 0.03148148148148148 0.062037037037037036
1 0.21712962962962962 0.27685185185185185 0.02962962962962963 0.05092592592592592
1 0.24259259259259258 0.20694444444444443 0.03518518518518519 0.06296296296296296
1 0.2324074074074074 0.2162037037037037 0.030555555555555555 0.046296296296296294
1 0.21851851851851853 0.18888888888888888 0.03518518518518519 0.05277777777777778
1 0.16666666666666666 0.19212962962962962 0.1175925925925926 0.19444444444444445
1 0.10277777777777777 0.20601851851851852 0.14629629629629629 0.24444444444444444
1 0.31527777777777777 0.2601851851851852 0.07777777777777778 0.08055555555555556
1 0.33564814814814814 0.36203703703703705 0.13333333333333333 0.1388888888888889
1 0.362962962962963 0.5226851851851851 0.20925925925925926 0.22685185185185186
1 0.1310185185185185 0.5185185185185185 0.2175925925925926 0.2759259259259259
1 0.18425925925925926 0.42268518518518516 0.08611111111111111 0.07407407407407407
1 0.2351851851851852 0.5421296296296296 0.05555555555555555 0.1935185185185185