1 0.07976851851851853 0.35121296296296295 0.07831481481481481 0.22211111111111112
1 0.08625925925925926 0.5810925925925926 0.05451851851851852 0.08990740740740741
1 0.11083333333333334 0.5455092592592592 0.1334537037037037 0.2310925925925926
1 0.17487037037037037 0.4291388888888889 0.06944444444444445 0.16455555555555557
1 0.31849074074074074 0.46513888888888894 0.16645370370370371 0.1737037037037037
1 0.45560185185185187 0.583212962962963 0.16292592592592595 0.15630555555555556
1 0.16187962962962965 0.5998425925925926 0.05549074074074074 0.08691666666666667
1 0.2070462962962963 0.6232685185185185 0.02850925925925926 0.08421296296296296
1 0.11142592592592593 0.7869259259259259 0.13286111111111112 0.15942592592592594
1 0.16974074074074075 0.7742129629629629 0.04537962962962963 0.1195462962962963
1 0.13471296296296298 0.8527592592592593 0.07656481481481481 0.14770370370370373
1 0.07699074074074075 0.9171944444444445 0.07535185185185185 0.16561111111111113
1 0.2280648148148148 0.755537037037037 0.05024074074074074 0.13066666666666668
1 0.4866666666666667 0.8485 0.14624074074074073 0.14971296296296296
1 0.35078703703703706 0.8305092592592593 0.2211574074074074 0.20608333333333334
1 0.24365740740740738 0.6307962962962963 0.10163888888888889 0.2011574074074074
1 0.6432129629629629 0.9112962962962964 0.10771296296296295 0.08980555555555556
1 0.9054537037037037 0.9568888888888889 0.13645370370370372 0.08622222222222223
1 0.7701851851851852 0.7096111111111111 0.030351851851851852 0.058249999999999996
1 0.7817314814814814 0.7132499999999999 0.029138888888888888 0.059861111111111115
1 0.7938796296296297 0.7079907407407408 0.026712962962962963 0.05014814814814814
1 0.7720092592592592 0.7792592592592593 0.032379629629629626 0.060648148148148145
1 0.7817314814814814 0.7693425925925926 0.028324074074074074 0.044055555555555556
1 0.7971203703703703 0.7956574074074073 0.032379629629629626 0.05051851851851852
1 0.8489537037037037 0.789962962962963 0.1077037037037037 0.18899074074074076
1 0.9119351851851851 0.7725462962962963 0.13401851851851854 0.23839814814814816
1 0.6972777777777778 0.7294259259259259 0.07409259259259258 0.07682407407407407
1 0.6711574074074075 0.6291851851851852 0.12714814814814815 0.13230555555555554
1 0.635712962962963 0.4703981481481481 0.19802777777777777 0.21652777777777776
1 0.8675555555555556 0.4620092592592593 0.2038333333333333 0.26599999999999996
1 0.8194537037037037 0.5605185185185185 0.08197222222222222 0.06899074074074074
1 0.7618981481481482 0.44410185185185186 0.04516666666666667 0.1914722222222222