0 0.3421875 0.3221354166666667 0.1078125 0.10260416666666666
0 0.75234375 0.69609375 0.1171875 0.12135416666666667
0 0.371875 0.7408854166666666 0.11770833333333333 0.10833333333333334
0 0.30755208333333334 0.57421875 0.11041666666666666 0.12239583333333333
0 0.7049479166666667 0.08932291666666667 0.12395833333333334 0.1109375
0 0.5609375 0.16927083333333334 0.0875 0.10052083333333334
0 0.615625 0.28489583333333335 0.11875 0.10833333333333334
0 0.18854166666666666 0.40390625 0.10833333333333334 0.10989583333333333
0 0.6513020833333333 0.734375 0.09322916666666667 0.11145833333333334
0 0.46927083333333336 0.18046875 0.10520833333333333 0.10885416666666667
0 0.5453125 0.65078125 0.11770833333333333 0.09479166666666666
0 0.1109375 0.6544270833333333 0.103125 0.12864583333333332
0 0.9338541666666667 0.5575520833333333 0.09791666666666667 0.1203125
0 0.8083333333333333 0.30546875 0.1046875 0.11770833333333333
0 0.5625 0.34453125 0.0921875 0.08958333333333333
0 0.60078125 0.5520833333333334 0.07604166666666666 0.08385416666666666
0 0.45598958333333334 0.078125 0.08958333333333333 0.07135416666666666
0 0.23385416666666667 0.31354166666666666 0.1 0.11145833333333334
0 0.82734375 0.63046875 0.0859375 0.0734375
0 0.29375 0.23776041666666667 0.13489583333333333 0.10625
0 0.7 0.32083333333333336 0.11927083333333334 0.09739583333333333
0 0.8989583333333333 0.2716145833333333 0.07395833333333333 0.0953125
0 0.44921875 0.5697916666666667 0.08072916666666667 0.08125
0 0.27447916666666666 0.6893229166666667 0.103125 0.0859375
0 0.73125 0.49947916666666664 0.09166666666666666 0.1140625
0 0.20598958333333334 0.15703125 0.11979166666666667 0.10625
0 0.6598958333333333 0.18072916666666666 0.13229166666666667 0.10833333333333334
0 0.39869791666666665 0.3763020833333333 0.06875 0.075
0 0.3966145833333333 0.6328125 0.08489583333333334 0.07239583333333334
0 0.15026041666666667 0.48880208333333336 0.08697916666666666 0.06614583333333333
0 0.5473958333333333 0.7666666666666667 0.12552083333333333 0.09010416666666667
0 0.5278645833333333 0.5755208333333334 0.07864583333333333 0.07708333333333334
0 0.7283854166666667 0.5911458333333334 0.109375 0.10833333333333334
0 0.47552083333333334 0.3455729166666667 0.0796875 0.058854166666666666
0 0.32890625 0.8221354166666667 0.0953125 0.090625
0 0.38515625 0.5325520833333334 0.0703125 0.0703125
0 0.3796875 0.17864583333333334 0.075 0.075
0 0.09921875 0.36171875 0.07447916666666667 0.08020833333333334
0 0.6455729166666667 0.6223958333333334 0.09375 0.084375
0 0.75703125 0.21979166666666666 0.08229166666666667 0.09166666666666666
0 0.6424479166666667 0.47734375 0.07447916666666667 0.07135416666666666
0 0.49947916666666664 0.5221354166666666 0.07135416666666666 0.059895833333333336
0 0.50625 0.27057291666666666 0.09270833333333334 0.06875
0 0.5651041666666666 0.8658854166666666 0.128125 0.09010416666666667
0 0.8247395833333333 0.4122395833333333 0.11770833333333333 0.09427083333333333
0 0.71796875 0.40078125 0.07291666666666667 0.09427083333333333
0 0.57421875 0.48671875 0.06822916666666666 0.06458333333333334
0 0.41848958333333336 0.2703125 0.078125 0.11979166666666667
0 0.42864583333333334 0.48463541666666665 0.0671875 0.07760416666666667
0 0.5432291666666667 0.40520833333333334 0.07239583333333334 0.06510416666666667
0 0.8393229166666667 0.5291666666666667 0.10520833333333333 0.15364583333333334
0 0.8221354166666667 0.75546875 0.0921875 0.08489583333333334
0 0.3611979166666667 0.45416666666666666 0.06979166666666667 0.09322916666666667
0 0.26276041666666666 0.4875 0.13333333333333333 0.075
0 0.29296875 0.4125 0.0703125 0.08854166666666667
0 0.4588541666666667 0.7736979166666667 0.0625 0.08229166666666667
0 0.625 0.40911458333333334 0.06510416666666667 0.07239583333333334
0 0.4591145833333333 0.6786458333333333 0.07135416666666666 0.11041666666666666
0 0.4596354166666667 0.40703125 0.06197916666666667 0.05416666666666667
0 0.19947916666666668 0.6028645833333334 0.09322916666666667 0.16458333333333333