0 0.6315104166666666 0.6981770833333333 0.09635416666666667 0.09010416666666667
0 0.27734375 0.27057291666666666 0.103125 0.1078125
0 0.6604166666666667 0.2791666666666667 0.10572916666666667 0.09479166666666666
0 0.70078125 0.45338541666666665 0.09583333333333334 0.10989583333333333
0 0.23984375 0.878125 0.11145833333333334 0.09635416666666667
0 0.39375 0.8190104166666666 0.07552083333333333 0.09114583333333333
0 0.35546875 0.696875 0.10677083333333333 0.09427083333333333
0 0.7950520833333333 0.6385416666666667 0.09583333333333334 0.09739583333333333
0 0.3828125 0.246875 0.0796875 0.1015625
0 0.4859375 0.8205729166666667 0.09270833333333334 0.096875
0 0.47604166666666664 0.34427083333333336 0.10729166666666666 0.08072916666666667
0 0.9067708333333333 0.40130208333333334 0.0875 0.11770833333333333
0 0.07838541666666667 0.38255208333333335 0.08333333333333333 0.10989583333333333
0 0.16770833333333332 0.6497395833333334 0.090625 0.10625
0 0.41640625 0.6453125 0.08177083333333333 0.07916666666666666
0 0.4075520833333333 0.434375 0.06614583333333333 0.07552083333333333
0 0.48489583333333336 0.9239583333333333 0.08177083333333333 0.06041666666666667
0 0.7375 0.7216145833333333 0.08697916666666666 0.10052083333333334
0 0.19401041666666666 0.32526041666666666 0.078125 0.06302083333333333
0 0.6677083333333333 0.78828125 0.1234375 0.09010416666666667
0 0.27708333333333335 0.6494791666666667 0.10885416666666667 0.0828125
0 0.07317708333333334 0.6705729166666666 0.0625 0.0875
0 0.5598958333333334 0.43802083333333336 0.07135416666666666 0.071875
0 0.7497395833333333 0.34401041666666665 0.09375 0.0734375
0 0.2708333333333333 0.46822916666666664 0.078125 0.10416666666666667
0 0.7434895833333334 0.88046875 0.1078125 0.0921875
0 0.29713541666666665 0.7940104166666667 0.12083333333333333 0.0921875
0 0.5830729166666667 0.6364583333333333 0.059895833333333336 0.0671875
0 0.6208333333333333 0.3828125 0.07708333333333334 0.0625
0 0.8447916666666667 0.5598958333333334 0.08020833333333334 0.05572916666666667
0 0.4901041666666667 0.22942708333333334 0.11614583333333334 0.07447916666666667
0 0.4828125 0.42135416666666664 0.06979166666666667 0.06822916666666666
0 0.2864583333333333 0.37786458333333334 0.096875 0.09583333333333334
0 0.5028645833333333 0.65625 0.0734375 0.04895833333333333
0 0.7143229166666667 0.20494791666666667 0.08489583333333334 0.0796875
0 0.6182291666666667 0.48385416666666664 0.0625 0.06197916666666667
0 0.5744791666666667 0.8348958333333333 0.06666666666666667 0.06614583333333333
0 0.8776041666666666 0.6927083333333334 0.06510416666666667 0.071875
0 0.3729166666666667 0.35859375 0.084375 0.0734375
0 0.20651041666666667 0.7416666666666667 0.07135416666666666 0.08229166666666667
0 0.35572916666666665 0.5026041666666666 0.06614583333333333 0.06302083333333333
0 0.5036458333333333 0.478125 0.06458333333333334 0.0515625
0 0.46197916666666666 0.7263020833333333 0.08541666666666667 0.057291666666666664
0 0.4864583333333333 0.12864583333333332 0.11875 0.07447916666666667
0 0.16614583333333333 0.5416666666666666 0.1078125 0.08020833333333334
0 0.2703125 0.56796875 0.06145833333333333 0.08645833333333333
0 0.42473958333333334 0.5028645833333333 0.0609375 0.05677083333333333
0 0.5486979166666667 0.7388020833333333 0.06302083333333333 0.11197916666666667
0 0.5684895833333333 0.5252604166666667 0.0578125 0.0703125
0 0.4440104166666667 0.5877604166666667 0.06510416666666667 0.05677083333333333
0 0.16796875 0.4239583333333333 0.0859375 0.14322916666666666
0 0.21666666666666667 0.20208333333333334 0.0828125 0.07395833333333333
0 0.6309895833333333 0.5645833333333333 0.058333333333333334 0.0859375
0 0.7333333333333333 0.5453125 0.1265625 0.0578125
0 0.69296875 0.6153645833333333 0.059375 0.08125
0 0.57890625 0.23463541666666668 0.05260416666666667 0.07552083333333333
0 0.36354166666666665 0.57265625 0.05677083333333333 0.06510416666666667
0 0.5653645833333333 0.32890625 0.057291666666666664 0.10364583333333334
0 0.5270833333333333 0.59765625 0.05625 0.046875
0 0.8119791666666667 0.43984375 0.07239583333333334 0.15625