0 0.27666666666666667 0.5 0.24166666666666667 0.32489451476793246
0 0.7025 0.1729957805907173 0.23166666666666666 0.2974683544303797
0 0.5166666666666667 0.8481012658227848 0.18333333333333332 0.3037974683544304
0 0.715 0.8681434599156118 0.15 0.26371308016877637
0 0.7616666666666667 0.5263713080168776 0.11 0.21729957805907174
0 0.5016666666666667 0.20991561181434598 0.13 0.3059071729957806
0 0.35 0.1308016877637131 0.185 0.1540084388185654
0 0.345 0.28164556962025317 0.18833333333333332 0.13291139240506328
0 0.34 0.740506329113924 0.18833333333333332 0.13924050632911392
0 0.3383333333333333 0.8945147679324894 0.19166666666666668 0.13924050632911392
0 0.5425 0.5168776371308017 0.2783333333333333 0.17088607594936708