0 0.27666666666666667 0.49050632911392406 0.24833333333333332 0.3333333333333333
0 0.7116666666666667 0.18248945147679324 0.23833333333333334 0.3059071729957806
0 0.5066666666666667 0.8470464135021097 0.19 0.3059071729957806
0 0.705 0.8713080168776371 0.15666666666666668 0.25738396624472576
0 0.7608333333333334 0.5379746835443038 0.115 0.22151898734177214
0 0.51 0.2109704641350211 0.13666666666666666 0.310126582278481
0 0.36 0.12447257383966245 0.18833333333333332 0.16244725738396623
0 0.35083333333333333 0.2742616033755274 0.19 0.14135021097046413
0 0.3333333333333333 0.7331223628691983 0.19166666666666668 0.14767932489451477
0 0.3275 0.8871308016877637 0.19333333333333333 0.14556962025316456
0 0.5416666666666666 0.5179324894514767 0.2816666666666667 0.18354430379746836