0 0.4841666666666667 0.21835443037974683 0.24166666666666667 0.2848101265822785
0 0.7716666666666666 0.7331223628691983 0.22 0.2742616033755274
0 0.22 0.5474683544303798 0.23833333333333334 0.2109704641350211
0 0.215 0.79957805907173 0.22 0.17088607594936708
0 0.4975 0.8322784810126582 0.165 0.12447257383966245
0 0.7283333333333334 0.4820675105485232 0.235 0.14345991561181434
0 0.7808333333333334 0.2848101265822785 0.11 0.22573839662447256
0 0.6616666666666666 0.2890295358649789 0.09333333333333334 0.229957805907173
0 0.2991666666666667 0.3143459915611814 0.09833333333333333 0.229957805907173
0 0.1775 0.32383966244725737 0.09666666666666666 0.23417721518987342
0 0.49 0.5548523206751055 0.11666666666666667 0.3438818565400844