0 0.488 0.768503937007874 0.19866666666666666 0.1826771653543307
0 0.7293333333333333 0.2188976377952756 0.20666666666666667 0.26614173228346455
0 0.256 0.7283464566929134 0.19333333333333333 0.2346456692913386
0 0.7486666666666667 0.5748031496062992 0.28 0.31968503937007875
0 0.36666666666666664 0.621259842519685 0.14 0.15748031496062992
0 0.41533333333333333 0.9118110236220472 0.23066666666666666 0.1763779527559055
0 0.514 0.08503937007874016 0.244 0.1700787401574803
0 0.5526666666666666 0.231496062992126 0.164 0.16220472440944883
0 0.642 0.8464566929133859 0.208 0.2377952755905512
0 0.31933333333333336 0.45511811023622045 0.10933333333333334 0.13543307086614173
0 0.3006666666666667 0.20708661417322835 0.16533333333333333 0.25984251968503935
0 0.19133333333333333 0.4582677165354331 0.152 0.26614173228346455
0 0.552 0.6055118110236221 0.13333333333333333 0.14803149606299212
0 0.43 0.3251968503937008 0.12933333333333333 0.13385826771653545
0 0.5746666666666667 0.4322834645669291 0.11733333333333333 0.12598425196850394