0 0.536 0.7653543307086614 0.184 0.15590551181102363
0 0.6746666666666666 0.16929133858267717 0.18133333333333335 0.2409448818897638
0 0.30133333333333334 0.7834645669291339 0.17066666666666666 0.2094488188976378
0 0.7566666666666667 0.5125984251968504 0.252 0.28346456692913385
0 0.3913333333333333 0.6511811023622047 0.12533333333333332 0.14015748031496064
0 0.49066666666666664 0.925984251968504 0.216 0.14803149606299212
0 0.43866666666666665 0.07874015748031496 0.22933333333333333 0.15748031496062992
0 0.5046666666666667 0.22440944881889763 0.15066666666666667 0.14015748031496064
0 0.7 0.8039370078740158 0.18666666666666668 0.2110236220472441
0 0.31533333333333335 0.5007874015748032 0.09733333333333333 0.12125984251968504
0 0.25333333333333335 0.262992125984252 0.13866666666666666 0.2409448818897638
0 0.19066666666666668 0.5346456692913386 0.124 0.2503937007874016
0 0.5693333333333334 0.5897637795275591 0.12 0.13070866141732285
0 0.40066666666666667 0.3464566929133858 0.11733333333333333 0.11653543307086614
0 0.5606666666666666 0.415748031496063 0.10666666666666667 0.11023622047244094