0 0.2703125 0.5485096434833431 0.13541666666666666 0.21332554061952075
0 0.2546875 0.7682641729982467 0.18802083333333333 0.1952074810052601
0 0.5096354166666667 0.798947983635301 0.2557291666666667 0.293395675043834
0 0.46041666666666664 0.12244301578024547 0.24322916666666666 0.1706604324956166
0 0.709375 0.22296902396259496 0.21666666666666667 0.16832261835184104
0 0.7768229166666667 0.7200467562828755 0.203125 0.20631209818819404
0 0.73515625 0.511104617182934 0.13020833333333334 0.1776738749269433
0 0.24036458333333333 0.2711864406779661 0.19375 0.2004675628287551
0 0.4153645833333333 0.5987726475745179 0.12239583333333333 0.12624196376388078
0 0.625 0.37463471654003505 0.11770833333333333 0.14436002337814144
0 0.11380208333333333 0.5178258328462887 0.14739583333333334 0.2787843366452367
0 0.5015625 0.30070134424313266 0.10885416666666667 0.11513734658094682
0 0.5791666666666667 0.5718877849210988 0.1046875 0.11513734658094682
0 0.3703125 0.38603156049094095 0.12760416666666666 0.14962010520163646
0 0.8807291666666667 0.4123319696084161 0.15208333333333332 0.255406195207481