0 0.7993333333333333 0.7357723577235772 0.11666666666666667 0.11603843311160385
0 0.38 0.7357723577235772 0.09866666666666667 0.11751662971175167
0 0.586 0.5103473762010348 0.09266666666666666 0.09608277900960828
0 0.16666666666666666 0.6932742054693274 0.09866666666666667 0.11751662971175167
0 0.8503333333333334 0.41611234294161126 0.09666666666666666 0.12416851441241686
0 0.6433333333333333 0.36585365853658536 0.082 0.09386548410938655
0 0.11233333333333333 0.5558019216555802 0.086 0.12416851441241686
0 0.479 0.5528455284552846 0.09333333333333334 0.09460458240946046
0 0.35333333333333333 0.2354028085735403 0.09066666666666667 0.10643015521064302
0 0.263 0.8167036215816703 0.102 0.10790835181079084
0 0.44766666666666666 0.11936437546193644 0.114 0.09977827050997783
0 0.264 0.17479674796747968 0.09933333333333333 0.10790835181079084
0 0.6736666666666666 0.46378418329637844 0.082 0.08647450110864745
0 0.42866666666666664 0.8632668144863267 0.09533333333333334 0.10051736881005174
0 0.24533333333333332 0.3677014042867701 0.09 0.12490761271249076
0 0.5713333333333334 0.638950480413895 0.09666666666666666 0.09682187730968218
0 0.35533333333333333 0.6075388026607539 0.11 0.09830007390983
0 0.477 0.21138211382113822 0.10733333333333334 0.07982261640798226
0 0.604 0.2328159645232816 0.114 0.10347376201034737
0 0.6366666666666667 0.7372505543237251 0.10133333333333333 0.10938654841093866
0 0.5266666666666666 0.7727272727272727 0.088 0.08943089430894309
0 0.37866666666666665 0.4959349593495935 0.09133333333333334 0.11160384331116038
0 0.5493333333333333 0.3950480413895048 0.082 0.1049519586104952
0 0.7333333333333333 0.6467110125646711 0.104 0.09903917220990392
0 0.43766666666666665 0.38248337028824836 0.09866666666666667 0.10716925351071692
0 0.8703333333333333 0.597930524759793 0.08666666666666667 0.10569105691056911
0 0.5523333333333333 0.295269770879527 0.092 0.07095343680709534
0 0.723 0.3377679231337768 0.08733333333333333 0.11825572801182557
0 0.634 0.8625277161862528 0.10866666666666666 0.08943089430894309
0 0.3393333333333333 0.36289726533628974 0.07866666666666666 0.09460458240946046
0 0.7333333333333333 0.16112342941611235 0.10866666666666666 0.08795269770879527
0 0.6703333333333333 0.5716925351071692 0.074 0.08499630450849963
0 0.828 0.270509977827051 0.08066666666666666 0.10273466371027347
0 0.209 0.515890613451589 0.07866666666666666 0.13895048041389504
0 0.26466666666666666 0.6330376940133038 0.072 0.12490761271249076
0 0.44333333333333336 0.29490022172949004 0.08733333333333333 0.07612712490761271
0 0.5886666666666667 0.09645232815964523 0.078 0.07908351810790835
0 0.2926666666666667 0.49371766444937176 0.06666666666666667 0.12416851441241686
0 0.47633333333333333 0.655949741315595 0.08333333333333333 0.09238728750923873
0 0.7673333333333333 0.4874353288987435 0.068 0.14708056171470807
0 0.17766666666666667 0.29416112342941614 0.068 0.1049519586104952
0 0.12366666666666666 0.42645971914264597 0.09133333333333334 0.12269031781226904