0 0.193 0.3146306818181818 0.13466666666666666 0.1356534090909091
0 0.67 0.6924715909090909 0.084 0.11860795454545454
0 0.7443333333333333 0.4989346590909091 0.07733333333333334 0.10653409090909091
0 0.6343333333333333 0.8504971590909091 0.094 0.1171875
0 0.37266666666666665 0.37855113636363635 0.08333333333333333 0.08664772727272728
0 0.29633333333333334 0.3583096590909091 0.07933333333333334 0.109375
0 0.7553333333333333 0.7496448863636364 0.10466666666666667 0.12215909090909091
0 0.19866666666666666 0.6906960227272727 0.10733333333333334 0.10795454545454546
0 0.34833333333333333 0.2713068181818182 0.07866666666666666 0.08664772727272728
0 0.839 0.48686079545454547 0.10133333333333333 0.10369318181818182
0 0.5856666666666667 0.7439630681818182 0.07466666666666667 0.11860795454545454
0 0.16433333333333333 0.41441761363636365 0.09866666666666667 0.1015625
0 0.6843333333333333 0.18039772727272727 0.11466666666666667 0.11363636363636363
0 0.3463333333333333 0.7141335227272727 0.09266666666666666 0.09659090909090909
0 0.736 0.23508522727272727 0.10133333333333333 0.10298295454545454
0 0.152 0.6026278409090909 0.10933333333333334 0.08806818181818182
0 0.7233333333333334 0.6086647727272727 0.086 0.10014204545454546
0 0.4256666666666667 0.7492897727272727 0.08 0.08451704545454546
0 0.5096666666666667 0.7624289772727273 0.072 0.09730113636363637
0 0.4226666666666667 0.53125 0.07333333333333333 0.07457386363636363
0 0.44466666666666665 0.6697443181818182 0.07266666666666667 0.09659090909090909
0 0.659 0.48792613636363635 0.1 0.10298295454545454
0 0.6083333333333333 0.6168323863636364 0.07533333333333334 0.08522727272727272
0 0.826 0.5916193181818182 0.11466666666666667 0.1299715909090909
0 0.2683333333333333 0.45738636363636365 0.08533333333333333 0.08167613636363637
0 0.4583333333333333 0.5838068181818182 0.06133333333333333 0.08025568181818182
0 0.8286666666666667 0.3913352272727273 0.12333333333333334 0.09446022727272728
0 0.15566666666666668 0.5142045454545454 0.10333333333333333 0.09090909090909091
0 0.49166666666666664 0.29332386363636365 0.10333333333333333 0.078125
0 0.247 0.7684659090909091 0.09466666666666666 0.11789772727272728
0 0.5853333333333334 0.3366477272727273 0.08133333333333333 0.09161931818181818
0 0.5886666666666667 0.2411221590909091 0.118 0.08806818181818182
0 0.22066666666666668 0.23295454545454544 0.10933333333333334 0.11079545454545454
0 0.6066666666666667 0.1317471590909091 0.102 0.10440340909090909
0 0.2673333333333333 0.5596590909090909 0.11133333333333334 0.09446022727272728
0 0.5206666666666667 0.12357954545454546 0.09733333333333333 0.125
0 0.46066666666666667 0.22336647727272727 0.10666666666666667 0.09517045454545454
0 0.55 0.6530539772727273 0.06666666666666667 0.078125
0 0.6443333333333333 0.390625 0.08466666666666667 0.0859375
0 0.493 0.8714488636363636 0.094 0.12357954545454546
0 0.7876666666666666 0.6690340909090909 0.086 0.09659090909090909
0 0.7053333333333334 0.8018465909090909 0.09066666666666667 0.09232954545454546
0 0.413 0.3302556818181818 0.082 0.07954545454545454
0 0.804 0.29723011363636365 0.13666666666666666 0.09446022727272728
0 0.3546666666666667 0.5816761363636364 0.07 0.07315340909090909
0 0.523 0.5731534090909091 0.066 0.07670454545454546
0 0.35433333333333333 0.8430397727272727 0.098 0.1171875
0 0.42533333333333334 0.46342329545454547 0.07866666666666666 0.06534090909090909
0 0.29033333333333333 0.1786221590909091 0.10466666666666667 0.1015625
0 0.434 0.11257102272727272 0.10066666666666667 0.14914772727272727
0 0.29 0.6495028409090909 0.07733333333333334 0.07883522727272728
0 0.2966666666666667 0.8114346590909091 0.08933333333333333 0.10511363636363637
0 0.736 0.4016335227272727 0.08666666666666667 0.07670454545454546
0 0.3953333333333333 0.6242897727272727 0.06533333333333333 0.07244318181818182
0 0.5596666666666666 0.8565340909090909 0.074 0.07954545454545454
0 0.3453333333333333 0.1278409090909091 0.08733333333333333 0.09659090909090909
0 0.35233333333333333 0.4499289772727273 0.06733333333333333 0.06676136363636363
0 0.571 0.5450994318181818 0.07866666666666666 0.06889204545454546
0 0.5816666666666667 0.4229403409090909 0.06933333333333333 0.07173295454545454
0 0.6423333333333333 0.5600142045454546 0.06533333333333333 0.08806818181818182
0 0.3423333333333333 0.5138494318181818 0.07866666666666666 0.06392045454545454
0 0.49033333333333334 0.3781960227272727 0.07 0.08522727272727272
0 0.5053333333333333 0.6711647727272727 0.05333333333333334 0.07173295454545454
0 0.5453333333333333 0.38671875 0.054 0.078125
0 0.42133333333333334 0.8625710227272727 0.08333333333333333 0.11150568181818182
0 0.6733333333333333 0.31285511363636365 0.10866666666666666 0.10511363636363637
0 0.5823333333333334 0.48473011363636365 0.08066666666666666 0.060369318181818184
0 0.44333333333333336 0.4069602272727273 0.07 0.06463068181818182