0 0.6876666666666666 0.7795275590551181 0.09266666666666666 0.09735146743020759
0 0.30733333333333335 0.8639942734430923 0.09266666666666666 0.0737294201861131
0 0.732 0.417680744452398 0.074 0.09377236936292055
0 0.36333333333333334 0.807444523979957 0.08533333333333333 0.07301360057265568
0 0.23933333333333334 0.6070150322118826 0.08533333333333333 0.07945597709377238
0 0.5566666666666666 0.2211882605583393 0.096 0.08303507516105942
0 0.353 0.721546170365068 0.09266666666666666 0.08876163206871868
0 0.607 0.1735862562634216 0.08533333333333333 0.0744452397995705
0 0.5033333333333333 0.9015748031496063 0.104 0.08375089477451682
0 0.7856666666666666 0.6277738010021474 0.074 0.09949892627057981
0 0.13866666666666666 0.5705082319255548 0.09733333333333333 0.11023622047244094
0 0.44066666666666665 0.3375089477451682 0.078 0.08375089477451682
0 0.5983333333333334 0.800286327845383 0.08533333333333333 0.09305654974946313
0 0.8053333333333333 0.7394416607015032 0.066 0.07086614173228346
0 0.6336666666666667 0.2691481746599857 0.07266666666666667 0.07516105941302792
0 0.43366666666666664 0.8124552612741589 0.076 0.07587687902648532
0 0.815 0.41267000715819613 0.09133333333333334 0.08518253400143164
0 0.6946666666666667 0.33249821045096634 0.076 0.08947745168217609
0 0.308 0.27594846098783105 0.07333333333333333 0.07874015748031496
0 0.7813333333333333 0.3375089477451682 0.096 0.07945597709377238
0 0.5166666666666667 0.8178239083750894 0.08333333333333333 0.07301360057265568
0 0.683 0.20794559770937723 0.07933333333333334 0.0744452397995705
0 0.37433333333333335 0.2294201861130995 0.08733333333333333 0.08661417322834646
0 0.25366666666666665 0.33929849677881174 0.08733333333333333 0.09305654974946313
0 0.6436666666666667 0.6947029348604151 0.07333333333333333 0.10164638511095204
0 0.5326666666666666 0.664638511095204 0.07666666666666666 0.08017179670722978
0 0.7313333333333333 0.7018611309949893 0.07466666666666667 0.07659269863994274
0 0.18 0.6793128131710809 0.11666666666666667 0.10093056549749463
0 0.5143333333333333 0.3346456692913386 0.072 0.0744452397995705
0 0.4633333333333333 0.20937723693629207 0.09266666666666666 0.08375089477451682
0 0.5243333333333333 0.14423765211166786 0.076 0.06728704366499642
0 0.5756666666666667 0.366857551896922 0.068 0.06800286327845383
0 0.7416666666666667 0.829277022190408 0.08 0.0901932712956335
0 0.49233333333333335 0.2734430923407301 0.07066666666666667 0.06442376521116679
0 0.176 0.7877594846098783 0.07066666666666667 0.08017179670722978
0 0.5716666666666667 0.7326413743736578 0.08466666666666667 0.082319255547602
0 0.185 0.3088761632068719 0.06733333333333333 0.09234073013600573
0 0.427 0.148890479599141 0.07066666666666667 0.07086614173228346
0 0.13766666666666666 0.48103078024337864 0.06733333333333333 0.09377236936292055
0 0.14 0.24767358625626343 0.078 0.09234073013600573
0 0.8843333333333333 0.6188260558339298 0.06933333333333333 0.11166785969935576
0 0.572 0.0898353614889048 0.112 0.07587687902648532
0 0.739 0.26664280601288476 0.13133333333333333 0.08589835361488905
0 0.7463333333333333 0.164638511095204 0.06866666666666667 0.07659269863994274
0 0.902 0.468503937007874 0.068 0.07874015748031496
0 0.697 0.6474588403722262 0.08466666666666667 0.07730851825340014
0 0.465 0.6764495347172512 0.06666666666666667 0.0816034359341446
0 0.49566666666666664 0.7430207587687903 0.07333333333333333 0.082319255547602
0 0.42833333333333334 0.7455261274158912 0.06533333333333333 0.06442376521116679
0 0.25933333333333336 0.2383679312813171 0.07466666666666667 0.07802433786685756
0 0.8116666666666666 0.5150322118826056 0.08 0.12670007158196134
0 0.2956666666666667 0.7931281317108089 0.084 0.07301360057265568
0 0.634 0.598067287043665 0.078 0.07086614173228346
0 0.3363333333333333 0.17823908375089478 0.07533333333333334 0.06728704366499642
0 0.6403333333333333 0.36220472440944884 0.058666666666666666 0.07802433786685756
0 0.27466666666666667 0.4699355762347888 0.062 0.0658554044380816
0 0.23266666666666666 0.7476735862562635 0.08133333333333333 0.07945597709377238
0 0.7226666666666667 0.5658554044380816 0.07466666666666667 0.09735146743020759
0 0.8706666666666667 0.29885468861846815 0.09066666666666667 0.09090909090909091
0 0.21966666666666668 0.4345025053686471 0.07266666666666667 0.10594130279169649
0 0.157 0.3911954187544739 0.06266666666666666 0.06370794559770938
0 0.078 0.4423765211166786 0.08466666666666667 0.12383679312813171
0 0.2816666666666667 0.6696492483894059 0.06533333333333333 0.07730851825340014
0 0.21533333333333332 0.5275590551181102 0.07066666666666667 0.08732999284180387
0 0.736 0.490336435218325 0.06933333333333333 0.07945597709377238
0 0.291 0.5361488904795991 0.07533333333333334 0.08446671438797423
0 0.4023333333333333 0.6599856836077308 0.06533333333333333 0.06871868289191124
0 0.3333333333333333 0.6413743736578382 0.074 0.07229778095919828
0 0.5496666666666666 0.46349319971367214 0.064 0.06156048675733715
0 0.41 0.5919828203292771 0.07533333333333334 0.06728704366499642
0 0.6533333333333333 0.5533285612025769 0.06066666666666667 0.06084466714387974
0 0.6133333333333333 0.4778095919828203 0.07733333333333334 0.08732999284180387
0 0.379 0.3697208303507516 0.06866666666666667 0.08088761632068718
0 0.3436666666666667 0.11274158911954188 0.09866666666666667 0.06012884753042233
0 0.6666666666666666 0.43772369362920543 0.06 0.07730851825340014
0 0.583 0.6320687186828919 0.06066666666666667 0.06012884753042233
0 0.6766666666666666 0.5028632784538296 0.050666666666666665 0.06012884753042233
0 0.31533333333333335 0.36220472440944884 0.06866666666666667 0.07301360057265568
0 0.5586666666666666 0.2795275590551181 0.06266666666666666 0.05368647100930565
0 0.367 0.3110236220472441 0.066 0.06084466714387974
0 0.5183333333333333 0.5901932712956335 0.058666666666666666 0.07158196134574088
0 0.42 0.27415891195418757 0.06333333333333334 0.05368647100930565
0 0.45466666666666666 0.4044380816034359 0.051333333333333335 0.06227630637079456
0 0.30933333333333335 0.6027201145311382 0.06066666666666667 0.0572655690765927
0 0.367 0.5601288475304224 0.058666666666666666 0.07802433786685756
0 0.469 0.5959198282032928 0.052 0.0744452397995705
0 0.589 0.3113815318539728 0.05733333333333333 0.05583392984967788
0 0.587 0.5354330708661418 0.06866666666666667 0.07730851825340014
0 0.34933333333333333 0.4180386542591267 0.059333333333333335 0.06156048675733715
0 0.598 0.41732283464566927 0.07 0.05511811023622047
0 0.487 0.5336435218324982 0.052 0.07229778095919828
0 0.3443333333333333 0.5136005726556908 0.072 0.06442376521116679
0 0.2853333333333333 0.417680744452398 0.042666666666666665 0.04438081603435934
0 0.409 0.5042949176807444 0.07666666666666666 0.06012884753042233
0 0.5303333333333333 0.5189692197566214 0.06266666666666666 0.0737294201861131
0 0.5353333333333333 0.41589119541875447 0.06733333333333333 0.0572655690765927
0 0.499 0.39656406585540444 0.048 0.06728704366499642
0 0.5626666666666666 0.5712240515390121 0.042666666666666665 0.06156048675733715
0 0.395 0.4574087329992842 0.07 0.05440229062276306
0 0.4096666666666667 0.42984967788117395 0.058 0.04509663564781675
0 0.43766666666666665 0.5365068002863278 0.06 0.07086614173228346
0 0.3353333333333333 0.46062992125984253 0.07066666666666667 0.0572655690765927