0 0.6643333333333333 0.7959914101646385 0.086 0.08947745168217609
0 0.2786666666666667 0.8446671438797423 0.08733333333333333 0.0658554044380816
0 0.7376666666666667 0.43951324266284897 0.06733333333333333 0.08804581245526127
0 0.339 0.7934860415175375 0.08 0.0658554044380816
0 0.23166666666666666 0.582319255547602 0.08 0.07229778095919828
0 0.579 0.22763063707945597 0.09 0.07516105941302792
0 0.33566666666666667 0.7068718682891911 0.08666666666666667 0.08088761632068718
0 0.633 0.18468146027201146 0.08 0.06728704366499642
0 0.4706666666666667 0.9005010737294202 0.098 0.07516105941302792
0 0.7743333333333333 0.6539012168933429 0.06666666666666667 0.09377236936292055
0 0.13433333333333333 0.5365068002863278 0.08933333333333333 0.10236220472440945
0 0.454 0.33249821045096634 0.072 0.07730851825340014
0 0.5736666666666667 0.8085182534001432 0.07866666666666666 0.08589835361488905
0 0.7846666666666666 0.7670007158196135 0.06066666666666667 0.06513958482462419
0 0.652 0.2823908375089477 0.06733333333333333 0.06943450250536864
0 0.4086666666666667 0.8049391553328561 0.07066666666666667 0.06943450250536864
0 0.821 0.4423765211166786 0.08533333333333333 0.07730851825340014
0 0.7076666666666667 0.3514674302075877 0.06933333333333333 0.08303507516105942
0 0.327 0.2587687902648533 0.06733333333333333 0.07301360057265568
0 0.7933333333333333 0.36435218324982105 0.09066666666666667 0.07158196134574088
0 0.49066666666666664 0.8181818181818182 0.078 0.0658554044380816
0 0.706 0.22619899785254116 0.074 0.06800286327845383
0 0.39666666666666667 0.21868289191123838 0.08133333333333333 0.07945597709377238
0 0.26766666666666666 0.31675017895490337 0.08066666666666666 0.08589835361488905
0 0.6273333333333333 0.7075876879026486 0.066 0.09591982820329277
0 0.5193333333333333 0.6671438797423049 0.07066666666666667 0.0737294201861131
0 0.714 0.7226198997852541 0.06933333333333333 0.07015032211882606
0 0.16666666666666666 0.6485325697924124 0.11 0.09090909090909091
0 0.5276666666666666 0.3364352183249821 0.06666666666666667 0.06871868289191124
0 0.487 0.20687186828919113 0.08666666666666667 0.07587687902648532
0 0.553 0.1478167501789549 0.07133333333333333 0.06084466714387974
0 0.5863333333333334 0.3743736578382248 0.06333333333333334 0.06227630637079456
0 0.714 0.8507516105941303 0.07333333333333333 0.08375089477451682
0 0.5106666666666667 0.2734430923407301 0.066 0.05869720830350752
0 0.154 0.7562634216177523 0.06466666666666666 0.0744452397995705
0 0.5526666666666666 0.7383679312813171 0.07866666666666666 0.07516105941302792
0 0.20166666666666666 0.2802433786685755 0.06066666666666667 0.08732999284180387
0 0.45566666666666666 0.14352183249821046 0.06533333333333333 0.06513958482462419
0 0.14066666666666666 0.4470293486041518 0.06066666666666667 0.08876163206871868
0 0.162 0.2151037938439513 0.07133333333333333 0.08589835361488905
0 0.8733333333333333 0.6542591267000716 0.06066666666666667 0.1066571224051539
0 0.605 0.09806728704366499 0.10733333333333334 0.0658554044380816
0 0.757 0.28990694345025053 0.126 0.0744452397995705
0 0.7726666666666666 0.1889763779527559 0.06333333333333334 0.07086614173228346
0 0.903 0.506084466714388 0.062 0.07301360057265568
0 0.6843333333333333 0.6653543307086615 0.07933333333333334 0.07015032211882606
0 0.45066666666666666 0.6725125268432355 0.06066666666666667 0.07587687902648532
0 0.476 0.7415891195418755 0.06733333333333333 0.07659269863994274
0 0.4086666666666667 0.7380100214745884 0.06066666666666667 0.05869720830350752
0 0.2813333333333333 0.21689334287759485 0.06933333333333333 0.07158196134574088
0 0.8093333333333333 0.5440229062276306 0.07066666666666667 0.12025769506084466
0 0.27266666666666667 0.7727272727272727 0.07866666666666666 0.0658554044380816
0 0.6256666666666667 0.610236220472441 0.07333333333333333 0.06442376521116679
0 0.363 0.1642806012884753 0.07066666666666667 0.06084466714387974
0 0.651 0.3758052970651396 0.05266666666666667 0.0737294201861131
0 0.278 0.44881889763779526 0.05733333333333333 0.06084466714387974
0 0.21366666666666667 0.721546170365068 0.076 0.07229778095919828
0 0.7163333333333334 0.5862562634216177 0.06733333333333333 0.09162491052254831
0 0.8856666666666667 0.33428775948460987 0.084 0.08303507516105942
0 0.226 0.40837508947745166 0.06466666666666666 0.10021474588403723
0 0.167 0.3593414459556192 0.058 0.05869720830350752
0 0.08433333333333333 0.4030064423765211 0.07533333333333334 0.11739441660701504
0 0.26866666666666666 0.6485325697924124 0.06 0.07229778095919828
0 0.21433333333333332 0.5007158196134575 0.064 0.0816034359341446
0 0.736 0.5125268432355047 0.06333333333333334 0.0737294201861131
0 0.289 0.5164638511095204 0.06933333333333333 0.07802433786685756
0 0.38966666666666666 0.6503221188260558 0.06066666666666667 0.06299212598425197
0 0.32233333333333336 0.6252684323550465 0.06866666666666667 0.0658554044380816
0 0.5523333333333333 0.4681460272011453 0.06 0.05583392984967788
0 0.403 0.5833929849677881 0.07066666666666667 0.06084466714387974
0 0.6483333333333333 0.5672870436649964 0.056666666666666664 0.05583392984967788
0 0.6146666666666667 0.48854688618468145 0.07133333333333333 0.08088761632068718
0 0.39 0.3589835361488905 0.06266666666666666 0.07516105941302792
0 0.37566666666666665 0.09949892627057981 0.09466666666666666 0.05153901216893343
0 0.671 0.45347172512526845 0.05466666666666667 0.07229778095919828
0 0.572 0.639226914817466 0.056666666666666664 0.05511811023622047
0 0.6756666666666666 0.51932712956335 0.046 0.05583392984967788
0 0.3273333333333333 0.3453829634931997 0.06333333333333334 0.06728704366499642
0 0.5763333333333334 0.2859699355762348 0.058666666666666666 0.048675733715103794
0 0.383 0.2992125984251969 0.062 0.05511811023622047
0 0.511 0.5916249105225483 0.05333333333333334 0.06657122405153901
0 0.43866666666666665 0.26735862562634216 0.059333333333333335 0.047959914101646385
0 0.46266666666666667 0.4005010737294202 0.04666666666666667 0.05798138869005011
0 0.3016666666666667 0.5844667143879743 0.056666666666666664 0.052254831782390834
0 0.3626666666666667 0.5476020042949177 0.05266666666666667 0.0737294201861131
0 0.4613333333333333 0.5926986399427344 0.04666666666666667 0.07015032211882606
0 0.604 0.3203292770221904 0.05333333333333334 0.05082319255547602
0 0.5836666666666667 0.5433070866141733 0.06333333333333334 0.07158196134574088
0 0.3566666666666667 0.4044380816034359 0.05466666666666667 0.05654974946313529
0 0.6043333333333333 0.4269863994273443 0.066 0.049391553328561204
0 0.48433333333333334 0.5322118826055834 0.04666666666666667 0.06800286327845383
0 0.3436666666666667 0.49892627057981387 0.06733333333333333 0.05869720830350752
0 0.2926666666666667 0.39799570508231924 0.03933333333333333 0.0408017179670723
0 0.409 0.49570508231925553 0.07266666666666667 0.05368647100930565
0 0.5286666666666666 0.521832498210451 0.05733333333333333 0.06871868289191124
0 0.542 0.41947029348604153 0.06333333333333334 0.05153901216893343
0 0.5073333333333333 0.39692197566213316 0.042666666666666665 0.06370794559770938
0 0.5566666666666666 0.5769506084466715 0.038 0.05798138869005011
0 0.399 0.4477451682176092 0.066 0.048675733715103794
0 0.4156666666666667 0.42161775232641374 0.05466666666666667 0.04008589835361489
0 0.435 0.5304223335719399 0.05466666666666667 0.0658554044380816
0 0.339 0.44523979957050824 0.06666666666666667 0.05153901216893343