0 0.5176666666666667 0.6289285714285714 0.07533333333333334 0.09142857142857143
0 0.392 0.8853571428571428 0.126 0.09928571428571428
0 0.602 0.18857142857142858 0.10866666666666666 0.07928571428571428
0 0.136 0.3514285714285714 0.08666666666666667 0.11785714285714285
0 0.7863333333333333 0.3482142857142857 0.09133333333333334 0.11285714285714285
0 0.305 0.6189285714285714 0.096 0.10214285714285715
0 0.803 0.1975 0.116 0.13142857142857142
0 0.35 0.4857142857142857 0.064 0.09
0 0.6363333333333333 0.5246428571428572 0.07266666666666667 0.09714285714285714
0 0.4583333333333333 0.8017857142857143 0.092 0.085
0 0.256 0.3375 0.106 0.12785714285714286
0 0.25433333333333336 0.2175 0.11066666666666666 0.115
0 0.724 0.6725 0.08933333333333333 0.095
0 0.8013333333333333 0.7296428571428571 0.09933333333333333 0.13071428571428573
0 0.43 0.7096428571428571 0.08266666666666667 0.085
0 0.8053333333333333 0.45607142857142857 0.07 0.09357142857142857
0 0.3556666666666667 0.6935714285714286 0.09 0.08142857142857143
0 0.655 0.11785714285714285 0.11933333333333333 0.08928571428571429
0 0.181 0.745 0.09066666666666667 0.12285714285714286
0 0.42966666666666664 0.4417857142857143 0.06866666666666667 0.08428571428571428
0 0.5723333333333334 0.795 0.094 0.075
0 0.4836666666666667 0.19714285714285715 0.09466666666666666 0.09214285714285714
0 0.35433333333333333 0.78 0.086 0.06928571428571428
0 0.5366666666666666 0.8964285714285715 0.12933333333333333 0.08357142857142857
0 0.431 0.6196428571428572 0.09333333333333334 0.07571428571428572
0 0.517 0.42642857142857143 0.08533333333333333 0.06857142857142857
0 0.7073333333333334 0.43107142857142855 0.07733333333333334 0.08285714285714285
0 0.6583333333333333 0.7428571428571429 0.076 0.07571428571428572
0 0.37133333333333335 0.14607142857142857 0.092 0.08928571428571429
0 0.2803333333333333 0.8360714285714286 0.08 0.11142857142857143
0 0.7113333333333334 0.23607142857142857 0.098 0.09428571428571429
0 0.6403333333333333 0.2807142857142857 0.09133333333333334 0.08428571428571428
0 0.6743333333333333 0.8292857142857143 0.12733333333333333 0.09642857142857143
0 0.67 0.34785714285714286 0.09466666666666666 0.08214285714285714
0 0.6073333333333333 0.4257142857142857 0.09533333333333334 0.08142857142857143
0 0.5116666666666667 0.10964285714285714 0.11533333333333333 0.08214285714285714
0 0.9046666666666666 0.4682142857142857 0.07266666666666667 0.14214285714285715
0 0.8796666666666667 0.6017857142857143 0.06733333333333333 0.09214285714285714
0 0.607 0.67 0.08533333333333333 0.07285714285714286
0 0.3883333333333333 0.3107142857142857 0.08266666666666667 0.08571428571428572
0 0.7956666666666666 0.5739285714285715 0.07 0.11928571428571429
0 0.42333333333333334 0.5346428571428572 0.06 0.07214285714285715
0 0.8656666666666667 0.32 0.08066666666666666 0.09285714285714286
0 0.19933333333333333 0.6 0.07733333333333334 0.11714285714285715
0 0.555 0.2782142857142857 0.06933333333333333 0.07714285714285714
0 0.118 0.6307142857142857 0.07533333333333334 0.11357142857142857
0 0.6623333333333333 0.6 0.06666666666666667 0.06785714285714285
0 0.09666666666666666 0.4828571428571429 0.07133333333333333 0.12714285714285714
0 0.466 0.3510714285714286 0.086 0.085
0 0.5206666666666667 0.7110714285714286 0.08533333333333333 0.06928571428571428
0 0.5093333333333333 0.5557142857142857 0.086 0.05071428571428571
0 0.368 0.2367857142857143 0.08866666666666667 0.08928571428571429
0 0.314 0.39071428571428574 0.06733333333333333 0.08428571428571428
0 0.5536666666666666 0.3510714285714286 0.09466666666666666 0.06571428571428571
0 0.202 0.4660714285714286 0.06533333333333333 0.09928571428571428
0 0.4736666666666667 0.2782142857142857 0.07066666666666667 0.06642857142857143
0 0.37866666666666665 0.4 0.06933333333333333 0.08285714285714285
0 0.37033333333333335 0.5703571428571429 0.08866666666666667 0.08142857142857143
0 0.269 0.7157142857142857 0.066 0.08142857142857143
0 0.277 0.49714285714285716 0.06066666666666667 0.10857142857142857
0 0.5903333333333334 0.6010714285714286 0.052 0.08
0 0.7246666666666667 0.5182142857142857 0.05466666666666667 0.08428571428571428
0 0.574 0.49464285714285716 0.052 0.08428571428571428