0 0.4886666666666667 0.3703571428571429 0.08 0.09571428571428571
0 0.6266666666666667 0.12107142857142857 0.13066666666666665 0.10642857142857143
0 0.383 0.8053571428571429 0.11266666666666666 0.085
0 0.8563333333333333 0.6689285714285714 0.092 0.12285714285714286
0 0.20666666666666667 0.6353571428571428 0.09666666666666666 0.11785714285714285
0 0.7006666666666667 0.3921428571428571 0.10066666666666667 0.10714285714285714
0 0.18266666666666667 0.785 0.122 0.13785714285714284
0 0.649 0.5225 0.068 0.09357142857142857
0 0.365 0.46785714285714286 0.07733333333333334 0.10142857142857142
0 0.5563333333333333 0.20107142857142857 0.096 0.09
0 0.7356666666666667 0.6760714285714285 0.112 0.13357142857142856
0 0.7316666666666667 0.7957142857142857 0.116 0.12071428571428572
0 0.2846666666666667 0.315 0.094 0.1
0 0.21033333333333334 0.25392857142857145 0.10533333333333333 0.13642857142857143
0 0.58 0.29464285714285715 0.08666666666666667 0.08928571428571429
0 0.193 0.5267857142857143 0.07466666666666667 0.09714285714285714
0 0.6536666666666666 0.31464285714285717 0.094 0.08642857142857142
0 0.32666666666666666 0.8728571428571429 0.12333333333333334 0.09571428571428571
0 0.8306666666666667 0.2732142857142857 0.09666666666666666 0.12785714285714286
0 0.5673333333333334 0.5621428571428572 0.07266666666666667 0.08785714285714286
0 0.44233333333333336 0.20142857142857143 0.09733333333333333 0.08
0 0.5016666666666667 0.8032142857142858 0.09933333333333333 0.09714285714285714
0 0.659 0.22857142857142856 0.08933333333333333 0.07428571428571429
0 0.4826666666666667 0.10214285714285715 0.13333333333333333 0.09071428571428572
0 0.5746666666666667 0.3842857142857143 0.09666666666666666 0.08071428571428571
0 0.47933333333333333 0.5725 0.08866666666666667 0.07357142857142857
0 0.2896666666666667 0.5571428571428572 0.08133333333333333 0.08714285714285715
0 0.3536666666666667 0.24857142857142858 0.07933333333333334 0.08
0 0.6113333333333333 0.8607142857142858 0.096 0.09428571428571429
0 0.7356666666666667 0.1767857142857143 0.08533333333333333 0.11571428571428571
0 0.276 0.7517857142857143 0.10266666666666667 0.1
0 0.349 0.7110714285714286 0.09533333333333334 0.08928571428571429
0 0.342 0.16142857142857142 0.132 0.10357142857142858
0 0.32266666666666666 0.6425 0.09866666666666667 0.08714285714285715
0 0.3893333333333333 0.5682142857142857 0.09933333333333333 0.08642857142857142
0 0.4693333333333333 0.8892857142857142 0.11933333333333333 0.08857142857142856
0 0.09433333333333334 0.5089285714285714 0.07933333333333334 0.1457142857142857
0 0.12566666666666668 0.37714285714285717 0.072 0.09571428571428571
0 0.4013333333333333 0.3242857142857143 0.08866666666666667 0.07785714285714286
0 0.6023333333333334 0.6953571428571429 0.08666666666666667 0.09
0 0.20833333333333334 0.40964285714285714 0.076 0.12285714285714286
0 0.5783333333333334 0.46964285714285714 0.06333333333333334 0.07571428571428572
0 0.126 0.6592857142857143 0.08533333333333333 0.09714285714285714
0 0.805 0.41714285714285715 0.08266666666666667 0.12142857142857143
0 0.43433333333333335 0.7185714285714285 0.07333333333333333 0.08071428571428571
0 0.888 0.39071428571428574 0.08066666666666666 0.11785714285714285
0 0.3426666666666667 0.39107142857142857 0.07 0.07142857142857142
0 0.902 0.5396428571428571 0.07733333333333334 0.13071428571428573
0 0.5266666666666666 0.6507142857142857 0.09 0.09
0 0.48966666666666664 0.2882142857142857 0.08866666666666667 0.07428571428571429
0 0.49333333333333335 0.44392857142857145 0.08866666666666667 0.055714285714285716
0 0.619 0.7703571428571429 0.09266666666666666 0.09428571428571429
0 0.6803333333333333 0.6196428571428572 0.07133333333333333 0.08785714285714286
0 0.439 0.6457142857142857 0.098 0.07071428571428572
0 0.796 0.5507142857142857 0.07 0.10285714285714286
0 0.5153333333333333 0.7228571428571429 0.074 0.07
0 0.6163333333333333 0.6067857142857143 0.07333333333333333 0.08642857142857142
0 0.633 0.43714285714285717 0.09266666666666666 0.08642857142857142
0 0.7413333333333333 0.2975 0.07 0.085
0 0.7226666666666667 0.5153571428571428 0.066 0.11214285714285714
0 0.4146666666666667 0.3939285714285714 0.056 0.08285714285714285
0 0.27666666666666667 0.4692857142857143 0.058666666666666666 0.08714285714285715
0 0.426 0.5010714285714286 0.056 0.08714285714285715