0 0.10677083333333333 0.3333333333333333 0.09479166666666666 0.1109375
0 0.74375 0.7986979166666667 0.1078125 0.115625
0 0.8283854166666667 0.7020833333333333 0.09947916666666666 0.1234375
0 0.24895833333333334 0.8005208333333333 0.09114583333333333 0.08854166666666667
0 0.51328125 0.6734375 0.09895833333333333 0.06614583333333333
0 0.228125 0.35182291666666665 0.09322916666666667 0.10416666666666667
0 0.4153645833333333 0.12447916666666667 0.11145833333333334 0.0859375
0 0.28671875 0.17083333333333334 0.10104166666666667 0.09322916666666667
0 0.4869791666666667 0.87890625 0.10989583333333333 0.08958333333333333
0 0.403125 0.65625 0.08854166666666667 0.08072916666666667
0 0.5408854166666667 0.33619791666666665 0.08385416666666666 0.06979166666666667
0 0.7471354166666667 0.6067708333333334 0.09114583333333333 0.09010416666666667
0 0.73828125 0.325 0.09375 0.09322916666666667
0 0.3203125 0.5877604166666667 0.07916666666666666 0.08541666666666667
0 0.5372395833333333 0.4231770833333333 0.09583333333333334 0.07708333333333334
0 0.17994791666666668 0.2296875 0.08958333333333333 0.09114583333333333
0 0.2830729166666667 0.6872395833333333 0.07760416666666667 0.06614583333333333
0 0.91015625 0.45546875 0.090625 0.10572916666666667
0 0.8877604166666667 0.5760416666666667 0.08489583333333334 0.10520833333333333
0 0.11041666666666666 0.5986979166666667 0.0890625 0.1203125
0 0.7705729166666667 0.46197916666666666 0.07291666666666667 0.11197916666666667
0 0.79765625 0.20963541666666666 0.08854166666666667 0.09166666666666666
0 0.34713541666666664 0.26848958333333334 0.07864583333333333 0.08697916666666666
0 0.47161458333333334 0.23385416666666667 0.09010416666666667 0.08489583333333334
0 0.08802083333333334 0.4705729166666667 0.07760416666666667 0.11666666666666667
0 0.17213541666666668 0.7190104166666667 0.08489583333333334 0.0828125
0 0.68828125 0.15364583333333334 0.1 0.0890625
0 0.6197916666666666 0.62265625 0.08385416666666666 0.07552083333333333
0 0.6401041666666667 0.4049479166666667 0.08229166666666667 0.08802083333333334
0 0.8627604166666667 0.31979166666666664 0.09583333333333334 0.1125
0 0.5609375 0.12578125 0.11927083333333334 0.08802083333333334
0 0.6239583333333333 0.8682291666666667 0.121875 0.10729166666666666
0 0.20026041666666666 0.4830729166666667 0.07864583333333333 0.1203125
0 0.4940104166666667 0.7682291666666666 0.08020833333333334 0.05625
0 0.5916666666666667 0.7513020833333334 0.08802083333333334 0.06458333333333334
0 0.48072916666666665 0.5817708333333333 0.08697916666666666 0.0640625
0 0.4361979166666667 0.3419270833333333 0.08541666666666667 0.07864583333333333
0 0.23723958333333334 0.6104166666666667 0.06510416666666667 0.07708333333333334
0 0.33307291666666666 0.3890625 0.06041666666666667 0.06979166666666667
0 0.5856770833333333 0.528125 0.0640625 0.0703125
0 0.3919270833333333 0.5341145833333333 0.07239583333333334 0.06875
0 0.6044270833333333 0.25338541666666664 0.12604166666666666 0.10885416666666667
0 0.67734375 0.5216145833333333 0.0640625 0.09270833333333334
0 0.67734375 0.6924479166666667 0.0671875 0.06927083333333334
0 0.35572916666666665 0.85546875 0.1109375 0.08229166666666667
0 0.3841145833333333 0.7447916666666666 0.07708333333333334 0.06666666666666667
0 0.29739583333333336 0.47942708333333334 0.0578125 0.08541666666666667
0 0.42552083333333335 0.42734375 0.06979166666666667 0.0703125