0 0.2891666666666667 0.8383333333333334 0.20333333333333334 0.18333333333333332
0 0.4608333333333333 0.6875 0.13833333333333334 0.14
0 0.8516666666666667 0.43666666666666665 0.13166666666666665 0.15333333333333332
0 0.5858333333333333 0.67 0.13333333333333333 0.16
0 0.36083333333333334 0.6266666666666667 0.15333333333333332 0.13166666666666665
0 0.4725 0.8175 0.15 0.12666666666666668
0 0.6566666666666666 0.8733333333333333 0.22166666666666668 0.17166666666666666
0 0.6891666666666667 0.62 0.13333333333333333 0.15333333333333332
0 0.87 0.2866666666666667 0.16666666666666666 0.19
0 0.30333333333333334 0.5108333333333334 0.14666666666666667 0.14666666666666667
0 0.8908333333333334 0.6125 0.15666666666666668 0.225
0 0.7233333333333334 0.23666666666666666 0.145 0.14
0 0.7608333333333334 0.73 0.14333333333333334 0.13666666666666666
0 0.26666666666666666 0.20583333333333334 0.16666666666666666 0.17
0 0.6983333333333334 0.5 0.155 0.12333333333333334
0 0.43583333333333335 0.19 0.15666666666666668 0.10666666666666667
0 0.20166666666666666 0.3825 0.12333333333333334 0.155
0 0.21583333333333332 0.6666666666666666 0.11833333333333333 0.15833333333333333
0 0.3433333333333333 0.3975 0.16 0.16166666666666665
0 0.10416666666666667 0.5191666666666667 0.175 0.21
0 0.6 0.14166666666666666 0.18 0.16333333333333333
0 0.45416666666666666 0.33916666666666667 0.135 0.16666666666666666
0 0.575 0.33416666666666667 0.11333333333333333 0.15166666666666667
0 0.6866666666666666 0.37333333333333335 0.15166666666666667 0.135