0 0.24916666666666668 0.81 0.185 0.16166666666666665
0 0.43833333333333335 0.6816666666666666 0.12333333333333334 0.12666666666666668
0 0.8566666666666667 0.48 0.115 0.14
0 0.5641666666666667 0.6791666666666667 0.11666666666666667 0.14666666666666667
0 0.3466666666666667 0.6091666666666666 0.14 0.115
0 0.43416666666666665 0.8116666666666666 0.13833333333333334 0.11
0 0.61 0.89 0.205 0.14833333333333334
0 0.6733333333333333 0.6425 0.11666666666666667 0.14
0 0.8933333333333333 0.3333333333333333 0.14666666666666667 0.17333333333333334
0 0.30333333333333334 0.4866666666666667 0.13166666666666665 0.13166666666666665
0 0.8741666666666666 0.6591666666666667 0.13166666666666665 0.21
0 0.7541666666666667 0.2658333333333333 0.13 0.125
0 0.7308333333333333 0.76 0.13 0.12166666666666667
0 0.30416666666666664 0.17916666666666667 0.14833333333333334 0.15333333333333332
0 0.6966666666666667 0.5241666666666667 0.14333333333333334 0.10666666666666667
0 0.4741666666666667 0.18416666666666667 0.14666666666666667 0.09
0 0.21833333333333332 0.3466666666666667 0.10666666666666667 0.14333333333333334
0 0.1975 0.6308333333333334 0.10166666666666667 0.14666666666666667
0 0.3566666666666667 0.37916666666666665 0.14333333333333334 0.145
0 0.105 0.4708333333333333 0.15333333333333332 0.19333333333333333
0 0.6425 0.15666666666666668 0.16333333333333333 0.145
0 0.4741666666666667 0.335 0.11666666666666667 0.15333333333333332
0 0.595 0.345 0.09666666666666666 0.14166666666666666
0 0.7008333333333333 0.39666666666666667 0.13833333333333334 0.11833333333333333