0 0.7166666666666667 0.16583333333333333 0.20166666666666666 0.18
0 0.5425 0.3125 0.13666666666666666 0.13833333333333334
0 0.1475 0.5575 0.12833333333333333 0.15166666666666667
0 0.4175 0.3283333333333333 0.13166666666666665 0.15833333333333333
0 0.6408333333333334 0.375 0.15166666666666667 0.12833333333333333
0 0.5325 0.18333333333333332 0.14833333333333334 0.12333333333333334
0 0.35 0.12333333333333334 0.22 0.16833333333333333
0 0.3125 0.37666666666666665 0.13 0.15166666666666667
0 0.12583333333333332 0.7066666666666667 0.16333333333333333 0.18833333333333332
0 0.6966666666666667 0.4925 0.145 0.145
0 0.11083333333333334 0.38083333333333336 0.15333333333333332 0.22333333333333333
0 0.27166666666666667 0.7591666666666667 0.14166666666666666 0.13833333333333334
0 0.24333333333333335 0.2658333333333333 0.14166666666666666 0.135
0 0.7283333333333334 0.7983333333333333 0.16333333333333333 0.16833333333333333
0 0.3016666666666667 0.49666666666666665 0.15333333333333332 0.12166666666666667
0 0.5583333333333333 0.8116666666666666 0.155 0.105
0 0.7958333333333333 0.6233333333333333 0.12166666666666667 0.15333333333333332
0 0.7875 0.3383333333333333 0.11666666666666667 0.15666666666666668
0 0.655 0.605 0.15833333333333333 0.16
0 0.8958333333333334 0.4875 0.17333333333333334 0.20833333333333334
0 0.39416666666666667 0.8566666666666667 0.17833333333333334 0.16166666666666665
0 0.5433333333333333 0.6616666666666666 0.13166666666666665 0.165
0 0.4216666666666667 0.6641666666666667 0.11166666666666666 0.15166666666666667
0 0.31083333333333335 0.6241666666666666 0.15 0.13166666666666665