0 0.85625 0.45234375 0.15 0.19739583333333333
0 0.7372395833333333 0.7807291666666667 0.1359375 0.14322916666666666
0 0.6770833333333334 0.4466145833333333 0.13229166666666667 0.11614583333333334
0 0.5841145833333333 0.690625 0.10833333333333334 0.13541666666666666
0 0.3229166666666667 0.6466145833333333 0.12708333333333333 0.10677083333333333
0 0.57734375 0.11041666666666666 0.14895833333333333 0.13020833333333334
0 0.16979166666666667 0.71640625 0.121875 0.14270833333333333
0 0.4440104166666667 0.6861979166666666 0.12604166666666666 0.13229166666666667
0 0.4158854166666667 0.30833333333333335 0.10729166666666666 0.1265625
0 0.325 0.5236979166666667 0.11979166666666667 0.10572916666666667
0 0.5263020833333333 0.2786458333333333 0.11197916666666667 0.11197916666666667
0 0.82578125 0.63203125 0.10625 0.13125
0 0.4395833333333333 0.8890625 0.18020833333333333 0.146875
0 0.18333333333333332 0.35859375 0.11614583333333334 0.11875
0 0.13541666666666666 0.5299479166666666 0.12447916666666667 0.190625
0 0.42239583333333336 0.10078125 0.13645833333333332 0.09479166666666666
0 0.2799479166666667 0.82890625 0.12447916666666667 0.10052083333333334
0 0.62265625 0.3377604166666667 0.11510416666666666 0.12239583333333333
0 0.8057291666666667 0.2791666666666667 0.10885416666666667 0.11927083333333334
0 0.3489583333333333 0.3963541666666667 0.12708333333333333 0.11458333333333333
0 0.27838541666666666 0.19817708333333334 0.17760416666666667 0.17447916666666666
0 0.6091145833333333 0.88359375 0.1328125 0.09947916666666666
0 0.7177083333333333 0.16458333333333333 0.1265625 0.10104166666666667
0 0.66328125 0.5921875 0.14375 0.1265625