0 0.2520833333333333 0.25625 0.023958333333333335 0.022916666666666665
0 0.4432291666666667 0.2232638888888889 0.028125 0.022222222222222223
0 0.7359375 0.36701388888888886 0.00625 0.00625
0 0.7375 0.3954861111111111 0.028125 0.0125
0 0.3229166666666667 0.46493055555555557 0.06041666666666667 0.04027777777777778
0 0.115625 0.6972222222222222 0.028125 0.016666666666666666
0 0.6432291666666666 0.9145833333333333 0.022916666666666665 0.019444444444444445
0 0.846875 0.7222222222222222 0.028125 0.017361111111111112
0 0.9802083333333333 0.5482638888888889 0.03854166666666667 0.02013888888888889
1 0.18177083333333333 0.6190972222222222 0.36354166666666665 0.26875
1 0.22135416666666666 0.74375 0.4427083333333333 0.5125
1 0.5546875 0.7003472222222222 0.4739583333333333 0.5055555555555555
1 0.6729166666666667 0.628125 0.6541666666666667 0.43680555555555556
1 0.6776041666666667 0.5409722222222222 0.6447916666666667 0.2875
1 0.5921875 0.36701388888888886 0.5395833333333333 0.20277777777777778
1 0.5510416666666667 0.29756944444444444 0.5322916666666667 0.3013888888888889
1 0.45729166666666665 0.2743055555555556 0.3958333333333333 0.3388888888888889
1 0.23854166666666668 0.2954861111111111 0.3385416666666667 0.3333333333333333
1 0.153125 0.2520833333333333 0.30625 0.45555555555555555
1 0.146875 0.3951388888888889 0.29375 0.18611111111111112