1 0.593125 0.6850984067478912 0.17875 0.17432052483598875
0 0.3525 0.7825679475164011 0.1075 0.07122774133083412
0 0.43125 0.7127460168697282 0.1225 0.07403936269915651
0 0.099375 0.8420805998125586 0.05375 0.044048734770384255
0 0.3025 0.8369259606373008 0.0525 0.031865042174320526
0 0.965 0.3149015932521087 0.05 0.04498594189315839
0 0.186875 0.7403936269915652 0.05625 0.03936269915651359
0 0.6575 0.37722586691658855 0.055 0.13964386129334583
0 0.69 0.4835988753514527 0.0625 0.1330834114339269
0 0.738125 0.732427366447985 0.04875 0.09090909090909091
0 0.051875 0.4250234301780694 0.03375 0.04592314901593252
0 0.9268625 0.5662980318650421 0.0344 0.04029990627928772
0 0.859375 0.739456419868791 0.03625 0.041237113402061855
1 0.723125 0.5993439550140581 0.08625 0.24273664479850046
0 0.775625 0.8125585754451734 0.03625 0.061855670103092786
0 0.968125 0.43158388003748827 0.02375 0.06466729147141519
0 0.9725 0.43158388003748827 0.02 0.06091846298031865
1 0.7822125 0.20666354264292408 0.1033625 0.33168697282099346
0 0.2125 0.29662605435801315 0.025 0.019681349578256794
0 0.05875 0.2703842549203374 0.02 0.008434864104967198
0 0.195625 0.3003748828491096 0.01625 0.01780693533270853
0 0.443125 0.1780693533270853 0.03375 0.028116213683223992
0 0.4175 0.31162136832239923 0.025 0.019681349578256794
0 0.370625 0.2521087160262418 0.03375 0.020618556701030927
0 0.17375 0.619962511715089 0.0425 0.029053420805998126
0 0.1775 0.37932521087160265 0.0325 0.026729147141518275
0 0.060625 0.577788191190253 0.03125 0.02530459231490159
0 0.216875 0.6012183692596064 0.03625 0.023430178069353328
0 0.18276250000000002 0.40652296157450796 0.023025000000000004 0.02203373945641987
0 0.238125 0.33973758200562326 0.03625 0.014058106841611996
0 0.238125 0.619493908153702 0.02625 0.01874414245548266
0 0.281875 0.45407685098406747 0.01625 0.010309278350515464
0 0.13 0.5796626054358013 0.0125 0.010309278350515464
0 0.245625 0.4831302717900656 0.01625 0.008434864104967198
0 0.065625 0.6415182755388941 0.01125 0.008434864104967198
0 0.173125 0.4901593252108716 0.01125 0.00937207122774133
0 0.29875 0.4400187441424555 0.0175 0.010309278350515464
0 0.3175 0.4240862230552952 0.0175 0.010309278350515464
0 0.26375 0.4681349578256795 0.0175 0.008434864104967198
0 0.431875 0.3561387066541706 0.03375 0.028116213683223992
0 0.545 0.64058106841612 0.02 0.014058106841611996
0 0.37125 0.38003748828491096 0.0175 0.010309278350515464
0 0.4525 0.5412371134020618 0.015 0.01218369259606373
0 0.389375 0.3641049671977507 0.01625 0.010309278350515464
0 0.3525 0.39456419868791004 0.015 0.00937207122774133
0 0.338125 0.408622305529522 0.01125 0.00937207122774133
0 0.81 0.5918462980318651 0.015 0.015932521087160263
0 0.91125 0.6115276476101218 0.03 0.03467666354264293
0 0.8075 0.6555763823805061 0.01 0.010309278350515464
0 0.74625 0.5895032802249297 0.015 0.011246485473289597
0 0.984375 0.4939081537019681 0.02625 0.04311152764761012
0 0.9 0.45220243673851923 0.015 0.015932521087160263
0 0.895 0.48641049671977504 0.01 0.016869728209934397
0 0.90875 0.37910028116213684 0.02 0.02155576382380506
0 0.974375 0.44798500468603564 0.01875 0.02999062792877226
0 0.678125 0.612464854732896 0.02375 0.01218369259606373
0 0.71 0.6044985941893158 0.02 0.026241799437675725
0 0.885 0.6246485473289597 0.0125 0.008434864104967198
0 0.013125 0.7239925023430178 0.02625 0.023430178069353328
0 0.25625 0.8955014058106842 0.02 0.01218369259606373
0 0.8475 0.697282099343955 0.01 0.007497656982193065
0 0.856875 0.816776007497657 0.03375 0.030927835051546393
0 0.824375 0.8064667291471416 0.00875 0.008434864104967198
0 0.864375 0.8711340206185567 0.01375 0.01780693533270853
0 0.908925 0.6731115276476102 0.015337499999999999 0.03710402999062793
0 0.876875 0.7239925023430178 0.00875 0.010309278350515464
0 0.9007875 0.21231490159325211 0.020724999999999997 0.027150890346766633
0 0.9114375 0.23119025304592317 0.016087499999999998 0.021377694470477975
0 0.8854875 0.18567947516401126 0.0055875 0.011387066541705718
0 0.9199375000000001 0.29119962511715086 0.0219625 0.021808809746954077
0 0.9086624999999999 0.29987816307403936 0.009287499999999999 0.006298031865042174
0 0.9040250000000001 0.30833177132146206 0.010525 0.018575445173383318
0 0.90835 0.34169634489222117 0.016087499999999998 0.040337394564198686
0 0.9111374999999999 0.3911433926897845 0.021025000000000002 0.014179943767572634
0 0.9102 0.41187441424554827 0.008625 0.013842549203373945
0 0.9058875000000001 0.41522961574507966 0.0111375 0.011855670103092783
0 0.8851875 0.5407872539831302 0.022887499999999998 0.02204311152764761
0 0.8836375 0.5238706654170572 0.0148 0.017788191190253048
0 0.8953749999999999 0.5246860356138707 0.008625 0.014320524835988753
0 0.890125 0.5693908153701968 0.009287499999999999 0.013008434864104967
0 0.8890375 0.5830552952202437 0.0083625 0.010243673851921275
0 0.8844124999999999 0.5938238050609185 0.0089875 0.007703842549203374
0 0.8760625000000001 0.6081818181818182 0.0102125 0.01373008434864105
0 0.8837875 0.6350609184629803 0.0108375 0.011855670103092783
0 0.8827124999999999 0.647104029990628 0.0080625 0.008622305529522024
0 0.88225 0.6569447047797563 0.005274999999999999 0.005613870665417057
0 0.8955249999999999 0.6615651358950327 0.01825 0.022633552014995312
0 0.9227124999999999 0.6472164948453608 0.0151625 0.03432052483598875
0 0.8854875 0.6797750702905343 0.030299999999999997 0.04380506091846298
0 0.87375 0.7628022492970946 0.00745 0.013017806935332709
1 0.8233499999999999 0.44511715089034676 0.1214375 0.11272727272727273
1 0.7956375 0.37452671040299906 0.16620000000000001 0.2187535145267104
0 0.6411125 0.3090909090909091 0.02125 0.018828491096532333
0 0.5460875000000001 0.2512558575445173 0.015300000000000001 0.01688847235238988
0 0.5414125 0.23989690721649484 0.0201625 0.014348641049671977
0 0.1369 0.26333645735707595 0.02955 0.0180037488284911
0 0.178075 0.3660731021555764 0.0176375 0.013505154639175258
0 0.20035 0.414058106841612 0.012025 0.015773195876288656
0 0.088225 0.4574226804123711 0.031787499999999996 0.03402061855670103
0 0.6535875 0.8657075913776945 0.005775 0.012014995313964386