1 0.241875 0.5398313027179007 0.2575 0.15932521087160262
0 0.150625 0.3467666354264292 0.11125 0.09090909090909091
0 0.230625 0.415651358950328 0.11625 0.1021555763823805
0 0.111875 0.14995313964386128 0.06625 0.046860356138706656
0 0.086875 0.30084348641049674 0.05 0.044048734770384255
0 0.67125 0.8734770384254921 0.0675 0.044048734770384255
0 0.2325 0.23055295220243674 0.06125 0.04779756326148079
0 0.636875 0.6358950328022493 0.1925 0.06279287722586692
0 0.491875 0.6433926897844423 0.185 0.06747891283973759
0 0.156875 0.6401124648547329 0.1275 0.05060918462980318
0 0.66875 0.17994376757263356 0.06625 0.031865042174320526
0 0.34625 0.8059981255857545 0.05875 0.031865042174320526
0 0.128125 0.7286785379568884 0.06 0.033739456419868794
1 0.334375 0.6494845360824743 0.33375 0.1021555763823805
0 0.045 0.6551077788191191 0.0875 0.03655107778819119
0 0.516875 0.8575445173383318 0.08875 0.028116213683223992
0 0.51625 0.8608247422680413 0.08375 0.02436738519212746
1 0.786875 0.7483598875351453 0.3425 0.11527647610121837
0 0.813125 0.3191190253045923 0.03 0.02155576382380506
0 0.87125 0.20899718837863168 0.01375 0.015932521087160263
0 0.810625 0.30599812558575445 0.02625 0.01499531396438613
0 0.933125 0.5084348641049672 0.0425 0.029053420805998126
0 0.76125 0.46860356138706655 0.03 0.02155576382380506
0 0.846875 0.44283036551077787 0.0325 0.028116213683223992
0 0.393125 0.23945641986879102 0.045 0.03561387066541706
0 0.71 0.2802249297094658 0.04125 0.028116213683223992
0 0.46625 0.1626054358013121 0.03875 0.02717900656044986
0 0.41125 0.274601686972821 0.03625 0.030927835051546393
0 0.6725 0.27928772258669166 0.03375 0.020618556701030927
0 0.751875 0.331302717900656 0.02375 0.029053420805998126
0 0.38375 0.2872539831302718 0.02875 0.022492970946579195
0 0.594375 0.3458294283036551 0.01625 0.014058106841611996
0 0.453125 0.21368322399250234 0.015 0.011246485473289597
0 0.561875 0.31443298969072164 0.01375 0.013120899718837863
0 0.38125 0.15604498594189317 0.0125 0.00937207122774133
0 0.564375 0.25960637300843487 0.01375 0.00937207122774133
0 0.610625 0.36035613870665417 0.01625 0.01499531396438613
0 0.62875 0.3767572633552015 0.01625 0.01499531396438613
0 0.57875 0.32989690721649484 0.01375 0.014058106841611996
0 0.7 0.471883786316776 0.0425 0.029053420805998126
0 0.3075 0.5112464854732895 0.02125 0.016869728209934397
0 0.678125 0.42361761949390814 0.01625 0.01499531396438613
0 0.453125 0.45829428303655106 0.01875 0.013120899718837863
0 0.69625 0.4395501405810684 0.01625 0.014058106841611996
0 0.661875 0.4072164948453608 0.015 0.01218369259606373
0 0.645625 0.39456419868791004 0.01375 0.00937207122774133
0 0.330625 0.7150890346766635 0.02375 0.014058106841611996
0 0.28875 0.7872539831302718 0.05 0.02717900656044986
0 0.246875 0.7033739456419869 0.015 0.00937207122774133
0 0.34375 0.6682286785379569 0.0175 0.013120899718837863
0 0.4325 0.85941893158388 0.06125 0.026241799437675725
0 0.500625 0.8036551077788191 0.02375 0.014058106841611996
0 0.45625 0.7947516401124649 0.02375 0.010309278350515464
0 0.595625 0.8214620431115276 0.03125 0.01780693533270853
0 0.494375 0.85941893158388 0.0425 0.01874414245548266
0 0.32375 0.6143392689784443 0.02 0.019681349578256794
0 0.329375 0.6391752577319587 0.0375 0.01874414245548266
0 0.275625 0.7656982193064668 0.0125 0.010309278350515464
0 0.28125 0.10449859418931584 0.035 0.023430178069353328
0 0.185625 0.7263355201499532 0.01125 0.008434864104967198
0 0.026875 0.7146204311152765 0.04625 0.02999062792877226
0 0.045625 0.6921274601686973 0.0125 0.007497656982193065
0 0.208125 0.7755388940955952 0.05125 0.016869728209934397
0 0.14625 0.7441424554826617 0.015 0.008434864104967198
0 0.81625 0.8416119962511716 0.03875 0.019681349578256794
0 0.79 0.8467666354264293 0.03125 0.01499531396438613
0 0.85375 0.8345829428303655 0.015 0.005623242736644799
0 0.709375 0.8434864104967198 0.0325 0.019681349578256794
0 0.699375 0.8341143392689785 0.01 0.007497656982193065
0 0.689375 0.8289597000937207 0.02625 0.010309278350515464
0 0.645 0.8270852858481724 0.05625 0.01874414245548266
0 0.57875 0.8214620431115276 0.02125 0.01780693533270853
0 0.551875 0.817244611059044 0.02 0.008434864104967198
0 0.548125 0.8134957825679475 0.0175 0.010309278350515464
0 0.38625 0.7788191190253045 0.03375 0.020618556701030927
0 0.40875 0.7802249297094658 0.02625 0.014058106841611996
0 0.405625 0.7891283973758201 0.02 0.008434864104967198
0 0.3475 0.7778819119025304 0.01875 0.008434864104967198
0 0.33 0.7750702905342081 0.015 0.008434864104967198
0 0.31625 0.7699156513589503 0.01125 0.007497656982193065
0 0.29875 0.7614807872539832 0.02 0.00937207122774133
0 0.261875 0.7628865979381443 0.0175 0.010309278350515464
0 0.24625 0.7600749765698219 0.0125 0.006560449859418931
0 0.233125 0.7586691658856607 0.00875 0.004686035613870665
0 0.225 0.767572633552015 0.0325 0.01780693533270853
0 0.24 0.7900656044985942 0.0475 0.016869728209934397
0 0.2025 0.7572633552014996 0.0625 0.029053420805998126
0 0.095 0.7357075913776945 0.01875 0.007497656982193065
1 0.521875 0.7478912839737581 0.1675 0.1077788191190253
1 0.619375 0.7385192127460168 0.31375 0.15745079662605435
0 0.729375 0.6344892221180881 0.0275 0.01874414245548266
0 0.820625 0.5731021555763823 0.025 0.014058106841611996
0 0.83625 0.5712277413308341 0.02125 0.016869728209934397
0 0.86875 0.26804123711340205 0.02875 0.02530459231490159
0 0.726875 0.28256794751640113 0.02 0.01499531396438613
0 0.66 0.29194001874414244 0.0225 0.01218369259606373
0 0.620625 0.2014995313964386 0.04875 0.028116213683223992