0 0.194 0.278 0.19866666666666666 0.204
0 0.756 0.8153333333333334 0.19866666666666666 0.20266666666666666
0 0.17666666666666667 0.6766666666666666 0.22266666666666668 0.192
0 0.4033333333333333 0.8446666666666667 0.13333333333333333 0.21333333333333335
0 0.8333333333333334 0.7026666666666667 0.18533333333333332 0.18533333333333332
0 0.812 0.256 0.19466666666666665 0.19866666666666666
0 0.132 0.5586666666666666 0.19066666666666668 0.172
0 0.324 0.16266666666666665 0.208 0.196
0 0.26666666666666666 0.7833333333333333 0.184 0.19333333333333333
0 0.5813333333333334 0.8453333333333334 0.17733333333333334 0.196
0 0.874 0.396 0.18933333333333333 0.14133333333333334
0 0.8773333333333333 0.536 0.16133333333333333 0.12933333333333333
0 0.654 0.172 0.17066666666666666 0.19733333333333333
0 0.146 0.41133333333333333 0.172 0.13066666666666665
0 0.48333333333333334 0.11866666666666667 0.15066666666666667 0.21333333333333335