0 0.8386666666666667 0.6046666666666667 0.144 0.16533333333333333
0 0.494 0.13133333333333333 0.172 0.164
0 0.476 0.6913333333333334 0.13733333333333334 0.15066666666666667
0 0.638 0.8613333333333333 0.17333333333333334 0.176
0 0.8066666666666666 0.2833333333333333 0.16133333333333333 0.16666666666666666
0 0.78 0.7553333333333333 0.16533333333333333 0.16533333333333333
0 0.33666666666666667 0.8446666666666667 0.16133333333333333 0.16933333333333334
0 0.484 0.8726666666666667 0.132 0.13733333333333334
0 0.16866666666666666 0.432 0.152 0.13733333333333334
0 0.21866666666666668 0.2826666666666667 0.16266666666666665 0.15466666666666667
0 0.22333333333333333 0.7233333333333334 0.16666666666666666 0.16533333333333333
0 0.6306666666666667 0.34933333333333333 0.16 0.17066666666666666
0 0.4593333333333333 0.32266666666666666 0.152 0.15733333333333333
0 0.3486666666666667 0.4493333333333333 0.132 0.132
0 0.334 0.186 0.14533333333333334 0.16266666666666665
0 0.6713333333333333 0.16333333333333333 0.16266666666666665 0.18
0 0.36666666666666664 0.5873333333333334 0.13866666666666666 0.12
0 0.158 0.5833333333333334 0.15733333333333333 0.13333333333333333
0 0.8533333333333334 0.43733333333333335 0.16 0.16266666666666665
0 0.672 0.5013333333333333 0.12933333333333333 0.12266666666666666
0 0.628 0.6493333333333333 0.15466666666666667 0.14