0 0.6453333333333333 0.17666666666666667 0.15066666666666667 0.12666666666666668
0 0.13333333333333333 0.4613333333333333 0.14666666666666667 0.15466666666666667
0 0.6866666666666666 0.5473333333333333 0.13733333333333334 0.12133333333333333
0 0.8753333333333333 0.4073333333333333 0.15866666666666668 0.15466666666666667
0 0.322 0.16933333333333334 0.15066666666666667 0.144
0 0.7873333333333333 0.25333333333333335 0.148 0.148
0 0.822 0.704 0.15333333333333332 0.144
0 0.868 0.5613333333333334 0.124 0.11733333333333333
0 0.392 0.8206666666666667 0.12133333333333333 0.13866666666666666
0 0.25 0.7526666666666667 0.13733333333333334 0.14666666666666667
0 0.688 0.802 0.148 0.14933333333333335
0 0.36666666666666664 0.352 0.15466666666666667 0.14266666666666666
0 0.31933333333333336 0.5186666666666667 0.14133333333333334 0.136
0 0.43133333333333335 0.644 0.11866666666666667 0.11866666666666667
0 0.168 0.6266666666666667 0.148 0.128
0 0.18666666666666668 0.2886666666666667 0.164 0.144
0 0.5706666666666667 0.6433333333333333 0.10533333333333333 0.12666666666666668
0 0.5413333333333333 0.8493333333333334 0.116 0.144
0 0.4806666666666667 0.14133333333333334 0.14666666666666667 0.14266666666666666
0 0.522 0.3293333333333333 0.10933333333333334 0.11733333333333333
0 0.664 0.3913333333333333 0.124 0.14