0 0.15933333333333333 0.4013333333333333 0.14666666666666667 0.16666666666666666
0 0.5126666666666667 0.8686666666666667 0.17333333333333334 0.16666666666666666
0 0.5206666666666667 0.30866666666666664 0.13866666666666666 0.15333333333333332
0 0.356 0.14133333333333334 0.17466666666666666 0.17866666666666667
0 0.19733333333333333 0.722 0.164 0.16933333333333334
0 0.216 0.25 0.16666666666666666 0.16666666666666666
0 0.6573333333333333 0.15266666666666667 0.164 0.172
0 0.5093333333333333 0.12733333333333333 0.13333333333333333 0.13866666666666666
0 0.8326666666666667 0.562 0.15466666666666667 0.14
0 0.7853333333333333 0.7126666666666667 0.164 0.156
0 0.7726666666666666 0.272 0.168 0.168
0 0.372 0.6526666666666666 0.16266666666666665 0.17333333333333334
0 0.5433333333333333 0.676 0.15466666666666667 0.15866666666666668
0 0.652 0.548 0.13466666666666666 0.13466666666666666
0 0.6713333333333333 0.8113333333333334 0.148 0.164
0 0.334 0.84 0.16533333333333333 0.18266666666666667
0 0.632 0.41 0.14 0.12133333333333333
0 0.84 0.4106666666666667 0.15866666666666668 0.13466666666666666
0 0.14733333333333334 0.5693333333333334 0.16133333333333333 0.16533333333333333
0 0.328 0.502 0.132 0.124
0 0.36933333333333335 0.3526666666666667 0.156 0.14266666666666666