0 0.873125 0.46157450796626054 0.06125 0.04967197750702906
0 0.706875 0.521087160262418 0.055 0.03936269915651359
0 0.29125 0.5431115276476102 0.05 0.022492970946579195
0 0.645625 0.5402999062792877 0.06625 0.044048734770384255
0 0.916875 0.358950328022493 0.05875 0.041237113402061855
0 0.82875 0.5913776944704779 0.0675 0.03936269915651359
0 0.76875 0.4414245548266167 0.04375 0.030927835051546393
0 0.315625 0.3753514526710403 0.05625 0.029053420805998126
0 0.526875 0.471883786316776 0.07375 0.06279287722586692
0 0.254375 0.48828491096532334 0.06875 0.05154639175257732
0 0.555625 0.43580131208997186 0.055 0.038425492033739454
0 0.936875 0.5548266166822868 0.04125 0.029053420805998126
0 0.755 0.6597938144329897 0.0425 0.022492970946579195
0 0.818125 0.563730084348641 0.0375 0.02436738519212746
0 0.376875 0.46438612933458295 0.05625 0.030927835051546393
0 0.390625 0.49203373945641987 0.06125 0.02717900656044986
0 0.09125 0.38425492033739456 0.04125 0.02436738519212746
0 0.19625 0.5716963448922212 0.0375 0.015932521087160263
0 0.120625 0.49343955014058105 0.03375 0.02530459231490159
0 0.630625 0.5909090909090909 0.045 0.03467666354264293
0 0.07875 0.44189315838800375 0.03875 0.020618556701030927
0 0.151875 0.5299906279287723 0.0425 0.016869728209934397
0 0.454375 0.549203373945642 0.04125 0.02530459231490159
0 0.065 0.4217432052483599 0.04375 0.022492970946579195
0 0.166875 0.4484536082474227 0.06 0.03280224929709466
0 0.22375 0.457825679475164 0.08625 0.05716963448922212
0 0.86125 0.6757263355201499 0.015 0.00937207122774133
0 0.4025 0.598406747891284 0.0175 0.011246485473289597
0 0.0075 0.4184629803186504 0.015 0.006560449859418931
0 0.131875 0.5131208997188379 0.03875 0.020618556701030927
0 0.0175 0.49109653233364575 0.0125 0.010309278350515464
0 0.00375 0.5023430178069354 0.0075 0.010309278350515464
0 0.004375 0.549671977507029 0.005 0.01218369259606373
0 0.295625 0.520618556701031 0.0375 0.031865042174320526
0 0.195625 0.42830365510777885 0.0125 0.006560449859418931
0 0.313125 0.5754451733833177 0.0225 0.007497656982193065
0 0.31875 0.5684161199625117 0.0125 0.006560449859418931
0 0.25625 0.6260543580131209 0.0125 0.006560449859418931
0 0.306875 0.6419868791002812 0.01 0.007497656982193065
0 0.253125 0.669165885660731 0.01375 0.008434864104967198
0 0.2225 0.6771321462043112 0.0225 0.00937207122774133
0 0.09625 0.6485473289597001 0.015 0.01218369259606373
0 0.121875 0.634020618556701 0.01125 0.004686035613870665
0 0.178125 0.6237113402061856 0.01125 0.008434864104967198
0 0.08375 0.6532333645735707 0.01125 0.010309278350515464
0 0.10875 0.5885660731021556 0.01125 0.010309278350515464
0 0.01625 0.6091846298031866 0.01125 0.007497656982193065
0 0.01125 0.6143392689784443 0.01 0.008434864104967198
0 0.553125 0.6504217432052484 0.03625 0.02155576382380506
0 0.651875 0.6082474226804123 0.0625 0.030927835051546393
0 0.64625 0.5993439550140581 0.0075 0.007497656982193065
0 0.398125 0.42642924086223055 0.0275 0.008434864104967198
0 0.526875 0.36176194939081535 0.04125 0.029053420805998126
0 0.839375 0.6443298969072165 0.01625 0.010309278350515464
0 0.909375 0.48219306466729145 0.07 0.03655107778819119
0 0.99375 0.4475164011246485 0.00875 0.01218369259606373
0 0.983125 0.39971883786316775 0.015 0.00937207122774133
0 0.98375 0.32427366447985007 0.01625 0.008434864104967198
1 0.946875 0.31537019681349576 0.055 0.02436738519212746
0 0.890625 0.32661668228678536 0.01125 0.0037488284910965324