0 0.514375 0.21790065604498593 0.07125 0.05060918462980318
0 0.56375 0.35098406747891286 0.05875 0.04498594189315839
0 0.52 0.6616682286785379 0.035 0.03936269915651359
0 0.578125 0.3992502343017807 0.065 0.053420805998125584
0 0.386875 0.16776007497656983 0.06 0.04779756326148079
0 0.676875 0.27319587628865977 0.05875 0.05435801312089972
0 0.469375 0.2914714151827554 0.045 0.03561387066541706
0 0.304375 0.6148078725398313 0.04375 0.04498594189315839
0 0.468125 0.4751640112464855 0.09 0.06091846298031865
0 0.441875 0.6794751640112465 0.075 0.056232427366447985
0 0.425 0.4475164011246485 0.0575 0.04498594189315839
0 0.6475 0.18650421743205248 0.0425 0.033739456419868794
0 0.754375 0.3392689784442362 0.03375 0.033739456419868794
0 0.639375 0.2760074976569822 0.03625 0.02999062792877226
0 0.431875 0.584817244611059 0.04625 0.04498594189315839
0 0.470625 0.5791940018744143 0.04125 0.04779756326148079
0 0.276875 0.781630740393627 0.03625 0.03280224929709466
0 0.54125 0.7366447985004686 0.025 0.029053420805998126
0 0.425625 0.7788191190253045 0.03625 0.02717900656044986
0 0.641875 0.41940018744142454 0.05125 0.03748828491096532
0 0.350625 0.8008434864104967 0.03125 0.030927835051546393
0 0.479375 0.7624179943767573 0.02625 0.03280224929709466
0 0.55625 0.5421743205248359 0.0375 0.03280224929709466
0 0.321875 0.8078725398313027 0.035 0.03467666354264293
0 0.374375 0.7371134020618557 0.04875 0.04779756326148079
0 0.396875 0.6968134957825679 0.085 0.07029053420805999
0 0.79375 0.2633552014995314 0.015 0.01218369259606373
0 0.611875 0.5890346766635426 0.0175 0.01499531396438613
0 0.3075 0.8495782567947516 0.01125 0.013120899718837863
0 0.453125 0.7741330834114339 0.03125 0.030927835051546393
0 0.404375 0.8547328959700093 0.015 0.010309278350515464
0 0.416875 0.8669165885660731 0.015 0.006560449859418931
0 0.47875 0.8744142455482662 0.01625 0.005623242736644799
0 0.491875 0.6541705716963448 0.04625 0.030927835051546393
0 0.353125 0.7122774133083412 0.01 0.010309278350515464
0 0.56625 0.6508903467666354 0.01125 0.01780693533270853
0 0.55875 0.6457357075913777 0.01 0.010309278350515464
0 0.623125 0.7019681349578257 0.01 0.010309278350515464
0 0.653125 0.6672914714151827 0.01125 0.008434864104967198
0 0.679375 0.711340206185567 0.0125 0.011246485473289597
0 0.684375 0.7357075913776945 0.01375 0.01780693533270853
0 0.625 0.8242736644798501 0.01875 0.013120899718837863
0 0.610625 0.802717900656045 0.0075 0.00937207122774133
0 0.606875 0.7591377694470478 0.0125 0.00937207122774133
0 0.629375 0.8341143392689785 0.015 0.00937207122774133
0 0.548125 0.8041237113402062 0.015 0.00937207122774133
0 0.559375 0.8762886597938144 0.01125 0.00937207122774133
0 0.565625 0.8809746954076851 0.0125 0.008434864104967198
0 0.706875 0.48687910028116216 0.0325 0.029053420805998126
0 0.668125 0.40674789128397376 0.0475 0.04967197750702906
0 0.655625 0.4095595126522962 0.01125 0.006560449859418931
0 0.38625 0.5623242736644799 0.01375 0.02155576382380506
0 0.323125 0.4564198687910028 0.0425 0.033739456419868794
0 0.74875 0.274601686972821 0.01625 0.013120899718837863
0 0.5475 0.1944704779756326 0.055 0.056232427366447985
0 0.516875 0.12652296157450796 0.0175 0.008434864104967198
0 0.451875 0.1260543580131209 0.015 0.01218369259606373
0 0.353125 0.11199625117150891 0.01375 0.013120899718837863
1 0.335 0.13823805060918462 0.03875 0.04311152764761012
0 0.34 0.18134957825679476 0.00625 0.008434864104967198