0 0.393125 0.4352112676056338 0.11625 0.08544600938967137
0 0.780625 0.6075117370892019 0.08875 0.04507042253521127
0 0.495 0.30422535211267604 0.075 0.061971830985915494
0 0.39625 0.360093896713615 0.08 0.05727699530516432
0 0.6294 0.336150234741784 0.0814125 0.07110798122065728
0 0.7666249999999999 0.26974647887323944 0.0475 0.038497652582159626
0 0.936275 0.4375586854460094 0.04125 0.03004694835680751
0 0.8796625 0.4375586854460094 0.0475 0.03568075117370892
0 0.443125 0.32347417840375586 0.04375 0.030985915492957747
0 0.24267499999999997 0.20127699530516432 0.0625 0.03755868544600939
0 0.0933 0.3089201877934272 0.03375 0.03004694835680751
0 0.14025 0.21301408450704226 0.035 0.030985915492957747
0 0.3299375 0.24613145539906103 0.0464125 0.05265727699530516
0 0.300625 0.6431924882629108 0.08125 0.022535211267605635
0 0.11615 0.4421220657276995 0.050525 0.04062910798122066
0 0.2281375 0.29784976525821594 0.21725000000000003 0.13796244131455399
0 0.24 0.6103286384976526 0.075 0.024413145539906103
0 0.450625 0.5417840375586854 0.04875 0.03380281690140845
0 0.180625 0.5103286384976525 0.05625 0.01784037558685446
0 0.7248874999999999 0.5788920187793427 0.0446875 0.01951173708920188
0 0.27715 0.2107981220657277 0.01875 0.012206572769953052
0 0.270625 0.12863849765258217 0.01375 0.015023474178403756
0 0.22958749999999997 0.33016901408450705 0.026675 0.02371830985915493
0 0.4725 0.12939906103286386 0.035 0.009746478873239437
0 0.3925 0.20234741784037558 0.0275 0.01971830985915493
0 0.4175 0.19483568075117372 0.02 0.014084507042253521
0 0.359375 0.3244131455399061 0.01625 0.014084507042253521
0 0.9241875 0.27068544600938965 0.0325 0.027230046948356807
0 0.9225 0.2971830985915493 0.015 0.010328638497652582
0 0.1936125 0.3929577464788732 0.039725 0.023474178403755867
0 0.1525 0.49765258215962443 0.045 0.018779342723004695
0 0.198125 0.34413145539906104 0.03375 0.0215962441314554
0 0.339375 0.64037558685446 0.01375 0.018779342723004695
0 0.36125 0.5276995305164319 0.03 0.011267605633802818
0 0.34125 0.5098591549295775 0.0175 0.013145539906103286
0 0.535625 0.5779342723004695 0.02125 0.010328638497652582
0 0.96875 0.46338028169014084 0.0375 0.023474178403755867
0 0.933125 0.6281690140845071 0.02625 0.020657276995305163
0 0.9375 0.6610328638497652 0.015 0.009389671361502348
0 0.87125 0.5464788732394367 0.01 0.011267605633802818
0 0.990625 0.5755868544600939 0.00875 0.007511737089201878
0 0.6775 0.4563380281690141 0.015 0.011267605633802818
0 0.899375 0.7446009389671362 0.03125 0.020657276995305163
0 0.9175 0.6967136150234742 0.025 0.018779342723004695
0 0.884375 0.6976525821596244 0.01375 0.009389671361502348
0 0.324975 0.2557183098591549 0.01355 0.01343661971830986
0 0.4721375 0.12052582159624414 0.0281875 0.008140845070422535
0 0.9133875 0.5968356807511737 0.056912500000000005 0.02707981220657277
0 0.8984749999999999 0.606507042253521 0.06505 0.02727699530516432
0 0.9253874999999999 0.5711830985915493 0.149225 0.02260093896713615