0 0.6125 0.5591549295774648 0.12375 0.09107981220657277
0 0.21 0.40751173708920185 0.0925 0.04976525821596244
0 0.523125 0.6948356807511737 0.08 0.06572769953051644
0 0.61625 0.6342723004694836 0.085 0.06103286384976526
0 0.38625 0.6704225352112676 0.0875 0.07511737089201878
0 0.255 0.7436619718309859 0.05125 0.04131455399061033
0 0.070625 0.5849765258215962 0.04375 0.03192488262910798
0 0.1275 0.5821596244131455 0.05125 0.038497652582159626
0 0.573125 0.6732394366197183 0.04625 0.03286384976525822
0 0.784375 0.7845070422535211 0.06625 0.04037558685446009
0 0.92375 0.6694835680751173 0.03625 0.03192488262910798
0 0.885625 0.7671361502347418 0.0375 0.03286384976525822
0 0.693125 0.7446009389671362 0.05125 0.054460093896713614
0 0.685625 0.3464788732394366 0.08375 0.02629107981220657
0 0.888125 0.5375586854460094 0.05375 0.0431924882629108
0 0.79 0.687793427230047 0.23 0.14929577464788732
0 0.749375 0.37652582159624415 0.0775 0.028169014084507043
0 0.545625 0.45586854460093895 0.05125 0.036619718309859155
0 0.8175 0.4727699530516432 0.0575 0.020657276995305163
0 0.268125 0.43333333333333335 0.04625 0.0215962441314554
0 0.749375 0.7769953051643192 0.02 0.013145539906103286
0 0.763125 0.8582159624413146 0.015 0.01596244131455399
0 0.785625 0.6553990610328638 0.02875 0.024413145539906103
0 0.561875 0.868075117370892 0.03625 0.011267605633802818
0 0.635 0.7910798122065728 0.02875 0.020657276995305163
0 0.610625 0.8 0.02125 0.015023474178403756
0 0.656875 0.6676056338028169 0.0175 0.015023474178403756
0 0.098125 0.7507042253521127 0.035 0.02910798122065728
0 0.0975 0.7244131455399061 0.01625 0.011267605633802818
0 0.815625 0.5906103286384976 0.0425 0.02535211267605634
0 0.846875 0.484037558685446 0.04625 0.020657276995305163
0 0.815625 0.6394366197183099 0.03625 0.023474178403755867
0 0.6475 0.3516431924882629 0.015 0.01971830985915493
0 0.635625 0.4652582159624413 0.03125 0.013145539906103286
0 0.6575 0.48169014084507045 0.01875 0.014084507042253521
0 0.4575 0.423943661971831 0.0225 0.011267605633802818
0 0.035625 0.5610328638497653 0.04 0.02535211267605634
0 0.05625 0.3948356807511737 0.0275 0.0215962441314554
0 0.04875 0.3624413145539906 0.01625 0.010328638497652582
0 0.125625 0.4732394366197183 0.01125 0.012206572769953052
0 0.004375 0.4497652582159624 0.00875 0.007511737089201878
0 0.326875 0.5530516431924882 0.01625 0.012206572769953052
0 0.07875 0.27699530516431925 0.0325 0.022535211267605635
0 0.065 0.32582159624413143 0.02625 0.01971830985915493
0 0.098125 0.32300469483568073 0.015 0.010328638497652582
0 0.6975 0.7342723004694836 0.015 0.014084507042253521
0 0.563125 0.8769953051643192 0.03 0.010328638497652582
0 0.07875 0.4253521126760563 0.06 0.03004694835680751
0 0.0925 0.41455399061032866 0.0675 0.030985915492957747
0 0.071875 0.4507042253521127 0.14375 0.03004694835680751