0 0.595625 0.5741784037558686 0.12875 0.09577464788732394
0 0.23875 0.3676056338028169 0.095 0.05258215962441314
0 0.473125 0.6948356807511737 0.085 0.06854460093896714
0 0.58 0.6483568075117371 0.08875 0.06384976525821597
0 0.345 0.6507042253521127 0.0925 0.07793427230046948
0 0.1975 0.7037558685446009 0.05375 0.04225352112676056
0 0.056875 0.5220657276995305 0.04625 0.03380281690140845
0 0.113125 0.5272300469483568 0.0525 0.03943661971830986
0 0.5275 0.680281690140845 0.04875 0.03474178403755868
0 0.706875 0.819718309859155 0.06875 0.0431924882629108
0 0.873125 0.7267605633802817 0.03875 0.03286384976525822
0 0.810625 0.8178403755868544 0.04 0.03380281690140845
0 0.6275 0.7676056338028169 0.055 0.056338028169014086
0 0.72125 0.376056338028169 0.08375 0.03004694835680751
0 0.87125 0.5924882629107981 0.05625 0.04507042253521127
0 0.736875 0.7258215962441315 0.23875 0.1568075117370892
0 0.77625 0.4140845070422535 0.07875 0.030985915492957747
0 0.555625 0.4629107981220657 0.05375 0.03755868544600939
0 0.81875 0.5187793427230047 0.05875 0.022535211267605635
0 0.289375 0.40093896713615024 0.0475 0.023474178403755867
0 0.674375 0.8075117370892019 0.02 0.014084507042253521
0 0.6675 0.8896713615023474 0.01625 0.01596244131455399
0 0.74125 0.6934272300469484 0.03 0.02535211267605634
0 0.4675 0.8699530516431925 0.03625 0.012206572769953052
0 0.558125 0.8051643192488263 0.03 0.022535211267605635
0 0.5325 0.8103286384976526 0.0225 0.01596244131455399
0 0.61125 0.6873239436619718 0.01875 0.015023474178403756
0 0.041875 0.6887323943661972 0.03625 0.03004694835680751
0 0.0475 0.6624413145539906 0.01625 0.011267605633802818
0 0.786875 0.6342723004694836 0.04375 0.027230046948356807
0 0.844375 0.5342723004694836 0.0475 0.022535211267605635
0 0.774375 0.6821596244131456 0.0375 0.024413145539906103
0 0.6825 0.3755868544600939 0.01625 0.01971830985915493
0 0.6425 0.4849765258215962 0.03125 0.014084507042253521
0 0.659375 0.5046948356807511 0.02 0.015023474178403756
0 0.4775 0.4192488262910798 0.0225 0.012206572769953052
0 0.02875 0.4934272300469484 0.04125 0.02629107981220657
0 0.090625 0.3333333333333333 0.03 0.022535211267605635
0 0.091875 0.3 0.01625 0.010328638497652582
0 0.13875 0.4197183098591549 0.01125 0.012206572769953052
0 0.025 0.38028169014084506 0.01 0.008450704225352112
0 0.316875 0.5272300469483568 0.01625 0.012206572769953052
0 0.143125 0.22065727699530516 0.03375 0.023474178403755867
0 0.1175 0.26666666666666666 0.0275 0.020657276995305163
0 0.150625 0.26854460093896715 0.015 0.010328638497652582
0 0.634375 0.7582159624413145 0.01625 0.014084507042253521
0 0.46625 0.8788732394366198 0.03 0.011267605633802818
0 0.105625 0.36619718309859156 0.06125 0.03192488262910798
0 0.12125 0.35774647887323946 0.06875 0.03286384976525822
0 0.089375 0.3901408450704225 0.15125 0.03568075117370892