0 0.82375 0.7844423617619494 0.09375 0.07403936269915651
1 0.63875 0.32989690721649484 0.2325 0.09090909090909091
0 0.861875 0.8416119962511716 0.045 0.03936269915651359
1 0.119375 0.47985004686035615 0.05 0.06747891283973759
0 0.73875 0.7736644798500468 0.0425 0.03467666354264293
0 0.238125 0.598406747891284 0.0425 0.05716963448922212
0 0.800625 0.8556701030927835 0.05625 0.04498594189315839
1 0.301875 0.4208059981255858 0.07125 0.07497656982193064
1 0.029375 0.46719775070290537 0.05875 0.1358950328022493
0 0.584375 0.5763823805060918 0.04 0.03561387066541706
0 0.914375 0.8261480787253983 0.04 0.030927835051546393
0 0.911875 0.7216494845360825 0.02625 0.01218369259606373
0 0.6125 0.36457357075913777 0.04625 0.016869728209934397
0 0.46875 0.44329896907216493 0.0275 0.029053420805998126
0 0.611875 0.351921274601687 0.03 0.01218369259606373
0 0.4975 0.43345829428303656 0.03625 0.00937207122774133
0 0.154375 0.6026241799437676 0.035 0.02530459231490159
0 0.03375 0.5243673851921274 0.03625 0.022492970946579195
0 0.40625 0.1640112464854733 0.04875 0.019681349578256794
0 0.465 0.21368322399250234 0.03875 0.015932521087160263
1 0.035625 0.26991565135895035 0.0225 0.03561387066541706
1 0.9775 0.5459231490159325 0.045 0.07591377694470477
1 0.5625 0.5187441424554826 0.155 0.07216494845360824
1 0.038125 0.5754451733833177 0.07625 0.03748828491096532
1 0.125625 0.6396438612933458 0.25125 0.05529522024367385
1 0.751875 0.6396438612933458 0.40125 0.31021555763823805
1 0.72 0.5838800374882849 0.46625 0.3683223992502343
1 0.97375 0.35660731021555764 0.0525 0.09465791940018745
0 0.349375 0.31958762886597936 0.03375 0.030927835051546393
0 0.584375 0.32005623242736647 0.02375 0.008434864104967198
0 0.55 0.31443298969072164 0.01375 0.020618556701030927
0 0.5075 0.44329896907216493 0.03125 0.013120899718837863
0 0.50625 0.4896907216494845 0.01 0.006560449859418931
0 0.519375 0.4901593252108716 0.01125 0.005623242736644799
0 0.576875 0.4990627928772259 0.01125 0.0037488284910965324
0 0.5275 0.6096532333645736 0.02125 0.019681349578256794
0 0.560625 0.6747891283973758 0.015 0.016869728209934397