1 0.47125 0.6026241799437676 0.2525 0.1415182755388941
1 0.604375 0.5018744142455482 0.255 0.13120899718837864
1 0.055 0.3908153701968135 0.0975 0.10965323336457357
1 0.0475 0.48125585754451733 0.095 0.10965323336457357
1 0.12375 0.5346766635426429 0.15375 0.1105904404873477
0 0.95 0.7211808809746955 0.04625 0.07216494845360824
1 0.563125 0.7286785379568884 0.26 0.14526710402999063
1 0.9825 0.3950328022492971 0.035 0.10965323336457357
0 0.526875 0.39456419868791004 0.09625 0.06841611996251172
0 0.688125 0.29756326148078727 0.25625 0.1358950328022493
0 0.97125 0.4901593252108716 0.0575 0.03561387066541706
1 0.81125 0.7938144329896907 0.23125 0.12558575445173384
0 0.92375 0.5674789128397376 0.14375 0.05810684161199625
0 0.596875 0.38706654170571697 0.05875 0.053420805998125584
0 0.7625 0.48266166822867856 0.05125 0.033739456419868794
0 0.97125 0.23477038425492033 0.0575 0.03655107778819119
0 0.72125 0.7221180880974696 0.10125 0.03748828491096532
0 0.973125 0.26569821930646675 0.05125 0.03561387066541706
0 0.626875 0.8341143392689785 0.25875 0.1134020618556701
0 0.821875 0.2225866916588566 0.13375 0.08341143392689784
0 0.655625 0.22774133083411435 0.175 0.1049671977507029
0 0.86375 0.584348641049672 0.07625 0.02530459231490159
0 0.400625 0.6593252108716027 0.1475 0.09372071227741331
0 0.646875 0.4746954076850984 0.035 0.015932521087160263
0 0.614375 0.46719775070290537 0.03625 0.015932521087160263
0 0.8075 0.8153701968134958 0.0175 0.011246485473289597
0 0.825625 0.5805998125585754 0.0575 0.016869728209934397
0 0.651875 0.865979381443299 0.0175 0.011246485473289597
0 0.646875 0.5323336457357076 0.0175 0.00937207122774133
0 0.446875 0.2530459231490159 0.02 0.019681349578256794
0 0.325 0.4372071227741331 0.02375 0.01780693533270853
0 0.315625 0.20805998125585753 0.02 0.016869728209934397
0 0.073125 0.5196813495782568 0.02625 0.038425492033739454
0 0.3 0.8528584817244611 0.07 0.01780693533270853
0 0.403125 0.6091846298031866 0.0175 0.008434864104967198
1 0.20125 0.6991565135895033 0.0575 0.033739456419868794
0 0.228125 0.662605435801312 0.17375 0.10402999062792877
0 0.73 0.21883786316776008 0.06625 0.06654170571696345
0 0.528125 0.4906279287722587 0.01125 0.011246485473289597
0 0.5425 0.5046860356138707 0.01875 0.011246485473289597
0 0.5025 0.6396438612933458 0.015 0.008434864104967198
0 0.51625 0.7441424554826617 0.045 0.016869728209934397
0 0.505 0.7286785379568884 0.01875 0.013120899718837863
0 0.6025 0.7708528584817245 0.01875 0.008434864104967198