0 0.07875 0.7952202436738519 0.02125 0.016869728209934397
0 0.4325 0.49625117150890347 0.05 0.04217432052483599
1 0.1725 0.47891283973758203 0.16 0.17057169634489222
0 0.425625 0.24931583880037486 0.03125 0.011283973758200562
0 0.456875 0.2713214620431115 0.0275 0.02155576382380506
0 0.274375 0.3055295220243674 0.01625 0.01218369259606373
0 0.251875 0.1545548266166823 0.0225 0.011087160262417994
0 0.335625 0.2769447047797563 0.02875 0.020618556701030927
0 0.319375 0.34629803186504216 0.0175 0.013120899718837863
0 0.09 0.4372071227741331 0.02625 0.022492970946579195
0 0.558125 0.37910028116213684 0.0175 0.01780693533270853
0 0.579225 0.56601686972821 0.1287875 0.08423617619493907
0 0.10375 0.8144329896907216 0.03625 0.02530459231490159
0 0.25165 0.16537019681349577 0.0240375 0.010974695407685099
0 0.36768749999999994 0.1663448922211809 0.033975 0.034095595126522965
0 0.35383749999999997 0.28498594189315835 0.012025 0.01978444236176195
0 0.42596249999999997 0.26118088097469544 0.0365875 0.010581068416119962
0 0.5105 0.28870665417057173 0.035275 0.03389878163074039
0 0.37799999999999995 0.45710402999062794 0.0154125 0.019203373945641984
0 0.3708125 0.48208997188378633 0.076825 0.0762136832239925
0 0.1813625 0.5194095595126523 0.05122499999999999 0.08659793814432991
0 0.21245 0.6075820056232427 0.0585375 0.04506091846298032
0 0.21493749999999998 0.6332521087160262 0.047825 0.04741330834114339
0 0.036062500000000004 0.5015838800374883 0.014637500000000001 0.010974695407685099
0 0.042074999999999994 0.49149015932521084 0.004699999999999999 0.008425492033739457
0 0.004699999999999999 0.5081443298969073 0.0094125 0.006860356138706654
0 0.0159375 0.5251921274601687 0.012025 0.01352389878163074
0 0.0267875 0.5391096532333646 0.00915 0.01155576382380506
0 0.006137500000000001 0.5534114339268978 0.0122875 0.018612933458294283
0 0.0074375000000000005 0.5723055295220243 0.007625 0.004029990627928772
0 0.0079375 0.5750702905342081 0.004875 0.0026241799437675723
0 0.0059375 0.6074507966260544 0.011875 0.014901593252108717
0 0.376875 0.7824179943767573 0.028224999999999997 0.021162136832239924
0 0.566075 0.7959325210871603 0.0144125 0.011705716963448923
0 0.46216250000000003 0.6967478912839737 0.028224999999999997 0.021387066541705718
0 0.5539125 0.6126522961574509 0.054349999999999996 0.035576382380506096
0 0.6762999999999999 0.6143392689784443 0.01145 0.009231490159325211
0 0.8070625 0.5879100281162136 0.1005 0.009381443298969071
0 0.8734375 0.5693252108716027 0.0212875 0.00838800374882849
0 0.8782625000000001 0.556157450796626 0.020412499999999997 0.012343017806935332
0 0.9541875000000001 0.606991565135895 0.0388375 0.013327085285848172
0 0.7159749999999999 0.4995126522961575 0.0876 0.057188378631677604
0 0.6308375 0.5515276476101219 0.0864 0.05538894095595127
0 0.8959375 0.42406747891283975 0.051100000000000007 0.0107029053420806
0 0.8563124999999999 0.42329896907216497 0.0248 0.01338331771321462
0 0.8724625 0.43434864104967197 0.0503125 0.010421743205248359
0 0.6127625 0.3745641986879101 0.03495 0.03055295220243674
0 0.7391125 0.28386129334582944 0.011225 0.016101218369259606
0 0.7200624999999999 0.2723805060918463 0.020187499999999997 0.009943767572633551
0 0.72595 0.31402999062792875 0.021487500000000003 0.07785379568884723
0 0.754375 0.13075913776944706 0.0359375 0.03654170571696345
0 0.9355 0.13441424554826614 0.06684999999999999 0.02880974695407685
0 0.9350749999999999 0.10674789128397376 0.06825 0.029859418931583878
0 0.844075 0.7560074976569822 0.013112500000000001 0.008209934395501406
0 0.9962125000000001 0.8234957825679475 0.0075625 0.011424554826616681
1 0.7491374999999999 0.7896532333645735 0.2265125 0.08311152764761012
1 0.273725 0.803767572633552 0.059312500000000004 0.0488659793814433
1 0.1761625 0.8427085285848172 0.2729875 0.18361761949390815
1 0.08938750000000001 0.7641518275538894 0.1787625 0.15906279287722586
1 0.32911250000000003 0.7209653233364574 0.369825 0.24608247422680413
1 0.2953 0.563514526710403 0.2581875 0.24692596063730088