0 0.87875 0.8261480787253983 0.02375 0.016869728209934397
0 0.4925 0.5506091846298032 0.0575 0.03936269915651359
1 0.460625 0.7446110590440488 0.2325 0.12558575445173384
0 0.163125 0.5468603561387066 0.01625 0.023430178069353328
0 0.19375 0.5243673851921274 0.03 0.02155576382380506
0 0.233125 0.662136832239925 0.01625 0.01218369259606373
0 0.03125 0.6738519212746017 0.01625 0.016869728209934397
0 0.196875 0.6152764761012184 0.02875 0.022492970946579195
0 0.28875 0.6298031865042174 0.0175 0.013120899718837863
0 0.401875 0.8050609184629803 0.03125 0.020618556701030927
0 0.340625 0.45220243673851923 0.02375 0.014058106841611996
0 0.590625 0.44283036551077787 0.1175 0.09934395501405811
0 0.905 0.8078725398313027 0.035 0.028116213683223992
0 0.045625 0.6743205248359887 0.01625 0.01780693533270853
0 0.050625 0.5876288659793815 0.04625 0.026241799437675725
0 0.208125 0.6021555763823805 0.02625 0.010309278350515464
0 0.17875 0.5468603561387066 0.015 0.02717900656044986
0 0.21875 0.4845360824742268 0.04625 0.02717900656044986
0 0.438125 0.5899718837863168 0.025 0.01218369259606373
0 0.471875 0.5965323336457357 0.10375 0.05998125585754452
0 0.514375 0.739456419868791 0.11625 0.041237113402061855
0 0.63375 0.7193064667291471 0.0625 0.04592314901593252
0 0.6675 0.718369259606373 0.065 0.03748828491096532
0 0.485625 0.8477038425492034 0.015 0.011246485473289597
0 0.4725 0.8430178069353327 0.01125 0.0037488284910965324
0 0.493125 0.8711340206185567 0.00875 0.007497656982193065
0 0.516875 0.8636363636363636 0.0175 0.00937207122774133
0 0.535625 0.8556701030927835 0.015 0.006560449859418931
0 0.55375 0.8716026241799437 0.025 0.010309278350515464
0 0.57875 0.8716026241799437 0.005 0.005623242736644799
0 0.5825 0.8711340206185567 0.00375 0.0037488284910965324
0 0.625625 0.8744142455482662 0.02 0.010309278350515464
0 0.8725 0.6021555763823805 0.03 0.022492970946579195
0 0.896875 0.4606373008434864 0.015 0.011246485473289597
0 0.76125 0.5356138706654171 0.03 0.022492970946579195
0 0.651875 0.46344892221180883 0.04875 0.041237113402061855
0 0.65875 0.37207122774133083 0.0125 0.008434864104967198
0 0.628125 0.27319587628865977 0.01625 0.07497656982193064
0 0.605625 0.22305529522024367 0.0125 0.015932521087160263
0 0.588125 0.21883786316776008 0.0175 0.01499531396438613
0 0.658125 0.16307403936269915 0.01875 0.029053420805998126
0 0.506875 0.33786316776007497 0.07875 0.06747891283973759
0 0.573125 0.40393626991565135 0.07625 0.06654170571696345
0 0.4125 0.20103092783505155 0.015 0.038425492033739454
0 0.41 0.23055295220243674 0.01875 0.01874414245548266
0 0.425625 0.21836925960637302 0.015 0.03748828491096532
0 0.33625 0.4114339268978444 0.0425 0.02717900656044986
0 0.220625 0.31302717900656046 0.02125 0.00937207122774133
0 0.204375 0.3270852858481724 0.015 0.01499531396438613
0 0.26 0.323805060918463 0.105 0.01874414245548266
0 0.025 0.29615745079662603 0.0325 0.028116213683223992
0 0.03125 0.16026241799437677 0.03375 0.05060918462980318
0 0.853125 0.2507029053420806 0.01125 0.00937207122774133
0 0.948125 0.13964386129334583 0.015 0.005623242736644799
1 0.895 0.3233364573570759 0.11875 0.1724461105904405
1 0.896875 0.6799437675726335 0.0675 0.04592314901593252
1 0.905625 0.753045923149016 0.17625 0.20899718837863168
1 0.838125 0.816776007497657 0.21875 0.13964386129334583
1 0.78875 0.6354264292408622 0.34125 0.2858481724461106
1 0.5775 0.6560449859418932 0.3375 0.20243673851921273