0 0.526875 0.6344892221180881 0.09875 0.07497656982193064
0 0.63 0.48266166822867856 0.07 0.05529522024367385
0 0.555625 0.514526710402999 0.05875 0.04967197750702906
0 0.78 0.18134957825679476 0.0625 0.05810684161199625
0 0.49625 0.4072164948453608 0.0675 0.05810684161199625
0 0.455 0.38753514526710403 0.0675 0.053420805998125584
0 0.4275 0.41705716963448924 0.0725 0.05716963448922212
0 0.023125 0.4915651358950328 0.04625 0.04029990627928772
0 0.444375 0.2858481724461106 0.0525 0.07403936269915651
0 0.461875 0.19634489222118087 0.04625 0.02717900656044986
0 0.163125 0.4845360824742268 0.0475 0.031865042174320526
0 0.035 0.457825679475164 0.06375 0.03748828491096532
0 0.05875 0.2619493908153702 0.045 0.02717900656044986
0 0.88 0.19634489222118087 0.04125 0.04217432052483599
0 0.051875 0.3650421743205248 0.10375 0.09840674789128398
1 0.695625 0.1415182755388941 0.115 0.09746954076850985
0 0.5975 0.5135895032802249 0.0375 0.038425492033739454
0 0.29875 0.38612933458294285 0.0425 0.04498594189315839
0 0.236875 0.4498594189315839 0.05375 0.03748828491096532
0 0.3825 0.18041237113402062 0.0625 0.022492970946579195
0 0.341875 0.4062792877225867 0.06125 0.06091846298031865
0 0.36125 0.373477038425492 0.05 0.033739456419868794
0 0.65125 0.6743205248359887 0.03625 0.028116213683223992
0 0.280625 0.1991565135895033 0.0875 0.030927835051546393
0 0.610625 0.20712277413308341 0.06 0.03280224929709466
0 0.26375 0.3936269915651359 0.04375 0.04217432052483599
0 0.159375 0.18791002811621368 0.05125 0.033739456419868794
0 0.38375 0.4245548266166823 0.04625 0.05060918462980318
1 0.521875 0.6841611996251171 0.0725 0.05716963448922212
1 0.6 0.1626054358013121 0.12625 0.11808809746954077
0 0.22625 0.6991565135895033 0.03125 0.022492970946579195
0 0.22125 0.901593252108716 0.015 0.011246485473289597
0 0.13 0.5768509840674789 0.01625 0.014058106841611996
0 0.15125 0.16729147141518275 0.0275 0.013120899718837863
0 0.22375 0.34114339268978444 0.025 0.011246485473289597
0 0.935625 0.457825679475164 0.035 0.030927835051546393
0 0.77 0.41611996251171507 0.0325 0.02999062792877226
0 0.91625 0.555763823805061 0.0175 0.013120899718837863
0 0.665 0.14667291471415184 0.02625 0.020618556701030927
0 0.866875 0.08856607310215557 0.02625 0.02436738519212746
0 0.666875 0.10543580131208997 0.02125 0.00937207122774133
0 0.3625 0.5567010309278351 0.03 0.04311152764761012
0 0.375 0.5440487347703843 0.03125 0.053420805998125584
0 0.473125 0.5918462980318651 0.03375 0.05716963448922212
0 0.504375 0.6850984067478912 0.015 0.015932521087160263
0 0.455625 0.5941893158388004 0.06125 0.15182755388940955
0 0.515625 0.7699156513589503 0.08625 0.2155576382380506
1 0.5 0.12511715089034678 0.05 0.01499531396438613