0 0.47625 0.2970946579194002 0.0975 0.07029053420805999
0 0.68875 0.5323336457357076 0.08875 0.07403936269915651
0 0.2025 0.4090909090909091 0.07625 0.06654170571696345
1 0.676875 0.3626991565135895 0.19125 0.17432052483598875
0 0.6475 0.6790065604498594 0.08625 0.07029053420805999
0 0.768125 0.450796626054358 0.12625 0.056232427366447985
0 0.36375 0.598875351452671 0.135 0.07591377694470477
0 0.5025 0.7624179943767573 0.07 0.04967197750702906
0 0.88625 0.48125585754451733 0.13625 0.05529522024367385
0 0.451875 0.36785379568884724 0.0525 0.05060918462980318
0 0.5825 0.15370196813495782 0.08875 0.056232427366447985
0 0.191875 0.35051546391752575 0.07 0.06091846298031865
0 0.519375 0.44704779756326146 0.05125 0.038425492033739454
1 0.416875 0.1579194001874414 0.1875 0.07029053420805999
0 0.26625 0.3181818181818182 0.07375 0.05810684161199625
0 0.016875 0.5552952202436738 0.03375 0.03467666354264293
0 0.668125 0.46344892221180883 0.0475 0.03936269915651359
0 0.426875 0.40112464854732893 0.05125 0.03748828491096532
0 0.489375 0.471883786316776 0.0475 0.04029990627928772
1 0.50625 0.25257731958762886 0.16 0.13964386129334583
1 0.261875 0.8200562324273665 0.16875 0.1049671977507029
0 0.078125 0.3851921274601687 0.03125 0.04967197750702906
1 0.405625 0.823805060918463 0.12 0.09746954076850985
0 0.103125 0.49953139643861294 0.0375 0.02717900656044986
0 0.7875 0.23617619493908154 0.035 0.029053420805998126
1 0.320625 0.8214620431115276 0.1175 0.09746954076850985
0 0.69 0.23477038425492033 0.0375 0.033739456419868794
0 0.29125 0.48406747891283974 0.0375 0.02530459231490159
0 0.155 0.6387066541705717 0.03 0.013120899718837863
0 0.215625 0.8031865042174321 0.01625 0.02530459231490159
0 0.100625 0.27928772258669166 0.0175 0.01874414245548266
0 0.22625 0.15463917525773196 0.0275 0.02530459231490159
0 0.119375 0.2788191190253046 0.015 0.016869728209934397
0 0.675625 0.39971883786316775 0.03 0.01780693533270853
0 0.3225 0.15463917525773196 0.0225 0.01874414245548266
0 0.848125 0.697282099343955 0.02875 0.019681349578256794
0 0.965625 0.7300843486410497 0.025 0.01874414245548266
0 0.989375 0.48828491096532334 0.01375 0.010309278350515464
0 0.875625 0.5295220243673852 0.01625 0.010309278350515464
0 0.76875 0.4957825679475164 0.02375 0.01780693533270853
1 0.23375 0.8439550140581068 0.0125 0.014058106841611996
1 0.220625 0.8641049671977507 0.02375 0.014058106841611996
1 0.250625 0.8477038425492034 0.02375 0.013120899718837863
1 0.310625 0.823805060918463 0.0225 0.015932521087160263
0 0.431875 0.689784442361762 0.0125 0.008434864104967198
0 0.76375 0.7783505154639175 0.0075 0.006560449859418931
0 0.953125 0.46016869728209936 0.01375 0.010309278350515464
0 0.70625 0.3669165885660731 0.04625 0.010309278350515464
0 0.56625 0.25538894095595127 0.015 0.020618556701030927
0 0.4525 0.24461105904404873 0.0175 0.00937207122774133
0 0.523125 0.32427366447985007 0.03 0.038425492033739454
0 0.53625 0.3336457357075914 0.04125 0.046860356138706656
0 0.2 0.13964386129334583 0.0175 0.01218369259606373
1 0.213125 0.14245548266166824 0.06875 0.04311152764761012