0 0.77 0.4784442361761949 0.0925 0.07216494845360824
0 0.46 0.6419868791002812 0.0975 0.06560449859418932
0 0.61625 0.2755388940955951 0.0875 0.056232427366447985
1 0.6865375 0.6300562324273664 0.2290875 0.14071227741330833
0 0.26375 0.6138706654170571 0.0925 0.06373008434864105
0 0.57025 0.7000937207122774 0.07200000000000001 0.09372071227741331
0 0.365625 0.39971883786316775 0.09875 0.10028116213683223
0 0.15 0.506560449859419 0.065 0.05154639175257732
0 0.531875 0.7891283973758201 0.07125 0.10121836925960637
0 0.675625 0.46157450796626054 0.06625 0.038425492033739454
0 0.9632125 0.555763823805061 0.0735875 0.06560449859418932
0 0.69375 0.2666354264292409 0.08 0.05154639175257732
0 0.57125 0.5135895032802249 0.05 0.03748828491096532
1 0.955 0.4317057169634489 0.09 0.13940018744142457
0 0.738125 0.3215276476101218 0.07625 0.05435801312089972
0 0.416875 0.13214620431115276 0.04625 0.03936269915651359
0 0.551875 0.6255857544517338 0.05125 0.03467666354264293
0 0.630625 0.44329896907216493 0.04875 0.03748828491096532
0 0.5375 0.4915651358950328 0.0525 0.03467666354264293
1 0.8298749999999999 0.5006841611996251 0.18375 0.11740393626991565
1 0.0689625 0.326991565135895 0.137925 0.12456419868791002
0 0.645625 0.18181818181818182 0.06625 0.022492970946579195
0 0.8425 0.08294283036551078 0.0725 0.029053420805998126
1 0.0660875 0.43501405810684163 0.1275 0.08854732895970009
0 0.49375 0.20243673851921273 0.035 0.028116213683223992
0 0.856875 0.7108716026241799 0.03875 0.02530459231490159
1 0.06787499999999999 0.3710121836925961 0.1274125 0.08584817244611058
0 0.856875 0.6377694470477976 0.04375 0.02717900656044986
0 0.5175875 0.3430178069353327 0.0323375 0.028116213683223992
0 0.30875 0.2436738519212746 0.0175 0.022492970946579195
0 0.090625 0.29194001874414244 0.03375 0.01218369259606373
0 0.7875875000000001 0.19681349578256796 0.024825 0.013120899718837863
0 0.955625 0.28865979381443296 0.03375 0.020618556701030927
0 0.787875 0.21068416119962513 0.0229125 0.011246485473289597
0 0.636875 0.6298031865042174 0.02375 0.022492970946579195
0 0.9575 0.36082474226804123 0.025 0.016869728209934397
0 0.243125 0.7642924086223055 0.02625 0.02155576382380506
0 0.20125 0.8528584817244611 0.025 0.01874414245548266
0 0.524375 0.866447985004686 0.01375 0.010309278350515464
0 0.466875 0.782099343955014 0.01375 0.01218369259606373
0 0.510625 0.7014995313964386 0.02375 0.01780693533270853
1 0.03675 0.3062886597938144 0.0182375 0.009578256794751642
1 0.009250000000000001 0.2973008434864105 0.018500000000000003 0.01817244611059044
1 0.031662499999999996 0.31898781630740397 0.0169375 0.017394564198687908
1 0.0652875 0.36373008434864107 0.021625000000000002 0.017000937207122774
0 0.245375 0.4521930646672915 0.01065 0.009231490159325211
0 0.1330125 0.7025679475164011 0.0089875 0.005238987816307404
0 0.561 0.8388659793814434 0.0133125 0.010731021555763822
0 0.681525 0.6525210871602625 0.0119875 0.03445173383317713
0 0.82735 0.5456794751640113 0.0273 0.01098406747891284
0 0.840175 0.4599343955014058 0.012312499999999999 0.012727272727272728
0 0.7348 0.5138519212746017 0.051275 0.021715089034676664
0 0.7223125 0.5244611059044049 0.0615875 0.030449859418931587
0 0.9758374999999999 0.2689690721649485 0.015975 0.013233364573570758
1 0.9717749999999999 0.27882849109653235 0.05644999999999999 0.05042174320524836