0 0.770625 0.48219306466729145 0.09375 0.07310215557638237
0 0.456875 0.6415182755388941 0.09875 0.06654170571696345
0 0.62125 0.2769447047797563 0.08875 0.05716963448922212
1 0.683125 0.6326148078725399 0.2325 0.14339268978444236
0 0.26125 0.6105904404873477 0.09375 0.06466729147141519
0 0.565625 0.7010309278350515 0.075 0.09465791940018745
0 0.368125 0.3978444236176195 0.10125 0.10121836925960637
0 0.15 0.5018744142455482 0.06625 0.05248359887535145
0 0.525 0.7895970009372071 0.07375 0.1021555763823805
0 0.67625 0.4639175257731959 0.0675 0.03936269915651359
0 0.961875 0.5618556701030928 0.075 0.06654170571696345
0 0.699375 0.2689784442361762 0.08125 0.05248359887535145
0 0.570625 0.514526710402999 0.05125 0.038425492033739454
1 0.954375 0.43767572633552015 0.09125 0.14058106841611998
0 0.7425 0.3247422680412371 0.0775 0.05529522024367385
0 0.425625 0.13120899718837864 0.0475 0.04029990627928772
0 0.54875 0.6260543580131209 0.0525 0.03561387066541706
0 0.631875 0.4451733833177132 0.05 0.038425492033739454
0 0.5375 0.49203373945641987 0.05375 0.03561387066541706
1 0.83 0.5046860356138707 0.18625 0.11996251171508904
1 0.073125 0.32146204311152765 0.14 0.12652296157450796
0 0.653125 0.1836925960637301 0.06625 0.023430178069353328
0 0.851875 0.08762886597938144 0.07375 0.02999062792877226
1 0.068125 0.42924086223055297 0.13 0.08997188378631678
0 0.500625 0.20243673851921273 0.03625 0.028116213683223992
0 0.851875 0.7155576382380506 0.03875 0.026241799437675725
1 0.07125 0.3655107778819119 0.13 0.08809746954076851
0 0.85375 0.6424554826616682 0.045 0.028116213683223992
0 0.52125 0.3434864104967198 0.03375 0.028116213683223992
0 0.315 0.24133083411433928 0.0175 0.022492970946579195
0 0.095625 0.2867853795688847 0.03375 0.01218369259606373
0 0.794375 0.20056232427366447 0.025 0.013120899718837863
0 0.960625 0.29475164011246485 0.03375 0.020618556701030927
0 0.795 0.21462043111527648 0.0225 0.011246485473289597
0 0.63375 0.6316776007497656 0.02375 0.022492970946579195
0 0.960625 0.3669165885660731 0.025 0.016869728209934397
0 0.236875 0.761012183692596 0.02625 0.02155576382380506
0 0.193125 0.8491096532333646 0.025 0.01874414245548266
0 0.515625 0.8669165885660731 0.01375 0.010309278350515464
0 0.460625 0.781630740393627 0.01375 0.01218369259606373
0 0.505625 0.7014995313964386 0.02375 0.01780693533270853
1 0.04125 0.3003748828491096 0.01875 0.00937207122774133
1 0.014375 0.29053420805998126 0.01875 0.01780693533270853
1 0.03625 0.31302717900656046 0.0175 0.01780693533270853
1 0.068125 0.3580131208997188 0.02125 0.016869728209934397
0 0.246875 0.44892221180880976 0.01125 0.00937207122774133
0 0.12875 0.6977507029053421 0.00875 0.005623242736644799
0 0.553125 0.8397375820056232 0.01375 0.010309278350515464
0 0.6775 0.654639175257732 0.01375 0.03467666354264293
0 0.82625 0.549671977507029 0.0275 0.011246485473289597
0 0.840625 0.46485473289597 0.0125 0.013120899718837863
0 0.734375 0.5173383317713215 0.05125 0.022492970946579195
0 0.721875 0.5271790065604499 0.0625 0.030927835051546393
0 0.980625 0.27507029053420806 0.01625 0.013120899718837863
1 0.97375 0.28444236176194937 0.0525 0.05154639175257732