0 0.24 0.25585754451733833 0.12 0.044048734770384255
0 0.831875 0.8270852858481724 0.075 0.05248359887535145
0 0.515625 0.7835051546391752 0.115 0.05060918462980318
0 0.1925 0.30178069353327086 0.075 0.03655107778819119
0 0.20875 0.45313964386129335 0.04375 0.041237113402061855
0 0.3025 0.35098406747891286 0.1175 0.04029990627928772
0 0.7425 0.6752577319587629 0.0375 0.04873477038425492
0 0.2475 0.6190253045923149 0.0525 0.044048734770384255
0 0.314375 0.3898781630740394 0.055 0.02999062792877226
0 0.10375 0.21087160262417995 0.06375 0.03748828491096532
0 0.615 0.3626991565135895 0.0725 0.02530459231490159
0 0.743125 0.43158388003748827 0.0675 0.02717900656044986
0 0.2675 0.7160262417994376 0.05 0.04217432052483599
0 0.96625 0.6494845360824743 0.0425 0.02717900656044986
0 0.44875 0.4400187441424555 0.105 0.033739456419868794
0 0.77875 0.6958762886597938 0.05125 0.08622305529522024
0 0.445 0.4072164948453608 0.11 0.03561387066541706
0 0.979375 0.7619493908153702 0.04125 0.02436738519212746
0 0.744375 0.7291471415182755 0.02375 0.030927835051546393
0 0.884375 0.8045923149015932 0.01875 0.014058106841611996
0 0.413125 0.7924086223055296 0.0175 0.01499531396438613
0 0.760625 0.3673851921274602 0.02625 0.015932521087160263
0 0.700625 0.47282099343955014 0.01875 0.020618556701030927
0 0.52875 0.6419868791002812 0.01875 0.01499531396438613
0 0.225 0.5904404873477038 0.015 0.01499531396438613
0 0.73875 0.16729147141518275 0.01375 0.007497656982193065
0 0.360625 0.18322399250234303 0.02 0.01499531396438613
0 0.461875 0.27507029053420806 0.02375 0.015932521087160263
0 0.469375 0.3069353327085286 0.01875 0.01218369259606373
0 0.366875 0.21649484536082475 0.0225 0.015932521087160263
0 0.051875 0.42642924086223055 0.01625 0.02530459231490159
0 0.41375 0.24461105904404873 0.0175 0.01499531396438613
0 0.395625 0.14526710402999063 0.02125 0.013120899718837863
0 0.8975 0.23336457357075913 0.01375 0.007497656982193065
0 0.99875 0.5159325210871603 0.0025 0.01780693533270853
0 0.991875 0.5060918462980318 0.01625 0.020618556701030927
0 0.21375 0.5918462980318651 0.015 0.01780693533270853