0 0.26375 0.24273664479850046 0.1175 0.03748828491096532
0 0.800625 0.8439550140581068 0.07125 0.04967197750702906
0 0.489375 0.7835051546391752 0.1125 0.04498594189315839
0 0.211875 0.28631677600749766 0.0725 0.03280224929709466
0 0.21375 0.4381443298969072 0.04 0.03936269915651359
0 0.316875 0.34114339268978444 0.115 0.03467666354264293
0 0.725625 0.6879100281162137 0.03375 0.04779756326148079
0 0.2375 0.60543580131209 0.04875 0.041237113402061855
0 0.325 0.380506091846298 0.0525 0.02717900656044986
0 0.131875 0.19072164948453607 0.06125 0.03467666354264293
0 0.6275 0.3692596063730084 0.07125 0.02155576382380506
0 0.74875 0.4442361761949391 0.06625 0.02436738519212746
0 0.248125 0.7033739456419869 0.04625 0.03936269915651359
0 0.95125 0.6733833177132146 0.04 0.02530459231490159
0 0.454375 0.4372071227741331 0.10375 0.029053420805998126
0 0.76 0.7099343955014058 0.04375 0.08434864104967198
0 0.45375 0.4044048734770384 0.1075 0.02999062792877226
0 0.954375 0.7863167760074976 0.04 0.022492970946579195
0 0.7225 0.7413308341143393 0.02125 0.030927835051546393
0 0.855 0.8242736644798501 0.0175 0.013120899718837863
0 0.38625 0.7872539831302718 0.0175 0.014058106841611996
0 0.771875 0.38144329896907214 0.02625 0.01499531396438613
0 0.7025 0.4835988753514527 0.0175 0.019681349578256794
0 0.515625 0.6429240862230553 0.01875 0.014058106841611996
0 0.216875 0.5759137769447048 0.01375 0.014058106841611996
0 0.76875 0.18088097469540768 0.0125 0.006560449859418931
0 0.390625 0.17666354264292408 0.02 0.01499531396438613
0 0.483125 0.2736644798500469 0.02375 0.01499531396438613
0 0.4875 0.3055295220243674 0.0175 0.011246485473289597
0 0.393125 0.2104029990627929 0.0225 0.01499531396438613
0 0.059375 0.4029990627928772 0.01375 0.02436738519212746
0 0.438125 0.2408622305529522 0.0175 0.014058106841611996
0 0.42875 0.14104967197750704 0.02 0.01218369259606373
0 0.92125 0.2549203373945642 0.0125 0.006560449859418931
0 0.9975 0.5421743205248359 0.005 0.01780693533270853
0 0.99125 0.5318650421743205 0.0175 0.019681349578256794
0 0.205625 0.5768509840674789 0.01375 0.016869728209934397