0 0.255 0.5656044985941893 0.09 0.06560449859418932
0 0.258125 0.6241799437675727 0.0875 0.05998125585754452
0 0.334375 0.7150890346766635 0.065 0.04967197750702906
0 0.366875 0.8345829428303655 0.095 0.06560449859418932
0 0.331875 0.20243673851921273 0.06875 0.061855670103092786
0 0.248125 0.4400187441424555 0.04 0.033739456419868794
0 0.144375 0.5046860356138707 0.04375 0.02717900656044986
0 0.431875 0.7774133083411434 0.05625 0.030927835051546393
0 0.351875 0.7591377694470478 0.06125 0.029053420805998126
0 0.21 0.746954076850984 0.02875 0.01874414245548266
0 0.145 0.34114339268978444 0.0275 0.020618556701030927
0 0.215 0.4723523898781631 0.03375 0.023430178069353328
0 0.73 0.549203373945642 0.01875 0.015932521087160263
0 0.311875 0.24695407685098406 0.05 0.04311152764761012
0 0.69375 0.7727272727272727 0.0225 0.02436738519212746
0 0.190625 0.49812558575445176 0.0375 0.02155576382380506
0 0.27125 0.41002811621368324 0.0325 0.028116213683223992
0 0.5725 0.633552014995314 0.0475 0.019681349578256794
0 0.840625 0.6077788191190253 0.02 0.015932521087160263
0 0.876875 0.7033739456419869 0.0175 0.014058106841611996
0 0.6375 0.4564198687910028 0.0425 0.03280224929709466
0 0.98 0.7380506091846298 0.01625 0.013120899718837863
0 0.684375 0.5417057169634489 0.02875 0.02436738519212746
0 0.025625 0.7235238987816307 0.02375 0.029053420805998126
0 0.063125 0.8842549203373946 0.02875 0.01780693533270853
0 0.06875 0.57029053420806 0.02 0.015932521087160263
0 0.465625 0.7722586691658857 0.03875 0.02436738519212746
0 0.538125 0.8500468603561387 0.0475 0.03467666354264293
0 0.611875 0.6794751640112465 0.05375 0.022492970946579195
0 0.649375 0.6771321462043112 0.02 0.014058106841611996
0 0.95 0.6457357075913777 0.0175 0.013120899718837863
0 0.870625 0.42970946579194 0.0225 0.01499531396438613
0 0.804375 0.3486410496719775 0.03 0.020618556701030927
0 0.900625 0.1635426429240862 0.02375 0.022492970946579195
0 0.575625 0.3697282099343955 0.05 0.026241799437675725
0 0.6525 0.44611059044048734 0.04375 0.02999062792877226
0 0.57375 0.21462043111527648 0.04375 0.02530459231490159
0 0.544375 0.19119025304592316 0.10125 0.03936269915651359
0 0.419375 0.13402061855670103 0.0375 0.013120899718837863
0 0.31375 0.32286785379568883 0.0425 0.030927835051546393
0 0.235 0.15229615745079664 0.055 0.03655107778819119
0 0.0425 0.15651358950328023 0.04625 0.02999062792877226
0 0.3675 0.4700093720712277 0.0225 0.014058106841611996