0 0.404375 0.31865042174320524 0.09 0.06935332708528585
0 0.32625 0.3233364573570759 0.08375 0.06747891283973759
0 0.208125 0.38331771321462044 0.06875 0.04967197750702906
0 0.049375 0.4119025304592315 0.09 0.07310215557638237
0 0.890625 0.36363636363636365 0.08375 0.053420805998125584
0 0.57125 0.30927835051546393 0.045 0.030927835051546393
0 0.48125 0.23336457357075913 0.0375 0.033739456419868794
0 0.128125 0.4587628865979381 0.04375 0.04311152764761012
0 0.149375 0.3978444236176195 0.04125 0.046860356138706656
0 0.160625 0.2914714151827554 0.02625 0.022492970946579195
0 0.699375 0.22867853795688847 0.02875 0.02155576382380506
0 0.526875 0.28537956888472354 0.0325 0.026241799437675725
0 0.4425 0.6738519212746017 0.02125 0.014058106841611996
0 0.830625 0.35051546391752575 0.05875 0.03936269915651359
0 0.14375 0.654639175257732 0.0325 0.01780693533270853
0 0.491875 0.26804123711340205 0.03 0.029053420805998126
0 0.611875 0.32567947516401125 0.03875 0.02530459231490159
0 0.324375 0.5590440487347704 0.0275 0.03655107778819119
0 0.291875 0.07919400187441425 0.02 0.010309278350515464
0 0.368125 0.7586691658856607 0.02125 0.01499531396438613
0 0.241875 0.7891283973758201 0.01875 0.013120899718837863
0 0.5625 0.6016869728209935 0.045 0.03280224929709466
0 0.2 0.8678537956888472 0.0175 0.01218369259606373
0 0.45125 0.6396438612933458 0.03375 0.022492970946579195
0 0.184375 0.15089034676663543 0.04 0.02155576382380506
0 0.39125 0.1794751640112465 0.02125 0.01499531396438613
0 0.13625 0.48406747891283974 0.03375 0.02999062792877226
0 0.035 0.5407685098406748 0.0475 0.03655107778819119
0 0.264375 0.5904404873477038 0.0325 0.041237113402061855
0 0.269375 0.6180880974695407 0.01875 0.01499531396438613
0 0.321875 0.8425492033739457 0.0175 0.013120899718837863
0 0.6075 0.7750702905342081 0.02 0.016869728209934397
0 0.70375 0.880037488284911 0.03125 0.022492970946579195
0 0.7125 0.7225866916588566 0.02875 0.023430178069353328
0 0.961875 0.788659793814433 0.03 0.01874414245548266
0 0.67625 0.5520149953139644 0.03625 0.038425492033739454
0 0.576875 0.612464854732896 0.04125 0.03280224929709466
0 0.883125 0.5454545454545454 0.035 0.033739456419868794
0 0.913125 0.5224929709465792 0.05625 0.07685098406747891
0 0.985 0.4268978444236176 0.01875 0.028116213683223992
0 0.729375 0.3542642924086223 0.0425 0.03280224929709466
0 0.954375 0.2891283973758201 0.05125 0.04217432052483599
0 0.941875 0.14526710402999063 0.04125 0.03467666354264293
0 0.535625 0.39971883786316775 0.01875 0.016869728209934397