0 0.289375 0.8144329896907216 0.07125 0.04967197750702906
0 0.38 0.6869728209934396 0.06875 0.04873477038425492
0 0.3 0.44470477975632616 0.07375 0.03467666354264293
0 0.651875 0.5567010309278351 0.05625 0.06373008434864105
0 0.411875 0.4746954076850984 0.06625 0.038425492033739454
0 0.46875 0.38706654170571697 0.10625 0.05435801312089972
0 0.295 0.5042174320524836 0.0425 0.02999062792877226
0 0.7425 0.45454545454545453 0.06625 0.07216494845360824
0 0.730625 0.5449859418931584 0.03875 0.033739456419868794
0 0.344375 0.19306466729147143 0.06625 0.023430178069353328
0 0.42875 0.7806935332708529 0.0875 0.06466729147141519
0 0.15125 0.6902530459231491 0.0525 0.033739456419868794
0 0.179375 0.6143392689784443 0.04125 0.029053420805998126
0 0.605 0.23945641986879102 0.05375 0.03561387066541706
0 0.9025 0.35098406747891286 0.04 0.028116213683223992
0 0.9225 0.16635426429240863 0.06375 0.033739456419868794
0 0.9225 0.21087160262417995 0.0475 0.03280224929709466
0 0.58125 0.668697282099344 0.09125 0.05529522024367385
0 0.781875 0.4662605435801312 0.075 0.10965323336457357
0 0.28125 0.22446110590440488 0.07375 0.05529522024367385
0 0.47375 0.19962511715089035 0.06125 0.019681349578256794
0 0.4525 0.1794751640112465 0.11875 0.04779756326148079
0 0.598125 0.2047797563261481 0.125 0.044048734770384255
0 0.668125 0.22211808809746955 0.0525 0.01874414245548266
0 0.6825 0.21274601686972822 0.04375 0.011246485473289597
0 0.690625 0.2507029053420806 0.025 0.016869728209934397
0 0.758125 0.2225866916588566 0.03 0.013120899718837863
0 0.75625 0.23430178069353327 0.0175 0.015932521087160263
0 0.7875 0.23570759137769448 0.02625 0.00937207122774133
0 0.7575 0.2736644798500469 0.01625 0.010309278350515464
0 0.84125 0.22492970946579194 0.02875 0.014058106841611996
0 0.85875 0.2689784442361762 0.19125 0.10590440487347703
0 0.974375 0.2849109653233365 0.0125 0.00937207122774133
0 0.9675 0.48406747891283974 0.015 0.011246485473289597
0 0.715 0.5641986879100281 0.02625 0.023430178069353328
0 0.59875 0.6471415182755389 0.02 0.01218369259606373
0 0.606875 0.6494845360824743 0.01875 0.008434864104967198
0 0.5525 0.5871602624179943 0.0625 0.10871602624179943
0 0.614375 0.6644798500468604 0.0175 0.011246485473289597
0 0.639375 0.6771321462043112 0.03875 0.023430178069353328
0 0.610625 0.7207122774133083 0.01625 0.010309278350515464
0 0.52375 0.7783505154639175 0.015 0.010309278350515464
0 0.526875 0.7586691658856607 0.0975 0.08809746954076851
0 0.47 0.7895970009372071 0.02875 0.03561387066541706
0 0.43125 0.7867853795688847 0.01125 0.013120899718837863
0 0.528125 0.8397375820056232 0.1325 0.08434864104967198
0 0.646875 0.7642924086223055 0.03875 0.028116213683223992
0 0.718125 0.7647610121836926 0.11875 0.07966260543580131
0 0.84875 0.703842549203374 0.0375 0.02155576382380506
0 0.88125 0.6925960637300843 0.0375 0.028116213683223992
0 0.7875 0.7511715089034676 0.015 0.01874414245548266
0 0.81625 0.7511715089034676 0.0125 0.007497656982193065
0 0.714375 0.8739456419868791 0.00875 0.011246485473289597
0 0.615625 0.8612933458294283 0.025 0.01874414245548266
0 0.611875 0.8762886597938144 0.01625 0.015932521087160263
0 0.5825 0.8626991565135895 0.0125 0.008434864104967198
0 0.623125 0.8767572633552015 0.01 0.015932521087160263
0 0.4475 0.42127460168697284 0.03875 0.028116213683223992
0 0.488125 0.44892221180880976 0.18125 0.02999062792877226
0 0.493125 0.44611059044048734 0.0175 0.004686035613870665
1 0.626875 0.6443298969072165 0.1 0.08341143392689784
1 0.7175 0.8209934395501406 0.0575 0.02717900656044986
1 0.75125 0.7966260543580131 0.04 0.03561387066541706
1 0.75875 0.8186504217432052 0.04125 0.016869728209934397