0 0.06375 0.3701968134957826 0.06125 0.04967197750702906
0 0.24125 0.42642924086223055 0.06 0.04779756326148079
0 0.55625 0.3458294283036551 0.04 0.05248359887535145
0 0.438125 0.6185567010309279 0.08125 0.03655107778819119
0 0.52625 0.4320524835988753 0.04625 0.046860356138706656
0 0.6475 0.46672914714151825 0.06375 0.07591377694470477
0 0.47625 0.34723523898781633 0.03625 0.02999062792877226
0 0.58125 0.6771321462043112 0.09125 0.044048734770384255
0 0.46085 0.6764198687910028 0.0428375 0.02606373008434864
0 0.894375 0.3570759137769447 0.02625 0.04779756326148079
0 0.120625 0.47141518275538896 0.08 0.06091846298031865
0 0.216875 0.2563261480787254 0.04125 0.03655107778819119
0 0.32 0.2703842549203374 0.035 0.029053420805998126
0 0.855625 0.555763823805061 0.04375 0.03748828491096532
0 0.733125 0.7877225866916588 0.03375 0.028116213683223992
0 0.98 0.7863167760074976 0.04 0.04498594189315839
0 0.92125 0.7905342080599812 0.04 0.03280224929709466
0 0.283125 0.5754451733833177 0.06625 0.06466729147141519
0 0.569375 0.7075913776944704 0.14125 0.046860356138706656
0 0.8466750000000001 0.3126148078725398 0.06711249999999999 0.0511340206185567
0 0.8969374999999999 0.4542830365510778 0.02075 0.045248359887535144
0 0.9221625 0.4366260543580131 0.054125 0.08668228678537956
0 0.90065 0.547863167760075 0.048937499999999995 0.09057169634489222
0 0.8839625 0.6011340206185567 0.020012500000000003 0.03802249297094658
0 0.8973125000000001 0.6112746016869728 0.0111 0.03162136832239925
0 0.8481624999999999 0.6204592314901592 0.019637500000000002 0.017713214620431114
0 0.891375 0.6687160262417994 0.0148125 0.021349578256794753
0 0.8756125 0.6680224929709465 0.019637500000000002 0.01217432052483599
0 0.8765375 0.6915182755388941 0.010362499999999998 0.018556701030927835
0 0.823125 0.672605435801312 0.0118875 0.011330834114339269
0 0.8947125 0.731012183692596 0.0163 0.02078725398313027
0 0.8379625 0.7480880974695409 0.1268375 0.13560449859418933
0 0.9010250000000001 0.8665791940018744 0.018525 0.013823805060918463
0 0.827025 0.8355857544517339 0.0107375 0.008556701030927837
0 0.561625 0.847535145267104 0.014074999999999999 0.010215557638238051
0 0.43402500000000005 0.6662230552952203 0.028175 0.01746954076850984
0 0.31291250000000004 0.5868228678537957 0.0151875 0.014414245548266168
0 0.3103125 0.592933458294283 0.01 0.012736644798500469
0 0.38895 0.5469165885660731 0.1412875 0.037516401124648546
0 0.2912125 0.6000281162136832 0.013375 0.01190253045923149
0 0.2769375 0.6194845360824742 0.028575 0.0274601686972821
0 0.216475 0.6018369259606373 0.012225 0.011621368322399251
0 0.132275 0.5420618556701031 0.012962499999999998 0.010543580131208997
0 0.158975 0.5425960637300844 0.1101375 0.06613870665417057
0 0.1122375 0.5028397375820056 0.0448625 0.0183223992502343
0 0.11297499999999999 0.47390815370196815 0.016675 0.007179006560449859
0 0.0512 0.5503748828491096 0.1024 0.0928116213683224
0 0.16175 0.6324179943767573 0.035575 0.027188378631677602
0 0.1675 0.6862324273664481 0.097525 0.08307403936269915
0 0.259675 0.7785660731021556 0.026675 0.025801312089971884
0 0.27747499999999997 0.8015089034676663 0.034825 0.02661668228678538
0 0.1910625 0.7367291471415183 0.023712499999999997 0.009418931583880038
0 0.194025 0.7584161199625117 0.008875 0.008294283036551078
0 0.021925 0.6927835051546393 0.014825 0.006073102155576383
0 0.030074999999999998 0.6175632614807873 0.022975 0.016935332708528584
0 0.010225 0.6160356138706654 0.02045 0.011105904404873477
0 0.025075 0.5932333645735708 0.01 0.008322399250234303
0 0.0100375 0.6245079662605436 0.020075 0.006363636363636364
0 0.59985 0.4539362699156514 0.034675 0.027338331771321462
0 0.5668 0.48679475164011243 0.024825 0.13523898781630742
0 0.57125 0.4903280224929709 0.005600000000000001 0.012905342080599812
1 0.3194 0.6073102155576382 0.1040625 0.06850046860356139
1 0.0926125 0.690328022492971 0.031375 0.0415651358950328
1 0.127525 0.7137207122774133 0.045475 0.027572633552014995
1 0.0993125 0.7209746954076851 0.0187125 0.02979381443298969