0 0.780625 0.4723523898781631 0.105 0.06373008434864105
1 0.93625 0.5370196813495782 0.04 0.02999062792877226
0 0.62625 0.4990627928772259 0.06125 0.044048734770384255
0 0.205625 0.3641049671977507 0.03375 0.023430178069353328
0 0.50875 0.5623242736644799 0.07 0.04967197750702906
0 0.905625 0.4915651358950328 0.02875 0.02999062792877226
0 0.578125 0.3711340206185567 0.06625 0.06841611996251172
0 0.833125 0.44329896907216493 0.08625 0.044048734770384255
0 0.8925 0.6213683223992502 0.03125 0.02530459231490159
0 0.090625 0.19962511715089035 0.05375 0.038425492033739454
0 0.69875 0.5796626054358013 0.0775 0.08528584817244611
0 0.830625 0.5946579194001874 0.03125 0.026241799437675725
0 0.49875 0.18322399250234303 0.07625 0.04592314901593252
0 0.30125 0.26288659793814434 0.02125 0.01499531396438613
0 0.919375 0.3809746954076851 0.03625 0.022492970946579195
0 0.2825 0.2942830365510778 0.0225 0.014058106841611996
0 0.784375 0.43158388003748827 0.06 0.031865042174320526
0 0.740625 0.31630740393626994 0.08875 0.030927835051546393
0 0.0975 0.34536082474226804 0.02375 0.015932521087160263
0 0.14375 0.30880974695407687 0.0225 0.014058106841611996
0 0.1575 0.25679475164011245 0.0225 0.01780693533270853
0 0.150625 0.6494845360824743 0.06375 0.05248359887535145
0 0.10125 0.5248359887535146 0.065 0.04217432052483599
0 0.520625 0.5941893158388004 0.06 0.046860356138706656
0 0.853125 0.3303655107778819 0.03375 0.02155576382380506
0 0.74 0.30927835051546393 0.025 0.010309278350515464
0 0.6175 0.29756326148078727 0.02125 0.014058106841611996
0 0.6725 0.20712277413308341 0.03125 0.02155576382380506
0 0.4725 0.2563261480787254 0.01625 0.005623242736644799
0 0.4725 0.260543580131209 0.03 0.008434864104967198
0 0.368125 0.16447985004686036 0.07875 0.015932521087160263
0 0.220625 0.1513589503280225 0.03 0.029053420805998126
0 0.031875 0.23898781630740393 0.0075 0.014058106841611996
0 0.260625 0.28116213683223995 0.0175 0.016869728209934397
0 0.42375 0.323805060918463 0.01875 0.006560449859418931
0 0.38125 0.3270852858481724 0.0725 0.014058106841611996
0 0.38125 0.3336457357075914 0.075 0.013120899718837863
0 0.10375 0.4395501405810684 0.03625 0.04873477038425492
0 0.11875 0.43580131208997186 0.02375 0.05529522024367385
0 0.13625 0.4320524835988753 0.03 0.05435801312089972
0 0.144375 0.4240862230552952 0.03875 0.05060918462980318
0 0.009375 0.4723523898781631 0.01875 0.01874414245548266
0 0.019375 0.5032802249297095 0.03875 0.03748828491096532
0 0.019375 0.5417057169634489 0.03875 0.03936269915651359
0 0.02 0.5791940018744143 0.04 0.056232427366447985
0 0.09125 0.528116213683224 0.01625 0.00937207122774133
0 0.21125 0.5028116213683224 0.015 0.010309278350515464
0 0.051875 0.6696344892221181 0.01625 0.013120899718837863
0 0.308125 0.6893158388003748 0.0125 0.011246485473289597
0 0.3625 0.6424554826616682 0.0125 0.010309278350515464
0 0.448125 0.5384254920337395 0.03125 0.016869728209934397
0 0.7325 0.5749765698219307 0.04 0.04311152764761012
0 0.75375 0.5576382380506092 0.01625 0.00937207122774133
0 0.79 0.4887535145267104 0.01875 0.008434864104967198
1 0.520625 0.4700093720712277 0.13875 0.1105904404873477
1 0.41875 0.46344892221180883 0.10375 0.10965323336457357
1 0.323125 0.46438612933458295 0.2375 0.10871602624179943
1 0.20375 0.43673851921274603 0.16375 0.12839737582005623
1 0.215625 0.5970009372071228 0.14 0.1021555763823805
0 0.060625 0.31724461105904406 0.02625 0.014058106841611996
0 0.559375 0.6527647610121837 0.0125 0.007497656982193065
0 0.546875 0.6808809746954076 0.00875 0.006560449859418931
0 0.690625 0.6719775070290535 0.02 0.01218369259606373
0 0.67125 0.7160262417994376 0.01875 0.00937207122774133
0 0.848125 0.6996251171508904 0.02 0.01218369259606373
0 0.905625 0.746954076850984 0.01875 0.01218369259606373
0 0.95 0.6672914714151827 0.01625 0.011246485473289597