0 0.668125 0.40815370196813494 0.06875 0.05435801312089972
0 0.515625 0.5374882849109653 0.05125 0.04592314901593252
0 0.5875 0.7474226804123711 0.04375 0.033739456419868794
0 0.2475 0.2619493908153702 0.05 0.04873477038425492
0 0.6925 0.6157450796626054 0.03625 0.023430178069353328
0 0.738125 0.8580131208997188 0.05625 0.033739456419868794
0 0.430625 0.7282099343955014 0.06375 0.03467666354264293
0 0.62875 0.4723523898781631 0.02125 0.02717900656044986
0 0.60125 0.5262417994376757 0.035 0.030927835051546393
0 0.2575 0.6893158388003748 0.0475 0.04498594189315839
0 0.50625 0.8092783505154639 0.0525 0.05716963448922212
0 0.3175 0.204311152764761 0.04375 0.04029990627928772
0 0.7975 0.6668228678537957 0.01 0.022492970946579195
0 0.51375 0.662136832239925 0.0425 0.04029990627928772
0 0.703125 0.2666354264292409 0.025 0.03561387066541706
0 0.634375 0.7741330834114339 0.0275 0.033739456419868794
0 0.811875 0.39550140581068416 0.015 0.02436738519212746
0 0.48625 0.6288659793814433 0.04875 0.03936269915651359
0 0.648125 0.8153701968134958 0.04 0.01780693533270853
0 0.35125 0.8275538894095595 0.045 0.03561387066541706
0 0.606875 0.8069353327085286 0.0325 0.05998125585754452
0 0.463125 0.8402061855670103 0.04125 0.03655107778819119
0 0.580625 0.8017806935332709 0.0275 0.04029990627928772
0 0.228125 0.14245548266166824 0.0975 0.033739456419868794
0 0.63625 0.22164948453608246 0.0275 0.019681349578256794
0 0.63625 0.1358950328022493 0.0075 0.008434864104967198
0 0.566875 0.2849109653233365 0.08375 0.014058106841611996
0 0.544375 0.267572633552015 0.0375 0.010309278350515464
0 0.48125 0.22071227741330834 0.01125 0.04029990627928772
0 0.460625 0.22024367385192128 0.015 0.041237113402061855
0 0.436875 0.19072164948453607 0.01625 0.06279287722586692
0 0.215 0.3158388003748828 0.0125 0.00937207122774133
0 0.218125 0.40159325210871605 0.01375 0.00937207122774133
0 0.450625 0.42924086223055297 0.0325 0.06747891283973759
0 0.47 0.5178069353327085 0.0075 0.01218369259606373
0 0.478125 0.5178069353327085 0.00875 0.013120899718837863
0 0.61125 0.4742268041237113 0.0125 0.023430178069353328
0 0.666875 0.35941893158388005 0.05875 0.03467666354264293
0 0.728125 0.48922211808809746 0.02875 0.015932521087160263
0 0.801875 0.42221180880974696 0.02625 0.01499531396438613
0 0.800625 0.4020618556701031 0.00625 0.011246485473289597
0 0.79875 0.3809746954076851 0.01125 0.023430178069353328
0 0.789375 0.6672914714151827 0.01 0.02155576382380506
0 0.80625 0.7244611059044048 0.0075 0.01218369259606373
0 0.7975 0.7511715089034676 0.02375 0.015932521087160263
0 0.759375 0.7600749765698219 0.00875 0.006560449859418931
0 0.724375 0.823805060918463 0.02625 0.01780693533270853
0 0.701875 0.6696344892221181 0.02875 0.010309278350515464
0 0.475625 0.7061855670103093 0.045 0.016869728209934397
0 0.434375 0.7910028116213683 0.015 0.01218369259606373
0 0.38625 0.8139643861293346 0.04375 0.02717900656044986
0 0.370625 0.8467666354264293 0.00875 0.008434864104967198
0 0.23625 0.7221180880974696 0.01 0.008434864104967198
0 0.38875 0.24133083411433928 0.0125 0.0037488284910965324
1 0.548125 0.20337394564198688 0.13375 0.09653233364573571
1 0.525625 0.3767572633552015 0.13625 0.11715089034676664
1 0.418125 0.30412371134020616 0.15 0.1274601686972821
1 0.283125 0.4831302717900656 0.16125 0.09840674789128398