1 0.185625 0.5960637300843487 0.12375 0.08341143392689784
1 0.31125 0.6443298969072165 0.12 0.08341143392689784
0 0.834375 0.41283973758200565 0.1325 0.09934395501405811
0 0.77125 0.5370196813495782 0.0675 0.05154639175257732
0 0.794375 0.3055295220243674 0.0575 0.041237113402061855
0 0.65625 0.27225866916588565 0.065 0.04217432052483599
0 0.858125 0.31443298969072164 0.055 0.04217432052483599
0 0.72875 0.37066541705716965 0.06625 0.044048734770384255
0 0.51375 0.6715089034676663 0.08 0.06091846298031865
0 0.4125 0.7839737582005624 0.13125 0.07591377694470477
0 0.934375 0.5510777881911902 0.05375 0.04779756326148079
0 0.865 0.6719775070290535 0.07125 0.059044048734770385
0 0.59125 0.7450796626054358 0.08 0.06373008434864105
0 0.915 0.46860356138706655 0.045 0.03561387066541706
0 0.543125 0.5745079662605436 0.02 0.01499531396438613
0 0.068125 0.5388940955951266 0.06 0.041237113402061855
0 0.8775 0.1330834114339269 0.035 0.02530459231490159
1 0.389375 0.40253045923149017 0.19125 0.12839737582005623
0 0.53 0.3233364573570759 0.0425 0.03655107778819119
1 0.4325 0.30740393626991563 0.13125 0.09090909090909091
0 0.598125 0.5267104029990628 0.1175 0.07029053420805999
0 0.341875 0.44798500468603564 0.04375 0.03561387066541706
0 0.621875 0.4044048734770384 0.02 0.015932521087160263
0 0.800625 0.2296157450796626 0.015 0.01218369259606373
0 0.185625 0.40674789128397376 0.01375 0.010309278350515464
0 0.32 0.35520149953139646 0.04125 0.022492970946579195
0 0.203125 0.5454545454545454 0.04875 0.02999062792877226
0 0.254375 0.6110590440487348 0.04375 0.031865042174320526
0 0.169375 0.5904404873477038 0.01375 0.01218369259606373
0 0.036875 0.5941893158388004 0.05375 0.11433926897844424
0 0.471875 0.654639175257732 0.03125 0.023430178069353328
0 0.410625 0.8059981255857545 0.0275 0.014058106841611996
0 0.199375 0.7600749765698219 0.04875 0.03561387066541706
0 0.965 0.41002811621368324 0.04625 0.03655107778819119
0 0.915625 0.3983130271790066 0.07 0.08903467666354264
0 0.5625 0.5074976569821931 0.04375 0.03280224929709466
0 0.53 0.5131208997188379 0.03625 0.029053420805998126
0 0.52375 0.4896907216494845 0.04375 0.031865042174320526
0 0.55375 0.32005623242736647 0.02125 0.01218369259606373
0 0.44125 0.25023430178069356 0.0175 0.01218369259606373
0 0.44375 0.16588566073102157 0.0175 0.013120899718837863
0 0.769375 0.19634489222118087 0.0125 0.010309278350515464
0 0.83125 0.17853795688847235 0.015 0.010309278350515464
0 0.906875 0.1049671977507029 0.02125 0.02530459231490159
1 0.265 0.38940955951265227 0.19875 0.12933458294283037
1 0.171875 0.4208059981255858 0.1175 0.08247422680412371
1 0.2675 0.46579194001874413 0.18375 0.08716026241799438