1 0.623125 0.7371134020618557 0.11 0.09184629803186505
1 0.689375 0.6438612933458294 0.11 0.08903467666354264
0 0.39 0.2478912839737582 0.13125 0.09746954076850985
0 0.55375 0.2970946579194002 0.06875 0.04967197750702906
0 0.245625 0.2760074976569822 0.055 0.04217432052483599
0 0.199375 0.3786316776007498 0.05625 0.04779756326148079
0 0.25875 0.2282099343955014 0.055 0.041237113402061855
0 0.331875 0.32661668228678536 0.0575 0.04967197750702906
0 0.72875 0.492970946579194 0.08 0.059044048734770385
0 0.876875 0.5707591377694471 0.1 0.09746954076850985
0 0.575625 0.17525773195876287 0.0625 0.04029990627928772
0 0.735625 0.2296157450796626 0.07875 0.05248359887535145
0 0.828125 0.43580131208997186 0.08375 0.05998125585754452
0 0.465 0.18837863167760074 0.04625 0.033739456419868794
0 0.6 0.4690721649484536 0.02 0.01499531396438613
0 0.544375 0.8242736644798501 0.05375 0.044048734770384255
0 0.0175 0.2104029990627929 0.0325 0.02530459231490159
1 0.3675 0.5810684161199625 0.16875 0.1415182755388941
0 0.265 0.4742268041237113 0.0475 0.031865042174320526
1 0.241875 0.5473289597000938 0.11875 0.09746954076850985
0 0.536875 0.4268978444236176 0.0925 0.08716026241799438
0 0.428125 0.6176194939081537 0.04625 0.03280224929709466
0 0.375 0.4072164948453608 0.02125 0.01499531396438613
0 0.144375 0.26991565135895035 0.015 0.011246485473289597
0 0.370625 0.7343017806935332 0.0125 0.010309278350515464
0 0.30375 0.6326148078725399 0.02875 0.030927835051546393
0 0.555625 0.7235238987816307 0.03875 0.03655107778819119
0 0.64375 0.6860356138706654 0.04125 0.031865042174320526
0 0.614375 0.7492970946579194 0.01625 0.010309278350515464
0 0.6175 0.8491096532333646 0.1525 0.038425492033739454
0 0.705625 0.5238987816307404 0.03 0.023430178069353328
0 0.90625 0.5721649484536082 0.01875 0.020618556701030927
0 0.84125 0.7300843486410497 0.0475 0.03655107778819119
0 0.6525 0.11152764761012184 0.03875 0.02155576382380506
0 0.388125 0.14995313964386128 0.04875 0.03467666354264293
0 0.371875 0.18650421743205248 0.1175 0.05060918462980318
0 0.51125 0.45313964386129335 0.0425 0.031865042174320526
0 0.518125 0.47797563261480785 0.03875 0.02717900656044986
0 0.486875 0.48219306466729145 0.04125 0.031865042174320526
0 0.26125 0.4568884723523899 0.01625 0.015932521087160263
0 0.166875 0.5393626991565136 0.01625 0.013120899718837863
0 0.053125 0.5365510777881912 0.0175 0.013120899718837863
0 0.1 0.2928772258669166 0.01375 0.008434864104967198
0 0.076875 0.24601686972820994 0.01375 0.011246485473289597
1 0.348125 0.6743205248359887 0.17 0.1471415182755389
1 0.38875 0.7446110590440488 0.10875 0.08716026241799438
1 0.45 0.6738519212746017 0.11375 0.13683223992502344