1 0.701875 0.7741784037558685 0.16375 0.17183098591549295
0 0.456875 0.5582159624413146 0.1175 0.06384976525821597
1 0.208125 0.5384976525821596 0.1325 0.20469483568075117
0 0.3825 0.5408450704225352 0.075 0.03943661971830986
0 0.558125 0.5192488262910798 0.0575 0.04131455399061033
0 0.618125 0.5314553990610329 0.045 0.038497652582159626
0 0.683125 0.5450704225352113 0.06625 0.03192488262910798
1 0.25625 0.33380281690140845 0.175 0.11173708920187793
0 0.818125 0.376056338028169 0.0925 0.03474178403755868
1 0.593125 0.6784037558685446 0.0725 0.07042253521126761
0 0.734375 0.5845070422535211 0.045 0.03474178403755868
1 0.491875 0.7981220657276995 0.08625 0.054460093896713614
1 0.510625 0.7408450704225352 0.14625 0.046009389671361506
0 0.985625 0.39248826291079814 0.02875 0.024413145539906103
0 0.535 0.5460093896713615 0.07875 0.028169014084507043
1 0.485625 0.8624413145539906 0.04375 0.028169014084507043
1 0.873125 0.19436619718309858 0.17375 0.08826291079812207
0 0.924375 0.5455399061032864 0.03875 0.023474178403755867
0 0.94875 0.612206572769953 0.02375 0.027230046948356807
0 0.9475 0.503755868544601 0.02125 0.020657276995305163
0 0.86125 0.5417840375586854 0.01375 0.012206572769953052
0 0.94125 0.5211267605633803 0.01375 0.010328638497652582
0 0.65375 0.3788732394366197 0.025 0.020657276995305163
0 0.315 0.5849765258215962 0.025 0.01784037558685446
0 0.3925 0.39248826291079814 0.025 0.01784037558685446
0 0.460625 0.3901408450704225 0.02875 0.01784037558685446
0 0.544375 0.3929577464788732 0.02125 0.013145539906103286
0 0.47375 0.5985915492957746 0.01375 0.014084507042253521
0 0.585625 0.6239436619718309 0.02125 0.01596244131455399
0 0.57125 0.47183098591549294 0.0125 0.008450704225352112
0 0.940625 0.6305164319248826 0.01 0.007511737089201878
0 0.943125 0.592018779342723 0.01 0.003755868544600939
0 0.801875 0.7671361502347418 0.035 0.015023474178403756
0 0.7925 0.8154929577464789 0.025 0.008450704225352112
0 0.754375 0.748356807511737 0.0125 0.009389671361502348
0 0.59125 0.7375586854460094 0.0075 0.013145539906103286
0 0.473125 0.8643192488262911 0.00625 0.0215962441314554
0 0.479375 0.85962441314554 0.00625 0.015023474178403756
0 0.525 0.7488262910798122 0.005 0.005633802816901409
0 0.3925 0.7145539906103286 0.00625 0.011267605633802818
0 0.275 0.7126760563380282 0.005 0.008450704225352112
0 0.3675 0.5422535211267606 0.01375 0.012206572769953052
0 0.47875 0.5535211267605634 0.0125 0.011267605633802818
0 0.78375 0.39342723004694835 0.03 0.011267605633802818
0 0.786875 0.38685446009389673 0.01 0.004694835680751174