1 0.7675 0.739906103286385 0.18125 0.18028169014084508
0 0.4725 0.5629107981220657 0.12375 0.07042253521126761
1 0.223125 0.5793427230046948 0.155 0.21032863849765257
0 0.395 0.5572769953051643 0.07875 0.044131455399061034
0 0.561875 0.5103286384976525 0.06125 0.04507042253521127
0 0.62375 0.5140845070422535 0.04875 0.04037558685446009
0 0.69125 0.5183098591549296 0.06875 0.03568075117370892
1 0.21875 0.37183098591549296 0.185 0.12206572769953052
0 0.780625 0.33286384976525824 0.095 0.04037558685446009
1 0.636875 0.6619718309859155 0.07875 0.07417840375586854
0 0.751875 0.5492957746478874 0.04875 0.036619718309859155
1 0.5675 0.7938967136150235 0.09125 0.06009389671361502
1 0.571875 0.7347417840375586 0.15 0.05539906103286385
0 0.95375 0.323943661971831 0.04 0.027230046948356807
0 0.54625 0.5403755868544601 0.08125 0.03286384976525822
1 0.5775 0.8577464788732394 0.0475 0.03004694835680751
1 0.78875 0.14647887323943662 0.1825 0.09859154929577464
0 0.928125 0.4835680751173709 0.04125 0.02535211267605634
0 0.969375 0.5455399061032864 0.0275 0.028169014084507043
0 0.94 0.43990610328638496 0.02375 0.0215962441314554
0 0.865625 0.4892018779342723 0.015 0.012206572769953052
0 0.938125 0.45774647887323944 0.01375 0.010328638497652582
0 0.62 0.3586854460093897 0.0275 0.0215962441314554
0 0.34 0.6098591549295774 0.02625 0.018779342723004695
0 0.366875 0.4098591549295775 0.02625 0.018779342723004695
0 0.43375 0.39812206572769954 0.03 0.01971830985915493
0 0.51625 0.38873239436619716 0.0225 0.014084507042253521
0 0.499375 0.6004694835680752 0.015 0.014084507042253521
0 0.615625 0.6089201877934273 0.0225 0.016901408450704224
0 0.563125 0.4619718309859155 0.01375 0.008450704225352112
0 0.96625 0.5652582159624413 0.01125 0.008450704225352112
0 0.958125 0.5272300469483568 0.01 0.004694835680751174
0 0.864375 0.7187793427230047 0.03625 0.01784037558685446
0 0.8675 0.7680751173708921 0.02625 0.010328638497652582
0 0.8125 0.7075117370892019 0.0125 0.010328638497652582
0 0.65 0.72018779342723 0.00875 0.014084507042253521
0 0.56625 0.8615023474178404 0.00875 0.0215962441314554
0 0.57125 0.856338028169014 0.0075 0.015023474178403756
0 0.588125 0.7403755868544601 0.00625 0.005633802816901409
0 0.44875 0.7258215962441315 0.0075 0.011267605633802818
0 0.333125 0.7408450704225352 0.00625 0.008450704225352112
0 0.380625 0.5605633802816902 0.015 0.012206572769953052
0 0.4925 0.5558685446009389 0.01375 0.012206572769953052
0 0.751875 0.35492957746478876 0.03 0.013145539906103286
0 0.753125 0.34788732394366195 0.01125 0.005633802816901409
1 0.916875 0.09718309859154929 0.0325 0.0431924882629108