0 0.085 0.24133083411433928 0.08875 0.07685098406747891
0 0.218125 0.06419868791002811 0.0875 0.07591377694470477
0 0.405 0.6794751640112465 0.0325 0.02999062792877226
0 0.376875 0.7825679475164011 0.035 0.02717900656044986
0 0.656875 0.7446110590440488 0.06125 0.07122774133083412
0 0.196875 0.6237113402061856 0.0325 0.031865042174320526
0 0.845 0.2225866916588566 0.11875 0.04873477038425492
0 0.913125 0.14245548266166824 0.11875 0.046860356138706656
0 0.90875 0.3697282099343955 0.01875 0.010309278350515464
0 0.929375 0.5529522024367385 0.025 0.01780693533270853
0 0.635625 0.6321462043111528 0.025 0.030927835051546393
0 0.89375 0.5313964386129335 0.04375 0.02717900656044986
0 0.538125 0.8758200562324273 0.02875 0.026241799437675725
0 0.441875 0.7797563261480788 0.01375 0.02155576382380506
0 0.495625 0.7427366447985004 0.0275 0.038425492033739454
0 0.934375 0.895032802249297 0.07 0.053420805998125584
0 0.0125 0.7521087160262419 0.025 0.02530459231490159
0 0.479375 0.7150890346766635 0.03125 0.03748828491096532
0 0.398125 0.6119962511715089 0.03125 0.028116213683223992
0 0.7725 0.8767572633552015 0.01375 0.01499531396438613
0 0.78375 0.8795688847235239 0.01 0.010309278350515464
0 0.609375 0.8120899718837863 0.03625 0.01780693533270853
0 0.646875 0.7488284910965324 0.01375 0.020618556701030927
0 0.61 0.7080599812558576 0.03875 0.01874414245548266
0 0.74875 0.7432052483598875 0.01375 0.011246485473289597
0 0.7575 0.7483598875351453 0.01375 0.00937207122774133
0 0.820625 0.6944704779756327 0.01125 0.014058106841611996
0 0.47375 0.7544517338331771 0.01875 0.014058106841611996
0 0.4575 0.7239925023430178 0.01875 0.016869728209934397
0 0.266875 0.6949390815370197 0.03 0.008434864104967198
0 0.063125 0.7835051546391752 0.0375 0.01780693533270853
0 0.078125 0.8566073102155577 0.03625 0.016869728209934397
0 0.14 0.8734770384254921 0.02 0.01499531396438613
0 0.158125 0.8641049671977507 0.02625 0.033739456419868794
0 0.28 0.8791002811621368 0.02 0.010309278350515464
0 0.1975 0.47797563261480785 0.0375 0.029053420805998126
0 0.11125 0.42549203373945643 0.035 0.00937207122774133
0 0.3075 0.40112464854732893 0.02625 0.02155576382380506
0 0.36625 0.3669165885660731 0.0325 0.011246485473289597
0 0.163125 0.33083411433926896 0.01625 0.01874414245548266
0 0.16375 0.31208997188378634 0.015 0.00937207122774133
0 0.160625 0.18041237113402062 0.02 0.008434864104967198
0 0.17 0.1640112464854733 0.02 0.010309278350515464
0 0.701875 0.12839737582005623 0.03125 0.04873477038425492
0 0.679375 0.14198687910028115 0.02125 0.02155576382380506
0 0.986875 0.27647610121836924 0.015 0.010309278350515464
0 0.9075 0.4268978444236176 0.075 0.02436738519212746
0 0.731875 0.5192127460168697 0.04125 0.022492970946579195
0 0.77375 0.5182755388940956 0.055 0.02530459231490159
1 0.78625 0.5782567947516402 0.13125 0.1021555763823805
0 0.29 0.5665417057169635 0.0175 0.004686035613870665
0 0.259375 0.5674789128397376 0.01875 0.004686035613870665
1 0.214375 0.5234301780693533 0.05125 0.09184629803186505
1 0.404375 0.5229615745079662 0.35375 0.09278350515463918
1 0.601875 0.5215557638238051 0.0475 0.09372071227741331
0 0.519375 0.4620431115276476 0.02 0.004686035613870665
1 0.3425 0.42033739456419866 0.04875 0.08997188378631678
1 0.536875 0.4184629803186504 0.355 0.09559512652296158
1 0.730625 0.4175257731958763 0.05125 0.09372071227741331
1 0.845 0.31208997188378634 0.0525 0.09465791940018745
1 0.6525 0.31162136832239923 0.3575 0.09278350515463918
1 0.4525 0.31208997188378634 0.04875 0.09184629803186505