0 0.10125 0.5154639175257731 0.095 0.06935332708528585
0 0.040625 0.6044985941893158 0.07125 0.08247422680412371
0 0.8770625 0.3806560449859419 0.0575875 0.03627928772258669
0 0.8734125 0.5514807872539831 0.0789375 0.05731021555763824
0 0.856875 0.4245548266166823 0.05125 0.03936269915651359
0 0.7725 0.5829428303655108 0.065 0.056232427366447985
0 0.291875 0.5407685098406748 0.07875 0.04498594189315839
0 0.74625 0.39166822867853796 0.051325 0.04111527647610121
0 0.670625 0.48219306466729145 0.05125 0.03467666354264293
0 0.7339375 0.3612089971883787 0.0454 0.03298031865042174
0 0.453125 0.5576382380506092 0.03625 0.02999062792877226
0 0.02 0.7052483598875351 0.04 0.059044048734770385
0 0.328125 0.5651358950328023 0.06625 0.041237113402061855
0 0.9045875 0.5080037488284911 0.0305125 0.024854732895970007
0 0.233125 0.31724461105904406 0.03375 0.014058106841611996
0 0.44 0.2778819119025305 0.0275 0.015932521087160263
0 0.47 0.24976569821930647 0.02 0.010309278350515464
0 0.5809125 0.23617619493908154 0.028175 0.016869728209934397
0 0.768125 0.20404873477038427 0.0087375 0.016344892221180882
0 0.9141750000000001 0.3181818181818182 0.03165 0.02155576382380506
0 0.67375 0.23195876288659795 0.015 0.010309278350515464
0 0.723775 0.22079662605435801 0.0173625 0.012567947516401124
0 0.21625 0.6023055295220243 0.03 0.017507029053420806
0 0.086875 0.5543580131208997 0.03125 0.019681349578256794
0 0.17125 0.3795688847235239 0.0275 0.016869728209934397
0 0.123125 0.648078725398313 0.03125 0.01780693533270853
0 0.2951625 0.33877225866916594 0.029025 0.015932521087160263
0 0.2625 0.5744236176194939 0.0275 0.009540768509840675
0 0.259375 0.3959700093720712 0.01375 0.01218369259606373
0 0.555 0.5684161199625117 0.0275 0.019681349578256794
0 0.525725 0.34558575445173384 0.02395 0.01923149015932521
0 0.65375 0.47985004686035615 0.0225 0.033739456419868794
0 0.535625 0.5791940018744143 0.01875 0.011246485473289597
0 0.635 0.514058106841612 0.0225 0.015932521087160263
0 0.5010249999999999 0.3541049671977507 0.022937500000000003 0.015313964386129334
0 0.9794875000000001 0.4249390815370197 0.021487500000000003 0.012361761949390815
0 0.72625 0.5112464854732895 0.0225 0.019681349578256794
0 0.949375 0.4029990627928772 0.02375 0.013120899718837863
0 0.6703375 0.5740393626991566 0.009325 0.010309278350515464
0 0.804375 0.4845360824742268 0.01625 0.005623242736644799
0 0.083125 0.7689784442361762 0.03375 0.01780693533270853
0 0.119375 0.6954076850984068 0.03125 0.01874414245548266
0 0.256875 0.6958762886597938 0.02125 0.01780693533270853
0 0.960625 0.7207122774133083 0.01875 0.011246485473289597
0 0.79125 0.7272727272727273 0.0175 0.007497656982193065
0 0.016274999999999998 0.40266166822867855 0.032549999999999996 0.09804123711340205
0 0.41013750000000004 0.3153514526710403 0.10494999999999999 0.035895032802249295
0 0.5133375 0.29716026241799437 0.1426875 0.050871602624179946
0 0.7296875 0.2169634489222118 0.012275000000000001 0.009728209934395502
0 0.7776375 0.2092314901593252 0.012275000000000001 0.018238050609184632
0 0.8811249999999999 0.31562324273664477 0.00625 0.010440487347703843
0 0.7042499999999999 0.34463917525773197 0.0172875 0.010028116213683224
0 0.6108250000000001 0.412680412371134 0.0218125 0.01620431115276476
0 0.6175125 0.40582005623242734 0.030662500000000002 0.021293345829428302
0 0.44854999999999995 0.5141330834114339 0.0174875 0.004939081537019681
0 0.2665125 0.5670665417057169 0.019762500000000002 0.00647610121836926
0 0.500675 0.6058200562324273 0.008975 0.00542642924086223
0 0.673025 0.5463074039362699 0.011875 0.007169634489222119
0 0.6336375000000001 0.5947422680412372 0.0165125 0.004564198687910029
0 0.68085 0.6453420805998126 0.007825 0.00803186504217432
0 0.671575 0.6568509840674789 0.0084 0.008903467666354265
0 0.8233625000000001 0.624601686972821 0.0165125 0.009990627928772259
0 0.8839 0.6011527647610121 0.014775 0.009990627928772259
0 0.977175 0.5773664479850047 0.0165125 0.009775070290534208
0 0.8142375 0.49386129334582946 0.00985 0.007385192127460169
1 0.671725 0.6083505154639175 0.0590875 0.16382380506091848
1 0.49908749999999996 0.6661761949390815 0.0585125 0.16697282099343955