0 0.898125 0.4793814432989691 0.09625 0.07029053420805999
0 0.956875 0.38940955951265227 0.07375 0.08341143392689784
0 0.12625 0.6241799437675727 0.05875 0.03748828491096532
0 0.125625 0.45313964386129335 0.08 0.05810684161199625
0 0.145 0.5801312089971884 0.0525 0.04029990627928772
0 0.225625 0.4208059981255858 0.06625 0.05716963448922212
0 0.706875 0.4564198687910028 0.08 0.04592314901593252
0 0.25625 0.6115276476101218 0.0525 0.04217432052483599
0 0.33 0.5201499531396439 0.0525 0.03561387066541706
0 0.269375 0.6415182755388941 0.04625 0.033739456419868794
0 0.545625 0.44189315838800375 0.0375 0.030927835051546393
0 0.975 0.28865979381443296 0.04125 0.05998125585754452
0 0.670625 0.43252108716026244 0.0675 0.04217432052483599
0 0.095625 0.4971883786316776 0.03 0.02530459231490159
0 0.77125 0.6790065604498594 0.03375 0.014058106841611996
0 0.565 0.7211808809746955 0.0275 0.015932521087160263
0 0.535625 0.7497656982193065 0.02 0.010309278350515464
0 0.425625 0.7647610121836926 0.02875 0.016869728209934397
0 0.23875 0.7994376757263355 0.00875 0.015932521087160263
0 0.09 0.6874414245548266 0.03125 0.02155576382380506
0 0.3325 0.7703842549203374 0.015 0.010309278350515464
0 0.2825 0.782099343955014 0.0175 0.01218369259606373
0 0.78125 0.394095595126523 0.03 0.01780693533270853
0 0.911875 0.4400187441424555 0.03125 0.019681349578256794
0 0.83125 0.6162136832239925 0.0275 0.016869728209934397
0 0.873125 0.34723523898781633 0.03125 0.01780693533270853
0 0.70875 0.6583880037488284 0.02875 0.015932521087160263
0 0.735625 0.42221180880974696 0.0275 0.00937207122774133
0 0.743125 0.6007497656982193 0.01375 0.01218369259606373
0 0.443125 0.43252108716026244 0.0275 0.019681349578256794
0 0.478125 0.6551077788191191 0.02375 0.019681349578256794
0 0.346875 0.5220243673851921 0.02375 0.033739456419868794
0 0.4625 0.42127460168697284 0.01875 0.011246485473289597
0 0.365 0.4878163074039363 0.0225 0.015932521087160263
0 0.501875 0.6457357075913777 0.0225 0.01499531396438613
0 0.0225 0.5810684161199625 0.02125 0.01218369259606373
0 0.27375 0.4915651358950328 0.0225 0.019681349578256794
0 0.053125 0.6030927835051546 0.02375 0.013120899718837863
0 0.3275 0.42830365510777885 0.00875 0.010309278350515464
0 0.19625 0.5192127460168697 0.01625 0.005623242736644799
0 0.910625 0.225398313027179 0.03375 0.01780693533270853
0 0.87625 0.2994376757263355 0.03125 0.01874414245548266
0 0.73875 0.30084348641049674 0.02125 0.01780693533270853
0 0.034375 0.28537956888472354 0.01875 0.011246485473289597
0 0.20375 0.27647610121836924 0.0175 0.007497656982193065
0 0.984375 0.5909090909090909 0.03125 0.09840674789128398
0 0.594375 0.683223992502343 0.10625 0.03655107778819119
0 0.491875 0.7029053420805998 0.14375 0.05248359887535145
0 0.276875 0.7858481724461106 0.0125 0.00937207122774133
0 0.229375 0.7947516401124649 0.0125 0.01780693533270853
0 0.123125 0.6893158388003748 0.00625 0.010309278350515464
0 0.299375 0.6583880037488284 0.0175 0.010309278350515464
0 0.39125 0.5885660731021556 0.02125 0.015932521087160263
0 0.385 0.5955951265229615 0.03125 0.02155576382380506
0 0.550625 0.4854732895970009 0.0175 0.004686035613870665
0 0.731875 0.42970946579194 0.02 0.006560449859418931
0 0.496875 0.394095595126523 0.00875 0.005623242736644799
0 0.325625 0.45595126522961577 0.0125 0.007497656982193065
0 0.364375 0.4072164948453608 0.01625 0.004686035613870665
0 0.31625 0.3570759137769447 0.0075 0.008434864104967198
0 0.324375 0.34536082474226804 0.00875 0.00937207122774133
0 0.17375 0.3795688847235239 0.01625 0.010309278350515464
0 0.11375 0.40393626991565135 0.015 0.010309278350515464
0 0.02125 0.4287722586691659 0.01625 0.00937207122774133
0 0.185625 0.5103092783505154 0.01 0.007497656982193065
1 0.325625 0.394095595126523 0.0625 0.16494845360824742
1 0.496875 0.3336457357075914 0.0625 0.16776007497656983