0 0.93375 0.6983256351039261 0.1325 0.06639722863741339
0 0.224375 0.6212471131639723 0.1075 0.05600461893764434
0 0.480625 0.44630484988452657 0.0925 0.04330254041570439
0 0.703125 0.6631062355658198 0.07625 0.03926096997690531
0 0.3425 0.4639145496535797 0.09875 0.04503464203233257
0 0.283125 0.2606812933025404 0.08125 0.037528868360277134
0 0.553125 0.7147806004618937 0.0525 0.025404157043879907
0 0.826875 0.43013856812933027 0.08375 0.050808314087759814
0 0.0225 0.24422632794457275 0.045 0.04157043879907621
0 0.57375 0.5170323325635104 0.0925 0.03579676674364896
0 0.785 0.26270207852193994 0.10375 0.04792147806004619
0 0.416875 0.7176674364896074 0.05 0.02367205542725173
0 0.875625 0.26760969976905313 0.0925 0.050808314087759814
0 0.57375 0.6102771362586605 0.0725 0.03233256351039261
0 0.37 0.6971709006928406 0.05375 0.03117782909930716
0 0.4675 0.5482101616628176 0.09875 0.03233256351039261
0 0.576875 0.46045034642032334 0.0675 0.07332563510392609
0 0.30125 0.36518475750577367 0.0575 0.02367205542725173
0 0.75125 0.12933025404157045 0.0725 0.034064665127020784
0 0.554375 0.3565242494226328 0.04625 0.018475750577367205
0 0.4275 0.6518475750577367 0.06125 0.01789838337182448
0 0.3 0.6134526558891455 0.045 0.02020785219399538
0 0.293125 0.6734988452655889 0.04625 0.01905311778290993
0 0.564375 0.331986143187067 0.05875 0.044457274826789836
0 0.275 0.4214780600461894 0.01125 0.004618937644341801
0 0.00375 0.4907621247113164 0.0075 0.010392609699769052
0 0.260625 0.5245381062355658 0.12375 0.05658198614318707
0 0.24875 0.535796766743649 0.13125 0.0617782909930716
0 0.46875 0.671189376443418 0.04875 0.01674364896073903