0 0.97125 0.34209006928406466 0.0575 0.059468822170900694
0 0.7 0.6498267898383372 0.115 0.04676674364896074
0 0.381875 0.4976905311778291 0.08875 0.04041570438799076
0 0.8875 0.44226327944572746 0.08125 0.032909930715935336
0 0.390625 0.5635103926096998 0.0925 0.04330254041570439
0 0.96625 0.5204965357967667 0.05125 0.023094688221709007
0 0.42 0.3377598152424942 0.10625 0.03579676674364896
0 0.55125 0.46997690531177827 0.0725 0.040993071593533485
0 0.06375 0.32217090069284066 0.0825 0.04503464203233257
0 0.94375 0.582852193995381 0.0475 0.021362586605080832
0 0.085625 0.28204387990762125 0.105 0.03926096997690531
0 0.749375 0.4896073903002309 0.06625 0.03175519630484989
0 0.89 0.5995958429561201 0.06375 0.023094688221709007
0 0.595 0.5248267898383372 0.06375 0.04387990762124711
0 0.431875 0.456986143187067 0.15625 0.025981524249422634
0 0.173125 0.5617782909930716 0.0475 0.025404157043879907
0 0.2075 0.4457274826789838 0.0375 0.02020785219399538
0 0.806875 0.5643764434180139 0.035 0.02771362586605081
0 0.69875 0.6140300230946882 0.04125 0.019630484988452657
0 0.824375 0.6293302540415704 0.03875 0.02020785219399538
0 0.10625 0.7133371824480369 0.04 0.01212471131639723
0 0.1575 0.4359122401847575 0.09375 0.02424942263279446
0 0.18125 0.7156466512702079 0.1025 0.014434180138568129
0 0.286875 0.5854503464203233 0.01 0.004618937644341801
0 0.376875 0.7243071593533488 0.0225 0.006928406466512702
0 0.5025 0.6131639722863741 0.11625 0.054272517321016164
0 0.52375 0.620958429561201 0.12625 0.05715935334872979
0 0.855625 0.5496535796766744 0.0325 0.021939953810623556