0 0.7825 0.5103092783505154 0.13375 0.10402999062792877
0 0.34625 0.697282099343955 0.06125 0.056232427366447985
0 0.43625 0.7671040299906279 0.1025 0.07122774133083412
0 0.973125 0.2858481724461106 0.05375 0.05435801312089972
0 0.425625 0.22867853795688847 0.09625 0.07778819119025304
0 0.851875 0.21227741330834116 0.0925 0.046860356138706656
0 0.704375 0.48641049671977504 0.0825 0.056232427366447985
0 0.25125 0.3823805060918463 0.0525 0.03655107778819119
0 0.635625 0.6930646672914714 0.14875 0.07310215557638237
0 0.228125 0.8247422680412371 0.0525 0.029053420805998126
0 0.67125 0.4629803186504217 0.03 0.022492970946579195
0 0.191875 0.5913776944704779 0.04125 0.031865042174320526
0 0.985625 0.4873477038425492 0.02875 0.046860356138706656
1 0.115625 0.6152764761012184 0.1575 0.1668228678537957
0 0.23375 0.5201499531396439 0.05375 0.04029990627928772
0 0.18125 0.8163074039362699 0.045 0.030927835051546393
0 0.74 0.8528584817244611 0.03625 0.015932521087160263
0 0.718125 0.7033739456419869 0.02375 0.020618556701030927
0 0.64 0.7169634489222118 0.03875 0.01499531396438613
0 0.72875 0.6672914714151827 0.09125 0.05529522024367385
0 0.76125 0.6640112464854733 0.01125 0.011246485473289597
0 0.735 0.6227741330834115 0.07375 0.04967197750702906
0 0.616875 0.6354264292408622 0.03125 0.016869728209934397
0 0.615625 0.6255857544517338 0.025 0.016869728209934397
0 0.895625 0.48078725398313027 0.10625 0.09840674789128398
0 0.97625 0.5164011246485474 0.0475 0.03561387066541706
0 0.65 0.38331771321462044 0.02125 0.013120899718837863
0 0.774375 0.4536082474226804 0.01625 0.00937207122774133
0 0.835625 0.32052483598875353 0.01375 0.00937207122774133
0 0.188125 0.1007497656982193 0.12125 0.04967197750702906
0 0.1975 0.1344892221180881 0.04 0.03655107778819119
0 0.238125 0.1401124648547329 0.05 0.038425492033739454
0 0.09875 0.33177132146204313 0.01625 0.028116213683223992
0 0.21125 0.5482661668228679 0.02375 0.016869728209934397
0 0.078125 0.5618556701030928 0.0125 0.015932521087160263
1 0.18625 0.5529522024367385 0.24 0.13120899718837864
1 0.185625 0.43345829428303656 0.19125 0.16588566073102157
1 0.2075 0.44892221180880976 0.27 0.2211808809746954
1 0.26375 0.32755388940955954 0.3475 0.17713214620431114
1 0.2025 0.1513589503280225 0.16125 0.09559512652296158
1 0.2725 0.2099343955014058 0.34 0.190253045923149