0 0.453125 0.29381443298969073 0.085 0.06935332708528585
1 0.6125 0.6593252108716027 0.18625 0.15557638238050608
0 0.6425 0.767572633552015 0.08625 0.061855670103092786
1 0.504375 0.6012183692596064 0.19125 0.1640112464854733
1 0.665 0.4878163074039363 0.135 0.1162136832239925
0 0.9275 0.753514526710403 0.05 0.03936269915651359
0 0.32375 0.7268041237113402 0.0625 0.04498594189315839
0 0.209375 0.6532333645735707 0.0675 0.04967197750702906
0 0.824375 0.717900656044986 0.0525 0.044048734770384255
0 0.960625 0.669165885660731 0.05375 0.04029990627928772
1 0.3325 0.5890346766635426 0.10375 0.08247422680412371
0 0.3425 0.450796626054358 0.045 0.029053420805998126
0 0.41875 0.7844423617619494 0.04 0.02717900656044986
0 0.480625 0.49625117150890347 0.0625 0.04498594189315839
0 0.528125 0.24039362699156513 0.04 0.03936269915651359
0 0.501875 0.7202436738519212 0.05 0.04217432052483599
0 0.540625 0.38706654170571697 0.08875 0.05154639175257732
0 0.529375 0.48687910028116216 0.0625 0.04967197750702906
0 0.695625 0.19634489222118087 0.04875 0.03748828491096532
0 0.286875 0.12652296157450796 0.055 0.02999062792877226
0 0.69 0.8603561387066542 0.06 0.053420805998125584
0 0.621875 0.16447985004686036 0.05125 0.04217432052483599
0 0.67125 0.17619493908153702 0.0425 0.031865042174320526
1 0.389375 0.4831302717900656 0.1525 0.12089971883786317
0 0.245625 0.2914714151827554 0.025 0.023430178069353328
0 0.205625 0.33598875351452673 0.0425 0.014058106841611996
0 0.479375 0.7755388940955952 0.03125 0.026241799437675725
0 0.510625 0.7849109653233365 0.0275 0.028116213683223992
0 0.52 0.7371134020618557 0.025 0.02436738519212746
0 0.534375 0.7122774133083412 0.03375 0.026241799437675725
0 0.396875 0.7277413308341143 0.0325 0.031865042174320526
0 0.659375 0.6743205248359887 0.015 0.011246485473289597
0 0.48 0.4456419868791003 0.035 0.02155576382380506
0 0.380625 0.23336457357075913 0.02875 0.02530459231490159
0 0.338125 0.17713214620431114 0.02125 0.016869728209934397
0 0.579375 0.3561387066541706 0.02375 0.03936269915651359
0 0.54375 0.36082474226804123 0.01875 0.011246485473289597
0 0.74 0.662605435801312 0.0225 0.022492970946579195
0 0.790625 0.8097469540768509 0.0175 0.01499531396438613
0 0.71375 0.6630740393626992 0.0375 0.02717900656044986
0 0.855625 0.8191190253045924 0.01375 0.010309278350515464
0 0.86375 0.7483598875351453 0.0125 0.01218369259606373
0 0.765 0.7600749765698219 0.015 0.014058106841611996
0 0.79 0.5548266166822868 0.02375 0.02155576382380506
0 0.7725 0.5463917525773195 0.02 0.019681349578256794
0 0.769375 0.3922211808809747 0.03625 0.033739456419868794
0 0.74625 0.39878163074039363 0.015 0.013120899718837863
0 0.820625 0.2924086223055295 0.0325 0.02436738519212746
0 0.8975 0.16494845360824742 0.02875 0.02155576382380506
0 0.888125 0.24976569821930647 0.02 0.01780693533270853
0 0.92125 0.302717900656045 0.02125 0.01499531396438613
0 0.905625 0.3673851921274602 0.0175 0.010309278350515464
0 0.91375 0.35660731021555764 0.01375 0.01499531396438613
0 0.93875 0.30880974695407687 0.0175 0.010309278350515464
0 0.758125 0.3406747891283974 0.0225 0.01780693533270853
1 0.256875 0.3936269915651359 0.155 0.10684161199625117
0 0.2775 0.35520149953139646 0.05875 0.014058106841611996
0 0.295625 0.16073102155576383 0.01 0.010309278350515464
0 0.289375 0.15885660731021556 0.0125 0.01218369259606373
1 0.468125 0.1738519212746017 0.18375 0.11152764761012184
0 0.654375 0.1888472352389878 0.04625 0.03936269915651359
0 0.663125 0.2450796626054358 0.01625 0.013120899718837863
0 0.563125 0.3622305529522024 0.02375 0.04029990627928772
1 0.514375 0.4029990627928772 0.0925 0.08059981255857544
0 0.43375 0.5056232427366448 0.01875 0.03467666354264293
0 0.39 0.4817244611059044 0.03375 0.01218369259606373
0 0.354375 0.5965323336457357 0.0125 0.014058106841611996
0 0.351875 0.6115276476101218 0.02625 0.033739456419868794
0 0.336875 0.5721649484536082 0.06375 0.028116213683223992
0 0.203125 0.6419868791002812 0.01875 0.013120899718837863
0 0.706875 0.6776007497656982 0.03125 0.01874414245548266
1 0.620625 0.6377694470477976 0.10875 0.059044048734770385
1 0.50375 0.5918462980318651 0.0425 0.03467666354264293
0 0.7075 0.4957825679475164 0.01375 0.007497656982193065
0 0.735625 0.34114339268978444 0.02125 0.016869728209934397
0 0.6925 0.3950328022492971 0.1425 0.1077788191190253