0 0.7710250000000001 0.4505154639175258 0.0870625 0.058659793814432995
1 0.295625 0.5951827553889409 0.19625 0.12933458294283037
0 0.1539 0.6251733833177132 0.0772125 0.060759137769447046
1 0.365625 0.5101780693533271 0.2064375 0.1330834114339269
1 0.5273 0.6227460168697282 0.1459375 0.09393626991565136
0 0.1925 0.837394564198688 0.05 0.03467666354264293
0 0.18536249999999999 0.3837863167760075 0.056775 0.044048734770384255
0 0.27555 0.2933458294283037 0.0621375 0.04762886597938144
0 0.2325 0.7577319587628866 0.055 0.03655107778819119
0 0.30625 0.8566073102155577 0.05 0.03748828491096532
1 0.36988750000000004 0.38080599812558574 0.103325 0.07216494845360824
0 0.554375 0.3786316776007498 0.03625 0.031865042174320526
0 0.115475 0.45941893158388003 0.0334625 0.0277319587628866
0 0.5037125 0.48538894095595125 0.05655 0.0439456419868791
0 0.8475374999999999 0.5029428303655108 0.0499125 0.026888472352389878
0 0.206875 0.5168697282099344 0.05375 0.03467666354264293
0 0.652975 0.5225117150890347 0.062875 0.06352389878163074
0 0.5191125 0.5210028116213683 0.061925 0.044273664479850046
0 0.9175 0.6251171508903468 0.0475 0.033739456419868794
0 0.982125 0.314601686972821 0.0357375 0.039531396438612934
0 0.03375 0.6672914714151827 0.0675 0.041237113402061855
0 0.955 0.5679475164011246 0.0525 0.03561387066541706
0 0.9425 0.60543580131209 0.04 0.02999062792877226
1 0.5148125 0.41609184629803186 0.1516625 0.10723523898781631
0 0.7599250000000001 0.29507966260543583 0.030449999999999998 0.017150890346766635
0 0.6976875 0.26867853795688845 0.015674999999999998 0.030599812558575443
0 0.1319125 0.5037488284910965 0.032799999999999996 0.02155576382380506
0 0.121875 0.5276476101218369 0.03625 0.01874414245548266
0 0.185625 0.5313964386129335 0.03125 0.016869728209934397
0 0.220225 0.5401874414245548 0.0325 0.023430178069353328
0 0.19 0.4386129334582943 0.04 0.022492970946579195
0 0.279225 0.6313683223992502 0.013462499999999999 0.009990627928772259
0 0.570625 0.48125585754451733 0.02625 0.02530459231490159
0 0.84625 0.3922211808809747 0.0325 0.019681349578256794
0 0.9183875 0.3564386129334583 0.021775000000000003 0.015388940955951266
0 0.6966500000000001 0.5490909090909091 0.050824999999999995 0.01499531396438613
0 0.688125 0.5229615745079662 0.01375 0.013120899718837863
0 0.300625 0.6907216494845361 0.02875 0.01499531396438613
0 0.08375 0.8922211808809747 0.015 0.00937207122774133
0 0.108125 0.738987816307404 0.01875 0.01218369259606373
0 0.298125 0.6709746954076851 0.03375 0.026382380506091846
0 0.1 0.788191190253046 0.0125 0.00937207122774133
0 0.195 0.7895970009372071 0.015 0.008434864104967198
0 0.1725 0.7164948453608248 0.0175 0.010309278350515464
0 0.4475 0.7208528584817244 0.0275 0.017150890346766635
0 0.4575 0.7071227741330834 0.025 0.014058106841611996
0 0.3810625 0.9190440487347704 0.01625 0.01218369259606373
0 0.662475 0.6938894095595126 0.0424375 0.0250796626054358
0 0.651875 0.6771321462043112 0.01625 0.010309278350515464
0 0.79875 0.725398313027179 0.03 0.022492970946579195
0 0.9740125000000001 0.7739643861293346 0.0275875 0.020618556701030927
0 0.86 0.7727272727272727 0.0225 0.014058106841611996
0 0.8661 0.8687628865979382 0.0222125 0.01681349578256795
0 0.791875 0.8013120899718837 0.01875 0.01499531396438613
0 0.705 0.7942830365510778 0.0125 0.01218369259606373
0 0.719375 0.7994376757263355 0.01875 0.00937207122774133
0 0.78515 0.8149015932521088 0.0125 0.01218369259606373
0 0.73 0.6818181818181818 0.0225 0.015932521087160263
0 0.729925 0.928116213683224 0.0175 0.013120899718837863
1 0.6245125 0.3109090909090909 0.1328125 0.10924086223055296
0 0.6766125 0.3235332708528585 0.0153625 0.043467666354264294
0 0.9366875 0.32312089971883784 0.0132125 0.006138706654170572
0 0.939425 0.3185848172446111 0.015149999999999999 0.008209934395501406
1 0.93195 0.4535801312089972 0.1361 0.13091846298031865
0 0.9247 0.5939268978444237 0.0499375 0.032108716026241796
0 0.8504 0.6042361761949391 0.0160625 0.011490159325210872
0 0.6872750000000001 0.5376476101218369 0.052962499999999996 0.015454545454545453
1 0.6299 0.5043392689784443 0.101775 0.0649203373945642
0 0.48788750000000003 0.4509465791940019 0.0450875 0.012155576382380507
0 0.517125 0.41665417057169635 0.0134375 0.024695407685098408
0 0.36103749999999996 0.3980318650421743 0.0173875 0.008209934395501406
0 0.34136249999999996 0.3969540768509841 0.0439875 0.01761012183692596
0 0.3923625 0.38295220243673855 0.033875 0.045698219306466725
0 0.29036249999999997 0.2876007497656982 0.0162875 0.01289597000937207
0 0.278375 0.667357075913777 0.022225 0.022717900656044985
1 0.3252125 0.5998781630740394 0.0710375 0.07802249297094659
1 0.3779625 0.5092877225866916 0.043775 0.029971883786316777
0 0.519875 0.6549953139643861 0.008387499999999999 0.010178069353327084
0 0.7276250000000001 0.6647235238987816 0.0211375 0.01478912839737582
0 0.652875 0.6366073102155576 0.13496249999999999 0.10036551077788192
0 0.744325 0.9129522024367385 0.011899999999999999 0.014133083411433926
0 0.7297 0.9115463917525773 0.0165125 0.012980318650421744