0 0.58125 0.5079662605435802 0.05875 0.04967197750702906
0 0.471875 0.4414245548266167 0.08625 0.05154639175257732
0 0.59625 0.6757263355201499 0.06 0.038425492033739454
0 0.735 0.6499531396438613 0.04 0.06373008434864105
0 0.52125 0.5876288659793815 0.09625 0.08059981255857544
0 0.7025 0.47375820056232426 0.0325 0.02530459231490159
0 0.67875 0.5463917525773195 0.03 0.028116213683223992
0 0.48125 0.717900656044986 0.035 0.03748828491096532
0 0.326875 0.7778819119025304 0.0475 0.04311152764761012
0 0.66875 0.7703842549203374 0.07875 0.06747891283973759
0 0.698125 0.4268978444236176 0.03125 0.02530459231490159
0 0.34125 0.6293345829428304 0.03625 0.05810684161199625
0 0.69875 0.14245548266166824 0.0525 0.03936269915651359
0 0.46125 0.612464854732896 0.04 0.05060918462980318
0 0.375 0.5445173383317713 0.04875 0.030927835051546393
1 0.510625 0.22914714151827553 0.15625 0.14995313964386128
0 0.36375 0.7000937207122774 0.0225 0.022492970946579195
0 0.5525 0.704311152764761 0.02875 0.02999062792877226
0 0.716875 0.29896907216494845 0.01625 0.01874414245548266
0 0.73125 0.802717900656045 0.04375 0.03655107778819119
0 0.30625 0.7216494845360825 0.01875 0.020618556701030927
0 0.6625 0.28537956888472354 0.01375 0.011246485473289597
0 0.575625 0.584348641049672 0.0675 0.029053420805998126
0 0.41625 0.7277413308341143 0.02375 0.023430178069353328
0 0.49625 0.7656982193064668 0.03375 0.02717900656044986
0 0.409375 0.6757263355201499 0.01375 0.014058106841611996
0 0.604375 0.8252108716026242 0.05375 0.03748828491096532
0 0.455 0.7858481724461106 0.05375 0.05435801312089972
0 0.34625 0.2933458294283037 0.0675 0.046860356138706656
0 0.41125 0.2310215557638238 0.0125 0.01780693533270853
0 0.155625 0.1485473289597001 0.035 0.02155576382380506
0 0.785 0.24320524835988752 0.02625 0.07966260543580131
0 0.700625 0.16635426429240863 0.03875 0.029053420805998126
0 0.65625 0.2694470477975633 0.01125 0.013120899718837863
0 0.6475 0.27928772258669166 0.00875 0.011246485473289597
0 0.6625 0.27319587628865977 0.00625 0.004686035613870665
0 0.710625 0.32286785379568883 0.01 0.01218369259606373
0 0.78375 0.3767572633552015 0.0125 0.01499531396438613
0 0.780625 0.33786316776007497 0.005 0.00937207122774133
0 0.779375 0.6818181818181818 0.015 0.02717900656044986
0 0.786875 0.8041237113402062 0.01625 0.04592314901593252
0 0.7225 0.8547328959700093 0.06125 0.02530459231490159
0 0.60625 0.7446110590440488 0.0725 0.06560449859418932
0 0.4575 0.7085285848172446 0.03625 0.033739456419868794
0 0.445 0.5782567947516402 0.01125 0.010309278350515464
0 0.540625 0.5060918462980318 0.02125 0.016869728209934397
0 0.531875 0.3125585754451734 0.0125 0.00937207122774133
0 0.4775 0.4090909090909091 0.0075 0.005623242736644799
0 0.471875 0.4053420805998126 0.00625 0.005623242736644799
0 0.441875 0.3753514526710403 0.04125 0.04779756326148079
0 0.3725 0.45126522961574506 0.02125 0.011246485473289597
0 0.341875 0.4329896907216495 0.0125 0.010309278350515464
0 0.29 0.43580131208997186 0.0075 0.008434864104967198
0 0.3175 0.3280224929709466 0.06625 0.046860356138706656
0 0.306875 0.23851921274601687 0.01 0.00937207122774133
0 0.391875 0.22305529522024367 0.01 0.008434864104967198
0 0.419375 0.15089034676663543 0.0125 0.014058106841611996
0 0.42375 0.23851921274601687 0.01375 0.019681349578256794
1 0.498125 0.394095595126523 0.1 0.07122774133083412
1 0.511875 0.3716026241799438 0.15375 0.12839737582005623
1 0.490625 0.2933458294283037 0.1875 0.11527647610121837
0 0.50875 0.42221180880974696 0.015 0.01218369259606373
1 0.42875 0.8748828491096532 0.0225 0.007497656982193065