0 0.515 0.43952202436738524 0.06375 0.041180880974695404
0 0.420625 0.5178069353327085 0.065 0.061855670103092786
0 0.739375 0.4372071227741331 0.04875 0.04311152764761012
0 0.711875 0.33177132146204313 0.08375 0.02717900656044986
0 0.6179749999999999 0.4889409559512653 0.1022125 0.06804123711340206
0 0.4755 0.3473008434864105 0.03225 0.023561387066541706
0 0.57125 0.36879100281162136 0.03625 0.02155576382380506
0 0.7893000000000001 0.5252108716026241 0.0489 0.02417057169634489
0 0.86125 0.6443298969072165 0.055 0.033739456419868794
0 0.8686375 0.38780693533270855 0.0864875 0.05491096532333646
0 0.41332500000000005 0.3476663542642924 0.0325 0.022492970946579195
0 0.66375 0.6255857544517338 0.07625 0.02436738519212746
0 0.034125 0.33264292408622304 0.0495 0.037357075913776946
0 0.6475 0.5344611059044049 0.06625 0.0267572633552015
0 0.5525 0.5960637300843487 0.03875 0.03467666354264293
1 0.14005 0.47801312089971887 0.1925875 0.1097282099343955
0 0.759375 0.612464854732896 0.02875 0.015932521087160263
0 0.775 0.47141518275538896 0.03875 0.019681349578256794
0 0.24375 0.32715089034676664 0.02375 0.011433926897844423
0 0.9147124999999999 0.34261480787253984 0.045675 0.03079662605435801
0 0.785 0.6565135895032802 0.02625 0.013120899718837863
0 0.22219999999999998 0.3671227741330834 0.0143625 0.009775070290534208
0 0.61625 0.44798500468603564 0.035 0.04967197750702906
0 0.798575 0.5745079662605436 0.0303625 0.016869728209934397
0 0.85395 0.5169915651358951 0.0348125 0.024442361761949388
0 0.7295 0.5767572633552015 0.01725 0.009184629803186505
0 0.938875 0.4390440487347704 0.0470375 0.038313027179006566
0 0.878125 0.5487347703842549 0.07 0.03748828491096532
0 0.216875 0.6044985941893158 0.05875 0.04873477038425492
0 0.1367375 0.5522774133083411 0.023475000000000003 0.008847235238987816
0 0.01375 0.739456419868791 0.0275 0.02530459231490159
0 0.17301249999999999 0.2730365510777882 0.1048375 0.01547328959700094
0 0.066025 0.33211808809746957 0.0356625 0.0277319587628866
0 0.20147500000000002 0.37130271790065605 0.0173375 0.007328959700093721
0 0.21401250000000002 0.37835988753514527 0.01455 0.006035613870665418
0 0.2060875 0.3663261480787254 0.0064125 0.004442361761949391
0 0.27505 0.3330834114339269 0.0158375 0.006373008434864105
0 0.3506625 0.28130271790065603 0.020125 0.0081630740393627
0 0.29862500000000003 0.2814620431115276 0.0124125 0.003017806935332709
0 0.7566875000000001 0.30048734770384256 0.0349 0.01056232427366448
0 0.9199124999999999 0.3011340206185567 0.060599999999999994 0.010253045923149016
0 0.98465 0.35178069353327085 0.0307125 0.04506091846298032
0 0.8312375 0.4332895970009372 0.083325 0.05196813495782568
0 0.7758625000000001 0.5427460168697282 0.0441125 0.025473289597000938
0 0.6009625 0.5453233364573571 0.013912500000000001 0.007825679475164011
0 0.51025 0.46983130271790063 0.020975 0.014564198687910028
0 0.2516 0.4663917525773196 0.010925 0.008969072164948454
0 0.3774375 0.5122492970946579 0.0072625 0.005595126522961574
0 0.37262500000000004 0.5160168697282099 0.0079125 0.004789128397375821
0 0.33075000000000004 0.5371321462043112 0.061275 0.028059981255857545
0 0.4282125 0.5926148078725398 0.0132625 0.014732895970009372
0 0.40271250000000003 0.6150234301780694 0.0132625 0.008153701968134957
0 0.4039 0.6534864104967197 0.0109125 0.0060543580131208995
0 0.261125 0.627460168697282 0.0591 0.047478912839737576
0 0.14182499999999998 0.6305154639175258 0.0119875 0.0070103092783505155
0 0.1258625 0.5665979381443298 0.0109125 0.007347703842549203
0 0.03055 0.5421930646672914 0.0182 0.007994376757263355
0 0.1473875 0.5437207122774133 0.025687500000000002 0.009119025304592316
1 0.3587625 0.495651358950328 0.0901 0.07136832239925024
1 0.329175 0.48448922211808815 0.16355 0.10916588566073103
1 0.22436250000000002 0.49639175257731954 0.1445 0.13475164011246485
0 0.3968625 0.48938144329896904 0.015600000000000001 0.010299906279287722
1 0.9955124999999999 0.5732895970009373 0.008975 0.01661668228678538