1 0.323125 0.5164011246485474 0.10875 0.07778819119025304
0 0.8125 0.7104029990627929 0.085 0.059044048734770385
0 0.89875 0.4006560449859419 0.03 0.02717900656044986
0 0.8575 0.5084348641049672 0.03125 0.022492970946579195
0 0.769375 0.5370196813495782 0.0275 0.022492970946579195
0 0.689375 0.6916588566073102 0.03125 0.02436738519212746
1 0.505 0.6185567010309279 0.1125 0.08716026241799438
1 0.159375 0.4353327085285848 0.07375 0.03936269915651359
0 0.82375 0.569821930646673 0.02875 0.022492970946579195
0 0.795 0.612464854732896 0.03125 0.02155576382380506
0 0.70875 0.6143392689784443 0.03125 0.041237113402061855
0 0.554375 0.18322399250234303 0.12875 0.04967197750702906
1 0.54 0.31302717900656046 0.2475 0.13120899718837864
1 0.8425 0.3402061855670103 0.13625 0.09746954076850985
0 0.1225 0.7235238987816307 0.04 0.019681349578256794
0 0.753125 0.8481724461105904 0.03375 0.023430178069353328
1 0.264375 0.2619493908153702 0.24625 0.11246485473289597
0 0.339375 0.3655107778819119 0.055 0.03655107778819119
0 0.033125 0.746485473289597 0.015 0.02530459231490159
0 0.675625 0.5515463917525774 0.02875 0.02530459231490159
0 0.505625 0.7122774133083412 0.035 0.04217432052483599
0 0.058125 0.7952202436738519 0.055 0.031865042174320526
0 0.458125 0.7713214620431116 0.04125 0.04498594189315839
0 0.80125 0.8181818181818182 0.03875 0.019681349578256794
0 0.491875 0.14526710402999063 0.02625 0.01874414245548266
0 0.17 0.7446110590440488 0.04 0.019681349578256794
1 0.844375 0.6312089971883786 0.1125 0.07497656982193064
1 0.5525 0.8181818181818182 0.055 0.031865042174320526
1 0.574375 0.8566073102155577 0.08625 0.03561387066541706
1 0.375 0.8088097469540768 0.12375 0.09090909090909091
1 0.290625 0.8669165885660731 0.1925 0.05810684161199625
1 0.13875 0.8786316776007498 0.19625 0.053420805998125584
1 0.603125 0.43673851921274603 0.32 0.23149015932521086
1 0.841875 0.28537956888472354 0.12 0.04498594189315839
1 0.83 0.22024367385192128 0.28375 0.08528584817244611
1 0.75625 0.1846298031865042 0.1575 0.06373008434864105
1 0.8375 0.1640112464854733 0.1475 0.056232427366447985
1 0.576875 0.2450796626054358 0.0975 0.038425492033739454
1 0.42625 0.3809746954076851 0.0675 0.04029990627928772
1 0.316875 0.39971883786316775 0.04125 0.03280224929709466
1 0.306875 0.38191190253045926 0.07 0.033739456419868794
0 0.128125 0.6640112464854733 0.0325 0.020618556701030927
0 0.23125 0.703842549203374 0.0375 0.029053420805998126
0 0.26625 0.7019681349578257 0.04125 0.029053420805998126
0 0.314375 0.6757263355201499 0.025 0.01499531396438613
0 0.276875 0.7455482661668229 0.0425 0.031865042174320526
0 0.3075 0.7497656982193065 0.04875 0.02155576382380506
0 0.393125 0.7216494845360825 0.05 0.033739456419868794
0 0.511875 0.6715089034676663 0.045 0.028116213683223992
0 0.530625 0.6246485473289597 0.0275 0.007497656982193065
0 0.566875 0.7211808809746955 0.02875 0.022492970946579195
0 0.584375 0.6635426429240863 0.0425 0.05154639175257732
0 0.57375 0.6246485473289597 0.01625 0.019681349578256794
0 0.719375 0.7694470477975632 0.01625 0.008434864104967198
0 0.628125 0.8566073102155577 0.02875 0.02436738519212746
0 0.504375 0.8537956888472352 0.02 0.02155576382380506
0 0.501875 0.8706654170571696 0.0225 0.01218369259606373
0 0.411875 0.8701968134957826 0.025 0.015932521087160263
0 0.3825 0.8055295220243673 0.035 0.02436738519212746
0 0.280625 0.8673851921274601 0.02375 0.015932521087160263
0 0.373125 0.8500468603561387 0.01125 0.00937207122774133
0 0.833125 0.6611996251171509 0.025 0.010309278350515464
0 0.868125 0.6490159325210871 0.0125 0.00937207122774133
0 0.92125 0.12558575445173384 0.035 0.016869728209934397
0 0.669375 0.1344892221180881 0.0175 0.008434864104967198
0 0.64 0.1316776007497657 0.02 0.013120899718837863
0 0.57625 0.14198687910028115 0.02125 0.01218369259606373
0 0.611875 0.11949390815370196 0.0275 0.008434864104967198
0 0.64 0.16729147141518275 0.0325 0.015932521087160263
0 0.49375 0.17150890346766634 0.03875 0.026241799437675725
0 0.519375 0.17150890346766634 0.01875 0.00937207122774133
0 0.433125 0.1696344892221181 0.01625 0.006560449859418931
0 0.424375 0.3373945641986879 0.0125 0.006560449859418931
0 0.32 0.23149015932521086 0.0275 0.014058106841611996
0 0.286875 0.22399250234301782 0.03375 0.020618556701030927
0 0.180625 0.24554826616682288 0.03125 0.01780693533270853
0 0.14 0.2642924086223055 0.025 0.019681349578256794
0 0.133125 0.25538894095595127 0.01625 0.007497656982193065
1 0.670625 0.4034676663542643 0.03 0.029053420805998126