1 0.49375 0.36644798500468606 0.095 0.07591377694470477
0 0.193125 0.7150890346766635 0.0725 0.059044048734770385
0 0.5975 0.8064667291471416 0.03375 0.020618556701030927
0 0.4575 0.7661668228678538 0.0275 0.02155576382380506
0 0.4275 0.6977507029053421 0.0275 0.01874414245548266
0 0.22875 0.6246485473289597 0.03 0.02155576382380506
0 0.049375 0.9189315838800375 0.0525 0.03748828491096532
1 0.34161250000000004 0.4936457357075914 0.1069875 0.0782099343955014
1 0.615625 0.2510215557638238 0.04625 0.05256794751640113
0 0.37875 0.7357075913776945 0.0275 0.019681349578256794
0 0.325 0.7104029990627929 0.02625 0.02155576382380506
0 0.33 0.6457357075913777 0.0525 0.019681349578256794
0 0.02625 0.9695407685098407 0.0525 0.05154639175257732
0 0.91625 0.5684161199625117 0.05625 0.09278350515463918
1 0.745 0.5462324273664481 0.155 0.17647610121836926
1 0.790625 0.8917525773195877 0.0375 0.04217432052483599
1 0.682775 0.7699062792877226 0.119975 0.0948078725398313
0 0.235625 0.19868791002811623 0.0225 0.029053420805998126
0 0.015625 0.6588566073102156 0.02875 0.023430178069353328
1 0.836875 0.344892221180881 0.13 0.17713214620431114
0 0.6925 0.3917525773195876 0.045 0.038425492033739454
0 0.2125 0.11996251171508904 0.0325 0.029053420805998126
0 0.41625 0.6265229615745079 0.03125 0.019681349578256794
0 0.2175 0.4854732895970009 0.05375 0.022492970946579195
0 0.14625 0.14339268978444236 0.03875 0.04029990627928772
0 0.143125 0.4451733833177132 0.0575 0.02717900656044986
0 0.05125 0.697282099343955 0.02375 0.02717900656044986
0 0.971875 0.5248359887535146 0.0225 0.01874414245548266
0 0.20375 0.232427366447985 0.0225 0.029053420805998126
1 0.29581250000000003 0.7456326148078726 0.09144999999999999 0.07837863167760074
1 0.072425 0.5111433926897845 0.0383625 0.03852858481724461
1 0.020225 0.5241986879100282 0.04045 0.061977507029053414
1 0.10085000000000001 0.3797282099343955 0.1117 0.08667291471415182
1 0.030725 0.3114058106841612 0.06145 0.1406560449859419
1 0.02735 0.1849015932521087 0.0546875 0.1696626054358013
1 0.574875 0.5826616682286786 0.28326250000000003 0.22205248359887536
1 0.7559375 0.7742361761949391 0.049775 0.08686035613870666
1 0.7552125 0.9215745079662606 0.057999999999999996 0.09155576382380506
1 0.842475 0.7715089034676664 0.0894125 0.20899718837863168
1 0.8968625 0.7188003748828491 0.0724875 0.11299906279287722
1 0.9166875 0.7811340206185567 0.06282499999999999 0.10643861293345828
1 0.8316 0.5794283036551078 0.0434875 0.07059981255857545
1 0.664325 0.4556419868791003 0.04832499999999999 0.047760074976569825
1 0.6493375 0.3722774133083412 0.041550000000000004 0.02820993439550141
1 0.67375 0.36593252108716023 0.0391375 0.04959700093720713
1 0.50115 0.028294283036551078 0.06722500000000001 0.056588566073102156
0 0.053224999999999995 0.10259606373008434 0.0299625 0.02168697282099344
0 0.27923749999999997 0.08755388940955952 0.036225 0.019887535145267102
0 0.3142875 0.20824742268041235 0.025099999999999997 0.022755388940955953
0 0.2524125 0.2816588566073102 0.035750000000000004 0.026026241799437674
0 0.2516875 0.30774133083411437 0.0352625 0.028903467666354266
0 0.282625 0.3456232427366448 0.0178625 0.01767572633552015
0 0.1931875 0.3122867853795689 0.0391375 0.02928772258669166
0 0.184975 0.33438612933458295 0.0256 0.0350796626054358
0 0.2151875 0.40053420805998124 0.041550000000000004 0.03470477975632615
0 0.27149999999999996 0.49388003748828496 0.034300000000000004 0.031443298969072164
0 0.332175 0.5119962511715088 0.0077 0.02056232427366448
0 0.20092500000000002 0.5306747891283974 0.027525 0.019484536082474226
0 0.27537500000000004 0.5487910028116213 0.0662 0.026719775070290535
0 0.32831249999999995 0.5438987816307405 0.025099999999999997 0.010412371134020618
0 0.12332499999999999 0.640468603561387 0.0106125 0.011443298969072166
0 0.0148 0.5645548266166823 0.029500000000000002 0.019315838800374883
0 0.0290625 0.47233364573570763 0.0270875 0.01309278350515464
0 0.0077625 0.4692502343017807 0.015525 0.015529522024367385
0 0.015525 0.40200562324273664 0.0183875 0.018059981255857543
0 0.104225 0.38587628865979384 0.0294625 0.02423617619493908
0 0.030987499999999998 0.30414245548266167 0.018349999999999998 0.01662605435801312
0 0.045975 0.37480787253983133 0.011575 0.0078912839737582
0 0.25701250000000003 0.73456419868791 0.0111375 0.017656982193064667
0 0.2703 0.7617432052483598 0.01065 0.008219306466729148
0 0.9609125000000001 0.8474601686972821 0.0197875 0.025238987816307405
0 0.9708249999999999 0.6584442361761949 0.0106 0.012596063730084348
0 0.9771125 0.6368884723523899 0.016399999999999998 0.013701968134957825
0 0.9689 0.5881443298969071 0.0144625 0.014817244611059044
0 0.9955750000000001 0.616776007497657 0.00885 0.019268978444236175
0 0.929975 0.6336269915651359 0.018825 0.023851921274601687
0 0.9369875000000001 0.5237956888472353 0.031875 0.02676663542642924
0 0.9350499999999999 0.5431958762886598 0.0116375 0.013477038425492034
0 0.9449625 0.47904404873477036 0.007212499999999999 0.011911902530459232
0 0.7223375 0.4576476101218369 0.0077125 0.009006560449859419
0 0.8724500000000001 0.38913776944704775 0.015925 0.019878163074039362
0 0.8850125 0.36522961574507967 0.0255875 0.02358950328022493
0 0.8659250000000001 0.2832989690721649 0.0212375 0.022783505154639175
0 0.8443999999999999 0.251593252108716 0.024624999999999998 0.016644798500468606
0 0.8567374999999999 0.2476007497656982 0.008675 0.011574507966260543
0 0.5840625 0.11728209934395502 0.02415 0.02134020618556701
1 0.6130749999999999 0.6357919400187442 0.035875 0.02096532333645736