0 0.930625 0.5131208997188379 0.09 0.06747891283973759
0 0.664375 0.38706654170571697 0.105 0.08153701968134958
0 0.21625 0.8322399250234301 0.1275 0.05810684161199625
0 0.685 0.676663542642924 0.0525 0.04967197750702906
0 0.72875 0.8495782567947516 0.08875 0.06654170571696345
0 0.658125 0.5257731958762887 0.035 0.02717900656044986
0 0.896875 0.7061855670103093 0.065 0.044048734770384255
0 0.5325 0.5374882849109653 0.03375 0.022492970946579195
0 0.330625 0.7694470477975632 0.10875 0.03748828491096532
0 0.990625 0.26288659793814434 0.01875 0.09278350515463918
0 0.03375 0.5627928772258669 0.0675 0.07591377694470477
0 0.624375 0.6096532333645736 0.07125 0.05435801312089972
0 0.82 0.5599812558575445 0.05 0.02436738519212746
0 0.916875 0.4395501405810684 0.0475 0.029053420805998126
0 0.065 0.604967197750703 0.13 0.13964386129334583
0 0.594375 0.8570759137769447 0.0625 0.04592314901593252
0 0.379375 0.43908153701968133 0.04375 0.03280224929709466
0 0.211875 0.6776007497656982 0.0525 0.04311152764761012
0 0.4725 0.33598875351452673 0.03625 0.029053420805998126
0 0.15125 0.5117150890346767 0.03125 0.020618556701030927
0 0.88 0.3125585754451734 0.01875 0.015932521087160263
0 0.865 0.3083411433926898 0.01625 0.013120899718837863
0 0.845 0.2736644798500469 0.01125 0.013120899718837863
0 0.5575 0.4971883786316776 0.0125 0.013120899718837863
0 0.3925 0.23758200562324275 0.0125 0.010309278350515464
0 0.395625 0.30318650421743204 0.04375 0.026241799437675725
0 0.31125 0.1527647610121837 0.0225 0.014058106841611996
0 0.29 0.14995313964386128 0.03625 0.029053420805998126
0 0.21125 0.22024367385192128 0.0125 0.011246485473289597
0 0.1475 0.3045923149015933 0.02 0.01218369259606373
0 0.044375 0.38144329896907214 0.03125 0.023430178069353328
0 0.2375 0.6902530459231491 0.01875 0.01780693533270853
0 0.32 0.5477975632614808 0.02375 0.026241799437675725
0 0.0975 0.837863167760075 0.06875 0.029053420805998126
0 0.438125 0.7174320524835989 0.01875 0.01499531396438613
0 0.65375 0.8739456419868791 0.05375 0.028116213683223992
0 0.590625 0.8762886597938144 0.07125 0.016869728209934397
0 0.715 0.6804123711340206 0.02375 0.023430178069353328