0 0.808125 0.8177132146204311 0.09625 0.04592314901593252
0 0.608125 0.7202436738519212 0.03875 0.028116213683223992
0 0.536875 0.6396438612933458 0.0375 0.02717900656044986
0 0.111875 0.6246485473289597 0.0975 0.08247422680412371
0 0.98625 0.7689784442361762 0.0275 0.05154639175257732
0 0.7725 0.6237113402061856 0.085 0.04873477038425492
0 0.690625 0.8134957825679475 0.04375 0.029053420805998126
0 0.044375 0.6096532333645736 0.07375 0.09934395501405811
0 0.74125 0.569821930646673 0.0925 0.08341143392689784
0 0.960625 0.3692596063730084 0.0325 0.02436738519212746
0 0.88125 0.41518275538894095 0.03625 0.023430178069353328
0 0.788125 0.21368322399250234 0.12625 0.05060918462980318
0 0.54 0.7361761949390815 0.04 0.031865042174320526
0 0.329375 0.3219306466729147 0.05125 0.06747891283973759
0 0.708125 0.682755388940956 0.0275 0.020618556701030927
0 0.6125 0.47703842549203374 0.05 0.07029053420805999
0 0.42 0.8369259606373008 0.03625 0.02155576382380506
0 0.079375 0.7900656044985942 0.07875 0.05716963448922212
0 0.749375 0.1846298031865042 0.14375 0.03467666354264293
0 0.92375 0.7211808809746955 0.0325 0.020618556701030927
0 0.771875 0.4536082474226804 0.1725 0.11152764761012184
0 0.96125 0.31302717900656046 0.025 0.01499531396438613
0 0.781875 0.1579194001874414 0.1225 0.03561387066541706
0 0.63625 0.16776007497656983 0.0175 0.011246485473289597
0 0.483125 0.17713214620431114 0.0225 0.013120899718837863
0 0.365625 0.17291471415182755 0.01875 0.015932521087160263
0 0.484375 0.1991565135895033 0.02125 0.00937207122774133
0 0.274375 0.22914714151827553 0.02625 0.014058106841611996
0 0.24375 0.21462043111527648 0.0125 0.007497656982193065
0 0.23875 0.19634489222118087 0.0175 0.013120899718837863
0 0.318125 0.28631677600749766 0.03875 0.01780693533270853
0 0.35 0.331302717900656 0.01375 0.02436738519212746
0 0.338125 0.32052483598875353 0.01 0.011246485473289597
0 0.39125 0.39128397375820057 0.05625 0.07216494845360824
0 0.45625 0.6105904404873477 0.025 0.01499531396438613
0 0.4675 0.6016869728209935 0.0325 0.01218369259606373
0 0.045625 0.4114339268978444 0.0225 0.023430178069353328
0 0.738125 0.5257731958762887 0.06875 0.07685098406747891
0 0.62875 0.4835988753514527 0.0125 0.02717900656044986
1 0.400625 0.5248359887535146 0.27125 0.1949390815370197
1 0.1475 0.4700093720712277 0.265 0.2521087160262418
1 0.278125 0.5726335520149953 0.31875 0.1583880037488285