0 0.25375 0.380506091846298 0.0925 0.08341143392689784
0 0.471875 0.38612933458294285 0.0675 0.044048734770384255
0 0.4025 0.6508903467666354 0.10375 0.061855670103092786
0 0.261875 0.5229615745079662 0.065 0.056232427366447985
0 0.45125 0.6794751640112465 0.07375 0.038425492033739454
0 0.63875 0.4765698219306467 0.0425 0.06747891283973759
0 0.2375 0.3013120899718838 0.0425 0.031865042174320526
0 0.169375 0.5857544517338332 0.04375 0.030927835051546393
0 0.3575 0.323805060918463 0.0425 0.031865042174320526
0 0.5375 0.5946579194001874 0.03625 0.03561387066541706
0 0.61375 0.3631677600749766 0.035 0.02530459231490159
0 0.299375 0.662605435801312 0.05875 0.04217432052483599
0 0.416875 0.36457357075913777 0.0375 0.04592314901593252
0 0.72875 0.37910028116213684 0.0325 0.026241799437675725
0 0.620625 0.6134020618556701 0.02375 0.020618556701030927
0 0.498125 0.47141518275538896 0.07 0.02436738519212746
0 0.310625 0.4971883786316776 0.015 0.010309278350515464
0 0.701875 0.6513589503280225 0.025 0.019681349578256794
0 0.7025 0.22774133083411435 0.0375 0.030927835051546393
0 0.47 0.796157450796626 0.08 0.029053420805998126
0 0.068125 0.41611996251171507 0.015 0.010309278350515464
0 0.326875 0.30178069353327086 0.035 0.02530459231490159
0 0.5875 0.34208059981255856 0.0375 0.02717900656044986
0 0.505 0.5346766635426429 0.02875 0.01780693533270853
0 0.59125 0.5520149953139644 0.0275 0.019681349578256794
0 0.72625 0.6883786316776007 0.04375 0.02999062792877226
0 0.731875 0.8223992502343018 0.02125 0.019681349578256794
0 0.395625 0.5585754451733833 0.04 0.029053420805998126
0 0.26125 0.6419868791002812 0.02625 0.020618556701030927
0 0.596875 0.6710402999062793 0.015 0.01218369259606373
0 0.70625 0.7474226804123711 0.015 0.010309278350515464
0 0.729375 0.7647610121836926 0.025 0.020618556701030927
1 0.593125 0.7952202436738519 0.03875 0.030927835051546393
1 0.604375 0.7966260543580131 0.11625 0.09559512652296158
1 0.465 0.8477038425492034 0.1325 0.05998125585754452
1 0.411875 0.837863167760075 0.12 0.08153701968134958
1 0.37 0.7769447047797563 0.125 0.09653233364573571
1 0.3375 0.7361761949390815 0.13 0.10684161199625117
0 0.270625 0.7806935332708529 0.02375 0.09653233364573571
0 0.288125 0.6705716963448922 0.01375 0.00937207122774133
0 0.15375 0.7858481724461106 0.01125 0.00937207122774133
0 0.235625 0.6232427366447985 0.015 0.008434864104967198
0 0.281875 0.5187441424554826 0.03 0.02436738519212746
0 0.08 0.5014058106841612 0.015 0.010309278350515464
0 0.128125 0.41518275538894095 0.015 0.00937207122774133
0 0.275 0.38706654170571697 0.0575 0.029053420805998126
0 0.116875 0.31537019681349576 0.01625 0.014058106841611996
0 0.1975 0.17853795688847235 0.0175 0.013120899718837863
0 0.15875 0.1626054358013121 0.03875 0.033739456419868794
0 0.12875 0.14995313964386128 0.045 0.030927835051546393
0 0.354375 0.14995313964386128 0.01625 0.010309278350515464
0 0.335 0.14667291471415184 0.0175 0.01218369259606373
0 0.48 0.32755388940955954 0.0225 0.007497656982193065
0 0.51125 0.1640112464854733 0.02375 0.022492970946579195
0 0.524375 0.16119962511715089 0.00875 0.01499531396438613
0 0.55625 0.26101218369259604 0.00875 0.008434864104967198
0 0.5525 0.267572633552015 0.0125 0.016869728209934397
0 0.6275 0.7005623242736645 0.015 0.013120899718837863
0 0.733125 0.8636363636363636 0.0225 0.011246485473289597
0 0.050625 0.7071227741330834 0.01125 0.011246485473289597
0 0.00875 0.5791940018744143 0.01125 0.00937207122774133