0 0.4125625 0.1652863849765258 0.0262625 0.02624413145539906
0 0.5465875 0.2745258215962441 0.044325 0.036863849765258215
0 0.6153625 0.5611267605633803 0.0483125 0.08100469483568075
0 0.723425 0.18623474178403757 0.027825000000000003 0.025154929577464787
0 0.6351749999999999 0.3616619718309859 0.021662499999999998 0.06665727699530516
0 0.224375 0.2431924882629108 0.01125 0.007511737089201878
0 0.22375 0.2516431924882629 0.025 0.007511737089201878
0 0.175625 0.23990610328638498 0.01875 0.010328638497652582
0 0.2812875 0.32692018779342724 0.0074125 0.009070422535211268
0 0.4689625 0.22811267605633803 0.027912499999999996 0.024535211267605633
0 0.4753 0.32906103286384975 0.026912500000000002 0.024873239436619718
0 0.36125 0.15586854460093896 0.0225 0.018779342723004695
0 0.34375 0.1511737089201878 0.015 0.011267605633802818
0 0.711 0.2547417840375587 0.029162499999999997 0.025220657276995306
0 0.8242875 0.12536150234741783 0.02075 0.017089201877934272
0 0.283125 0.360093896713615 0.01875 0.01596244131455399
0 0.32808750000000003 0.3971830985915493 0.021187499999999998 0.013145539906103286
0 0.09949999999999999 0.48018779342723 0.033162500000000004 0.01564319248826291
0 0.51 0.5206572769953052 0.0225 0.027230046948356807
0 0.594375 0.48544600938967136 0.04125 0.011267605633802818
0 0.595 0.38729577464788734 0.05 0.012262910798122067
0 0.545 0.5117370892018779 0.015 0.03755868544600939
0 0.381125 0.41831924882629107 0.022075 0.012328638497652583
0 0.3483375 0.4092394366197183 0.0175 0.012206572769953052
0 0.584375 0.5267605633802817 0.00875 0.007511737089201878
0 0.209375 0.6807511737089202 0.01125 0.007511737089201878
0 0.8193874999999999 0.5730422535211267 0.013725000000000001 0.012629107981220657
0 0.9926375000000001 0.4627230046948357 0.014737499999999999 0.005868544600938967
0 0.8360875 0.3901971830985915 0.005024999999999999 0.009370892018779343
0 0.8609 0.3685446009389671 0.0052 0.010009389671361503
0 0.8575624999999999 0.2896807511737089 0.0095125 0.015154929577464789
0 0.8632375 0.22543661971830986 0.006500000000000001 0.014384976525821597
0 0.829575 0.12271361502347418 0.012375 0.01031924882629108
0 0.8431125 0.1200093896713615 0.0143875 0.012450704225352112
0 0.406 0.33371830985915496 0.0088375 0.009136150234741784
0 0.17145 0.3951549295774648 0.0085375 0.008751173708920187
0 0.5947875 0.6576431924882629 0.037525 0.04905164319248827
0 0.5266125 0.6756525821596244 0.0132625 0.014863849765258216
0 0.50915 0.6693708920187793 0.018725000000000002 0.013352112676056339
0 0.431425 0.6331361502347418 0.0212875 0.013211267605633802
0 0.3189625 0.6192676056338028 0.0128375 0.0075399061032863845
0 0.2688875 0.5385821596244131 0.022949999999999998 0.010460093896713615
0 0.2304 0.5349953051643193 0.011000000000000001 0.006309859154929577
0 0.157075 0.5109859154929578 0.011375 0.006582159624413145
0 0.15109999999999998 0.5023568075117371 0.015224999999999999 0.006450704225352113
0 0.0598625 0.4735680751173709 0.013587499999999999 0.00631924882629108
0 0.06915 0.48344600938967136 0.02335 0.0067981220657276995
0 0.6344 0.5963286384976526 0.0309125 0.071962441314554
1 0.21795 0.5156713615023475 0.338175 0.1331455399061033
1 0.3882625 0.6205539906103287 0.2924625 0.1368356807511737
1 0.041299999999999996 0.2992018779342723 0.0825875 0.050666666666666665
0 0.008375 0.1964319248826291 0.0149125 0.022920187793427232
0 0.122125 0.22813145539906104 0.0113875 0.011755868544600938
0 0.174 0.21566197183098593 0.014025000000000001 0.010647887323943662
0 0.201425 0.21088262910798122 0.0113875 0.00927699530516432
0 0.251075 0.22372769953051644 0.0112125 0.007906103286384976
0 0.271475 0.1856901408450704 0.0087375 0.011248826291079813
0 0.2979 0.15932394366197183 0.016 0.01088262910798122