0 0.938125 0.4112676056338028 0.03625 0.0215962441314554
0 0.8025 0.5192488262910798 0.05125 0.03568075117370892
0 0.426875 0.5910798122065728 0.11125 0.04225352112676056
0 0.931875 0.6455399061032864 0.035 0.022535211267605635
0 0.693125 0.5915492957746479 0.09 0.020657276995305163
0 0.821875 0.2755868544600939 0.01125 0.009389671361502348
0 0.810625 0.2755868544600939 0.01125 0.01971830985915493
0 0.8225 0.23896713615023474 0.015 0.015023474178403756
0 0.715 0.323943661971831 0.0125 0.006572769953051643
0 0.85875 0.45774647887323944 0.03375 0.022535211267605635
0 0.725 0.4694835680751174 0.03375 0.022535211267605635
0 0.9475 0.37183098591549296 0.02625 0.01784037558685446
0 0.9525 0.3586854460093897 0.01625 0.012206572769953052
0 0.84 0.6413145539906103 0.03625 0.023474178403755867
0 0.670625 0.3276995305164319 0.0225 0.015023474178403756
0 0.624375 0.36384976525821594 0.01875 0.016901408450704224
0 0.498125 0.19859154929577466 0.02375 0.02629107981220657
0 0.473125 0.5089201877934272 0.0375 0.018779342723004695
0 0.525625 0.5694835680751174 0.0175 0.03192488262910798
0 0.65625 0.5633802816901409 0.02 0.038497652582159626
0 0.4875 0.5347417840375587 0.05125 0.014084507042253521
0 0.6 0.4051643192488263 0.0175 0.01784037558685446
0 0.61 0.37981220657276993 0.0175 0.014084507042253521
0 0.470625 0.5652582159624413 0.01 0.007511737089201878
0 0.24 0.2948356807511737 0.01125 0.009389671361502348
0 0.425 0.7446009389671362 0.0175 0.011267605633802818
0 0.58375 0.8666666666666667 0.00875 0.011267605633802818
0 0.669375 0.744131455399061 0.0125 0.004694835680751174
0 0.7 0.7610328638497652 0.01375 0.004694835680751174
0 0.804375 0.7530516431924883 0.02125 0.008450704225352112
0 0.89 0.7530516431924883 0.01875 0.005633802816901409
0 0.714375 0.4183098591549296 0.0125 0.007511737089201878
0 0.61625 0.24647887323943662 0.01125 0.007511737089201878
0 0.296875 0.5821596244131455 0.0675 0.03192488262910798
0 0.26875 0.532394366197183 0.02125 0.011267605633802818
0 0.275625 0.5187793427230047 0.01875 0.015023474178403756
0 0.318125 0.45774647887323944 0.01875 0.016901408450704224
0 0.32875 0.3723004694835681 0.01125 0.010328638497652582
0 0.4325 0.3295774647887324 0.015 0.01784037558685446
0 0.434375 0.3004694835680751 0.01 0.008450704225352112
0 0.461875 0.24366197183098592 0.01 0.008450704225352112
0 0.4725 0.23896713615023474 0.01 0.011267605633802818
0 0.504375 0.16854460093896714 0.01 0.010328638497652582
0 0.491875 0.176056338028169 0.01 0.01784037558685446
0 0.38125 0.6075117370892019 0.09875 0.028169014084507043
1 0.46 0.2896713615023474 0.20125 0.26291079812206575
1 0.331875 0.4244131455399061 0.2025 0.2291079812206573
1 0.735 0.14225352112676057 0.0725 0.06572769953051644
0 0.869375 0.11032863849765258 0.03125 0.013145539906103286
0 0.834375 0.19765258215962442 0.0175 0.009389671361502348
0 0.855 0.23568075117370893 0.015 0.011267605633802818
0 0.863125 0.25586854460093894 0.01375 0.009389671361502348
0 0.849375 0.2943661971830986 0.01125 0.009389671361502348
0 0.90125 0.30657276995305166 0.015 0.007511737089201878
0 0.93875 0.3248826291079812 0.01625 0.013145539906103286