0 0.049375 0.5422535211267606 0.03625 0.0215962441314554
0 0.20375 0.44929577464788734 0.05125 0.03568075117370892
0 0.589375 0.41784037558685444 0.11125 0.04225352112676056
0 0.099375 0.3107981220657277 0.035 0.022535211267605635
0 0.325625 0.3892018779342723 0.09 0.020657276995305163
0 0.14 0.6887323943661972 0.01125 0.009389671361502348
0 0.150625 0.6896713615023474 0.01125 0.01971830985915493
0 0.131875 0.7248826291079812 0.015 0.015023474178403756
0 0.254375 0.6516431924882629 0.0125 0.006572769953051643
0 0.136875 0.504225352112676 0.03375 0.022535211267605635
0 0.27125 0.5070422535211268 0.03375 0.022535211267605635
0 0.033125 0.57981220657277 0.02625 0.01784037558685446
0 0.025625 0.5929577464788732 0.01625 0.012206572769953052
0 0.189375 0.3244131455399061 0.03625 0.023474178403755867
0 0.03 0.23051643192488264 0.01375 0.016901408450704224
0 0.299375 0.6525821596244131 0.0225 0.015023474178403756
0 0.35125 0.6215962441314554 0.01875 0.016901408450704224
0 0.445625 0.7990610328638498 0.02375 0.02629107981220657
0 0.528125 0.49389671361502346 0.0375 0.018779342723004695
0 0.4875 0.428169014084507 0.0175 0.03192488262910798
0 0.356875 0.4211267605633803 0.02 0.038497652582159626
0 0.51875 0.4671361502347418 0.05125 0.014084507042253521
0 0.383125 0.5830985915492958 0.0175 0.01784037558685446
0 0.369375 0.6075117370892019 0.0175 0.014084507042253521
0 0.54125 0.4384976525821596 0.01 0.007511737089201878
0 0.72 0.7305164319248826 0.01125 0.009389671361502348
0 0.619375 0.26572769953051645 0.0175 0.011267605633802818
0 0.485 0.12816901408450704 0.00875 0.011267605633802818
0 0.3775 0.2403755868544601 0.0125 0.004694835680751174
0 0.350625 0.22065727699530516 0.01375 0.004694835680751174
0 0.245625 0.21737089201877935 0.02125 0.008450704225352112
0 0.160625 0.20892018779342722 0.01875 0.005633802816901409
0 0.02625 0.2272300469483568 0.005 0.009389671361502348
0 0.2725 0.5586854460093896 0.0125 0.007511737089201878
0 0.338125 0.7389671361502348 0.01125 0.007511737089201878
0 0.71625 0.43990610328638496 0.0675 0.03192488262910798
0 0.735 0.492018779342723 0.02125 0.011267605633802818
0 0.725625 0.5046948356807511 0.01875 0.015023474178403756
0 0.6725 0.5610328638497653 0.01875 0.016901408450704224
0 0.645625 0.644131455399061 0.01125 0.010328638497652582
0 0.535 0.676056338028169 0.015 0.01784037558685446
0 0.528125 0.704225352112676 0.01 0.008450704225352112
0 0.490625 0.7577464788732394 0.01 0.008450704225352112
0 0.47875 0.7615023474178404 0.01 0.011267605633802818
0 0.434375 0.827699530516432 0.01 0.010328638497652582
0 0.448125 0.8215962441314554 0.01 0.01784037558685446
0 0.636875 0.4061032863849765 0.09875 0.028169014084507043
1 0.500625 0.712206572769953 0.20125 0.26291079812206575
1 0.6525 0.592018779342723 0.2025 0.2291079812206573
1 0.20125 0.8295774647887324 0.0725 0.06572769953051644
0 0.0625 0.8474178403755869 0.03125 0.013145539906103286
0 0.1125 0.7643192488262911 0.0175 0.009389671361502348
0 0.099375 0.7244131455399061 0.015 0.011267605633802818
0 0.095 0.7037558685446009 0.01375 0.009389671361502348
0 0.11625 0.6671361502347418 0.01125 0.009389671361502348
0 0.066875 0.6492957746478873 0.015 0.007511737089201878
0 0.033125 0.6276995305164319 0.01625 0.013145539906103286