0 0.65625 0.8045923149015932 0.0875 0.07216494845360824
0 0.464375 0.5820056232427366 0.11125 0.11246485473289597
0 0.365625 0.5126522961574508 0.105 0.1246485473289597
0 0.136875 0.5567010309278351 0.0525 0.03655107778819119
1 0.47875 0.17525773195876287 0.115 0.06654170571696345
0 0.093125 0.17666354264292408 0.03375 0.02155576382380506
0 0.318125 0.3776944704779756 0.05375 0.04311152764761012
0 0.098125 0.5290534208059982 0.06125 0.04311152764761012
0 0.423125 0.8214620431115276 0.04125 0.030927835051546393
0 0.6025 0.24133083411433928 0.0625 0.044048734770384255
0 0.14 0.2310215557638238 0.0375 0.023430178069353328
0 0.041875 0.3303655107778819 0.04 0.026241799437675725
0 0.620625 0.5515463917525774 0.055 0.033739456419868794
0 0.0975 0.2717900656044986 0.035 0.02155576382380506
0 0.1 0.6171508903467666 0.04875 0.031865042174320526
0 0.4925 0.3345829428303655 0.03 0.02530459231490159
0 0.300625 0.6649484536082474 0.1725 0.14807872539831302
0 0.061875 0.4198687910028116 0.04375 0.03280224929709466
0 0.30375 0.450796626054358 0.0175 0.01218369259606373
0 0.09125 0.485941893158388 0.03 0.03280224929709466
0 0.538125 0.4062792877225867 0.0225 0.016869728209934397
0 0.574375 0.2830365510777882 0.03875 0.028116213683223992
0 0.37 0.3856607310215558 0.03625 0.033739456419868794
0 0.734375 0.6537019681349578 0.02625 0.015932521087160263
0 0.155625 0.3537956888472352 0.06375 0.04873477038425492
0 0.83125 0.795688847235239 0.04625 0.019681349578256794
0 0.96125 0.6996251171508904 0.0775 0.06654170571696345
0 0.89 0.619493908153702 0.05625 0.041237113402061855
0 0.965 0.5927835051546392 0.07 0.06279287722586692
0 0.86875 0.5168697282099344 0.0525 0.03655107778819119
0 0.8225 0.4948453608247423 0.05 0.03655107778819119
0 0.605 0.44704779756326146 0.0525 0.03561387066541706
0 0.61 0.42361761949390814 0.0075 0.006560449859418931
0 0.713125 0.44611059044048734 0.0125 0.011246485473289597
0 0.715625 0.4526710402999063 0.01375 0.006560449859418931
0 0.8925 0.37207122774133083 0.0425 0.02717900656044986
0 0.886875 0.34723523898781633 0.045 0.020618556701030927
0 0.92 0.3294283036551078 0.12125 0.07497656982193064
0 0.9575 0.331302717900656 0.02 0.02155576382380506
0 0.9125 0.29896907216494845 0.0175 0.01499531396438613
0 0.929375 0.2881911902530459 0.01625 0.016869728209934397
0 0.883125 0.27928772258669166 0.0225 0.01499531396438613
0 0.823125 0.28069353327085284 0.01625 0.013120899718837863
0 0.873125 0.29615745079662603 0.02 0.019681349578256794
0 0.83875 0.22071227741330834 0.0325 0.019681349578256794
0 0.85375 0.19868791002811623 0.0125 0.004686035613870665
0 0.7125 0.19119025304592316 0.01875 0.013120899718837863
0 0.9825 0.31537019681349576 0.005 0.004686035613870665
0 0.980625 0.36597938144329895 0.01125 0.004686035613870665
0 0.715625 0.316776007497657 0.10625 0.07029053420805999
0 0.47875 0.17478912839737581 0.01375 0.010309278350515464
0 0.588125 0.13542642924086223 0.01125 0.00937207122774133
0 0.41625 0.2572633552014995 0.0275 0.023430178069353328
0 0.124375 0.36457357075913777 0.0525 0.03936269915651359
0 0.059375 0.39737582005623245 0.045 0.03280224929709466
0 0.00125 0.33270852858481725 0.0025 0.056232427366447985
0 0.003125 0.4372071227741331 0.00625 0.008434864104967198
0 0.013125 0.5215557638238051 0.02625 0.028116213683223992
0 0.01 0.5520149953139644 0.01875 0.04967197750702906
0 0.019375 0.6565135895032802 0.02625 0.019681349578256794
0 0.500625 0.7900656044985942 0.03875 0.02717900656044986
0 0.496875 0.7272727272727273 0.03875 0.02717900656044986
0 0.713125 0.6438612933458294 0.02125 0.022492970946579195
0 0.735 0.6344892221180881 0.0225 0.02436738519212746
0 0.526875 0.3964386129334583 0.02375 0.016869728209934397
0 0.53875 0.3908153701968135 0.02125 0.016869728209934397
1 0.805625 0.24976569821930647 0.05375 0.04592314901593252
1 0.75875 0.20805998125585753 0.045 0.038425492033739454
1 0.97125 0.3856607310215558 0.05 0.04311152764761012
1 0.9875 0.35098406747891286 0.01125 0.013120899718837863
1 0.68 0.40253045923149017 0.1775 0.1218369259606373
1 0.6525 0.44798500468603564 0.29375 0.1583880037488285
1 0.683125 0.5257731958762887 0.30375 0.12371134020618557
0 0.02125 0.14620431115276475 0.01 0.01218369259606373
0 0.045 0.16541705716963448 0.0125 0.010309278350515464
0 0.036875 0.15557638238050608 0.00625 0.006560449859418931
0 0.041875 0.15370196813495782 0.005 0.007497656982193065
0 0.02 0.21649484536082475 0.01 0.011246485473289597