0 0.458125 0.6012183692596064 0.08875 0.06654170571696345
0 0.6265 0.5063823805060917 0.0769875 0.05506091846298032
0 0.033125 0.8223992502343018 0.06625 0.05154639175257732
0 0.3020375 0.7092596063730084 0.08 0.046860356138706656
0 0.4857875 0.7181911902530459 0.0925 0.06373008434864105
0 0.690625 0.5402999062792877 0.04875 0.04967197750702906
0 0.6972624999999999 0.592502343017807 0.05375 0.05180880974695408
0 0.74625 0.7722586691658857 0.0525 0.046860356138706656
0 0.961875 0.6213683223992502 0.06125 0.046860356138706656
0 0.37125 0.627460168697282 0.0625 0.04217432052483599
0 0.7154625 0.6337863167760075 0.0475 0.033739456419868794
0 0.685625 0.6888472352389878 0.04875 0.03748828491096532
0 0.973575 0.4915651358950328 0.040350000000000004 0.03467666354264293
0 0.68625 0.7427366447985004 0.05 0.038425492033739454
0 0.434375 0.5121836925960638 0.05625 0.038425492033739454
0 0.084375 0.6836925960637301 0.04875 0.038425492033739454
0 0.175625 0.4020618556701031 0.04375 0.04311152764761012
0 0.596875 0.22211808809746955 0.04125 0.026241799437675725
0 0.645 0.1836925960637301 0.0475 0.02999062792877226
0 0.133125 0.39737582005623245 0.05375 0.028116213683223992
0 0.044375 0.1283505154639175 0.04125 0.020721649484536083
0 0.51625 0.837394564198688 0.05 0.04029990627928772
0 0.984375 0.577788191190253 0.03125 0.04967197750702906
0 0.14125 0.3279194001874414 0.022487499999999997 0.02042174320524836
0 0.64375 0.32052483598875353 0.03 0.02436738519212746
0 0.46375 0.2788191190253046 0.02 0.014058106841611996
0 0.41885 0.27481724461105905 0.019799999999999998 0.02768509840674789
0 0.8225 0.32052483598875353 0.02 0.013120899718837863
0 0.834375 0.3252108716026242 0.01625 0.011246485473289597
0 0.118125 0.344892221180881 0.02625 0.01874414245548266
0 0.111875 0.5463917525773195 0.02625 0.01499531396438613
0 0.4125 0.3514526710402999 0.0175 0.01499531396438613
0 0.564375 0.4971883786316776 0.02125 0.015932521087160263
0 0.82625 0.38191190253045926 0.02 0.01780693533270853
0 0.80125 0.4184629803186504 0.02 0.015932521087160263
0 0.95965 0.5454545454545454 0.0218 0.016869728209934397
0 0.745625 0.6907216494845361 0.02125 0.01499531396438613
0 0.749375 0.8266166822867854 0.01875 0.011246485473289597
0 0.11564999999999999 0.22325210871602624 0.039325 0.023626991565135896
0 0.33002499999999996 0.42042174320524833 0.0532625 0.031424554826616685
0 0.6175875 0.31219306466729146 0.0370625 0.03531396438612933
0 0.7009875 0.5979662605435802 0.018000000000000002 0.013739456419868791
0 0.6911125 0.532464854732896 0.021712500000000003 0.016091846298031866