0 0.094375 0.685523541813071 0.12875 0.06324666198172874
0 0.148125 0.1528460997891778 0.13 0.0758959943780745
0 0.25625 0.308854532677442 0.1 0.054813773717498245
0 0.808125 0.23120168657765286 0.07125 0.036542515811665496
0 0.321875 0.36612789880534086 0.1 0.05551651440618412
0 0.1475 0.2101194659170766 0.08625 0.049894588896697116
0 0.355 0.2607167955024596 0.0575 0.044975404075895994
0 0.238125 0.35523541813070975 0.0625 0.04286718200983837
0 0.536875 0.3752635277582572 0.07 0.04286718200983837
0 0.854375 0.6999297259311315 0.075 0.03865073787772312
0 0.05125 0.42164441321152496 0.085 0.040758959943780745
0 0.410625 0.39985945186226285 0.09 0.044975404075895994
0 0.82875 0.6040056219255094 0.05625 0.029515108924806747
0 0.40875 0.37350667603654253 0.07 0.02600140548137737
0 0.86625 0.6187631763879129 0.05625 0.03232607167955025
0 0.42875 0.5439212930428672 0.04125 0.04708362614195362
0 0.45125 0.5590302178496135 0.035 0.03232607167955025
0 0.25625 0.5688685874912157 0.05875 0.03232607167955025
0 0.645625 0.21363316936050597 0.04 0.020379479971890373
0 0.67625 0.2645818692902319 0.04125 0.02108222066057625
0 0.57375 0.15530569219957835 0.02 0.011243851018973999
0 0.706875 0.34118060435699227 0.04125 0.019676739283204497
0 0.7525 0.31974701335207306 0.01625 0.009838369641602248
0 0.21375 0.5288123682361209 0.02625 0.014054813773717497
0 0.33625 0.42199578355586786 0.01875 0.009135628952916374
0 0.155625 0.5477863668306395 0.02375 0.009838369641602248
0 0.628125 0.6156008432888265 0.0225 0.013352073085031623
0 0.481875 0.6096275474349965 0.0225 0.012649332396345749
0 0.61 0.5780042164441321 0.02 0.019676739283204497
0 0.755625 0.5291637385804638 0.02375 0.013352073085031623
0 0.991875 0.3995080815179199 0.01625 0.011946591707659873
0 0.949375 0.3977512297962052 0.015 0.010541110330288124
0 0.565625 0.7891777933942375 0.01625 0.009838369641602248
0 0.799375 0.8049894588896697 0.02125 0.011946591707659873
0 0.011875 0.43569922698524244 0.00625 0.008432888264230498