1 0.2644125 0.4792127460168697 0.2259625 0.14272727272727273
1 0.309375 0.316776007497657 0.235 0.15745079662605435
1 0.0703125 0.39842549203373945 0.139375 0.1694095595126523
0 0.879375 0.2689409559512652 0.05625 0.025370196813495782
1 0.0742625 0.5672539831302718 0.1485375 0.16257731958762886
0 0.67625 0.6462043111527648 0.05 0.05810684161199625
0 0.640625 0.5290534208059982 0.08625 0.038425492033739454
0 0.664375 0.4878163074039363 0.05875 0.04779756326148079
0 0.7 0.33515463917525773 0.0525 0.026963448922211808
0 0.7475 0.662605435801312 0.1025 0.05248359887535145
0 0.781875 0.4409934395501406 0.035 0.05333645735707591
0 0.6452375 0.3828491096532334 0.0470375 0.05810684161199625
0 0.448125 0.3701968134957826 0.055 0.02435801312089972
0 0.7483625 0.2867853795688847 0.050787500000000006 0.033739456419868794
0 0.6046374999999999 0.4095595126522962 0.065525 0.04217432052483599
0 0.046875 0.7624179943767573 0.0475 0.029053420805998126
0 0.9282125000000001 0.4174882849109653 0.0535625 0.08162136832239926
0 0.10125 0.20103092783505155 0.04125 0.02999062792877226
0 0.953125 0.5093720712277413 0.03375 0.03748828491096532
0 0.588125 0.28865979381443296 0.0325 0.02530459231490159
0 0.675625 0.7825679475164011 0.01375 0.01218369259606373
0 0.4514 0.25280224929709466 0.0352875 0.026682286785379566
0 0.57375 0.444311152764761 0.05 0.02795688847235239
0 0.835 0.3766729147141519 0.035 0.024189315838800372
0 0.025625 0.25679475164011245 0.05 0.02436738519212746
1 0.9499375000000001 0.7774882849109653 0.10012499999999999 0.06318650421743205
1 0.8625 0.5784629803186504 0.219175 0.1576007497656982
0 0.8797875000000001 0.24321462043111527 0.0548125 0.023336457357075912
0 0.4571375 0.35522961574507966 0.0385 0.0085941893158388
0 0.45738750000000006 0.34577319587628863 0.021187499999999998 0.011930646672914715
0 0.490275 0.4133177132146204 0.023825 0.011930646672914715
0 0.5023875 0.4231208997188379 0.0381625 0.00915651358950328
0 0.43536250000000004 0.5132146204311153 0.0879625 0.01512652296157451
0 0.45887500000000003 0.5236082474226804 0.08960000000000001 0.013636363636363637
0 0.41137500000000005 0.5321462043111527 0.0864875 0.015304592314901591
0 0.36465000000000003 0.5490253045923148 0.0434625 0.029044048734770383
0 0.48136249999999997 0.559784442361762 0.0483875 0.02163074039362699
0 0.5394749999999999 0.5506935332708529 0.0142375 0.011602624179943769
0 0.33704999999999996 0.6041986879100281 0.01085 0.00937207122774133
0 0.424625 0.7131302717900656 0.0138375 0.011921274601686974
0 0.5732875 0.7163636363636364 0.009712499999999999 0.011630740393626991
0 0.5552375 0.8175445173383318 0.0074375000000000005 0.006569821930646673
0 0.3836625 0.6448078725398313 0.012475 0.010815370196813496
0 0.10099999999999999 0.5363261480787254 0.015337499999999999 0.010477975632614808
0 0.2239125 0.17809746954076852 0.1070875 0.022539831302717903
0 0.9847875 0.6896157450796626 0.0304125 0.023570759137769445