1 0.493125 0.6776007497656982 0.20875 0.18181818181818182
1 0.273125 0.6583880037488284 0.23 0.1893158388003749
1 0.4025 0.8294283036551078 0.2375 0.1190253045923149
0 0.16 0.2366447985004686 0.03875 0.044048734770384255
1 0.626875 0.8120899718837863 0.22875 0.12558575445173384
0 0.67875 0.3556701030927835 0.08125 0.04217432052483599
0 0.52625 0.3922211808809747 0.05875 0.06747891283973759
0 0.469375 0.3781630740393627 0.06875 0.04779756326148079
0 0.263125 0.3650421743205248 0.04125 0.041237113402061855
0 0.694375 0.30084348641049674 0.07875 0.08153701968134958
0 0.396875 0.29475164011246485 0.07375 0.030927835051546393
0 0.331875 0.4020618556701031 0.08125 0.04029990627928772
0 0.331875 0.5501405810684161 0.0375 0.04311152764761012
0 0.195 0.3331771321462043 0.04875 0.041237113402061855
0 0.370625 0.42970946579194 0.06125 0.05248359887535145
0 0.888125 0.8153701968134958 0.0425 0.038425492033739454
0 0.353125 0.18744142455482662 0.1125 0.046860356138706656
0 0.1375 0.823805060918463 0.04375 0.033739456419868794
0 0.473125 0.16073102155576383 0.0525 0.028116213683223992
0 0.21125 0.4526710402999063 0.03625 0.026241799437675725
0 0.86 0.3444236176194939 0.0175 0.011246485473289597
0 0.175625 0.5581068416119962 0.0375 0.028116213683223992
0 0.419375 0.4498594189315839 0.04125 0.03936269915651359
0 0.306875 0.260543580131209 0.035 0.028116213683223992
0 0.218125 0.8753514526710403 0.03625 0.03936269915651359
1 0.829375 0.13964386129334583 0.0925 0.08059981255857544
1 0.5725 0.2225866916588566 0.22875 0.17713214620431114
0 0.125625 0.23851921274601687 0.03625 0.04311152764761012
0 0.31125 0.5449859418931584 0.015 0.02999062792877226
0 0.29875 0.5449859418931584 0.0175 0.016869728209934397
0 0.385625 0.5149953139643861 0.01875 0.01874414245548266
0 0.3975 0.5046860356138707 0.01625 0.02999062792877226
0 0.523125 0.5468603561387066 0.0275 0.06654170571696345
0 0.535 0.528584817244611 0.02625 0.06841611996251172
0 0.550625 0.563261480787254 0.0275 0.06560449859418932
0 0.5775 0.5970009372071228 0.0425 0.03561387066541706
0 0.58125 0.5089034676663543 0.0325 0.038425492033739454
0 0.56375 0.4662605435801312 0.01625 0.011246485473289597
0 0.6525 0.612933458294283 0.01375 0.00937207122774133
0 0.79 0.5379568884723523 0.0175 0.011246485473289597
0 0.78125 0.42642924086223055 0.01625 0.008434864104967198
0 0.9175 0.4311152764761012 0.00875 0.006560449859418931
0 0.7025 0.5740393626991566 0.01625 0.010309278350515464
0 0.583125 0.7947516401124649 0.015 0.01218369259606373
0 0.09625 0.7343017806935332 0.03875 0.08247422680412371
0 0.71 0.12136832239925023 0.03375 0.02436738519212746