0 0.431875 0.4751640112464855 0.09 0.10684161199625117
0 0.331875 0.7567947516401125 0.10625 0.1021555763823805
0 0.404375 0.15510777881911902 0.09125 0.06841611996251172
0 0.858125 0.16166822867853795 0.085 0.033739456419868794
0 0.053125 0.1696344892221181 0.04 0.06841611996251172
0 0.26375 0.14901593252108716 0.04 0.030927835051546393
0 0.73125 0.8280224929709465 0.0225 0.015932521087160263
0 0.500625 0.6743205248359887 0.11 0.06841611996251172
0 0.97875 0.38331771321462044 0.0275 0.01218369259606373
0 0.97625 0.3083411433926898 0.0475 0.061855670103092786
0 0.415 0.760543580131209 0.11 0.07497656982193064
0 0.779375 0.15510777881911902 0.0725 0.030927835051546393
0 0.61125 0.19400187441424555 0.0775 0.07403936269915651
0 0.868125 0.4906279287722587 0.01875 0.005623242736644799
0 0.863125 0.5 0.0275 0.013120899718837863
0 0.6375 0.7160262417994376 0.175 0.07216494845360824
0 0.514375 0.7258669165885661 0.235 0.09934395501405811
0 0.499375 0.8275538894095595 0.0125 0.00937207122774133
0 0.196875 0.6223055295220243 0.1075 0.08528584817244611
0 0.550625 0.31537019681349576 0.07875 0.05998125585754452
0 0.556875 0.3580131208997188 0.12375 0.08341143392689784
0 0.53375 0.4372071227741331 0.11 0.08622305529522024
0 0.559375 0.21790065604498593 0.05125 0.05810684161199625
0 0.411875 0.13261480787253982 0.09 0.03467666354264293
0 0.39 0.26288659793814434 0.045 0.04029990627928772
0 0.31125 0.1274601686972821 0.04125 0.033739456419868794
0 0.96125 0.8256794751640113 0.00625 0.01218369259606373
0 0.720625 0.8359887535145267 0.02875 0.020618556701030927