0 0.725 0.8153701968134958 0.0925 0.05810684161199625
0 0.749375 0.7722586691658857 0.07625 0.04779756326148079
0 0.6675 0.760543580131209 0.0725 0.08059981255857544
0 0.69875 0.7221180880974696 0.06875 0.05154639175257732
0 0.668125 0.6719775070290535 0.08375 0.04592314901593252
1 0.419375 0.7703842549203374 0.12125 0.16307403936269915
1 0.28625 0.23477038425492033 0.14375 0.22211808809746955
0 0.7125 0.6429240862230553 0.06875 0.04311152764761012
0 0.735625 0.6237113402061856 0.03625 0.04217432052483599
1 0.28875 0.44189315838800375 0.1525 0.1949390815370197
0 0.596875 0.2910028116213683 0.0325 0.023430178069353328
0 0.564375 0.2910028116213683 0.03 0.02436738519212746
1 0.3275 0.6171508903467666 0.10625 0.17619493908153702
0 0.759375 0.6251171508903468 0.02 0.022492970946579195
0 0.691875 0.598406747891284 0.075 0.029053420805998126
0 0.700625 0.6640112464854733 0.02875 0.015932521087160263