1 0.41375 0.22352389878163073 0.14375 0.10871602624179943
0 0.33590000000000003 0.10138706654170572 0.0457125 0.03408622305529522
0 0.69 0.7521087160262419 0.02375 0.015932521087160263
0 0.713125 0.7193064667291471 0.02125 0.015932521087160263
0 0.534375 0.8163074039362699 0.0275 0.02530459231490159
0 0.8425 0.030927835051546393 0.095 0.04592314901593252
0 0.3825 0.5220243673851921 0.125 0.03280224929709466
0 0.5640125 0.15387066541705718 0.040962500000000006 0.025595126522961573
0 0.26997499999999997 0.02472352389878163 0.0458625 0.030337394564198684
0 0.6106750000000001 0.046494845360824745 0.039987499999999995 0.024104967197750703
0 0.7058625000000001 0.008256794751640113 0.0360875 0.016513589503280225
0 0.9272125 0.012277413308341143 0.042425 0.02007497656982193
0 0.864925 0.15647610121836927 0.023112499999999998 0.01903467666354264
0 0.6924875 0.15908153701968136 0.020812499999999998 0.012089971883786316
0 0.9839249999999999 0.3042642924086223 0.010375 0.00916588566073102
0 0.7746500000000001 0.26681349578256797 0.035475 0.03955014058106842
0 0.7555625 0.2954451733833177 0.0212 0.017553889409559514
0 0.7303000000000001 0.32638238050609186 0.0239 0.014648547328959701
0 0.8255750000000001 0.3917619493908154 0.023125 0.010627928772258668
0 0.8670375 0.4334020618556701 0.0157875 0.007713214620431116
0 0.6348125 0.45583880037488284 0.0235125 0.021349578256794753
0 0.4770375 0.5570665417057169 0.054375 0.03175257731958763
0 0.6689499999999999 0.6183880037488285 0.0184875 0.013823805060918463
0 0.5896750000000001 0.621265229615745 0.09912499999999999 0.1271696344892221
0 0.5950875 0.892286785379569 0.025825 0.014957825679475165
0 0.99265 0.9255295220243673 0.0147 0.024189315838800372
1 0.9370999999999999 0.832970946579194 0.1258125 0.16243673851921275
1 0.19708749999999997 0.4048359887535145 0.06455 0.04432052483598875
1 0.19394999999999998 0.3613870665417057 0.068275 0.048575445173383316
1 0.19521249999999998 0.37641049671977506 0.0726625 0.07815370196813495
1 0.1499375 0.2963167760074977 0.0592 0.08849109653233364
1 0.035275 0.15502343017806935 0.058575 0.04690721649484536
1 0.035437500000000004 0.12074976569821931 0.060137499999999997 0.031499531396438615
1 0.090975 0.5976382380506091 0.0795 0.05301780693533271
0 0.09258749999999999 0.48686035613870665 0.019625 0.013945641986879101
0 0.193075 0.7506841611996251 0.0258125 0.017150890346766635
0 0.08555 0.8353701968134958 0.0261875 0.015192127460168698
0 0.3901125 0.9353701968134958 0.029812500000000002 0.02965323336457357
0 0.9680500000000001 0.22399250234301782 0.021712500000000003 0.009981255857544518