1 0.73705 0.6194376757263356 0.2380375 0.12650421743205248
0 0.353125 0.7122774133083412 0.04625 0.03748828491096532
0 0.256875 0.4854732895970009 0.05625 0.03936269915651359
0 0.0725 0.5538894095595126 0.0375 0.026241799437675725
0 0.051875 0.5028116213683224 0.05625 0.038425492033739454
0 0.05875 0.42970946579194 0.035 0.02717900656044986
0 0.153125 0.33270852858481725 0.03625 0.02999062792877226
0 0.295 0.6733833177132146 0.0425 0.02717900656044986
0 0.108125 0.5342080599812559 0.04125 0.026241799437675725
1 0.573125 0.4592314901593252 0.26875 0.13683223992502344
0 0.18 0.5977975632614808 0.0425 0.026522961574507967
0 0.7498125 0.231087160262418 0.06786249999999999 0.03267104029990628
0 0.18125 0.4090909090909091 0.0625 0.029053420805998126
0 0.4375 0.556232427366448 0.0425 0.030927835051546393
0 0.9275 0.6982193064667291 0.0575 0.03748828491096532
1 0.683125 0.5462043111527647 0.252325 0.11794751640112465
0 0.825 0.309746954076851 0.04 0.03280224929709466
0 0.3867125 0.48848172446110594 0.0373 0.02717900656044986
0 0.01375 0.38672914714151824 0.0275 0.04057169634489222
1 0.515 0.36350515463917527 0.13 0.08221180880974695
1 0.9809874999999999 0.5297188378631678 0.0380375 0.07725398313027179
0 0.310625 0.44892221180880976 0.12625 0.05435801312089972
0 0.655625 0.37795688847235237 0.13125 0.05462980318650422
1 0.853125 0.7642924086223055 0.10375 0.04592314901593252
0 0.84375 0.3922211808809747 0.0375 0.030927835051546393
0 0.3884 0.5918650421743205 0.0447125 0.029690721649484535
0 0.1825 0.26569821930646675 0.03 0.023430178069353328
0 0.263125 0.3322961574507966 0.02625 0.02916588566073102
0 0.144375 0.5787253983130272 0.02625 0.02717900656044986
0 0.18125 0.6251171508903468 0.035 0.02436738519212746
0 0.1475 0.6251171508903468 0.035 0.026241799437675725
0 0.036875 0.5276476101218369 0.03375 0.016869728209934397
0 0.068125 0.47797563261480785 0.03875 0.022492970946579195
0 0.215 0.6218369259606373 0.03 0.015932521087160263
0 0.6225 0.35051546391752575 0.025 0.016869728209934397
0 0.33425 0.48004686035613875 0.034 0.019681349578256794
0 0.17375 0.8837863167760075 0.0325 0.026241799437675725
0 0.144375 0.8566073102155577 0.03125 0.02436738519212746
0 0.11875 0.6954076850984068 0.0325 0.026241799437675725
0 0.216875 0.7825679475164011 0.03125 0.02436738519212746
0 0.158125 0.7380506091846298 0.03375 0.02530459231490159
0 0.024375 0.7427366447985004 0.01875 0.010309278350515464
0 0.278125 0.8851921274601687 0.01625 0.008434864104967198
0 0.10625 0.837394564198688 0.0175 0.008434864104967198
0 0.270625 0.6940018744142455 0.01875 0.008434864104967198
0 0.323125 0.8280224929709465 0.01625 0.008434864104967198
0 0.29375 0.8687910028116214 0.0175 0.00937207122774133
0 0.81625 0.6855670103092784 0.0325 0.02155576382380506
0 0.783125 0.6808809746954076 0.03625 0.019681349578256794
0 0.701875 0.8406747891283973 0.05375 0.013120899718837863
0 0.74125 0.7947516401124649 0.0175 0.011246485473289597
0 0.13125 0.3753139643861293 0.04565 0.020590440487347702
0 0.23665 0.5848359887535145 0.018187500000000002 0.007488284910965324
0 0.181725 0.5863074039362699 0.0410125 0.016316776007497657
0 0.81515 0.7815182755388941 0.0110625 0.005613870665417057
1 0.9184125000000001 0.6391190253045924 0.11485 0.06257731958762887
1 0.9691875 0.5905810684161199 0.0616125 0.050543580131209
0 0.6141749999999999 0.2224929709465792 0.03995 0.032624179943767574
0 0.6009749999999999 0.2127272727272727 0.041375 0.03181818181818182
0 0.583325 0.5005998125585754 0.0132 0.00909090909090909
0 0.6616124999999999 0.5762792877225866 0.014975 0.00802249297094658
0 0.412375 0.6012183692596064 0.0413875 0.02449859418931584