0 0.8739583333333333 0.6223958333333334 0.17395833333333333 0.17916666666666667
0 0.11979166666666667 0.63515625 0.12708333333333333 0.14270833333333333
0 0.209375 0.1984375 0.165625 0.16354166666666667
0 0.26119791666666664 0.7890625 0.14322916666666666 0.11145833333333334
0 0.28072916666666664 0.3234375 0.14114583333333333 0.13229166666666667
0 0.26119791666666664 0.6 0.13645833333333332 0.12760416666666666
0 0.5903645833333333 0.2520833333333333 0.14479166666666668 0.1015625
0 0.7059895833333333 0.1609375 0.14895833333333333 0.14166666666666666
0 0.7458333333333333 0.50078125 0.0984375 0.128125
0 0.22864583333333333 0.4622395833333333 0.10677083333333333 0.121875
0 0.7106770833333333 0.35390625 0.11197916666666667 0.13645833333333332
0 0.47708333333333336 0.8578125 0.14427083333333332 0.140625
0 0.5302083333333333 0.36380208333333336 0.12395833333333334 0.1
0 0.40703125 0.6893229166666667 0.13229166666666667 0.11041666666666666
0 0.51796875 0.58359375 0.1140625 0.10364583333333334
0 0.38697916666666665 0.3846354166666667 0.09479166666666666 0.11354166666666667
0 0.690625 0.6307291666666667 0.11875 0.115625
0 0.371875 0.5315104166666667 0.1 0.11927083333333334
0 0.6854166666666667 0.7828125 0.1390625 0.121875
0 0.6166666666666667 0.47682291666666665 0.09010416666666667 0.128125
0 0.5591145833333333 0.6940104166666666 0.12291666666666666 0.09427083333333333
0 0.43046875 0.24166666666666667 0.1203125 0.09427083333333333
0 0.4666666666666667 0.11223958333333334 0.14791666666666667 0.08802083333333334
0 0.08854166666666667 0.42239583333333336 0.08489583333333334 0.14739583333333334
0 0.8770833333333333 0.36302083333333335 0.1078125 0.19010416666666666