0 0.24296875 0.7927083333333333 0.16666666666666666 0.17708333333333334
0 0.8296875 0.6885416666666667 0.12083333333333333 0.14427083333333332
0 0.35885416666666664 0.7182291666666667 0.1421875 0.146875
0 0.6317708333333333 0.71796875 0.13802083333333334 0.13854166666666667
0 0.17682291666666666 0.3125 0.14947916666666666 0.15520833333333334
0 0.7135416666666666 0.5716145833333334 0.11770833333333333 0.1359375
0 0.26223958333333336 0.4200520833333333 0.115625 0.14791666666666667
0 0.8619791666666666 0.4557291666666667 0.146875 0.14895833333333333
0 0.6830729166666667 0.84921875 0.14583333333333334 0.134375
0 0.48828125 0.25703125 0.13229166666666667 0.109375
0 0.5963541666666666 0.11197916666666667 0.18958333333333333 0.18645833333333334
0 0.6268229166666667 0.30494791666666665 0.12291666666666666 0.12552083333333333
0 0.34739583333333335 0.29635416666666664 0.140625 0.12239583333333333
0 0.49973958333333335 0.765625 0.12604166666666666 0.11041666666666666
0 0.25703125 0.5807291666666666 0.1 0.12552083333333333
0 0.7083333333333334 0.42604166666666665 0.1015625 0.1265625
0 0.4705729166666667 0.89765625 0.14739583333333334 0.09375
0 0.7643229166666666 0.25807291666666665 0.13020833333333334 0.14322916666666666
0 0.13307291666666668 0.5486979166666667 0.09635416666666667 0.15
0 0.3645833333333333 0.1484375 0.190625 0.11822916666666666
0 0.484375 0.37421875 0.13125 0.103125
0 0.5989583333333334 0.4703125 0.109375 0.12395833333333334
0 0.5453125 0.6033854166666667 0.12447916666666667 0.1078125
0 0.40703125 0.6125 0.11822916666666666 0.10989583333333333
0 0.37421875 0.46640625 0.10833333333333334 0.125