0 0.11266666666666666 0.44666666666666666 0.13733333333333334 0.12266666666666666
0 0.7826666666666666 0.6933333333333334 0.15866666666666668 0.15066666666666667
0 0.616 0.3486666666666667 0.136 0.11466666666666667
0 0.15333333333333332 0.318 0.128 0.11733333333333333
0 0.8773333333333333 0.56 0.13733333333333334 0.15733333333333333
0 0.7893333333333333 0.2966666666666667 0.116 0.12933333333333333
0 0.138 0.604 0.172 0.152
0 0.2866666666666667 0.43333333333333335 0.10666666666666667 0.104
0 0.69 0.4866666666666667 0.144 0.136
0 0.6653333333333333 0.22333333333333333 0.108 0.11866666666666667
0 0.436 0.798 0.17866666666666667 0.148
0 0.27 0.24133333333333334 0.14533333333333334 0.11066666666666666
0 0.36 0.5726666666666667 0.164 0.13866666666666666
0 0.5333333333333333 0.19066666666666668 0.128 0.11333333333333333
0 0.864 0.4026666666666667 0.136 0.12266666666666666
0 0.5393333333333333 0.6033333333333334 0.14266666666666666 0.14266666666666666
0 0.6426666666666667 0.7753333333333333 0.164 0.144
0 0.3473333333333333 0.33866666666666667 0.124 0.12533333333333332
0 0.26666666666666666 0.7393333333333333 0.15466666666666667 0.18
0 0.4673333333333333 0.296 0.11866666666666667 0.10933333333333334
0 0.3913333333333333 0.18866666666666668 0.11866666666666667 0.1