0 0.4066666666666667 0.8793333333333333 0.136 0.14933333333333335
0 0.722 0.23933333333333334 0.16666666666666666 0.17333333333333334
0 0.36133333333333334 0.36866666666666664 0.128 0.14666666666666667
0 0.2826666666666667 0.826 0.13066666666666665 0.14
0 0.5993333333333334 0.13133333333333333 0.17066666666666666 0.15333333333333332
0 0.328 0.19066666666666668 0.14133333333333334 0.12933333333333333
0 0.5653333333333334 0.8706666666666667 0.16933333333333334 0.18666666666666668
0 0.41133333333333333 0.7053333333333334 0.11466666666666667 0.11733333333333333
0 0.5066666666666667 0.30933333333333335 0.15066666666666667 0.15733333333333333
0 0.242 0.30666666666666664 0.12933333333333333 0.12
0 0.79 0.5946666666666667 0.16533333333333333 0.19333333333333333
0 0.21866666666666668 0.702 0.12533333333333332 0.156
0 0.5573333333333333 0.6466666666666666 0.15466666666666667 0.17733333333333334
0 0.196 0.43466666666666665 0.12666666666666668 0.13866666666666666
0 0.44133333333333336 0.128 0.136 0.148
0 0.6066666666666667 0.472 0.15733333333333333 0.15733333333333333
0 0.7886666666666666 0.38666666666666666 0.16 0.17866666666666667
0 0.3233333333333333 0.6346666666666667 0.13733333333333334 0.136
0 0.7133333333333334 0.7573333333333333 0.19466666666666665 0.172
0 0.294 0.5113333333333333 0.12133333333333333 0.12933333333333333
0 0.17933333333333334 0.5753333333333334 0.112 0.128