0 0.512 0.8613333333333333 0.14 0.116
0 0.6886666666666666 0.18333333333333332 0.18133333333333335 0.14533333333333334
0 0.8066666666666666 0.306 0.15066666666666667 0.164
0 0.344 0.162 0.12 0.14133333333333334
0 0.304 0.356 0.148 0.128
0 0.30533333333333335 0.6253333333333333 0.12533333333333332 0.136
0 0.512 0.13733333333333334 0.13866666666666666 0.10933333333333334
0 0.21333333333333335 0.22066666666666668 0.128 0.124
0 0.2633333333333333 0.494 0.13866666666666666 0.11733333333333333
0 0.23133333333333334 0.7693333333333333 0.124 0.13333333333333333
0 0.7113333333333334 0.5073333333333333 0.13333333333333333 0.12266666666666666
0 0.8613333333333333 0.5686666666666667 0.12933333333333333 0.12533333333333332
0 0.6533333333333333 0.37733333333333335 0.12666666666666668 0.14
0 0.408 0.6953333333333334 0.116 0.132
0 0.37066666666666664 0.84 0.13066666666666665 0.128
0 0.8746666666666667 0.4266666666666667 0.13466666666666666 0.13466666666666666
0 0.6746666666666666 0.8206666666666667 0.14933333333333335 0.128
0 0.4053333333333333 0.2986666666666667 0.11333333333333333 0.13333333333333333
0 0.11066666666666666 0.518 0.116 0.15066666666666667
0 0.14733333333333334 0.6566666666666666 0.124 0.12933333333333333
0 0.5433333333333333 0.30733333333333335 0.116 0.14133333333333334
0 0.6453333333333333 0.646 0.124 0.15733333333333333
0 0.8 0.6846666666666666 0.16266666666666665 0.12933333333333333
0 0.12933333333333333 0.356 0.13466666666666666 0.148
0 0.5406666666666666 0.704 0.112 0.11466666666666667