0 0.14066666666666666 0.4613333333333333 0.13466666666666666 0.15466666666666667
0 0.7873333333333333 0.7306666666666667 0.16933333333333334 0.2
0 0.6493333333333333 0.8306666666666667 0.184 0.172
0 0.8566666666666667 0.39266666666666666 0.156 0.13866666666666666
0 0.67 0.326 0.148 0.164
0 0.4026666666666667 0.29 0.152 0.14266666666666666
0 0.8573333333333333 0.5626666666666666 0.128 0.152
0 0.8166666666666667 0.25466666666666665 0.14 0.144
0 0.5386666666666666 0.26666666666666666 0.136 0.15333333333333332
0 0.27066666666666667 0.19666666666666666 0.14933333333333335 0.14133333333333334
0 0.4633333333333333 0.708 0.14 0.14933333333333335
0 0.382 0.848 0.14266666666666666 0.14533333333333334
0 0.6 0.6686666666666666 0.156 0.14533333333333334
0 0.31933333333333336 0.382 0.14666666666666667 0.13333333333333333
0 0.18133333333333335 0.32466666666666666 0.14533333333333334 0.14666666666666667
0 0.5206666666666667 0.8813333333333333 0.152 0.152
0 0.158 0.6286666666666667 0.148 0.16533333333333333
0 0.7126666666666667 0.434 0.148 0.13066666666666665
0 0.5366666666666666 0.112 0.16533333333333333 0.136
0 0.394 0.12866666666666668 0.14533333333333334 0.14133333333333334
0 0.6846666666666666 0.57 0.156 0.13466666666666666
0 0.3353333333333333 0.6233333333333333 0.17333333333333334 0.14533333333333334
0 0.2753333333333333 0.7713333333333333 0.15066666666666667 0.17866666666666667
0 0.694 0.15266666666666667 0.16533333333333333 0.15333333333333332
0 0.292 0.512 0.12933333333333333 0.12666666666666668