0 0.32066666666666666 0.8117154811715481 0.12666666666666668 0.26359832635983266
0 0.334 0.28451882845188287 0.12266666666666666 0.24686192468619247
0 0.6193333333333333 0.9131799163179917 0.10266666666666667 0.17364016736401675
0 0.39466666666666667 0.08158995815899582 0.11466666666666667 0.16317991631799164
0 0.30866666666666664 0.5334728033472803 0.12666666666666668 0.26569037656903766
0 0.43133333333333335 0.3608786610878661 0.10933333333333334 0.20711297071129708
0 0.7126666666666667 0.11610878661087866 0.08666666666666667 0.18828451882845187
0 0.488 0.1997907949790795 0.11333333333333333 0.2196652719665272
0 0.5726666666666667 0.1506276150627615 0.09466666666666666 0.23221757322175732
0 0.7266666666666667 0.3023012552301255 0.088 0.17364016736401675
0 0.44066666666666665 0.7447698744769874 0.12533333333333332 0.2175732217573222
0 0.5226666666666666 0.8389121338912134 0.10266666666666667 0.21548117154811716
0 0.656 0.3807531380753138 0.08533333333333333 0.17364016736401675
0 0.5966666666666667 0.7374476987447699 0.09866666666666667 0.19665271966527198
0 0.4026666666666667 0.9320083682008368 0.10266666666666667 0.12552301255230125
0 0.6413333333333333 0.5742677824267782 0.09333333333333334 0.1694560669456067
0 0.6506666666666666 0.049163179916317995 0.09866666666666667 0.07322175732217573
0 0.41733333333333333 0.5836820083682008 0.10666666666666667 0.20292887029288703
0 0.48 0.021966527196652718 0.104 0.043933054393305436
0 0.726 0.5324267782426778 0.08266666666666667 0.19665271966527198
0 0.6366666666666667 0.2290794979079498 0.09066666666666667 0.23221757322175732
0 0.6833333333333333 0.7709205020920502 0.088 0.25732217573221755