0 0.8406666666666667 0.7073333333333334 0.128 0.144
0 0.24266666666666667 0.186 0.13733333333333334 0.14533333333333334
0 0.66 0.136 0.152 0.15066666666666667
0 0.122 0.598 0.132 0.12266666666666666
0 0.15533333333333332 0.31933333333333336 0.136 0.14133333333333334
0 0.6426666666666667 0.8846666666666667 0.12533333333333332 0.13333333333333333
0 0.168 0.7273333333333334 0.14 0.144
0 0.37666666666666665 0.8806666666666667 0.12266666666666666 0.144
0 0.2853333333333333 0.626 0.13333333333333333 0.132
0 0.6186666666666667 0.30133333333333334 0.12133333333333333 0.12933333333333333
0 0.772 0.22 0.132 0.12666666666666668
0 0.8766666666666667 0.602 0.108 0.10666666666666667
0 0.30466666666666664 0.388 0.11733333333333333 0.12266666666666666
0 0.252 0.8226666666666667 0.12 0.12133333333333333
0 0.8386666666666667 0.3273333333333333 0.124 0.11066666666666666
0 0.632 0.692 0.12666666666666668 0.11733333333333333
0 0.386 0.30333333333333334 0.12133333333333333 0.12666666666666668
0 0.7706666666666667 0.8153333333333334 0.12266666666666666 0.116
0 0.2653333333333333 0.494 0.112 0.112
0 0.6933333333333334 0.6146666666666667 0.128 0.12266666666666666
0 0.7026666666666667 0.392 0.10666666666666667 0.104
0 0.7246666666666667 0.5033333333333333 0.11066666666666666 0.09466666666666666
0 0.508 0.11466666666666667 0.12133333333333333 0.12533333333333332
0 0.5113333333333333 0.7366666666666667 0.12133333333333333 0.132
0 0.5033333333333333 0.9073333333333333 0.144 0.13066666666666665
0 0.38533333333333336 0.718 0.116 0.12
0 0.112 0.4646666666666667 0.128 0.12533333333333332
0 0.38 0.11933333333333333 0.10266666666666667 0.128
0 0.49466666666666664 0.2673333333333333 0.112 0.11466666666666667
0 0.8753333333333333 0.46066666666666667 0.10933333333333334 0.128