0 0.264 0.8213333333333334 0.13466666666666666 0.11733333333333333
0 0.8353333333333334 0.2713333333333333 0.13466666666666666 0.12666666666666668
0 0.8486666666666667 0.6913333333333334 0.13866666666666666 0.14
0 0.43533333333333335 0.11466666666666667 0.112 0.12266666666666666
0 0.71 0.17266666666666666 0.13066666666666665 0.12533333333333332
0 0.10466666666666667 0.6086666666666667 0.124 0.11466666666666667
0 0.30266666666666664 0.14933333333333335 0.13333333333333333 0.12933333333333333
0 0.13133333333333333 0.344 0.13466666666666666 0.112
0 0.3933333333333333 0.2753333333333333 0.12133333333333333 0.12266666666666666
0 0.6873333333333334 0.6353333333333333 0.12 0.11066666666666666
0 0.7553333333333333 0.7953333333333333 0.116 0.12266666666666666
0 0.36533333333333334 0.866 0.09866666666666667 0.1
0 0.6286666666666667 0.31533333333333335 0.11333333333333333 0.108
0 0.2 0.22466666666666665 0.112 0.11066666666666666
0 0.6426666666666667 0.8526666666666667 0.10133333333333333 0.116
0 0.29733333333333334 0.6146666666666667 0.108 0.11733333333333333
0 0.706 0.4033333333333333 0.11733333333333333 0.112
0 0.162 0.742 0.10666666666666667 0.11333333333333333
0 0.5266666666666666 0.26666666666666666 0.10266666666666667 0.104
0 0.36866666666666664 0.6826666666666666 0.11333333333333333 0.11866666666666667
0 0.59 0.7113333333333334 0.096 0.09866666666666667
0 0.47733333333333333 0.7233333333333334 0.08533333333333333 0.104
0 0.8833333333333333 0.5413333333333333 0.116 0.112
0 0.2633333333333333 0.49066666666666664 0.12266666666666666 0.11066666666666666
0 0.094 0.468 0.12 0.13466666666666666
0 0.2926666666666667 0.36666666666666664 0.11066666666666666 0.10666666666666667
0 0.5693333333333334 0.11666666666666667 0.116 0.11866666666666667
0 0.89 0.41333333333333333 0.12 0.092
0 0.732 0.5146666666666667 0.10666666666666667 0.10266666666666667
0 0.5066666666666667 0.8773333333333333 0.12 0.09866666666666667