0 0.49933333333333335 0.11834733893557423 0.12533333333333332 0.13025210084033614
0 0.14533333333333334 0.6204481792717087 0.11466666666666667 0.11484593837535013
0 0.194 0.2710084033613445 0.12133333333333333 0.12605042016806722
0 0.7333333333333333 0.5042016806722689 0.12266666666666666 0.12184873949579832
0 0.36666666666666664 0.13025210084033614 0.10666666666666667 0.10784313725490197
0 0.18133333333333335 0.7142857142857143 0.112 0.12605042016806722
0 0.27 0.19257703081232494 0.10666666666666667 0.11064425770308123
0 0.8306666666666667 0.7275910364145658 0.112 0.11204481792717087
0 0.8893333333333333 0.47128851540616246 0.10933333333333334 0.0938375350140056
0 0.278 0.7962184873949579 0.10266666666666667 0.11624649859943978
0 0.322 0.6120448179271709 0.10933333333333334 0.12044817927170869
0 0.338 0.3487394957983193 0.11333333333333333 0.1134453781512605
0 0.45066666666666666 0.6918767507002801 0.09866666666666667 0.11904761904761904
0 0.7513333333333333 0.8277310924369747 0.10266666666666667 0.12184873949579832
0 0.39666666666666667 0.8578431372549019 0.124 0.13585434173669467
0 0.598 0.3235294117647059 0.12533333333333332 0.11764705882352941
0 0.468 0.28291316526610644 0.116 0.11624649859943978
0 0.866 0.3641456582633053 0.104 0.10224089635854341
0 0.878 0.5980392156862745 0.11333333333333333 0.13165266106442577
0 0.6266666666666667 0.1400560224089636 0.11866666666666667 0.11064425770308123
0 0.6873333333333334 0.3907563025210084 0.10133333333333333 0.10784313725490197
0 0.636 0.8858543417366946 0.10533333333333333 0.11904761904761904
0 0.134 0.38305322128851543 0.12133333333333333 0.13165266106442577
0 0.7353333333333333 0.19817927170868346 0.1 0.10644257703081232
0 0.13066666666666665 0.5021008403361344 0.12666666666666668 0.10084033613445378
0 0.8126666666666666 0.2647058823529412 0.09733333333333333 0.09663865546218488
0 0.2853333333333333 0.47198879551820727 0.108 0.11064425770308123
0 0.672 0.6358543417366946 0.11466666666666667 0.11764705882352941
0 0.5126666666666667 0.876750700280112 0.096 0.11624649859943978
0 0.57 0.7121848739495799 0.09466666666666666 0.09943977591036414