0 0.49266666666666664 0.11834733893557423 0.12266666666666666 0.12885154061624648
0 0.14733333333333334 0.626750700280112 0.11333333333333333 0.1134453781512605
0 0.19 0.2766106442577031 0.12 0.12324929971988796
0 0.7333333333333333 0.5 0.12133333333333333 0.11904761904761904
0 0.36 0.1330532212885154 0.10533333333333333 0.10644257703081232
0 0.18466666666666667 0.7205882352941176 0.11066666666666666 0.12324929971988796
0 0.26466666666666666 0.19677871148459383 0.10533333333333333 0.1092436974789916
0 0.834 0.7212885154061625 0.11066666666666666 0.11064425770308123
0 0.8893333333333333 0.4642857142857143 0.108 0.09243697478991597
0 0.2826666666666667 0.8004201680672269 0.10133333333333333 0.11484593837535013
0 0.324 0.615546218487395 0.108 0.11904761904761904
0 0.3353333333333333 0.35154061624649857 0.112 0.11204481792717087
0 0.454 0.6932773109243697 0.09733333333333333 0.11764705882352941
0 0.7566666666666667 0.822829131652661 0.10133333333333333 0.12044817927170869
0 0.4026666666666667 0.8599439775910365 0.12266666666666666 0.1330532212885154
0 0.5946666666666667 0.32142857142857145 0.124 0.11624649859943978
0 0.464 0.28361344537815125 0.11466666666666667 0.11484593837535013
0 0.864 0.35714285714285715 0.10266666666666667 0.10084033613445378
0 0.8793333333333333 0.5910364145658263 0.112 0.13025210084033614
0 0.6206666666666667 0.13795518207282914 0.11733333333333333 0.1092436974789916
0 0.686 0.3872549019607843 0.1 0.10644257703081232
0 0.6426666666666667 0.8830532212885154 0.104 0.11764705882352941
0 0.132 0.3900560224089636 0.12 0.13025210084033614
0 0.7306666666666667 0.19397759103641457 0.09866666666666667 0.10504201680672269
0 0.13066666666666665 0.5091036414565826 0.12666666666666668 0.09803921568627451
0 0.8086666666666666 0.25910364145658266 0.096 0.09523809523809523
0 0.2853333333333333 0.47549019607843135 0.10666666666666667 0.1092436974789916
0 0.674 0.6323529411764706 0.112 0.11624649859943978
0 0.5193333333333333 0.876750700280112 0.09466666666666666 0.11484593837535013
0 0.5733333333333334 0.7107843137254902 0.09333333333333334 0.09803921568627451