0 0.44866666666666666 0.12184873949579832 0.11066666666666666 0.11484593837535013
0 0.16466666666666666 0.6708683473389355 0.10266666666666667 0.10084033613445378
0 0.16666666666666666 0.3179271708683473 0.108 0.11064425770308123
0 0.7313333333333333 0.4698879551820728 0.10933333333333334 0.10644257703081232
0 0.31866666666666665 0.15336134453781514 0.09466666666666666 0.09523809523809523
0 0.21266666666666667 0.7591036414565826 0.09866666666666667 0.11204481792717087
0 0.23133333333333334 0.22899159663865545 0.09466666666666666 0.09803921568627451
0 0.8573333333333333 0.677170868347339 0.1 0.09803921568627451
0 0.882 0.41456582633053224 0.1 0.07983193277310924
0 0.31933333333333336 0.8256302521008403 0.08933333333333333 0.10364145658263306
0 0.33866666666666667 0.6372549019607843 0.096 0.10784313725490197
0 0.31933333333333336 0.3739495798319328 0.10133333333333333 0.09943977591036414
0 0.4766666666666667 0.6974789915966386 0.08533333333333333 0.10784313725490197
0 0.792 0.7878151260504201 0.08933333333333333 0.1092436974789916
0 0.44533333333333336 0.8697478991596639 0.10933333333333334 0.12044817927170869
0 0.5733333333333334 0.31092436974789917 0.11333333333333333 0.10224089635854341
0 0.43933333333333335 0.28991596638655465 0.104 0.10224089635854341
0 0.8446666666666667 0.311624649859944 0.09333333333333334 0.0896358543417367
0 0.8873333333333333 0.542016806722689 0.09866666666666667 0.11904761904761904
0 0.578 0.1253501400560224 0.10666666666666667 0.09663865546218488
0 0.6713333333333333 0.3641456582633053 0.08933333333333333 0.09523809523809523
0 0.686 0.8620448179271709 0.092 0.10644257703081232
0 0.122 0.4376750700280112 0.10666666666666667 0.11764705882352941
0 0.6933333333333334 0.16666666666666666 0.088 0.0938375350140056
0 0.13466666666666666 0.5560224089635855 0.11733333333333333 0.08403361344537816
0 0.7786666666666666 0.22128851540616246 0.08666666666666667 0.08543417366946779
0 0.284 0.5035014005602241 0.096 0.09803921568627451
0 0.688 0.6092436974789915 0.10133333333333333 0.10364145658263306
0 0.5626666666666666 0.8711484593837535 0.08266666666666667 0.10504201680672269
0 0.5973333333333334 0.6995798319327731 0.084 0.08823529411764706