0 0.27630208333333334 0.4674479166666667 0.0984375 0.11354166666666667
0 0.8703125 0.69765625 0.11510416666666666 0.1328125
0 0.5817708333333333 0.8098958333333334 0.09739583333333333 0.0765625
0 0.46953125 0.9143229166666667 0.15104166666666666 0.11458333333333333
0 0.33046875 0.11197916666666667 0.15104166666666666 0.13958333333333334
0 0.61796875 0.2994791666666667 0.14375 0.12135416666666667
0 0.6158854166666666 0.4044270833333333 0.06822916666666666 0.07552083333333333
0 0.8200520833333333 0.2 0.11770833333333333 0.12864583333333332
0 0.6091145833333333 0.18411458333333333 0.13125 0.10833333333333334
0 0.7880208333333333 0.36875 0.08385416666666666 0.09739583333333333
0 0.7729166666666667 0.81875 0.1015625 0.09583333333333334
0 0.5908854166666667 0.06848958333333334 0.10625 0.08333333333333333
0 0.9041666666666667 0.41796875 0.1171875 0.09479166666666666
0 0.6408854166666667 0.88984375 0.10052083333333334 0.08541666666666667
0 0.7880208333333333 0.6484375 0.08177083333333333 0.08854166666666667
0 0.2921875 0.8502604166666666 0.12083333333333333 0.1015625
0 0.23177083333333334 0.6799479166666667 0.09010416666666667 0.09583333333333334
0 0.3307291666666667 0.24427083333333333 0.08645833333333333 0.0796875
0 0.4549479166666667 0.18229166666666666 0.11875 0.090625
0 0.8778645833333333 0.31276041666666665 0.08333333333333333 0.09635416666666667
0 0.703125 0.7455729166666667 0.09427083333333333 0.09375
0 0.16354166666666667 0.7528645833333333 0.09270833333333334 0.121875
0 0.24947916666666667 0.3216145833333333 0.0796875 0.07760416666666667
0 0.4674479166666667 0.06979166666666667 0.09375 0.07447916666666667
0 0.3770833333333333 0.6796875 0.11875 0.0921875
0 0.7151041666666667 0.10677083333333333 0.10416666666666667 0.08333333333333333
0 0.7145833333333333 0.3953125 0.07239583333333334 0.08385416666666666
0 0.48671875 0.6338541666666667 0.06979166666666667 0.06354166666666666
0 0.18619791666666666 0.4466145833333333 0.0921875 0.12552083333333333
0 0.6473958333333333 0.68046875 0.08697916666666666 0.0796875
0 0.12109375 0.34140625 0.08854166666666667 0.10208333333333333
0 0.4440104166666667 0.5338541666666666 0.0640625 0.059895833333333336
0 0.7263020833333333 0.25703125 0.08541666666666667 0.0828125
0 0.21197916666666666 0.22916666666666666 0.11770833333333333 0.11510416666666666
0 0.31744791666666666 0.76484375 0.07708333333333334 0.07760416666666667
0 0.58359375 0.5174479166666667 0.059895833333333336 0.06458333333333334
0 0.4075520833333333 0.5971354166666667 0.07708333333333334 0.07708333333333334
0 0.1875 0.571875 0.0796875 0.08541666666666667
0 0.32864583333333336 0.3625 0.0734375 0.07239583333333334
0 0.9192708333333334 0.54140625 0.1015625 0.14010416666666667
0 0.2981770833333333 0.58671875 0.06458333333333334 0.071875
0 0.40911458333333334 0.2950520833333333 0.07239583333333334 0.059895833333333336
0 0.44505208333333335 0.8067708333333333 0.115625 0.0984375
0 0.07916666666666666 0.6138020833333333 0.08854166666666667 0.13541666666666666
0 0.38958333333333334 0.41458333333333336 0.06822916666666666 0.07760416666666667
0 0.36276041666666664 0.5138020833333333 0.0703125 0.0828125
0 0.5447916666666667 0.35546875 0.06770833333333333 0.053125
0 0.5208333333333334 0.7203125 0.15989583333333332 0.09270833333333334
0 0.7135416666666666 0.6088541666666667 0.058333333333333334 0.06614583333333333
0 0.64140625 0.5671875 0.059895833333333336 0.06510416666666667
0 0.5158854166666667 0.5666666666666667 0.0671875 0.05364583333333333
0 0.46536458333333336 0.44140625 0.06875 0.06510416666666667
0 0.45651041666666664 0.3606770833333333 0.06927083333333334 0.05416666666666667
0 0.6591145833333333 0.48489583333333336 0.059375 0.0734375
0 0.07682291666666667 0.46536458333333336 0.084375 0.10885416666666667
0 0.496875 0.271875 0.059895833333333336 0.05520833333333333
0 0.7450520833333333 0.4973958333333333 0.07552083333333333 0.1078125
0 0.8286458333333333 0.5106770833333333 0.07135416666666666 0.14010416666666667
0 0.55 0.4317708333333333 0.0625 0.058333333333333334
0 0.5744791666666667 0.621875 0.075 0.05572916666666667