0 0.7197916666666667 0.5520833333333334 0.09010416666666667 0.10677083333333333
0 0.14817708333333332 0.2708333333333333 0.10520833333333333 0.125
0 0.44557291666666665 0.184375 0.0921875 0.06927083333333334
0 0.56640625 0.08984375 0.14322916666666666 0.103125
0 0.63515625 0.9013020833333333 0.14114583333333333 0.12864583333333332
0 0.3651041666666667 0.6895833333333333 0.13541666666666666 0.1109375
0 0.3763020833333333 0.58515625 0.06302083333333333 0.07083333333333333
0 0.15520833333333334 0.77109375 0.10833333333333334 0.1203125
0 0.36380208333333336 0.8052083333333333 0.12395833333333334 0.0984375
0 0.2015625 0.60546875 0.0765625 0.09166666666666666
0 0.2559895833333333 0.15859375 0.09479166666666666 0.08854166666666667
0 0.371875 0.921875 0.10104166666666667 0.07552083333333333
0 0.09010416666666667 0.5463541666666667 0.11041666666666666 0.0859375
0 0.39348958333333334 0.09921875 0.09479166666666666 0.07760416666666667
0 0.22604166666666667 0.3268229166666667 0.075 0.0828125
0 0.7375 0.16901041666666666 0.1140625 0.0921875
0 0.7828125 0.34427083333333336 0.08333333333333333 0.0890625
0 0.64609375 0.76953125 0.08125 0.0734375
0 0.5171875 0.8203125 0.1125 0.08125
0 0.10729166666666666 0.6536458333333334 0.07604166666666666 0.090625
0 0.3190104166666667 0.23776041666666667 0.08802083333333334 0.08697916666666666
0 0.8572916666666667 0.27760416666666665 0.08333333333333333 0.115625
0 0.7338541666666667 0.6994791666666667 0.07447916666666667 0.071875
0 0.49505208333333334 0.9315104166666667 0.08854166666666667 0.06770833333333333
0 0.63828125 0.33177083333333335 0.1125 0.0828125
0 0.2513020833333333 0.8729166666666667 0.0984375 0.07552083333333333
0 0.27708333333333335 0.5856770833333333 0.06614583333333333 0.07864583333333333
0 0.5247395833333334 0.36770833333333336 0.065625 0.058333333333333334
0 0.8080729166666667 0.58046875 0.0828125 0.11927083333333334
0 0.3690104166666667 0.3072916666666667 0.08177083333333333 0.07291666666666667
0 0.8635416666666667 0.6911458333333333 0.08072916666666667 0.09583333333333334
0 0.55859375 0.47109375 0.059375 0.05520833333333333
0 0.25338541666666664 0.7223958333333333 0.0796875 0.0765625
0 0.76328125 0.7947916666666667 0.109375 0.10677083333333333
0 0.7049479166666667 0.2520833333333333 0.071875 0.07239583333333334
0 0.41822916666666665 0.4752604166666667 0.05520833333333333 0.059895833333333336
0 0.6005208333333333 0.41119791666666666 0.071875 0.071875
0 0.8177083333333334 0.45546875 0.0734375 0.08020833333333334
0 0.6588541666666666 0.6518229166666667 0.06822916666666666 0.06666666666666667
0 0.0859375 0.42213541666666665 0.09114583333333333 0.13385416666666666
0 0.70859375 0.43125 0.058854166666666666 0.06770833333333333
0 0.57265625 0.7122395833333334 0.06822916666666666 0.05416666666666667
0 0.5815104166666667 0.19895833333333332 0.10885416666666667 0.08958333333333333
0 0.9291666666666667 0.4231770833333333 0.07760416666666667 0.13020833333333334
0 0.6026041666666667 0.59453125 0.0625 0.07291666666666667
0 0.6377604166666667 0.4984375 0.0640625 0.078125
0 0.44296875 0.6401041666666667 0.0640625 0.04791666666666667
0 0.4984375 0.27890625 0.1546875 0.0796875
0 0.29661458333333335 0.3729166666666667 0.05364583333333333 0.06197916666666667
0 0.36484375 0.42083333333333334 0.05520833333333333 0.06041666666666667
0 0.4901041666666667 0.4322916666666667 0.06354166666666666 0.0484375
0 0.5294270833333333 0.5614583333333333 0.0640625 0.059895833333333336
0 0.53125 0.6424479166666667 0.065625 0.04895833333333333
0 0.34036458333333336 0.5010416666666667 0.05364583333333333 0.06927083333333334
0 0.91875 0.5713541666666667 0.0765625 0.103125
0 0.4830729166666667 0.7276041666666667 0.05572916666666667 0.051041666666666666
0 0.2557291666666667 0.48125 0.0671875 0.103125
0 0.1734375 0.46067708333333335 0.059895833333333336 0.13645833333333332
0 0.4440104166666667 0.5638020833333334 0.058333333333333334 0.05364583333333333
0 0.43645833333333334 0.37213541666666666 0.07135416666666666 0.05