0 0.71796875 0.5596354166666667 0.08645833333333333 0.10364583333333334
0 0.15651041666666668 0.25859375 0.10104166666666667 0.12135416666666667
0 0.45651041666666664 0.18255208333333334 0.09010416666666667 0.06614583333333333
0 0.5807291666666666 0.09244791666666667 0.14010416666666667 0.0984375
0 0.62109375 0.9057291666666667 0.13697916666666668 0.12395833333333334
0 0.35859375 0.6846354166666667 0.13177083333333334 0.10625
0 0.3734375 0.5807291666666666 0.06041666666666667 0.06875
0 0.14583333333333334 0.7588541666666667 0.10416666666666667 0.11666666666666667
0 0.353125 0.8002604166666667 0.12083333333333333 0.09427083333333333
0 0.19817708333333334 0.5950520833333334 0.0734375 0.0890625
0 0.26796875 0.15026041666666667 0.09166666666666666 0.08541666666666667
0 0.3572916666666667 0.9171875 0.0984375 0.071875
0 0.08880208333333334 0.53203125 0.1078125 0.08229166666666667
0 0.4075520833333333 0.09583333333333334 0.0921875 0.07447916666666667
0 0.23229166666666667 0.31744791666666666 0.07239583333333334 0.08020833333333334
0 0.7489583333333333 0.17760416666666667 0.1109375 0.08854166666666667
0 0.7880208333333333 0.3541666666666667 0.08020833333333334 0.08645833333333333
0 0.63671875 0.7744791666666667 0.07864583333333333 0.07083333333333333
0 0.5059895833333333 0.8208333333333333 0.10989583333333333 0.07760416666666667
0 0.10208333333333333 0.63984375 0.07291666666666667 0.08802083333333334
0 0.32838541666666665 0.23151041666666666 0.08489583333333334 0.08385416666666666
0 0.86484375 0.29010416666666666 0.0796875 0.11302083333333333
0 0.7268229166666667 0.7075520833333333 0.071875 0.06927083333333334
0 0.47994791666666664 0.9309895833333334 0.08645833333333333 0.06458333333333334
0 0.6440104166666667 0.33671875 0.10989583333333333 0.07916666666666666
0 0.23854166666666668 0.8640625 0.09583333333333334 0.07239583333333334
0 0.27421875 0.5778645833333333 0.06354166666666666 0.0765625
0 0.5294270833333333 0.36875 0.06354166666666666 0.05625
0 0.8049479166666667 0.5911458333333334 0.07864583333333333 0.11666666666666667
0 0.37578125 0.3028645833333333 0.07916666666666666 0.0703125
0 0.8567708333333334 0.7036458333333333 0.07760416666666667 0.09322916666666667
0 0.5596354166666667 0.47317708333333336 0.0578125 0.053125
0 0.24583333333333332 0.7135416666666666 0.07708333333333334 0.07395833333333333
0 0.7528645833333333 0.80390625 0.10572916666666667 0.103125
0 0.7135416666666666 0.259375 0.06927083333333334 0.06979166666666667
0 0.4192708333333333 0.47239583333333335 0.053125 0.058333333333333334
0 0.6036458333333333 0.41484375 0.06927083333333334 0.06927083333333334
0 0.8190104166666666 0.4666666666666667 0.07083333333333333 0.07760416666666667
0 0.6533854166666667 0.6572916666666667 0.06614583333333333 0.06458333333333334
0 0.08880208333333334 0.4078125 0.08645833333333333 0.13072916666666667
0 0.7109375 0.43854166666666666 0.05677083333333333 0.065625
0 0.5651041666666666 0.7145833333333333 0.06666666666666667 0.052083333333333336
0 0.5919270833333333 0.20208333333333334 0.10572916666666667 0.0859375
0 0.9315104166666667 0.43828125 0.0734375 0.12760416666666666
0 0.59921875 0.5981770833333333 0.059895833333333336 0.07083333333333333
0 0.6377604166666667 0.503125 0.06145833333333333 0.07604166666666666
0 0.43802083333333336 0.6380208333333334 0.0625 0.04583333333333333
0 0.50625 0.27890625 0.15208333333333332 0.07447916666666667
0 0.30130208333333336 0.3658854166666667 0.0515625 0.06041666666666667
0 0.36770833333333336 0.4161458333333333 0.053125 0.058854166666666666
0 0.49244791666666665 0.43203125 0.06197916666666667 0.04635416666666667
0 0.52734375 0.5625 0.06197916666666667 0.0578125
0 0.5263020833333333 0.6434895833333333 0.0640625 0.046875
0 0.34036458333333336 0.49557291666666664 0.0515625 0.06770833333333333
0 0.9158854166666667 0.5859375 0.07291666666666667 0.10052083333333334
0 0.4752604166666667 0.7268229166666667 0.05416666666666667 0.04895833333333333
0 0.2565104166666667 0.47265625 0.06354166666666666 0.10104166666666667
0 0.175 0.44921875 0.05520833333333333 0.134375
0 0.44192708333333336 0.56171875 0.05677083333333333 0.0515625
0 0.44088541666666664 0.37005208333333334 0.06979166666666667 0.04739583333333333