0 0.28020833333333334 0.41171875 0.07239583333333334 0.09114583333333333
0 0.7291666666666666 0.3854166666666667 0.06354166666666666 0.08385416666666666
0 0.37473958333333335 0.90546875 0.11458333333333333 0.0890625
0 0.6848958333333334 0.12421875 0.10572916666666667 0.0921875
0 0.5830729166666667 0.7526041666666666 0.07083333333333333 0.065625
0 0.45989583333333334 0.24947916666666667 0.07291666666666667 0.06927083333333334
0 0.7515625 0.5986979166666667 0.06875 0.07552083333333333
0 0.09192708333333334 0.48020833333333335 0.0765625 0.08802083333333334
0 0.6393229166666666 0.6361979166666667 0.06927083333333334 0.06197916666666667
0 0.165625 0.26119791666666664 0.07708333333333334 0.08333333333333333
0 0.21692708333333333 0.6838541666666667 0.06979166666666667 0.07760416666666667
0 0.684375 0.5705729166666667 0.06614583333333333 0.07291666666666667
0 0.8533854166666667 0.2859375 0.07291666666666667 0.08489583333333334
0 0.17786458333333333 0.5013020833333334 0.07083333333333333 0.0796875
0 0.79609375 0.6606770833333333 0.06458333333333334 0.0703125
0 0.9013020833333333 0.5953125 0.06979166666666667 0.07604166666666666
0 0.4276041666666667 0.73828125 0.05677083333333333 0.06979166666666667
0 0.5028645833333333 0.75390625 0.084375 0.08072916666666667
0 0.36666666666666664 0.1984375 0.07447916666666667 0.06770833333333333
0 0.3390625 0.49557291666666664 0.06197916666666667 0.06770833333333333
0 0.3059895833333333 0.6544270833333333 0.07395833333333333 0.075
0 0.08958333333333333 0.5830729166666667 0.06354166666666666 0.08541666666666667
0 0.8768229166666667 0.6966145833333334 0.06927083333333334 0.0890625
0 0.4432291666666667 0.8372395833333334 0.0921875 0.06041666666666667
0 0.26588541666666665 0.8557291666666667 0.08697916666666666 0.0765625
0 0.11744791666666667 0.3734375 0.06979166666666667 0.10260416666666666
0 0.8127604166666667 0.8041666666666667 0.07604166666666666 0.08958333333333333
0 0.90859375 0.5036458333333333 0.0640625 0.0859375
0 0.48854166666666665 0.92890625 0.0859375 0.06927083333333334
0 0.4505208333333333 0.17083333333333334 0.07135416666666666 0.07135416666666666
0 0.26927083333333335 0.49192708333333335 0.06927083333333334 0.06822916666666666
0 0.24869791666666666 0.30703125 0.06302083333333333 0.06770833333333333
0 0.4505208333333333 0.08255208333333333 0.07760416666666667 0.0796875
0 0.5216145833333333 0.3104166666666667 0.0640625 0.05677083333333333
0 0.18932291666666667 0.7888020833333333 0.08229166666666667 0.07760416666666667
0 0.6911458333333333 0.79140625 0.06041666666666667 0.0609375
0 0.29609375 0.25078125 0.0578125 0.058854166666666666
0 0.7158854166666667 0.24296875 0.06875 0.0765625
0 0.45260416666666664 0.32734375 0.06927083333333334 0.059375
0 0.38723958333333336 0.6302083333333334 0.06666666666666667 0.06927083333333334
0 0.7583333333333333 0.4609375 0.06614583333333333 0.07291666666666667
0 0.5515625 0.5643229166666667 0.059375 0.0578125
0 0.5609375 0.07760416666666667 0.09635416666666667 0.07395833333333333
0 0.27760416666666665 0.5736979166666667 0.08177083333333333 0.07760416666666667
0 0.8388020833333333 0.48333333333333334 0.058854166666666666 0.06927083333333334
0 0.6247395833333333 0.8255208333333334 0.0640625 0.06354166666666666
0 0.34791666666666665 0.4276041666666667 0.053125 0.06666666666666667
0 0.18697916666666667 0.5966145833333333 0.07864583333333333 0.06979166666666667
0 0.5432291666666667 0.8424479166666666 0.08229166666666667 0.06875
0 0.6481770833333333 0.36744791666666665 0.057291666666666664 0.06145833333333333
0 0.5453125 0.24713541666666666 0.0765625 0.06302083333333333
0 0.77734375 0.3125 0.06510416666666667 0.06979166666666667
0 0.35 0.10651041666666666 0.08854166666666667 0.071875
0 0.409375 0.45364583333333336 0.051041666666666666 0.059895833333333336
0 0.28177083333333336 0.7484375 0.071875 0.06770833333333333
0 0.6330729166666667 0.5455729166666666 0.052083333333333336 0.0609375
0 0.7184895833333333 0.88125 0.1125 0.08541666666666667
0 0.5919270833333333 0.31875 0.058854166666666666 0.05416666666666667
0 0.3880208333333333 0.284375 0.06458333333333334 0.06354166666666666
0 0.9015625 0.39869791666666665 0.078125 0.09114583333333333
0 0.75234375 0.7299479166666667 0.06302083333333333 0.06666666666666667
0 0.5768229166666666 0.6815104166666667 0.06822916666666666 0.058333333333333334
0 0.7583333333333333 0.5252604166666667 0.0515625 0.06041666666666667
0 0.6484375 0.7192708333333333 0.0546875 0.06354166666666666
0 0.6364583333333333 0.47630208333333335 0.051041666666666666 0.06302083333333333
0 0.428125 0.58046875 0.05260416666666667 0.053125
0 0.6359375 0.18984375 0.07135416666666666 0.06197916666666667
0 0.6244791666666667 0.26510416666666664 0.065625 0.06041666666666667
0 0.47161458333333334 0.53984375 0.05260416666666667 0.06458333333333334
0 0.47682291666666665 0.6088541666666667 0.057291666666666664 0.053125
0 0.35651041666666666 0.56640625 0.05364583333333333 0.058333333333333334
0 0.5299479166666666 0.42916666666666664 0.07395833333333333 0.058854166666666666
0 0.4947916666666667 0.37578125 0.04635416666666667 0.042708333333333334
0 0.4432291666666667 0.40338541666666666 0.053125 0.050520833333333334
0 0.24947916666666667 0.17708333333333334 0.10833333333333334 0.090625
0 0.5153645833333333 0.6861979166666666 0.05260416666666667 0.04583333333333333
0 0.54765625 0.16822916666666668 0.09375 0.052083333333333336
0 0.4671875 0.46432291666666664 0.04583333333333333 0.0515625
0 0.5388020833333333 0.6302083333333334 0.05677083333333333 0.044270833333333336
0 0.8223958333333333 0.3966145833333333 0.0796875 0.0796875
0 0.5541666666666667 0.37994791666666666 0.057291666666666664 0.04375
0 0.6947916666666667 0.5044270833333333 0.043229166666666666 0.0578125
0 0.3260416666666667 0.3346354166666667 0.07552083333333333 0.0734375
0 0.20494791666666667 0.396875 0.07239583333333334 0.1015625
0 0.12161458333333333 0.6971354166666667 0.08229166666666667 0.08958333333333333
0 0.6041666666666666 0.921875 0.11145833333333334 0.084375
0 0.7833333333333333 0.19270833333333334 0.08229166666666667 0.08177083333333333
0 0.6856770833333333 0.30520833333333336 0.07083333333333333 0.07083333333333333
0 0.45546875 0.67109375 0.0671875 0.051041666666666666
0 0.8247395833333333 0.5734375 0.049479166666666664 0.07447916666666667
0 0.703125 0.6669270833333333 0.06145833333333333 0.06875
0 0.68828125 0.43697916666666664 0.04583333333333333 0.05625
0 0.5921875 0.6015625 0.0515625 0.049479166666666664
0 0.5763020833333333 0.49583333333333335 0.05520833333333333 0.065625
0 0.6041666666666666 0.4158854166666667 0.05416666666666667 0.05572916666666667
0 0.3640625 0.7015625 0.0671875 0.065625
0 0.359375 0.8015625 0.07395833333333333 0.0640625
0 0.3921875 0.37213541666666666 0.0609375 0.05260416666666667
0 0.40729166666666666 0.5208333333333334 0.0546875 0.06041666666666667