0 0.39479166666666665 0.6330729166666667 0.1015625 0.08958333333333333
0 0.6770833333333334 0.13359375 0.13697916666666668 0.109375
0 0.33177083333333335 0.5385416666666667 0.08541666666666667 0.08125
0 0.33046875 0.7143229166666667 0.10416666666666667 0.09270833333333334
0 0.23229166666666667 0.5723958333333333 0.10625 0.12552083333333333
0 0.3377604166666667 0.86875 0.12708333333333333 0.12604166666666666
0 0.18802083333333333 0.24739583333333334 0.11770833333333333 0.153125
0 0.5427083333333333 0.21979166666666666 0.1203125 0.08020833333333334
0 0.42213541666666665 0.45338541666666665 0.06822916666666666 0.075
0 0.3515625 0.2674479166666667 0.12135416666666667 0.1203125
0 0.15104166666666666 0.7002604166666667 0.12135416666666667 0.16197916666666667
0 0.48671875 0.7768229166666667 0.1328125 0.1046875
0 0.69921875 0.28958333333333336 0.11354166666666667 0.1109375
0 0.60703125 0.8815104166666666 0.1640625 0.11927083333333334
0 0.7690104166666667 0.5903645833333333 0.10572916666666667 0.13697916666666668
0 0.2359375 0.41067708333333336 0.071875 0.1078125
0 0.5080729166666667 0.41510416666666666 0.07291666666666667 0.0625
0 0.6291666666666667 0.3723958333333333 0.07760416666666667 0.07760416666666667
0 0.6635416666666667 0.7231770833333333 0.10052083333333334 0.09166666666666666
0 0.61875 0.6388020833333333 0.09583333333333334 0.08385416666666666
0 0.6880208333333333 0.453125 0.0828125 0.071875
0 0.3419270833333333 0.43411458333333336 0.075 0.11145833333333334
0 0.8234375 0.7572916666666667 0.12552083333333333 0.13854166666666667
0 0.6734375 0.540625 0.06354166666666666 0.090625
0 0.42421875 0.3497395833333333 0.08385416666666666 0.0703125
0 0.5533854166666666 0.5653645833333333 0.08489583333333334 0.0765625
0 0.7901041666666667 0.42291666666666666 0.07604166666666666 0.103125
0 0.53125 0.3299479166666667 0.09114583333333333 0.08385416666666666
0 0.5895833333333333 0.4588541666666667 0.0703125 0.07708333333333334
0 0.09322916666666667 0.44505208333333335 0.11197916666666667 0.15
0 0.8848958333333333 0.29765625 0.12083333333333333 0.14375
0 0.41380208333333335 0.11015625 0.1328125 0.13333333333333333
0 0.934375 0.5236979166666667 0.06979166666666667 0.1984375
0 0.4432291666666667 0.5604166666666667 0.08177083333333333 0.07864583333333333
0 0.50703125 0.665625 0.0875 0.0796875