0 0.39947916666666666 0.63671875 0.0984375 0.08645833333333333
0 0.6640625 0.12760416666666666 0.13333333333333333 0.1046875
0 0.3333333333333333 0.5442708333333334 0.0828125 0.07864583333333333
0 0.3380208333333333 0.7200520833333334 0.10104166666666667 0.0890625
0 0.23489583333333333 0.5817708333333333 0.10208333333333333 0.121875
0 0.35078125 0.87421875 0.12291666666666666 0.121875
0 0.17942708333333332 0.25833333333333336 0.1125 0.14947916666666666
0 0.5328125 0.21848958333333332 0.11770833333333333 0.07604166666666666
0 0.4205729166666667 0.45625 0.065625 0.07291666666666667
0 0.34348958333333335 0.27265625 0.1171875 0.11614583333333334
0 0.15833333333333333 0.7122395833333334 0.11614583333333334 0.1578125
0 0.49635416666666665 0.7770833333333333 0.12916666666666668 0.1
0 0.6916666666666667 0.2828125 0.10989583333333333 0.10729166666666666
0 0.6203125 0.8776041666666666 0.16041666666666668 0.11354166666666667
0 0.771875 0.5809895833333333 0.10104166666666667 0.13333333333333333
0 0.23307291666666666 0.4200520833333333 0.06822916666666666 0.10572916666666667
0 0.5052083333333334 0.41484375 0.07083333333333333 0.059895833333333336
0 0.6247395833333333 0.36796875 0.075 0.075
0 0.6713541666666667 0.7174479166666666 0.09739583333333333 0.08854166666666667
0 0.6234375 0.6346354166666667 0.09322916666666667 0.08072916666666667
0 0.6861979166666666 0.4466145833333333 0.08020833333333334 0.06927083333333334
0 0.33984375 0.4395833333333333 0.07135416666666666 0.10885416666666667
0 0.8322916666666667 0.7458333333333333 0.12083333333333333 0.134375
0 0.6747395833333333 0.5346354166666667 0.06041666666666667 0.08854166666666667
0 0.41901041666666666 0.35260416666666666 0.08177083333333333 0.06770833333333333
0 0.5557291666666667 0.5635416666666667 0.08229166666666667 0.07395833333333333
0 0.7872395833333333 0.4127604166666667 0.07239583333333334 0.10052083333333334
0 0.5252604166666667 0.32890625 0.08854166666666667 0.08072916666666667
0 0.5880208333333333 0.4557291666666667 0.06770833333333333 0.075
0 0.09166666666666666 0.459375 0.10677083333333333 0.14635416666666667
0 0.8776041666666666 0.284375 0.11614583333333334 0.13958333333333334
0 0.4002604166666667 0.11328125 0.128125 0.12916666666666668
0 0.9348958333333334 0.50859375 0.06302083333333333 0.19635416666666666
0 0.4453125 0.5622395833333333 0.07916666666666666 0.07604166666666666
0 0.5127604166666667 0.6653645833333334 0.08489583333333334 0.0765625