0 0.700625 0.9546525323910483 0.04625 0.03297997644287397
0 0.82125 0.8480565371024735 0.06125 0.08598351001177856
0 0.88625 0.519434628975265 0.06625 0.08244994110718493
0 0.690625 0.7002355712603062 0.0775 0.10011778563015312
0 0.7775 0.08421672555948174 0.05125 0.0447585394581861
0 0.885625 0.21908127208480566 0.0575 0.07891637220259129
0 0.780625 0.38987043580683156 0.06375 0.06949352179034157
0 0.546875 0.5365135453474676 0.045 0.06007067137809187
0 0.349375 0.3621908127208481 0.05 0.08480565371024736
0 0.191875 0.5400471142520612 0.05125 0.07656065959952886
0 0.43875 0.914605418138987 0.0375 0.05653710247349823
0 0.310625 0.8992932862190812 0.04625 0.02591283863368669
0 0.1525 0.9028268551236749 0.04375 0.024734982332155476
0 0.038125 0.8227326266195524 0.05625 0.09069493521790342
0 0.065625 0.6260306242638398 0.05125 0.038869257950530034
0 0.036875 0.5300353356890459 0.0575 0.0800942285041225
0 0.08625 0.3474676089517079 0.03 0.05182567726737338
0 0.10125 0.2879858657243816 0.0425 0.06595995288574794
0 0.179375 0.23498233215547704 0.06875 0.08244994110718493
0 0.15875 0.059481743227326266 0.04625 0.050647820965842166
0 0.095 0.0353356890459364 0.0225 0.012956419316843345
0 0.010625 0.04711425206124853 0.02125 0.03769140164899882