0 0.396875 0.625 0.07708333333333334 0.065625
0 0.7658854166666667 0.83671875 0.09427083333333333 0.08385416666666666
0 0.48489583333333336 0.8388020833333333 0.08177083333333333 0.08541666666666667
0 0.7080729166666667 0.4791666666666667 0.09427083333333333 0.0890625
0 0.72109375 0.1421875 0.07135416666666666 0.07135416666666666
0 0.9018229166666667 0.35989583333333336 0.0859375 0.10833333333333334
0 0.09635416666666667 0.6716145833333333 0.06666666666666667 0.08541666666666667
0 0.8065104166666667 0.609375 0.07708333333333334 0.08333333333333333
0 0.3578125 0.5466145833333333 0.06614583333333333 0.06354166666666666
0 0.27578125 0.5713541666666667 0.08802083333333334 0.0796875
0 0.478125 0.7268229166666667 0.0921875 0.08333333333333333
0 0.3533854166666667 0.3328125 0.08072916666666667 0.1046875
0 0.4588541666666667 0.07942708333333333 0.11145833333333334 0.09114583333333333
0 0.26067708333333334 0.47942708333333334 0.0625 0.07395833333333333
0 0.496875 0.1796875 0.07395833333333333 0.07760416666666667
0 0.1625 0.5955729166666667 0.0984375 0.08385416666666666
0 0.49609375 0.3854166666666667 0.06979166666666667 0.0640625
0 0.5723958333333333 0.70859375 0.06875 0.10520833333333333
0 0.7072916666666667 0.23567708333333334 0.10729166666666666 0.0796875
0 0.31015625 0.6544270833333333 0.10729166666666666 0.05625
0 0.5723958333333333 0.6192708333333333 0.07239583333333334 0.06510416666666667
0 0.6453125 0.6432291666666666 0.05625 0.0859375
0 0.21276041666666667 0.69921875 0.13177083333333334 0.06979166666666667
0 0.5973958333333333 0.19036458333333334 0.10052083333333334 0.0859375
0 0.29661458333333335 0.23125 0.058333333333333334 0.09375
0 0.43854166666666666 0.29401041666666666 0.0671875 0.07864583333333333
0 0.5955729166666667 0.8244791666666667 0.08541666666666667 0.12604166666666666
0 0.27890625 0.8776041666666666 0.09427083333333333 0.08125
0 0.8135416666666667 0.50390625 0.1109375 0.12083333333333333
0 0.2903645833333333 0.39505208333333336 0.057291666666666664 0.12135416666666667
0 0.6138020833333333 0.46953125 0.06197916666666667 0.0546875
0 0.08411458333333334 0.3731770833333333 0.07395833333333333 0.1109375
0 0.6015625 0.32864583333333336 0.0953125 0.08020833333333334
0 0.6895833333333333 0.5619791666666667 0.07916666666666666 0.1
0 0.23411458333333332 0.15598958333333332 0.0765625 0.0765625
0 0.5005208333333333 0.9348958333333334 0.07708333333333334 0.05
0 0.53515625 0.5653645833333333 0.058854166666666666 0.06041666666666667
0 0.6645833333333333 0.38984375 0.0796875 0.059375
0 0.8135416666666667 0.41744791666666664 0.06822916666666666 0.06510416666666667
0 0.5239583333333333 0.29296875 0.07916666666666666 0.08177083333333333
0 0.15338541666666666 0.48828125 0.09114583333333333 0.10364583333333334
0 0.39505208333333336 0.18828125 0.103125 0.0984375
0 0.546875 0.47760416666666666 0.0546875 0.058854166666666666
0 0.27786458333333336 0.7854166666666667 0.06770833333333333 0.05364583333333333
0 0.6078125 0.5416666666666666 0.0484375 0.0703125
0 0.89921875 0.6140625 0.0609375 0.08489583333333334
0 0.18020833333333333 0.3854166666666667 0.0546875 0.078125
0 0.3776041666666667 0.8140625 0.09375 0.09427083333333333
0 0.56640625 0.4080729166666667 0.059375 0.05677083333333333
0 0.69375 0.7778645833333333 0.05260416666666667 0.06979166666666667
0 0.4166666666666667 0.40286458333333336 0.06302083333333333 0.0515625
0 0.42135416666666664 0.48411458333333335 0.04739583333333333 0.059375
0 0.48125 0.4513020833333333 0.0546875 0.0484375
0 0.37604166666666666 0.71484375 0.08958333333333333 0.052083333333333336
0 0.221875 0.2890625 0.058854166666666666 0.12916666666666668
0 0.7544270833333333 0.69609375 0.09010416666666667 0.10729166666666666
0 0.7627604166666667 0.3255208333333333 0.10885416666666667 0.09739583333333333
0 0.35494791666666664 0.4661458333333333 0.057291666666666664 0.08385416666666666
0 0.4869791666666667 0.6356770833333333 0.06302083333333333 0.05625
0 0.44296875 0.5677083333333334 0.058333333333333334 0.05520833333333333