0 0.6919270833333333 0.4822916666666667 0.08645833333333333 0.08385416666666666
0 0.68984375 0.25625 0.0984375 0.07291666666666667
0 0.48489583333333336 0.81953125 0.07708333333333334 0.08229166666666667
0 0.49453125 0.20625 0.06927083333333334 0.0703125
0 0.5872395833333334 0.21458333333333332 0.09270833333333334 0.0796875
0 0.5916666666666667 0.34140625 0.0875 0.07239583333333334
0 0.2903645833333333 0.56875 0.08177083333333333 0.07552083333333333
0 0.40286458333333336 0.61875 0.07291666666666667 0.06197916666666667
0 0.5190104166666667 0.31015625 0.07447916666666667 0.075
0 0.38307291666666665 0.7028645833333333 0.0828125 0.049479166666666664
0 0.18541666666666667 0.5921875 0.090625 0.078125
0 0.47708333333333336 0.08177083333333333 0.103125 0.08177083333333333
0 0.58828125 0.8057291666666667 0.07864583333333333 0.11822916666666666
0 0.23203125 0.6895833333333333 0.12135416666666667 0.06354166666666666
0 0.36171875 0.34661458333333334 0.075 0.09635416666666667
0 0.7848958333333333 0.6036458333333333 0.07291666666666667 0.078125
0 0.565625 0.6135416666666667 0.06770833333333333 0.06145833333333333
0 0.47890625 0.7151041666666667 0.08645833333333333 0.07864583333333333
0 0.3846354166666667 0.7958333333333333 0.08854166666666667 0.08802083333333334
0 0.7908854166666667 0.5044270833333333 0.10416666666666667 0.11197916666666667
0 0.2752604166666667 0.4830729166666667 0.058333333333333334 0.06927083333333334
0 0.7309895833333333 0.14791666666666667 0.0671875 0.06510416666666667
0 0.4940104166666667 0.3953125 0.06510416666666667 0.059375
0 0.26328125 0.8643229166666667 0.08958333333333333 0.07760416666666667
0 0.5669270833333333 0.696875 0.06458333333333334 0.09895833333333333
0 0.08046875 0.403125 0.06875 0.10052083333333334
0 0.5197916666666667 0.9390625 0.0734375 0.049479166666666664
0 0.5372395833333333 0.5567708333333333 0.05677083333333333 0.057291666666666664
0 0.6752604166666667 0.559375 0.07447916666666667 0.09375
0 0.54140625 0.48020833333333335 0.050520833333333334 0.0546875
0 0.321875 0.6471354166666666 0.1 0.05260416666666667
0 0.7643229166666666 0.8330729166666667 0.0875 0.08020833333333334
0 0.36328125 0.4700520833333333 0.05520833333333333 0.0765625
0 0.22109375 0.1734375 0.0703125 0.06822916666666666
0 0.36614583333333334 0.5447916666666667 0.0609375 0.058854166666666666
0 0.4205729166666667 0.4114583333333333 0.058854166666666666 0.0484375
0 0.65078125 0.3997395833333333 0.07395833333333333 0.0546875
0 0.24010416666666667 0.30833333333333335 0.05520833333333333 0.11666666666666667
0 0.5604166666666667 0.4158854166666667 0.05416666666666667 0.05364583333333333
0 0.6346354166666667 0.6364583333333333 0.053125 0.08072916666666667
0 0.19921875 0.3971354166666667 0.0546875 0.0796875
0 0.29244791666666664 0.7692708333333333 0.06354166666666666 0.05
0 0.6044270833333333 0.47369791666666666 0.057291666666666664 0.0546875
0 0.1765625 0.49166666666666664 0.08333333333333333 0.09635416666666667
0 0.78984375 0.42473958333333334 0.0640625 0.059895833333333336
0 0.8971354166666666 0.35572916666666665 0.07291666666666667 0.10416666666666667
0 0.440625 0.3111979166666667 0.06145833333333333 0.07291666666666667
0 0.5984375 0.5403645833333334 0.044270833333333336 0.0640625
0 0.30364583333333334 0.4049479166666667 0.052083333333333336 0.11041666666666666
0 0.6807291666666667 0.7625 0.04895833333333333 0.065625
0 0.42526041666666664 0.48671875 0.0453125 0.05625
0 0.3098958333333333 0.25338541666666664 0.0546875 0.0859375
0 0.9091145833333333 0.6184895833333334 0.057291666666666664 0.08072916666666667
0 0.09088541666666666 0.6565104166666667 0.06145833333333333 0.0828125
0 0.48046875 0.45598958333333334 0.050520833333333334 0.043229166666666666
0 0.3997395833333333 0.21302083333333333 0.09583333333333334 0.08958333333333333
0 0.7419270833333333 0.33932291666666664 0.10104166666666667 0.08802083333333334
0 0.7372395833333333 0.6841145833333333 0.08385416666666666 0.10104166666666667
0 0.32916666666666666 0.09947916666666666 0.0453125 0.03697916666666667
0 0.28125 0.12578125 0.03958333333333333 0.041666666666666664
0 0.7916666666666666 0.18697916666666667 0.036458333333333336 0.040625
0 0.8859375 0.6875 0.034895833333333334 0.03958333333333333
0 0.9111979166666667 0.4890625 0.033854166666666664 0.035416666666666666
0 0.8341145833333333 0.22239583333333332 0.04114583333333333 0.0359375
0 0.9098958333333333 0.43828125 0.041666666666666664 0.03697916666666667
0 0.5666666666666667 0.08958333333333333 0.03697916666666667 0.03697916666666667
0 0.13515625 0.2760416666666667 0.04010416666666667 0.03854166666666667
0 0.07317708333333334 0.5833333333333334 0.0359375 0.0375
0 0.16354166666666667 0.23177083333333334 0.04010416666666667 0.0375
0 0.6171875 0.09947916666666666 0.040625 0.03333333333333333
0 0.6677083333333333 0.11536458333333334 0.040625 0.0359375
0 0.8252604166666667 0.7768229166666667 0.035416666666666666 0.034895833333333334
0 0.915625 0.54140625 0.033854166666666664 0.03958333333333333
0 0.58984375 0.9296875 0.03958333333333333 0.034895833333333334
0 0.4390625 0.9296875 0.03958333333333333 0.0359375
0 0.6919270833333333 0.8869791666666667 0.034375 0.0375
0 0.19322916666666667 0.8153645833333333 0.0390625 0.03958333333333333
0 0.16354166666666667 0.7677083333333333 0.0328125 0.0328125
0 0.13072916666666667 0.7307291666666667 0.036458333333333336 0.03802083333333333
0 0.85546875 0.7309895833333333 0.03697916666666667 0.03802083333333333
0 0.3385416666666667 0.9059895833333333 0.03854166666666667 0.0375
0 0.48671875 0.6286458333333333 0.059375 0.052083333333333336
0 0.4453125 0.565625 0.05416666666666667 0.0515625
0 0.12994791666666666 0.7299479166666667 0.035416666666666666 0.03697916666666667
0 0.38828125 0.9231770833333334 0.04114583333333333 0.030729166666666665
0 0.6408854166666667 0.909375 0.033854166666666664 0.03177083333333333
0 0.06354166666666666 0.48489583333333336 0.03177083333333333 0.0359375
0 0.109375 0.31614583333333335 0.03697916666666667 0.04114583333333333
0 0.38619791666666664 0.08255208333333333 0.036458333333333336 0.03802083333333333
0 0.8666666666666667 0.2716145833333333 0.03697916666666667 0.0375
0 0.06510416666666667 0.534375 0.0328125 0.033854166666666664