0 0.45260416666666664 0.31328125 0.09635416666666667 0.0984375
0 0.22942708333333334 0.35052083333333334 0.0875 0.10885416666666667
0 0.81796875 0.46484375 0.09322916666666667 0.0890625
0 0.21067708333333332 0.5513020833333333 0.08020833333333334 0.07916666666666666
0 0.20442708333333334 0.45859375 0.09322916666666667 0.10416666666666667
0 0.32890625 0.434375 0.08541666666666667 0.09791666666666667
0 0.60078125 0.6963541666666667 0.0875 0.09270833333333334
0 0.6325520833333333 0.57734375 0.07239583333333334 0.08177083333333333
0 0.30963541666666666 0.5109375 0.0859375 0.08541666666666667
0 0.71875 0.5838541666666667 0.06197916666666667 0.08958333333333333
0 0.6403645833333333 0.7963541666666667 0.09114583333333333 0.1015625
0 0.090625 0.5880208333333333 0.096875 0.11458333333333333
0 0.78828125 0.3651041666666667 0.12916666666666668 0.09635416666666667
0 0.7291666666666666 0.7348958333333333 0.08177083333333333 0.1296875
0 0.37005208333333334 0.6606770833333333 0.10677083333333333 0.0890625
0 0.5578125 0.20234375 0.08854166666666667 0.084375
0 0.6018229166666667 0.41744791666666664 0.07135416666666666 0.0765625
0 0.7158854166666667 0.48723958333333334 0.09114583333333333 0.09791666666666667
0 0.81015625 0.5677083333333334 0.10104166666666667 0.10104166666666667
0 0.4588541666666667 0.21197916666666666 0.12708333333333333 0.1203125
0 0.5184895833333333 0.7247395833333333 0.07760416666666667 0.06822916666666666
0 0.11614583333333334 0.3268229166666667 0.075 0.0765625
0 0.39765625 0.5223958333333333 0.06875 0.0734375
0 0.896875 0.6768229166666667 0.090625 0.10052083333333334
0 0.6838541666666667 0.403125 0.1078125 0.07916666666666666
0 0.4700520833333333 0.9294270833333333 0.10989583333333333 0.08385416666666666
0 0.93046875 0.41171875 0.06041666666666667 0.08020833333333334
0 0.5502604166666667 0.4544270833333333 0.065625 0.06510416666666667
0 0.53125 0.3177083333333333 0.10416666666666667 0.08802083333333334
0 0.4739583333333333 0.4622395833333333 0.06197916666666667 0.058333333333333334
0 0.6731770833333334 0.6528645833333333 0.06770833333333333 0.10677083333333333
0 0.7875 0.18671875 0.09270833333333334 0.09895833333333333
0 0.49192708333333335 0.63984375 0.084375 0.06666666666666667
0 0.22109375 0.8265625 0.07864583333333333 0.08020833333333334
0 0.5651041666666666 0.6252604166666667 0.06770833333333333 0.06927083333333334
0 0.425 0.5921875 0.057291666666666664 0.065625
0 0.37734375 0.36666666666666664 0.065625 0.08177083333333333
0 0.35130208333333335 0.78671875 0.12395833333333334 0.07291666666666667
0 0.4075520833333333 0.45338541666666665 0.06145833333333333 0.06197916666666667
0 0.6138020833333333 0.3455729166666667 0.08802083333333334 0.06510416666666667
0 0.44557291666666665 0.81328125 0.0875 0.06666666666666667
0 0.7984375 0.6627604166666666 0.059375 0.07083333333333333
0 0.4578125 0.4010416666666667 0.06302083333333333 0.06510416666666667
0 0.5424479166666667 0.8208333333333333 0.10833333333333334 0.09739583333333333
0 0.3802083333333333 0.22552083333333334 0.06927083333333334 0.07239583333333334
0 0.2953125 0.13020833333333334 0.1140625 0.08854166666666667
0 0.3229166666666667 0.58828125 0.08177083333333333 0.071875
0 0.5244791666666667 0.3963541666666667 0.0703125 0.05364583333333333
0 0.43671875 0.7088541666666667 0.1171875 0.06875
0 0.7309895833333333 0.28046875 0.07239583333333334 0.058854166666666666
0 0.4986979166666667 0.57578125 0.0625 0.05364583333333333
0 0.28619791666666666 0.7263020833333333 0.09322916666666667 0.06770833333333333
0 0.553125 0.07734375 0.08854166666666667 0.06927083333333334
0 0.7184895833333333 0.8796875 0.09166666666666666 0.0734375
0 0.4596354166666667 0.5263020833333333 0.050520833333333334 0.05677083333333333
0 0.23229166666666667 0.6440104166666667 0.10364583333333334 0.10885416666666667
0 0.3033854166666667 0.28619791666666666 0.10260416666666666 0.11354166666666667
0 0.6447916666666667 0.23697916666666666 0.11302083333333333 0.0984375
0 0.13125 0.7315104166666667 0.04375 0.050520833333333334
0 0.16458333333333333 0.7744791666666667 0.04739583333333333 0.04583333333333333
0 0.1453125 0.2609375 0.04583333333333333 0.0421875
0 0.6247395833333333 0.08958333333333333 0.04479166666666667 0.040625
0 0.425 0.09557291666666666 0.04010416666666667 0.0390625
0 0.1734375 0.21354166666666666 0.0421875 0.04635416666666667
0 0.375 0.1046875 0.043229166666666666 0.046875
0 0.08411458333333334 0.4984375 0.0421875 0.0421875
0 0.3359375 0.8953125 0.044270833333333336 0.04583333333333333
0 0.6489583333333333 0.90859375 0.042708333333333334 0.04114583333333333
0 0.2877604166666667 0.87421875 0.043229166666666666 0.0453125
0 0.08619791666666667 0.446875 0.0390625 0.0453125
0 0.09375 0.39453125 0.041666666666666664 0.04583333333333333
0 0.72265625 0.13541666666666666 0.04010416666666667 0.040625
0 0.47578125 0.08307291666666666 0.044270833333333336 0.03958333333333333
0 0.9104166666666667 0.34401041666666665 0.040625 0.04479166666666667
0 0.9338541666666667 0.49296875 0.041666666666666664 0.04479166666666667
0 0.8520833333333333 0.25 0.0421875 0.03958333333333333
0 0.859375 0.7536458333333333 0.0453125 0.04479166666666667
0 0.8169270833333333 0.7903645833333334 0.0375 0.0375
0 0.7856770833333333 0.8286458333333333 0.043229166666666666 0.0421875
0 0.67265625 0.11276041666666667 0.043229166666666666 0.042708333333333334
0 0.9263020833333333 0.5958333333333333 0.043229166666666666 0.04375
0 0.6291666666666667 0.49296875 0.0609375 0.06666666666666667
0 0.5734375 0.54375 0.059375 0.06145833333333333
0 0.7848958333333333 0.8294270833333334 0.0421875 0.040625
0 0.9354166666666667 0.5442708333333334 0.03697916666666667 0.0453125
0 0.8822916666666667 0.296875 0.036458333333333336 0.03854166666666667
0 0.5533854166666666 0.9333333333333333 0.040625 0.03697916666666667
0 0.37942708333333336 0.9145833333333333 0.04635416666666667 0.042708333333333334
0 0.10546875 0.6776041666666667 0.043229166666666666 0.0421875
0 0.2171875 0.17369791666666667 0.042708333333333334 0.0421875
0 0.6020833333333333 0.92421875 0.03854166666666667 0.0375