0 0.7114583333333333 0.3307291666666667 0.10364583333333334 0.0703125
0 0.7841145833333333 0.14921875 0.08489583333333334 0.08229166666666667
0 0.4783854166666667 0.25494791666666666 0.075 0.07083333333333333
0 0.6278645833333333 0.61640625 0.06875 0.08489583333333334
0 0.3919270833333333 0.271875 0.0875 0.103125
0 0.34661458333333334 0.46848958333333335 0.07083333333333333 0.08125
0 0.4317708333333333 0.6458333333333334 0.07395833333333333 0.0703125
0 0.59296875 0.9231770833333334 0.09479166666666666 0.08020833333333334
0 0.5466145833333333 0.8377604166666667 0.08802083333333334 0.07239583333333334
0 0.5817708333333333 0.33619791666666665 0.07083333333333333 0.0546875
0 0.5674479166666667 0.39947916666666666 0.0671875 0.05572916666666667
0 0.2765625 0.10390625 0.096875 0.06875
0 0.75234375 0.40911458333333334 0.07916666666666666 0.07291666666666667
0 0.6783854166666666 0.18776041666666668 0.0828125 0.075
0 0.42291666666666666 0.34713541666666664 0.06822916666666666 0.08489583333333334
0 0.48932291666666666 0.33098958333333334 0.075 0.08072916666666667
0 0.35546875 0.7096354166666666 0.08489583333333334 0.06927083333333334
0 0.6455729166666667 0.3690104166666667 0.0875 0.05677083333333333
0 0.6778645833333333 0.09427083333333333 0.07864583333333333 0.07239583333333334
0 0.25286458333333334 0.45260416666666664 0.07135416666666666 0.06510416666666667
0 0.24296875 0.5276041666666667 0.1015625 0.1
0 0.33932291666666664 0.5380208333333333 0.084375 0.06875
0 0.8973958333333333 0.6583333333333333 0.07604166666666666 0.09375
0 0.24244791666666668 0.24114583333333334 0.08072916666666667 0.07708333333333334
0 0.43463541666666666 0.41432291666666665 0.058333333333333334 0.058854166666666666
0 0.3419270833333333 0.9018229166666667 0.06354166666666666 0.05416666666666667
0 0.45755208333333336 0.9239583333333333 0.10208333333333333 0.058333333333333334
0 0.5145833333333333 0.5908854166666667 0.058854166666666666 0.05364583333333333
0 0.3763020833333333 0.6046875 0.06614583333333333 0.05
0 0.4479166666666667 0.7403645833333333 0.06979166666666667 0.08177083333333333
0 0.6783854166666666 0.4388020833333333 0.07135416666666666 0.071875
0 0.16953125 0.175 0.08385416666666666 0.07864583333333333
0 0.6057291666666667 0.45703125 0.0546875 0.05520833333333333
0 0.5671875 0.6552083333333333 0.05572916666666667 0.065625
0 0.52421875 0.75 0.06041666666666667 0.06041666666666667
0 0.33255208333333336 0.80390625 0.059895833333333336 0.05625
0 0.465625 0.45807291666666666 0.05260416666666667 0.051041666666666666
0 0.5778645833333333 0.2552083333333333 0.0828125 0.0828125
0 0.50078125 0.6622395833333333 0.06145833333333333 0.06979166666666667
0 0.4505208333333333 0.14348958333333334 0.06770833333333333 0.050520833333333334
0 0.65859375 0.2708333333333333 0.0609375 0.05520833333333333
0 0.6135416666666667 0.5192708333333333 0.04895833333333333 0.06927083333333334
0 0.8453125 0.56953125 0.06510416666666667 0.08854166666666667
0 0.06692708333333333 0.5864583333333333 0.057291666666666664 0.09322916666666667
0 0.8567708333333334 0.22682291666666668 0.051041666666666666 0.058854166666666666
0 0.675 0.5690104166666666 0.05260416666666667 0.09427083333333333
0 0.46328125 0.5171875 0.051041666666666666 0.04739583333333333
0 0.3658854166666667 0.39739583333333334 0.052083333333333336 0.07083333333333333
0 0.8221354166666667 0.3541666666666667 0.058854166666666666 0.07395833333333333
0 0.671875 0.6979166666666666 0.050520833333333334 0.0734375
0 0.10390625 0.271875 0.05625 0.05677083333333333
0 0.5731770833333333 0.565625 0.04479166666666667 0.05260416666666667
0 0.6908854166666667 0.5088541666666667 0.05416666666666667 0.058854166666666666
0 0.27682291666666664 0.38229166666666664 0.08489583333333334 0.0859375
0 0.72578125 0.6497395833333334 0.0578125 0.09791666666666667
0 0.92890625 0.40078125 0.04895833333333333 0.05520833333333333
0 0.45390625 0.5825520833333333 0.049479166666666664 0.0484375
0 0.18229166666666666 0.65234375 0.0703125 0.09010416666666667
0 0.740625 0.7513020833333334 0.0609375 0.0609375
0 0.4127604166666667 0.4825520833333333 0.043229166666666666 0.05520833333333333
0 0.8385416666666666 0.7666666666666667 0.05416666666666667 0.059375
0 0.7716145833333333 0.49583333333333335 0.07864583333333333 0.08385416666666666
0 0.14791666666666667 0.43697916666666664 0.0546875 0.071875
0 0.24609375 0.59921875 0.0578125 0.049479166666666664
0 0.5627604166666667 0.5010416666666667 0.04114583333333333 0.0515625
0 0.31744791666666666 0.3104166666666667 0.04114583333333333 0.059375
0 0.9330729166666667 0.51015625 0.07708333333333334 0.09010416666666667
0 0.6986979166666667 0.8924479166666667 0.053125 0.052083333333333336
0 0.17734375 0.7955729166666666 0.05260416666666667 0.04635416666666667
0 0.753125 0.5713541666666667 0.0453125 0.06145833333333333
0 0.39453125 0.07005208333333333 0.0671875 0.042708333333333334
0 0.24895833333333334 0.7416666666666667 0.0359375 0.0328125
0 0.51875 0.5356770833333333 0.0453125 0.03958333333333333
0 0.5875 0.06458333333333334 0.04739583333333333 0.05416666666666667
0 0.41458333333333336 0.5369791666666667 0.053125 0.0453125
0 0.4739583333333333 0.8325520833333333 0.0328125 0.03177083333333333
0 0.058854166666666666 0.46927083333333336 0.040625 0.07395833333333333
0 0.6940104166666666 0.7932291666666667 0.035416666666666666 0.0359375
0 0.11328125 0.7130208333333333 0.0796875 0.090625
0 0.6049479166666667 0.73515625 0.08541666666666667 0.08020833333333334
0 0.8981770833333333 0.31536458333333334 0.0453125 0.057291666666666664
0 0.29765625 0.66015625 0.08958333333333333 0.078125
0 0.7830729166666667 0.7059895833333333 0.03333333333333333 0.03177083333333333
0 0.1515625 0.5817708333333333 0.03125 0.03697916666666667
0 0.5130208333333334 0.14635416666666667 0.03802083333333333 0.030729166666666665
0 0.28229166666666666 0.7723958333333333 0.03333333333333333 0.0359375
0 0.38645833333333335 0.8263020833333333 0.0359375 0.03177083333333333
0 0.16484375 0.37395833333333334 0.030208333333333334 0.034895833333333334
0 0.42942708333333335 0.8294270833333334 0.03333333333333333 0.0328125
0 0.20182291666666666 0.29375 0.03229166666666667 0.03333333333333333
0 0.8424479166666666 0.41328125 0.030729166666666665 0.034375
0 0.14609375 0.5403645833333334 0.027604166666666666 0.030729166666666665
0 0.7669270833333334 0.26171875 0.03125 0.030208333333333334
0 0.07682291666666667 0.36875 0.04114583333333333 0.05625
0 0.29921875 0.19583333333333333 0.03229166666666667 0.034895833333333334
0 0.8513020833333333 0.4908854166666667 0.028645833333333332 0.034375
0 0.38567708333333334 0.15729166666666666 0.03697916666666667 0.03229166666666667
0 0.77109375 0.8346354166666666 0.05364583333333333 0.04583333333333333
0 0.14348958333333334 0.49921875 0.029166666666666667 0.0359375
0 0.25625 0.8580729166666666 0.05520833333333333 0.04635416666666667
0 0.7932291666666667 0.29973958333333334 0.036458333333333336 0.0359375
0 0.18411458333333333 0.33177083333333335 0.033854166666666664 0.03333333333333333
0 0.34375 0.17447916666666666 0.03125 0.030729166666666665
0 0.8013020833333333 0.6700520833333333 0.03177083333333333 0.030729166666666665
0 0.7361979166666667 0.22994791666666667 0.03697916666666667 0.0359375
0 0.6588541666666666 0.8182291666666667 0.04010416666666667 0.033854166666666664
0 0.8213541666666667 0.634375 0.035416666666666666 0.03697916666666667
0 0.49713541666666666 0.06145833333333333 0.06145833333333333 0.03958333333333333
0 0.60859375 0.15598958333333332 0.0359375 0.033854166666666664
0 0.5348958333333333 0.4479166666666667 0.05 0.044270833333333336
0 0.5002604166666667 0.4005208333333333 0.05260416666666667 0.04791666666666667
0 0.5604166666666667 0.14895833333333333 0.0359375 0.03177083333333333
0 0.8510416666666667 0.4513020833333333 0.030208333333333334 0.030729166666666665
0 0.6171875 0.8338541666666667 0.03177083333333333 0.03229166666666667
0 0.21927083333333333 0.7078125 0.03333333333333333 0.03229166666666667