0 0.6223958333333334 0.88046875 0.08645833333333333 0.09479166666666666
0 0.8122395833333333 0.2109375 0.0859375 0.08645833333333333
0 0.8802083333333334 0.6080729166666666 0.09010416666666667 0.0578125
0 0.9020833333333333 0.4356770833333333 0.08802083333333334 0.0671875
0 0.6401041666666667 0.1171875 0.08489583333333334 0.09270833333333334
0 0.23020833333333332 0.8122395833333333 0.08645833333333333 0.09010416666666667
0 0.3606770833333333 0.11432291666666666 0.08489583333333334 0.09166666666666666
0 0.22317708333333333 0.5674479166666667 0.06979166666666667 0.05364583333333333
0 0.49505208333333334 0.09973958333333334 0.0875 0.09270833333333334
0 0.08619791666666667 0.44869791666666664 0.09375 0.0859375
0 0.3546875 0.8799479166666667 0.0859375 0.09427083333333333
0 0.11666666666666667 0.31588541666666664 0.090625 0.08333333333333333
0 0.8916666666666667 0.3658854166666667 0.08333333333333333 0.058854166666666666
0 0.6036458333333333 0.4161458333333333 0.0515625 0.049479166666666664
0 0.09921875 0.5223958333333333 0.0875 0.06927083333333334
0 0.16276041666666666 0.7072916666666667 0.08020833333333334 0.07447916666666667
0 0.80859375 0.73125 0.07083333333333333 0.07760416666666667
0 0.103125 0.60234375 0.09114583333333333 0.08541666666666667
0 0.25494791666666666 0.340625 0.07760416666666667 0.059375
0 0.871875 0.30703125 0.08020833333333334 0.0625
0 0.7770833333333333 0.4010416666666667 0.075 0.058854166666666666
0 0.6880208333333333 0.8372395833333334 0.065625 0.06927083333333334
0 0.8583333333333333 0.6815104166666667 0.09114583333333333 0.08541666666666667
0 0.7 0.15104166666666666 0.06145833333333333 0.0734375
0 0.74921875 0.17447916666666666 0.06458333333333334 0.0828125
0 0.8903645833333333 0.5518229166666667 0.08854166666666667 0.052083333333333336
0 0.44088541666666664 0.22630208333333332 0.05416666666666667 0.06302083333333333
0 0.5447916666666667 0.8856770833333333 0.0609375 0.08072916666666667
0 0.2921875 0.8510416666666667 0.059375 0.0765625
0 0.29244791666666664 0.15338541666666666 0.0703125 0.08333333333333333
0 0.19114583333333332 0.7611979166666667 0.07083333333333333 0.06666666666666667
0 0.3078125 0.5348958333333333 0.05625 0.049479166666666664
0 0.6963541666666667 0.4471354166666667 0.0578125 0.049479166666666664
0 0.16692708333333334 0.26328125 0.08072916666666667 0.07395833333333333
0 0.20078125 0.20390625 0.08958333333333333 0.08697916666666666
0 0.3046875 0.47421875 0.05677083333333333 0.05260416666666667
0 0.6489583333333333 0.6197916666666666 0.05416666666666667 0.0546875
0 0.4315104166666667 0.10989583333333333 0.0484375 0.096875
0 0.3578125 0.3684895833333333 0.05572916666666667 0.05416666666666667
0 0.3640625 0.6375 0.0546875 0.05572916666666667
0 0.5765625 0.31614583333333335 0.0515625 0.05416666666666667
0 0.63046875 0.34348958333333335 0.05625 0.05572916666666667
0 0.4591145833333333 0.30963541666666666 0.04895833333333333 0.05520833333333333
0 0.3260416666666667 0.5932291666666667 0.05572916666666667 0.049479166666666664
0 0.48359375 0.8890625 0.06510416666666667 0.09166666666666666
0 0.10807291666666667 0.3854166666666667 0.096875 0.049479166666666664
0 0.70078125 0.51171875 0.053125 0.04895833333333333
0 0.9010416666666666 0.4940104166666667 0.09895833333333333 0.04895833333333333
0 0.7408854166666666 0.6341145833333334 0.06145833333333333 0.050520833333333334
0 0.5677083333333334 0.10677083333333333 0.06041666666666667 0.0796875
0 0.21796875 0.46770833333333334 0.0703125 0.044270833333333336
0 0.7283854166666667 0.31145833333333334 0.084375 0.0671875
0 0.41875 0.6713541666666667 0.05364583333333333 0.05625
0 0.40260416666666665 0.3294270833333333 0.050520833333333334 0.053125
0 0.6057291666666667 0.66328125 0.050520833333333334 0.05416666666666667
0 0.5533854166666666 0.21875 0.05572916666666667 0.07916666666666666
0 0.32864583333333336 0.2625 0.059375 0.06614583333333333
0 0.6731770833333334 0.3880208333333333 0.05520833333333333 0.05
0 0.68203125 0.5697916666666667 0.05572916666666667 0.05416666666666667
0 0.46822916666666664 0.6182291666666667 0.04635416666666667 0.04791666666666667
0 0.60625 0.22890625 0.0546875 0.06927083333333334
0 0.7723958333333333 0.5864583333333333 0.06614583333333333 0.05677083333333333
0 0.31875 0.4166666666666667 0.05 0.04895833333333333
0 0.3885416666666667 0.24401041666666667 0.058854166666666666 0.06927083333333334
0 0.4578125 0.37864583333333335 0.04479166666666667 0.046875
0 0.6442708333333333 0.7375 0.0703125 0.08020833333333334
0 0.7833333333333333 0.4544270833333333 0.065625 0.043229166666666666
0 0.37916666666666665 0.44765625 0.05 0.04739583333333333
0 0.42265625 0.8817708333333333 0.050520833333333334 0.08697916666666666
0 0.4359375 0.5252604166666667 0.046875 0.043229166666666666
0 0.5421875 0.6846354166666667 0.052083333333333336 0.05572916666666667
0 0.13046875 0.6572916666666667 0.07916666666666666 0.059375
0 0.3734375 0.5028645833333333 0.04583333333333333 0.04375
0 0.5611979166666666 0.3859375 0.04895833333333333 0.05260416666666667
0 0.6950520833333333 0.27630208333333334 0.052083333333333336 0.05572916666666667
0 0.7377604166666667 0.8049479166666667 0.0640625 0.06614583333333333
0 0.48515625 0.42864583333333334 0.0421875 0.0421875
0 0.7588541666666667 0.35963541666666665 0.06302083333333333 0.053125
0 0.4973958333333333 0.22317708333333333 0.04583333333333333 0.0625
0 0.38619791666666664 0.55546875 0.043229166666666666 0.043229166666666666
0 0.5567708333333333 0.4591145833333333 0.046875 0.0421875
0 0.21432291666666667 0.5151041666666667 0.0703125 0.04479166666666667
0 0.37942708333333336 0.7596354166666667 0.051041666666666666 0.07291666666666667
0 0.8434895833333333 0.26458333333333334 0.07604166666666666 0.0609375
0 0.47942708333333334 0.6856770833333333 0.04114583333333333 0.04791666666666667
0 0.42994791666666665 0.7713541666666667 0.04791666666666667 0.06614583333333333
0 0.5739583333333333 0.59921875 0.040625 0.0421875
0 0.26015625 0.6536458333333334 0.05260416666666667 0.05572916666666667
0 0.33203125 0.7309895833333333 0.0578125 0.07135416666666666
0 0.4127604166666667 0.40546875 0.046875 0.0453125
0 0.52421875 0.6192708333333333 0.0453125 0.04739583333333333
0 0.6239583333333333 0.46640625 0.04479166666666667 0.044270833333333336
0 0.70859375 0.6721354166666667 0.0640625 0.05364583333333333
0 0.5489583333333333 0.5354166666666667 0.03958333333333333 0.03697916666666667
0 0.47760416666666666 0.7778645833333333 0.04635416666666667 0.06979166666666667
0 0.21666666666666667 0.42421875 0.052083333333333336 0.0390625
0 0.6104166666666667 0.56328125 0.043229166666666666 0.041666666666666664
0 0.60078125 0.76796875 0.04635416666666667 0.058333333333333334
0 0.47213541666666664 0.5528645833333333 0.043229166666666666 0.044270833333333336
0 0.2921875 0.69765625 0.071875 0.07291666666666667
0 0.6221354166666667 0.5171875 0.036458333333333336 0.033854166666666664
0 0.2513020833333333 0.16979166666666667 0.0640625 0.08020833333333334
0 0.7888020833333333 0.5028645833333333 0.04895833333333333 0.035416666666666666
0 0.28984375 0.29739583333333336 0.053125 0.03958333333333333
0 0.42109375 0.5953125 0.042708333333333334 0.04583333333333333
0 0.5130208333333334 0.3734375 0.04791666666666667 0.04583333333333333
0 0.2390625 0.61328125 0.057291666666666664 0.041666666666666664
0 0.51484375 0.5588541666666667 0.04114583333333333 0.040625
0 0.22630208333333332 0.38619791666666664 0.0625 0.049479166666666664
0 0.44635416666666666 0.44557291666666665 0.03697916666666667 0.03802083333333333
0 0.5182291666666666 0.3078125 0.0453125 0.04114583333333333
0 0.6526041666666667 0.25104166666666666 0.043229166666666666 0.050520833333333334
0 0.7651041666666667 0.765625 0.078125 0.078125
0 0.5546875 0.77734375 0.033854166666666664 0.057291666666666664
0 0.5263020833333333 0.43411458333333336 0.034895833333333334 0.034375
0 0.5192708333333333 0.77734375 0.03802083333333333 0.0578125
0 0.78671875 0.5421875 0.059895833333333336 0.03854166666666667
0 0.42734375 0.4828125 0.04114583333333333 0.03802083333333333
0 0.5627604166666667 0.4979166666666667 0.036458333333333336 0.0375
0 0.6783854166666666 0.70546875 0.06145833333333333 0.058333333333333334