0 0.6552083333333333 0.8684895833333334 0.09375 0.1015625
0 0.7859375 0.18489583333333334 0.0921875 0.09322916666666667
0 0.88828125 0.5744791666666667 0.09427083333333333 0.06510416666666667
0 0.8950520833333333 0.40078125 0.09322916666666667 0.07395833333333333
0 0.60625 0.10651041666666666 0.0921875 0.09947916666666666
0 0.25859375 0.8346354166666666 0.09322916666666667 0.096875
0 0.32760416666666664 0.12786458333333334 0.0921875 0.0984375
0 0.23020833333333332 0.59140625 0.07395833333333333 0.058854166666666666
0 0.46015625 0.1015625 0.09479166666666666 0.09895833333333333
0 0.08333333333333333 0.48515625 0.10052083333333334 0.09322916666666667
0 0.38828125 0.8911458333333333 0.09322916666666667 0.10104166666666667
0 0.10208333333333333 0.35 0.09739583333333333 0.09010416666666667
0 0.8783854166666667 0.33229166666666665 0.0875 0.065625
0 0.5958333333333333 0.40729166666666666 0.05520833333333333 0.05364583333333333
0 0.10260416666666666 0.5572916666666666 0.09270833333333334 0.07604166666666666
0 0.18203125 0.7359375 0.0859375 0.08072916666666667
0 0.8276041666666667 0.7036458333333333 0.07708333333333334 0.08333333333333333
0 0.11354166666666667 0.63671875 0.09791666666666667 0.09270833333333334
0 0.24192708333333332 0.36276041666666664 0.08177083333333333 0.065625
0 0.8536458333333333 0.2752604166666667 0.08489583333333334 0.06875
0 0.7674479166666667 0.3770833333333333 0.07916666666666666 0.06458333333333334
0 0.7166666666666667 0.81953125 0.07135416666666666 0.07447916666666667
0 0.8729166666666667 0.6497395833333334 0.09791666666666667 0.09270833333333334
0 0.66875 0.13515625 0.0671875 0.078125
0 0.7197916666666667 0.15390625 0.07135416666666666 0.0875
0 0.8932291666666666 0.5174479166666667 0.0921875 0.059375
0 0.4171875 0.23255208333333333 0.059375 0.0671875
0 0.578125 0.8802083333333334 0.06770833333333333 0.08541666666666667
0 0.3234375 0.8677083333333333 0.065625 0.08072916666666667
0 0.2630208333333333 0.17291666666666666 0.07708333333333334 0.0890625
0 0.21510416666666668 0.7872395833333333 0.07604166666666666 0.071875
0 0.31171875 0.5515625 0.059895833333333336 0.05364583333333333
0 0.6911458333333333 0.43020833333333336 0.06145833333333333 0.05364583333333333
0 0.14739583333333334 0.29322916666666665 0.08645833333333333 0.08020833333333334
0 0.17604166666666668 0.23125 0.09583333333333334 0.09375
0 0.303125 0.49140625 0.0609375 0.05677083333333333
0 0.6588541666666666 0.6065104166666667 0.058854166666666666 0.059375
0 0.39765625 0.11744791666666667 0.05677083333333333 0.1
0 0.346875 0.38125 0.059895833333333336 0.058333333333333334
0 0.3765625 0.6486979166666667 0.058854166666666666 0.06041666666666667
0 0.56015625 0.31015625 0.05625 0.058333333333333334
0 0.61640625 0.3328125 0.06041666666666667 0.059895833333333336
0 0.4427083333333333 0.3138020833333333 0.053125 0.058854166666666666
0 0.33489583333333334 0.6078125 0.059375 0.05364583333333333
0 0.5177083333333333 0.8890625 0.07239583333333334 0.09635416666666667
0 0.09947916666666666 0.4200520833333333 0.1 0.0578125
0 0.7010416666666667 0.4942708333333333 0.05677083333333333 0.053125
0 0.8989583333333333 0.4591145833333333 0.10208333333333333 0.057291666666666664
0 0.7515625 0.6127604166666667 0.06510416666666667 0.05520833333333333
0 0.5333333333333333 0.10234375 0.06666666666666667 0.08385416666666666
0 0.21614583333333334 0.49244791666666665 0.0734375 0.049479166666666664
0 0.7111979166666667 0.2921875 0.08958333333333333 0.07395833333333333
0 0.43385416666666665 0.6778645833333333 0.0578125 0.06041666666666667
0 0.3880208333333333 0.3385416666666667 0.0546875 0.057291666666666664
0 0.61953125 0.6533854166666667 0.05520833333333333 0.058333333333333334
0 0.52890625 0.21510416666666668 0.06197916666666667 0.08333333333333333
0 0.30859375 0.27838541666666666 0.06458333333333334 0.0703125
0 0.6627604166666666 0.3731770833333333 0.058854166666666666 0.05416666666666667
0 0.6872395833333333 0.5536458333333333 0.059895833333333336 0.058333333333333334
0 0.4786458333333333 0.6203125 0.05 0.0515625
0 0.5822916666666667 0.22083333333333333 0.06041666666666667 0.0734375
0 0.77890625 0.5622395833333333 0.0703125 0.06197916666666667
0 0.31223958333333335 0.4328125 0.05364583333333333 0.053125
0 0.36666666666666664 0.2546875 0.06458333333333334 0.0734375
0 0.4473958333333333 0.3828125 0.0484375 0.05
0 0.6645833333333333 0.7239583333333334 0.0765625 0.0859375
0 0.778125 0.42994791666666665 0.06875 0.0484375
0 0.375 0.4583333333333333 0.05364583333333333 0.0515625
0 0.45625 0.8872395833333333 0.057291666666666664 0.090625
0 0.43854166666666666 0.5307291666666667 0.05 0.046875
0 0.5580729166666667 0.6802083333333333 0.05625 0.059895833333333336
0 0.14557291666666666 0.6888020833333334 0.08333333333333333 0.065625
0 0.37421875 0.5138020833333333 0.04895833333333333 0.04739583333333333
0 0.5510416666666667 0.3809895833333333 0.053125 0.05625
0 0.675 0.26015625 0.05625 0.059895833333333336
0 0.7635416666666667 0.7830729166666667 0.06927083333333334 0.07135416666666666
0 0.4791666666666667 0.43020833333333336 0.0453125 0.0453125
0 0.7455729166666667 0.3375 0.0671875 0.058333333333333334
0 0.47317708333333336 0.22447916666666667 0.051041666666666666 0.065625
0 0.39140625 0.5653645833333333 0.04635416666666667 0.04635416666666667
0 0.5528645833333333 0.4544270833333333 0.05 0.04583333333333333
0 0.21692708333333333 0.5401041666666667 0.0734375 0.05
0 0.40234375 0.7690104166666667 0.05677083333333333 0.0765625
0 0.8216145833333334 0.23567708333333334 0.08072916666666667 0.06666666666666667
0 0.49557291666666664 0.68671875 0.04479166666666667 0.051041666666666666
0 0.45390625 0.7763020833333333 0.053125 0.06979166666666667
0 0.5825520833333333 0.5924479166666666 0.04375 0.0453125
0 0.27447916666666666 0.6739583333333333 0.05677083333333333 0.059895833333333336
0 0.35260416666666666 0.7447916666666666 0.06302083333333333 0.07552083333333333
0 0.4049479166666667 0.41354166666666664 0.050520833333333334 0.04895833333333333
0 0.5346354166666667 0.6166666666666667 0.04895833333333333 0.051041666666666666
0 0.6205729166666667 0.4557291666666667 0.04791666666666667 0.04791666666666667
0 0.72265625 0.6533854166666667 0.06822916666666666 0.058854166666666666
0 0.5518229166666667 0.5309895833333333 0.042708333333333334 0.04010416666666667
0 0.5018229166666667 0.7786458333333334 0.0515625 0.07291666666666667
0 0.21119791666666668 0.44921875 0.05520833333333333 0.043229166666666666
0 0.6153645833333333 0.5536458333333333 0.04635416666666667 0.04479166666666667
0 0.6236979166666666 0.7580729166666667 0.051041666666666666 0.06197916666666667
0 0.47682291666666665 0.5549479166666667 0.04635416666666667 0.04739583333333333
0 0.31015625 0.7151041666666667 0.07708333333333334 0.078125
0 0.6231770833333333 0.5065104166666666 0.0390625 0.03697916666666667
0 0.2234375 0.19270833333333334 0.0703125 0.08489583333333334
0 0.7880208333333333 0.4778645833333333 0.0515625 0.03958333333333333
0 0.27317708333333335 0.31640625 0.05625 0.044270833333333336
0 0.4296875 0.6018229166666667 0.04635416666666667 0.04895833333333333
0 0.5020833333333333 0.37265625 0.0515625 0.049479166666666664
0 0.24973958333333332 0.6356770833333333 0.059895833333333336 0.04583333333333333
0 0.5197916666666667 0.5572916666666666 0.044270833333333336 0.04375
0 0.21744791666666666 0.41067708333333336 0.06614583333333333 0.0546875
0 0.44166666666666665 0.4505208333333333 0.04010416666666667 0.04114583333333333
0 0.5015625 0.30703125 0.0484375 0.04479166666666667
0 0.6302083333333334 0.23880208333333333 0.04739583333333333 0.05364583333333333
0 0.7872395833333333 0.74140625 0.084375 0.084375
0 0.5786458333333333 0.7716145833333333 0.03854166666666667 0.059895833333333336
0 0.5205729166666667 0.43203125 0.0375 0.03697916666666667
0 0.5434895833333333 0.7747395833333334 0.042708333333333334 0.0609375
0 0.7893229166666667 0.5169270833333334 0.06302083333333333 0.043229166666666666
0 0.42604166666666665 0.4890625 0.044270833333333336 0.04114583333333333
0 0.5622395833333333 0.49244791666666665 0.03958333333333333 0.040625
0 0.6955729166666667 0.6890625 0.065625 0.06302083333333333