0 0.7190104166666667 0.15338541666666666 0.07604166666666666 0.08229166666666667
0 0.13098958333333333 0.37526041666666665 0.096875 0.0875
0 0.6052083333333333 0.8809895833333333 0.07135416666666666 0.08697916666666666
0 0.14322916666666666 0.6395833333333333 0.0984375 0.08802083333333334
0 0.7611979166666667 0.8153645833333333 0.06354166666666666 0.0765625
0 0.9065104166666667 0.6078125 0.09427083333333333 0.08541666666666667
0 0.48046875 0.8830729166666667 0.05625 0.09010416666666667
0 0.359375 0.85390625 0.0875 0.09322916666666667
0 0.37994791666666666 0.11197916666666667 0.09010416666666667 0.09479166666666666
0 0.9075520833333334 0.47265625 0.0953125 0.08697916666666666
0 0.7786458333333334 0.18515625 0.0890625 0.090625
0 0.815625 0.7783854166666667 0.08802083333333334 0.08802083333333334
0 0.3203125 0.4869791666666667 0.05677083333333333 0.053125
0 0.13333333333333333 0.565625 0.08802083333333334 0.06510416666666667
0 0.4578125 0.10989583333333333 0.07239583333333334 0.090625
0 0.6658854166666667 0.86875 0.06354166666666666 0.08229166666666667
0 0.63125 0.3455729166666667 0.05625 0.05572916666666667
0 0.5705729166666667 0.6794270833333333 0.05416666666666667 0.058333333333333334
0 0.4583333333333333 0.30963541666666666 0.05416666666666667 0.057291666666666664
0 0.67421875 0.3932291666666667 0.05364583333333333 0.053125
0 0.3296875 0.5502604166666667 0.058854166666666666 0.05416666666666667
0 0.18723958333333332 0.240625 0.0953125 0.09322916666666667
0 0.50703125 0.6921875 0.053125 0.05572916666666667
0 0.5869791666666667 0.7669270833333334 0.05625 0.08333333333333333
0 0.5200520833333333 0.30078125 0.05520833333333333 0.0578125
0 0.6 0.58515625 0.052083333333333336 0.052083333333333336
0 0.646875 0.24114583333333334 0.075 0.07552083333333333
0 0.5322916666666667 0.09557291666666666 0.0890625 0.09635416666666667
0 0.725 0.6955729166666667 0.06510416666666667 0.0609375
0 0.6640625 0.11302083333333333 0.08854166666666667 0.096875
0 0.9075520833333334 0.5388020833333333 0.07760416666666667 0.0546875
0 0.5997395833333333 0.10208333333333333 0.05625 0.096875
0 0.8421875 0.27682291666666664 0.07552083333333333 0.06666666666666667
0 0.3614583333333333 0.37213541666666666 0.05677083333333333 0.05677083333333333
0 0.27578125 0.1796875 0.075 0.08645833333333333
0 0.39921875 0.6458333333333334 0.05416666666666667 0.0546875
0 0.58046875 0.3109375 0.05520833333333333 0.059895833333333336
0 0.5515625 0.36822916666666666 0.0515625 0.051041666666666666
0 0.42916666666666664 0.22786458333333334 0.06145833333333333 0.07291666666666667
0 0.29713541666666665 0.30494791666666665 0.07760416666666667 0.07395833333333333
0 0.54375 0.8895833333333333 0.06510416666666667 0.09166666666666666
0 0.6388020833333333 0.7549479166666667 0.057291666666666664 0.06197916666666667
0 0.7596354166666667 0.3575520833333333 0.0828125 0.0703125
0 0.67109375 0.6130208333333333 0.05625 0.05520833333333333
0 0.47604166666666664 0.21536458333333333 0.049479166666666664 0.06822916666666666
0 0.40520833333333334 0.3302083333333333 0.052083333333333336 0.05572916666666667
0 0.7875 0.45755208333333336 0.078125 0.059895833333333336
0 0.24479166666666666 0.39557291666666666 0.071875 0.05260416666666667
0 0.634375 0.49895833333333334 0.046875 0.0453125
0 0.8481770833333333 0.7184895833333333 0.08489583333333334 0.0765625
0 0.35520833333333335 0.60703125 0.05677083333333333 0.0515625
0 0.4484375 0.6752604166666667 0.0515625 0.05625
0 0.12161458333333333 0.44453125 0.09010416666666667 0.051041666666666666
0 0.8838541666666667 0.33958333333333335 0.09583333333333334 0.09114583333333333
0 0.15833333333333333 0.31588541666666664 0.07291666666666667 0.065625
0 0.7309895833333333 0.31302083333333336 0.06614583333333333 0.06302083333333333
0 0.63125 0.44453125 0.04791666666666667 0.04635416666666667
0 0.43020833333333336 0.8682291666666667 0.05677083333333333 0.0765625
0 0.12161458333333333 0.5036458333333333 0.09479166666666666 0.06927083333333334
0 0.7854166666666667 0.5567708333333333 0.08125 0.05677083333333333
0 0.6997395833333333 0.44479166666666664 0.052083333333333336 0.0484375
0 0.3885416666666667 0.47317708333333336 0.05 0.04635416666666667
0 0.55703125 0.6135416666666667 0.04583333333333333 0.049479166666666664
0 0.29348958333333336 0.6533854166666667 0.059895833333333336 0.06145833333333333
0 0.5190104166666667 0.20833333333333334 0.0453125 0.0703125
0 0.4041666666666667 0.41901041666666666 0.04583333333333333 0.04635416666666667
0 0.5044270833333333 0.6252604166666667 0.044270833333333336 0.04635416666666667
0 0.45677083333333335 0.7658854166666667 0.043229166666666666 0.0609375
0 0.39140625 0.528125 0.04739583333333333 0.04583333333333333
0 0.6263020833333334 0.6541666666666667 0.052083333333333336 0.05520833333333333
0 0.32265625 0.1515625 0.07239583333333334 0.08541666666666667
0 0.7190104166666667 0.8463541666666666 0.06510416666666667 0.096875
0 0.2359375 0.44557291666666665 0.06770833333333333 0.05
0 0.4432291666666667 0.38229166666666664 0.04375 0.041666666666666664
0 0.8919270833333334 0.4080729166666667 0.08802083333333334 0.046875
0 0.22291666666666668 0.7442708333333333 0.06770833333333333 0.0625
0 0.29921875 0.8192708333333333 0.07135416666666666 0.06927083333333334
0 0.5388020833333333 0.7752604166666667 0.04895833333333333 0.0703125
0 0.45651041666666664 0.6075520833333333 0.04479166666666667 0.043229166666666666
0 0.34088541666666666 0.2682291666666667 0.058333333333333334 0.05364583333333333
0 0.3263020833333333 0.690625 0.059895833333333336 0.06510416666666667
0 0.87109375 0.6692708333333334 0.075 0.06302083333333333
0 0.703125 0.5046875 0.04895833333333333 0.046875
0 0.5755208333333334 0.47890625 0.04791666666666667 0.041666666666666664
0 0.69453125 0.5596354166666667 0.058333333333333334 0.053125
0 0.55 0.546875 0.04635416666666667 0.04739583333333333
0 0.2591145833333333 0.7752604166666667 0.0859375 0.08645833333333333
0 0.478125 0.4322916666666667 0.03958333333333333 0.04010416666666667
0 0.5981770833333333 0.4015625 0.04479166666666667 0.044270833333333336
0 0.6002604166666666 0.21875 0.05572916666666667 0.06458333333333334
0 0.23645833333333333 0.20651041666666667 0.0625 0.07864583333333333
0 0.4473958333333333 0.5088541666666667 0.041666666666666664 0.040625
0 0.50859375 0.5606770833333333 0.044270833333333336 0.0484375
0 0.5611979166666666 0.44244791666666666 0.034375 0.035416666666666666
0 0.5216145833333333 0.42239583333333336 0.044270833333333336 0.040625
0 0.33125 0.42604166666666665 0.059375 0.0546875
0 0.18723958333333332 0.7 0.075 0.06875
0 0.38385416666666666 0.24661458333333333 0.05677083333333333 0.058333333333333334
0 0.4700520833333333 0.5442708333333334 0.040625 0.040625
0 0.2674479166666667 0.3463541666666667 0.0703125 0.0609375
0 0.8171875 0.24010416666666667 0.0796875 0.0703125
0 0.24427083333333333 0.5731770833333333 0.058333333333333334 0.0390625
0 0.23802083333333332 0.5325520833333334 0.0578125 0.04114583333333333
0 0.7895833333333333 0.5096354166666667 0.059895833333333336 0.0421875
0 0.41432291666666665 0.7510416666666667 0.04635416666666667 0.06145833333333333
0 0.37005208333333334 0.7234375 0.05364583333333333 0.0625
0 0.7497395833333333 0.6559895833333333 0.05625 0.04739583333333333
0 0.23255208333333333 0.49192708333333335 0.071875 0.050520833333333334
0 0.4942708333333333 0.7765625 0.04010416666666667 0.052083333333333336
0 0.5630208333333333 0.21197916666666666 0.04739583333333333 0.05625
0 0.6966145833333334 0.27578125 0.05364583333333333 0.06666666666666667
0 0.6856770833333333 0.7252604166666666 0.07239583333333334 0.08958333333333333
0 0.7747395833333334 0.6106770833333334 0.07239583333333334 0.05625
0 0.578125 0.51875 0.035416666666666666 0.035416666666666666
0 0.6270833333333333 0.5466145833333333 0.034895833333333334 0.034895833333333334
0 0.77890625 0.40677083333333336 0.051041666666666666 0.04114583333333333
0 0.2565104166666667 0.6169270833333333 0.05572916666666667 0.04895833333333333
0 0.44973958333333336 0.4640625 0.03958333333333333 0.03697916666666667
0 0.4921875 0.3692708333333333 0.04375 0.04479166666666667
0 0.41510416666666666 0.5729166666666666 0.040625 0.04010416666666667