0 0.16953125 0.25729166666666664 0.07760416666666667 0.07083333333333333
0 0.3497395833333333 0.859375 0.08125 0.09166666666666666
0 0.8875 0.42161458333333335 0.0828125 0.065625
0 0.6143229166666667 0.865625 0.08177083333333333 0.09270833333333334
0 0.8328125 0.26145833333333335 0.07239583333333334 0.058854166666666666
0 0.6359375 0.10208333333333333 0.07916666666666666 0.0890625
0 0.8807291666666667 0.54609375 0.08697916666666666 0.050520833333333334
0 0.8432291666666667 0.66484375 0.0875 0.08177083333333333
0 0.10442708333333334 0.5927083333333333 0.0890625 0.08385416666666666
0 0.5010416666666667 0.09140625 0.08072916666666667 0.09010416666666667
0 0.20546875 0.2 0.08489583333333334 0.08333333333333333
0 0.7997395833333333 0.2046875 0.08229166666666667 0.08229166666666667
0 0.4744791666666667 0.6783854166666666 0.049479166666666664 0.05364583333333333
0 0.53984375 0.8703125 0.059375 0.08385416666666666
0 0.1078125 0.51484375 0.0859375 0.06666666666666667
0 0.8794270833333333 0.36015625 0.07864583333333333 0.058333333333333334
0 0.35520833333333335 0.35833333333333334 0.052083333333333336 0.05260416666666667
0 0.6838541666666667 0.4421875 0.0546875 0.050520833333333334
0 0.3072916666666667 0.5283854166666667 0.05364583333333333 0.050520833333333334
0 0.40572916666666664 0.31875 0.049479166666666664 0.050520833333333334
0 0.53828125 0.6734375 0.050520833333333334 0.05520833333333333
0 0.21953125 0.7940104166666667 0.08697916666666666 0.08958333333333333
0 0.6921875 0.5065104166666666 0.05260416666666667 0.049479166666666664
0 0.7723958333333333 0.4317708333333333 0.08020833333333334 0.050520833333333334
0 0.3026041666666667 0.4661458333333333 0.05416666666666667 0.0515625
0 0.5919270833333333 0.40625 0.04895833333333333 0.04895833333333333
0 0.2520833333333333 0.33541666666666664 0.07083333333333333 0.0703125
0 0.09869791666666666 0.4395833333333333 0.090625 0.0828125
0 0.7106770833333333 0.2890625 0.05677083333333333 0.06145833333333333
0 0.12552083333333333 0.309375 0.09114583333333333 0.08229166666666667
0 0.5671875 0.09609375 0.049479166666666664 0.07447916666666667
0 0.10989583333333333 0.37265625 0.09375 0.05
0 0.30130208333333336 0.14296875 0.06197916666666667 0.07135416666666666
0 0.36276041666666664 0.6291666666666667 0.053125 0.053125
0 0.16484375 0.7013020833333333 0.08177083333333333 0.06927083333333334
0 0.6385416666666667 0.6106770833333334 0.051041666666666666 0.050520833333333334
0 0.31692708333333336 0.40651041666666665 0.05625 0.0515625
0 0.37213541666666666 0.4393229166666667 0.04791666666666667 0.0484375
0 0.22369791666666666 0.5515625 0.06927083333333334 0.05677083333333333
0 0.2911458333333333 0.6888020833333334 0.06927083333333334 0.07291666666666667
0 0.8916666666666667 0.48359375 0.0875 0.059375
0 0.7640625 0.37942708333333336 0.058333333333333334 0.053125
0 0.37604166666666666 0.23098958333333333 0.06510416666666667 0.07864583333333333
0 0.6247395833333333 0.3372395833333333 0.0515625 0.05260416666666667
0 0.21432291666666667 0.5041666666666667 0.06510416666666667 0.04479166666666667
0 0.32395833333333335 0.5828125 0.05260416666666667 0.0484375
0 0.47760416666666666 0.21015625 0.0546875 0.07447916666666667
0 0.378125 0.7473958333333334 0.04791666666666667 0.06875
0 0.5083333333333333 0.3658854166666667 0.0421875 0.044270833333333336
0 0.7421875 0.16796875 0.07135416666666666 0.08020833333333334
0 0.5966145833333333 0.6518229166666667 0.04791666666666667 0.05364583333333333
0 0.6713541666666667 0.5635416666666667 0.053125 0.04791666666666667
0 0.41822916666666665 0.8736979166666666 0.0453125 0.08697916666666666
0 0.36666666666666664 0.10598958333333333 0.08489583333333334 0.09010416666666667
0 0.29244791666666664 0.8278645833333333 0.0609375 0.06875
0 0.3296875 0.2565104166666667 0.058854166666666666 0.06197916666666667
0 0.45390625 0.3651041666666667 0.043229166666666666 0.04479166666666667
0 0.8625 0.5953125 0.07291666666666667 0.0515625
0 0.47734375 0.8776041666666666 0.06302083333333333 0.090625
0 0.5765625 0.21927083333333333 0.0515625 0.07760416666666667
0 0.4588541666666667 0.296875 0.0453125 0.04895833333333333
0 0.46536458333333336 0.609375 0.043229166666666666 0.046875
0 0.6171875 0.4510416666666667 0.04635416666666667 0.042708333333333334
0 0.6385416666666667 0.7166666666666667 0.0578125 0.05625
0 0.21041666666666667 0.46067708333333335 0.06770833333333333 0.040625
0 0.4125 0.58984375 0.043229166666666666 0.042708333333333334
0 0.6252604166666667 0.5044270833333333 0.04375 0.04114583333333333
0 0.7622395833333333 0.56171875 0.058333333333333334 0.0390625
0 0.5205729166666667 0.6104166666666667 0.042708333333333334 0.044270833333333336
0 0.6625 0.3846354166666667 0.052083333333333336 0.0484375
0 0.14010416666666667 0.6526041666666667 0.08072916666666667 0.0671875
0 0.8606770833333334 0.30572916666666666 0.09322916666666667 0.058854166666666666
0 0.42734375 0.7596354166666667 0.04583333333333333 0.06458333333333334
0 0.37864583333333335 0.5484375 0.0390625 0.04114583333333333
0 0.4356770833333333 0.10260416666666666 0.04114583333333333 0.08541666666666667
0 0.72421875 0.7934895833333333 0.058333333333333334 0.06354166666666666
0 0.8044270833333333 0.72265625 0.06458333333333334 0.0671875
0 0.77734375 0.48046875 0.0671875 0.044270833333333336
0 0.6041666666666666 0.55078125 0.040625 0.0421875
0 0.2578125 0.6424479166666667 0.05 0.05520833333333333
0 0.678125 0.6864583333333333 0.06145833333333333 0.05572916666666667
0 0.6947916666666667 0.14166666666666666 0.058333333333333334 0.07135416666666666
0 0.51875 0.29765625 0.04375 0.04583333333333333
0 0.48411458333333335 0.4231770833333333 0.03854166666666667 0.0453125
0 0.5731770833333333 0.31015625 0.049479166666666664 0.05520833333333333
0 0.5502604166666667 0.45338541666666665 0.044270833333333336 0.043229166666666666
0 0.7578125 0.759375 0.08125 0.08020833333333334
0 0.4309895833333333 0.5171875 0.0375 0.03697916666666667
0 0.40859375 0.3953125 0.041666666666666664 0.0421875
0 0.22630208333333332 0.38046875 0.0609375 0.0515625
0 0.18880208333333334 0.7424479166666667 0.075 0.057291666666666664
0 0.5052083333333334 0.553125 0.03802083333333333 0.0390625
0 0.5611979166666666 0.49557291666666664 0.04583333333333333 0.04114583333333333
0 0.446875 0.4348958333333333 0.03333333333333333 0.03229166666666667
0 0.42421875 0.47291666666666665 0.03802083333333333 0.041666666666666664
0 0.41432291666666665 0.66328125 0.051041666666666666 0.05572916666666667
0 0.6776041666666667 0.8260416666666667 0.0640625 0.07083333333333333
0 0.2390625 0.5981770833333333 0.0546875 0.053125
0 0.5421875 0.5330729166666667 0.03802083333333333 0.03802083333333333
0 0.33046875 0.7213541666666666 0.05625 0.06666666666666667
0 0.26276041666666666 0.16536458333333334 0.06510416666666667 0.07552083333333333
0 0.5552083333333333 0.76015625 0.035416666666666666 0.05625
0 0.5143229166666666 0.7635416666666667 0.0375 0.05520833333333333
0 0.5299479166666666 0.21171875 0.03854166666666667 0.057291666666666664
0 0.74453125 0.6028645833333334 0.058854166666666666 0.0421875
0 0.7138020833333333 0.6453125 0.059375 0.049479166666666664
0 0.6729166666666667 0.26171875 0.04375 0.053125
0 0.47317708333333336 0.7661458333333333 0.04583333333333333 0.06875
0 0.7755208333333333 0.525 0.049479166666666664 0.03697916666666667
0 0.2171875 0.41692708333333334 0.053125 0.04375
0 0.29010416666666666 0.28828125 0.06354166666666666 0.049479166666666664
0 0.7377604166666667 0.33046875 0.08489583333333334 0.06666666666666667
0 0.6296875 0.23359375 0.0515625 0.06875
0 0.52421875 0.4234375 0.03333333333333333 0.03333333333333333
0 0.55546875 0.3765625 0.0328125 0.0328125
0 0.4265625 0.21536458333333333 0.03802083333333333 0.0484375
0 0.5997395833333333 0.7510416666666667 0.0453125 0.05260416666666667
0 0.46067708333333335 0.54765625 0.034375 0.0375
0 0.3690104166666667 0.4986979166666667 0.0421875 0.04114583333333333
0 0.5669270833333333 0.58984375 0.0375 0.03802083333333333