0 0.8591666666666666 0.9158333333333334 0.125 0.12833333333333333
0 0.6575 0.49083333333333334 0.135 0.13666666666666666
0 0.7516666666666667 0.8325 0.13 0.13166666666666665
0 0.135 0.13 0.14833333333333334 0.13166666666666665
0 0.8866666666666667 0.5241666666666667 0.12333333333333334 0.12666666666666668
0 0.8741666666666666 0.7816666666666666 0.12333333333333334 0.12666666666666668
0 0.7641666666666667 0.5858333333333333 0.12833333333333333 0.13
0 0.2866666666666667 0.08083333333333333 0.14666666666666667 0.13833333333333334
0 0.88 0.6508333333333334 0.125 0.12666666666666668
0 0.2975 0.7991666666666667 0.10666666666666667 0.16
0 0.26416666666666666 0.3591666666666667 0.14 0.12166666666666667
0 0.62 0.9225 0.135 0.13666666666666666
0 0.6375 0.6366666666666667 0.135 0.13333333333333333
0 0.3525 0.2175 0.17166666666666666 0.135
0 0.12083333333333333 0.2825 0.15833333333333333 0.12833333333333333
0 0.6291666666666667 0.7816666666666666 0.135 0.135
0 0.425 0.4041666666666667 0.12166666666666667 0.11333333333333333
0 0.37166666666666665 0.505 0.12833333333333333 0.125
0 0.09833333333333333 0.66 0.13833333333333334 0.09333333333333334
0 0.24333333333333335 0.49833333333333335 0.11833333333333333 0.135
0 0.49916666666666665 0.6625 0.11666666666666667 0.16666666666666666
0 0.17583333333333334 0.5683333333333334 0.11333333333333333 0.10333333333333333
0 0.48083333333333333 0.9275 0.13333333333333333 0.12333333333333334
0 0.4058333333333333 0.8625 0.11166666666666666 0.11
0 0.12333333333333334 0.7741666666666667 0.09666666666666666 0.11
0 0.2175 0.7275 0.10833333333333334 0.11
0 0.2816666666666667 0.6566666666666666 0.14166666666666666 0.12833333333333333
0 0.18666666666666668 0.8708333333333333 0.09 0.12333333333333334
0 0.30583333333333335 0.93 0.15333333333333332 0.09666666666666666
0 0.07583333333333334 0.5308333333333334 0.06333333333333334 0.09333333333333334
0 0.0675 0.8675 0.09666666666666666 0.12833333333333333
0 0.3908333333333333 0.7491666666666666 0.10166666666666667 0.1
0 0.11833333333333333 0.43166666666666664 0.12166666666666667 0.09333333333333334
0 0.39166666666666666 0.6258333333333334 0.10333333333333333 0.10166666666666667
0 0.495 0.7941666666666667 0.095 0.11333333333333333
0 0.555 0.42 0.09666666666666666 0.09
0 0.5175 0.5258333333333334 0.14333333333333334 0.1