0 0.39466666666666667 0.6883561643835616 0.10533333333333333 0.10136986301369863
0 0.4053333333333333 0.8678082191780822 0.09466666666666666 0.1095890410958904
0 0.584 0.13904109589041097 0.09333333333333334 0.11232876712328767
0 0.7893333333333333 0.25 0.108 0.10410958904109589
0 0.8066666666666666 0.7219178082191781 0.09733333333333333 0.10273972602739725
0 0.708 0.5226027397260274 0.09733333333333333 0.1136986301369863
0 0.172 0.27808219178082194 0.10266666666666667 0.10410958904109589
0 0.562 0.3136986301369863 0.1 0.10273972602739725
0 0.7293333333333333 0.8102739726027397 0.09733333333333333 0.09315068493150686
0 0.19733333333333333 0.7424657534246575 0.10133333333333333 0.10547945205479452
0 0.256 0.4726027397260274 0.10266666666666667 0.10273972602739725
0 0.256 0.17876712328767122 0.10533333333333333 0.09726027397260274
0 0.31666666666666665 0.3636986301369863 0.09733333333333333 0.1095890410958904
0 0.5253333333333333 0.8952054794520548 0.104 0.09726027397260274
0 0.118 0.6363013698630137 0.08933333333333333 0.1095890410958904
0 0.5266666666666666 0.6897260273972603 0.10133333333333333 0.09726027397260274
0 0.6533333333333333 0.6445205479452055 0.10533333333333333 0.10410958904109589
0 0.42733333333333334 0.3041095890410959 0.09866666666666667 0.09863013698630137
0 0.6873333333333334 0.1815068493150685 0.092 0.09315068493150686
0 0.6353333333333333 0.8719178082191781 0.09066666666666667 0.09041095890410959
0 0.302 0.8267123287671233 0.10133333333333333 0.1
0 0.4713333333333333 0.11506849315068493 0.10666666666666667 0.09863013698630137
0 0.092 0.5089041095890411 0.084 0.11506849315068493
0 0.8566666666666667 0.6184931506849315 0.10666666666666667 0.09726027397260274
0 0.8866666666666667 0.4958904109589041 0.092 0.09863013698630137
0 0.6626666666666666 0.38904109589041097 0.1 0.10273972602739725
0 0.12 0.38767123287671235 0.10533333333333333 0.10273972602739725
0 0.36133333333333334 0.136986301369863 0.092 0.0958904109589041
0 0.8606666666666667 0.3726027397260274 0.1 0.10684931506849316
0 0.2886666666666667 0.6068493150684932 0.09733333333333333 0.09315068493150686