1 0.425 0.6583880037488284 0.22 0.07966260543580131
1 0.26935 0.7852577319587629 0.1442 0.05894095595126523
1 0.331875 0.7247797563261481 0.23125 0.07403936269915651
0 0.79125 0.4020618556701031 0.09 0.08809746954076851
1 0.73125 0.5890346766635426 0.1425 0.06091846298031865
1 0.621875 0.3612933458294283 0.24125 0.2933458294283037
0 0.41 0.32146204311152765 0.1125 0.08247422680412371
0 0.419375 0.2685098406747891 0.06625 0.1021555763823805
1 0.88 0.44783505154639175 0.24 0.11363636363636363
0 0.165625 0.4957825679475164 0.05375 0.08622305529522024
0 0.265625 0.1991565135895033 0.04875 0.03467666354264293
1 0.10375 0.7432052483598875 0.2075 0.08622305529522024
0 0.321875 0.3083411433926898 0.06125 0.09559512652296158
0 0.080625 0.5042174320524836 0.05375 0.03748828491096532
0 0.370625 0.13776944704779756 0.04125 0.03936269915651359
0 0.07625 0.5895032802249297 0.055 0.02999062792877226
0 0.355 0.373477038425492 0.065 0.038425492033739454
0 0.29125 0.1429240862230553 0.05 0.03467666354264293
0 0.4075 0.3781630740393627 0.0625 0.030927835051546393
0 0.625 0.1302717900656045 0.0425 0.03936269915651359
1 0.87 0.5787253983130272 0.1375 0.053420805998125584
0 0.075 0.4761012183692596 0.045 0.028116213683223992
0 0.693125 0.25029053420805997 0.14875 0.07298031865042175
0 0.7425 0.3406747891283974 0.0925 0.1471415182755389
0 0.09625 0.43252108716026244 0.045 0.030927835051546393
0 0.7 0.20665417057169636 0.115 0.05154639175257732
0 0.641875 0.19470477975632614 0.11375 0.052014995313964384
0 0.195 0.2694470477975633 0.0375 0.02155576382380506
0 0.5125 0.12933458294283037 0.0275 0.01874414245548266
0 0.5825 0.23008434864104968 0.025 0.015932521087160263
0 0.08875 0.41799437675726336 0.03 0.01874414245548266
0 0.165 0.6091846298031866 0.0225 0.011246485473289597
0 0.010625 0.598875351452671 0.02125 0.02436738519212746
0 0.015625 0.5721649484536082 0.03125 0.03280224929709466
0 0.010625 0.38940955951265227 0.02125 0.03280224929709466
0 0.18 0.5955951265229615 0.0225 0.014058106841611996
0 0.006875 0.3641049671977507 0.01375 0.019681349578256794
0 0.214375 0.34629803186504216 0.03625 0.019681349578256794
0 0.56125 0.422680412371134 0.04 0.026241799437675725
0 0.405 0.4343955014058107 0.055 0.02155576382380506
0 0.386875 0.5895032802249297 0.02375 0.01874414245548266
0 0.395 0.5740393626991566 0.0125 0.010309278350515464
0 0.905625 0.5098406747891284 0.04375 0.01874414245548266
0 0.981875 0.577788191190253 0.03375 0.029053420805998126
0 0.038125 0.6902530459231491 0.04125 0.029053420805998126
0 0.128125 0.7104029990627929 0.01875 0.013120899718837863
0 0.008125 0.7619493908153702 0.01625 0.013120899718837863
0 0.47979999999999995 0.5867104029990627 0.0475125 0.024732895970009373
0 0.3932625 0.6791846298031865 0.01345 0.0095688847235239
0 0.40135 0.7216963448922211 0.0137125 0.00808809746954077
0 0.4143625 0.37461105904404873 0.0188375 0.008875351452671041
0 0.3713375 0.37842549203373943 0.015700000000000002 0.007703842549203374
0 0.5888625 0.21064667291471414 0.0563625 0.024686035613870665
0 0.4985 0.2757638238050609 0.013274999999999999 0.03466729147141519
0 0.6721875 0.2813308341143393 0.021175000000000003 0.01766635426429241
0 0.7328375 0.38735707591377694 0.0109125 0.012699156513589504
0 0.731275 0.2791565135895033 0.0188125 0.012052483598875351
0 0.9738375 0.5173289597000937 0.04455 0.041986879100281156
0 0.9624875 0.5434301780693533 0.043775 0.029690721649484535
0 0.9943625 0.5982755388940956 0.011275 0.027928772258669167
0 0.9689375 0.6003280224929709 0.0386875 0.022652296157450798
0 0.5318875 0.43775070290534207 0.026425 0.014714151827553888
0 0.5063 0.42724461105904404 0.00915 0.007872539831302719
0 0.7810875 0.11935332708528584 0.0482 0.03920337394564199