0 0.3421875 0.31927083333333334 0.14375 0.14895833333333333
0 0.6434895833333333 0.4309895833333333 0.1671875 0.1421875
0 0.503125 0.3658854166666667 0.121875 0.12083333333333333
0 0.29322916666666665 0.18619791666666666 0.15416666666666667 0.11666666666666667
0 0.5690104166666666 0.7182291666666667 0.184375 0.1609375
0 0.43072916666666666 0.2630208333333333 0.09947916666666666 0.11927083333333334
0 0.39505208333333336 0.7140625 0.17916666666666667 0.15989583333333332
0 0.5299479166666666 0.5971354166666667 0.15416666666666667 0.1453125
0 0.39739583333333334 0.43125 0.12552083333333333 0.1328125
0 0.2890625 0.43671875 0.11145833333333334 0.11041666666666666
0 0.2171875 0.7208333333333333 0.12864583333333332 0.134375
0 0.29635416666666664 0.8364583333333333 0.1203125 0.12083333333333333
0 0.6265625 0.32578125 0.134375 0.13541666666666666
0 0.16692708333333334 0.6041666666666666 0.10572916666666667 0.11510416666666666
0 0.44557291666666665 0.85390625 0.19895833333333332 0.16354166666666667
0 0.6458333333333334 0.5903645833333333 0.16666666666666666 0.17083333333333334
0 0.45390625 0.12135416666666667 0.17708333333333334 0.19270833333333334
0 0.178125 0.3567708333333333 0.1109375 0.11927083333333334
0 0.16640625 0.47708333333333336 0.1015625 0.12395833333333334
0 0.85234375 0.45677083333333335 0.08854166666666667 0.1015625
0 0.3372395833333333 0.09140625 0.09375 0.13020833333333334
0 0.73984375 0.30885416666666665 0.0921875 0.08958333333333333
0 0.8330729166666667 0.32760416666666664 0.09166666666666666 0.09270833333333334
0 0.57265625 0.25390625 0.1015625 0.13177083333333334
0 0.25729166666666664 0.5369791666666667 0.1 0.08802083333333334
0 0.29401041666666666 0.6252604166666667 0.08958333333333333 0.09010416666666667
0 0.7747395833333334 0.5169270833333334 0.08802083333333334 0.09635416666666667
0 0.34427083333333336 0.5403645833333334 0.09479166666666666 0.09739583333333333
0 0.77578125 0.4153645833333333 0.08958333333333333 0.096875
0 0.4317708333333333 0.5388020833333333 0.0859375 0.0875
0 0.37994791666666666 0.6216145833333333 0.0859375 0.09947916666666666
0 0.6997395833333333 0.21588541666666666 0.13489583333333333 0.09635416666666667
0 0.20703125 0.2453125 0.1890625 0.10416666666666667
0 0.8395833333333333 0.6244791666666667 0.053125 0.0453125
0 0.7169270833333333 0.7869791666666667 0.050520833333333334 0.050520833333333334
0 0.49557291666666664 0.22447916666666667 0.08333333333333333 0.13072916666666667
0 0.6651041666666667 0.8869791666666667 0.04583333333333333 0.0515625
0 0.7502604166666667 0.82109375 0.05260416666666667 0.0515625
0 0.7723958333333333 0.76796875 0.053125 0.052083333333333336
0 0.83828125 0.5671875 0.05416666666666667 0.04635416666666667
0 0.6268229166666667 0.853125 0.04479166666666667 0.05625
0 0.7846354166666667 0.6458333333333334 0.051041666666666666 0.05260416666666667
0 0.67421875 0.8255208333333334 0.049479166666666664 0.04739583333333333
0 0.7638020833333333 0.6901041666666666 0.046875 0.04791666666666667
0 0.8203125 0.6856770833333333 0.04895833333333333 0.04791666666666667
0 0.86640625 0.5302083333333333 0.050520833333333334 0.046875
0 0.5731770833333333 0.8619791666666666 0.050520833333333334 0.050520833333333334
0 0.6958333333333333 0.6994791666666667 0.0515625 0.0515625
0 0.73203125 0.7333333333333333 0.0484375 0.051041666666666666
0 0.7166666666666667 0.8606770833333334 0.04479166666666667 0.04635416666666667
0 0.6598958333333333 0.9375 0.049479166666666664 0.04479166666666667
0 0.6770833333333334 0.7546875 0.04583333333333333 0.05520833333333333
0 0.8033854166666666 0.821875 0.051041666666666666 0.04791666666666667
0 0.54453125 0.8979166666666667 0.04791666666666667 0.04791666666666667
0 0.6151041666666667 0.9119791666666667 0.04739583333333333 0.04739583333333333
0 0.7515625 0.60625 0.04791666666666667 0.05260416666666667
0 0.6390625 0.7911458333333333 0.051041666666666666 0.04739583333333333
0 0.6713541666666667 0.12239583333333333 0.3046875 0.16302083333333334
0 0.5130208333333334 0.9325520833333333 0.046875 0.04791666666666667
0 0.7255208333333333 0.6598958333333333 0.05 0.05
0 0.79609375 0.59296875 0.049479166666666664 0.053125
0 0.5984375 0.8151041666666666 0.044270833333333336 0.043229166666666666
0 0.8015625 0.7270833333333333 0.04583333333333333 0.046875
0 0.5734375 0.9520833333333333 0.0421875 0.04583333333333333
0 0.87265625 0.6671875 0.051041666666666666 0.049479166666666664