0 0.29401041666666666 0.3768229166666667 0.14791666666666667 0.15260416666666668
0 0.6151041666666667 0.39010416666666664 0.1703125 0.146875
0 0.46145833333333336 0.37135416666666665 0.12447916666666667 0.12395833333333334
0 0.20625 0.26536458333333335 0.15677083333333333 0.12083333333333333
0 0.6330729166666667 0.6861979166666666 0.18854166666666666 0.16614583333333333
0 0.3609375 0.29609375 0.103125 0.12135416666666667
0 0.4661458333333333 0.7359375 0.1828125 0.16458333333333333
0 0.55859375 0.5830729166666667 0.1578125 0.14947916666666666
0 0.38125 0.4661458333333333 0.12864583333333332 0.1359375
0 0.2796875 0.5049479166666667 0.11458333333333333 0.11302083333333333
0 0.2994791666666667 0.7973958333333333 0.13229166666666667 0.1375
0 0.41015625 0.8828125 0.1234375 0.12395833333333334
0 0.56640625 0.2953125 0.13802083333333334 0.1390625
0 0.21536458333333333 0.7020833333333333 0.10885416666666667 0.11770833333333333
0 0.5575520833333333 0.8533854166666667 0.20260416666666667 0.16875
0 0.6666666666666666 0.5408854166666667 0.17083333333333334 0.17552083333333332
0 0.3390625 0.15416666666666667 0.18229166666666666 0.19739583333333333
0 0.14947916666666666 0.46328125 0.1140625 0.121875
0 0.17552083333333332 0.58125 0.1046875 0.1265625
0 0.821875 0.35 0.09114583333333333 0.10364583333333334
0 0.21901041666666668 0.16171875 0.09739583333333333 0.13229166666666667
0 0.6690104166666667 0.24401041666666667 0.09479166666666666 0.09166666666666666
0 0.76328125 0.23307291666666666 0.09427083333333333 0.0953125
0 0.49296875 0.24348958333333334 0.10520833333333333 0.13385416666666666
0 0.28072916666666664 0.61015625 0.10208333333333333 0.090625
0 0.34296875 0.6825520833333333 0.09166666666666666 0.0921875
0 0.7666666666666667 0.43125 0.090625 0.0984375
0 0.36432291666666666 0.58671875 0.096875 0.09947916666666666
0 0.7359375 0.334375 0.0921875 0.09947916666666666
0 0.4471354166666667 0.5580729166666667 0.08854166666666667 0.08958333333333333
0 0.4234375 0.6528645833333333 0.08854166666666667 0.1015625
0 0.60234375 0.16796875 0.13697916666666668 0.1
0 0.14270833333333333 0.34817708333333336 0.190625 0.10989583333333333
0 0.8614583333333333 0.5135416666666667 0.05416666666666667 0.046875
0 0.7947916666666667 0.7057291666666666 0.052083333333333336 0.052083333333333336
0 0.41067708333333336 0.23932291666666666 0.0875 0.13229166666666667
0 0.7765625 0.8169270833333333 0.046875 0.05260416666666667
0 0.8372395833333334 0.7278645833333334 0.05416666666666667 0.05260416666666667
0 0.8419270833333333 0.6705729166666666 0.0546875 0.053125
0 0.8424479166666666 0.459375 0.05520833333333333 0.04791666666666667
0 0.7296875 0.7966145833333333 0.04635416666666667 0.057291666666666664
0 0.815625 0.5505208333333333 0.052083333333333336 0.05416666666666667
0 0.7661458333333333 0.7557291666666667 0.051041666666666666 0.04895833333333333
0 0.8096354166666667 0.59921875 0.04791666666666667 0.04895833333333333
0 0.8619791666666666 0.5776041666666667 0.050520833333333334 0.04895833333333333
0 0.8578125 0.415625 0.0515625 0.0484375
0 0.6815104166666667 0.8216145833333334 0.052083333333333336 0.052083333333333336
0 0.7479166666666667 0.6291666666666667 0.053125 0.053125
0 0.7927083333333333 0.6502604166666667 0.05 0.052083333333333336
0 0.8177083333333334 0.7760416666666666 0.04635416666666667 0.04739583333333333
0 0.7872395833333333 0.8666666666666667 0.050520833333333334 0.04635416666666667
0 0.7471354166666667 0.6875 0.04739583333333333 0.05677083333333333
0 0.8880208333333334 0.7125 0.05260416666666667 0.049479166666666664
0 0.6653645833333334 0.8645833333333334 0.04895833333333333 0.049479166666666664
0 0.73671875 0.85625 0.04895833333333333 0.04895833333333333
0 0.771875 0.5234375 0.049479166666666664 0.05416666666666667
0 0.7221354166666667 0.7341145833333333 0.05260416666666667 0.04895833333333333
0 0.5463541666666667 0.08802083333333334 0.3072916666666667 0.17239583333333333
0 0.64609375 0.9072916666666667 0.04791666666666667 0.04895833333333333
0 0.7638020833333333 0.5822916666666667 0.051041666666666666 0.051041666666666666
0 0.8104166666666667 0.496875 0.051041666666666666 0.05416666666666667
0 0.6911458333333333 0.7692708333333333 0.04583333333333333 0.044270833333333336
0 0.85703125 0.62265625 0.04739583333333333 0.04791666666666667
0 0.7096354166666666 0.9072916666666667 0.04375 0.046875
0 0.9059895833333333 0.5440104166666667 0.052083333333333336 0.051041666666666666