0 0.3645833333333333 0.75078125 0.1171875 0.1390625
0 0.20130208333333333 0.3841145833333333 0.12708333333333333 0.14322916666666666
0 0.7002604166666667 0.20677083333333332 0.13020833333333334 0.10989583333333333
0 0.29973958333333334 0.13932291666666666 0.15416666666666667 0.11770833333333333
0 0.56640625 0.2526041666666667 0.08645833333333333 0.0921875
0 0.8065104166666667 0.4890625 0.10885416666666667 0.1171875
0 0.7466145833333333 0.29635416666666664 0.11614583333333334 0.1015625
0 0.21979166666666666 0.24739583333333334 0.12135416666666667 0.13802083333333334
0 0.6338541666666667 0.15364583333333334 0.12447916666666667 0.12864583333333332
0 0.7817708333333333 0.38515625 0.12447916666666667 0.10833333333333334
0 0.21354166666666666 0.6091145833333333 0.12135416666666667 0.12447916666666667
0 0.43046875 0.6927083333333334 0.0703125 0.07708333333333334
0 0.67109375 0.35911458333333335 0.10104166666666667 0.08177083333333333
0 0.28880208333333335 0.5635416666666667 0.06145833333333333 0.06614583333333333
0 0.6041666666666666 0.50078125 0.09322916666666667 0.08333333333333333
0 0.6940104166666666 0.425 0.09479166666666666 0.08541666666666667
0 0.3078125 0.63671875 0.06927083333333334 0.06666666666666667
0 0.67890625 0.81015625 0.09947916666666666 0.10729166666666666
0 0.6013020833333333 0.5713541666666667 0.084375 0.08854166666666667
0 0.6192708333333333 0.29765625 0.09270833333333334 0.103125
0 0.68671875 0.67578125 0.0859375 0.1140625
0 0.5713541666666667 0.37109375 0.08645833333333333 0.07916666666666666
0 0.40625 0.13203125 0.06979166666666667 0.0796875
0 0.7630208333333334 0.7143229166666667 0.08958333333333333 0.10052083333333334
0 0.79921875 0.5916666666666667 0.10989583333333333 0.0953125
0 0.5994791666666667 0.42578125 0.090625 0.07760416666666667
0 0.7854166666666667 0.65078125 0.09270833333333334 0.09739583333333333
0 0.6979166666666666 0.5947916666666667 0.10208333333333333 0.090625
0 0.42552083333333335 0.21171875 0.07135416666666666 0.07760416666666667
0 0.3580729166666667 0.2171875 0.0640625 0.071875
0 0.5994791666666667 0.8278645833333333 0.09895833333333333 0.12239583333333333
0 0.55546875 0.14895833333333333 0.09270833333333334 0.09739583333333333
0 0.7200520833333334 0.75859375 0.08958333333333333 0.09010416666666667
0 0.41432291666666665 0.5838541666666667 0.1578125 0.14010416666666667
0 0.4635416666666667 0.3182291666666667 0.06666666666666667 0.07604166666666666
0 0.7072916666666667 0.5447916666666667 0.10885416666666667 0.084375
0 0.475 0.6473958333333333 0.06197916666666667 0.07135416666666666
0 0.4591145833333333 0.8234375 0.07447916666666667 0.06822916666666666
0 0.70390625 0.4903645833333333 0.1109375 0.06614583333333333
0 0.30885416666666665 0.40338541666666666 0.06666666666666667 0.07760416666666667
0 0.4901041666666667 0.21536458333333333 0.12760416666666666 0.3489583333333333
0 0.36640625 0.4236979166666667 0.078125 0.0703125
0 0.4739583333333333 0.7609375 0.071875 0.06354166666666666
0 0.3255208333333333 0.49661458333333336 0.30104166666666665 0.12864583333333332
0 0.37213541666666666 0.33125 0.18854166666666666 0.21770833333333334
0 0.36041666666666666 0.5716145833333334 0.0734375 0.06458333333333334
0 0.6296875 0.6908854166666667 0.0671875 0.14270833333333333
0 0.5359375 0.7427083333333333 0.21354166666666666 0.43125
0 0.5072916666666667 0.7036458333333333 0.0734375 0.0640625
0 0.40390625 0.27760416666666665 0.07604166666666666 0.0671875