0 0.09713541666666667 0.6463541666666667 0.13177083333333334 0.12447916666666667
0 0.7567708333333333 0.7018229166666666 0.12708333333333333 0.121875
0 0.5510416666666667 0.17786458333333333 0.09270833333333334 0.11458333333333333
0 0.2526041666666667 0.2453125 0.10364583333333334 0.12083333333333333
0 0.33958333333333335 0.815625 0.14166666666666666 0.128125
0 0.171875 0.3026041666666667 0.1203125 0.1140625
0 0.46484375 0.18072916666666666 0.10104166666666667 0.11666666666666667
0 0.35546875 0.2046875 0.09895833333333333 0.12395833333333334
0 0.57890625 0.40963541666666664 0.07708333333333334 0.0875
0 0.6143229166666667 0.8239583333333333 0.13020833333333334 0.10104166666666667
0 0.32786458333333335 0.33255208333333336 0.08072916666666667 0.09166666666666666
0 0.19244791666666666 0.7580729166666667 0.109375 0.0953125
0 0.71640625 0.3385416666666667 0.10885416666666667 0.0765625
0 0.6455729166666667 0.31328125 0.08177083333333333 0.10104166666666667
0 0.47109375 0.29453125 0.06770833333333333 0.08645833333333333
0 0.61484375 0.7231770833333333 0.06614583333333333 0.06510416666666667
0 0.38229166666666664 0.40625 0.06979166666666667 0.08385416666666666
0 0.69140625 0.6309895833333333 0.0609375 0.071875
0 0.8536458333333333 0.44427083333333334 0.11458333333333333 0.084375
0 0.8580729166666666 0.35598958333333336 0.10364583333333334 0.08333333333333333
0 0.8203125 0.30703125 0.0921875 0.08645833333333333
0 0.40729166666666666 0.30390625 0.07083333333333333 0.0921875
0 0.7765625 0.25677083333333334 0.09270833333333334 0.09739583333333333
0 0.10859375 0.5427083333333333 0.07135416666666666 0.05572916666666667
0 0.5419270833333333 0.734375 0.0625 0.07239583333333334
0 0.7088541666666667 0.22578125 0.08489583333333334 0.08645833333333333
0 0.1734375 0.40286458333333336 0.08333333333333333 0.0875
0 0.65703125 0.55703125 0.053125 0.0640625
0 0.19973958333333333 0.5408854166666667 0.07395833333333333 0.06354166666666666
0 0.5145833333333333 0.3921875 0.07135416666666666 0.0859375
0 0.1890625 0.615625 0.07916666666666666 0.057291666666666664
0 0.4046875 0.62265625 0.06875 0.06666666666666667
0 0.6393229166666666 0.2 0.07395833333333333 0.08802083333333334
0 0.7018229166666666 0.40078125 0.14635416666666667 0.06354166666666666
0 0.21302083333333333 0.47265625 0.3515625 0.08489583333333334
0 0.559375 0.65390625 0.0515625 0.06302083333333333
0 0.36354166666666665 0.6958333333333333 0.07395833333333333 0.065625
0 0.7796875 0.58203125 0.0625 0.07083333333333333
0 0.5776041666666667 0.60546875 0.12552083333333333 0.15104166666666666
0 0.3020833333333333 0.6205729166666667 0.20104166666666667 0.16927083333333334
0 0.84375 0.5989583333333334 0.06145833333333333 0.0640625
0 0.26536458333333335 0.38619791666666664 0.103125 0.084375
0 0.5354166666666667 0.2908854166666667 0.0625 0.1046875
0 0.31796875 0.5270833333333333 0.059895833333333336 0.06770833333333333
0 0.48046875 0.6713541666666667 0.09583333333333334 0.303125
0 0.7190104166666667 0.5369791666666667 0.05260416666666667 0.0734375
0 0.44505208333333335 0.38828125 0.06614583333333333 0.09375
0 0.5869791666666667 0.303125 0.07708333333333334 0.09895833333333333
0 0.7559895833333333 0.5046875 0.4265625 0.15989583333333332