0 0.30572916666666666 0.11796875 0.13958333333333334 0.14583333333333334
0 0.33098958333333334 0.7794270833333333 0.13645833333333332 0.14114583333333333
0 0.8260416666666667 0.5114583333333333 0.125 0.10572916666666667
0 0.72265625 0.2234375 0.1328125 0.11770833333333333
0 0.1671875 0.37916666666666665 0.14427083333333332 0.15625
0 0.6559895833333333 0.15026041666666667 0.128125 0.13333333333333333
0 0.8125 0.42630208333333336 0.128125 0.11458333333333333
0 0.7755208333333333 0.32057291666666665 0.13489583333333333 0.11354166666666667
0 0.59921875 0.5671875 0.09635416666666667 0.08697916666666666
0 0.19244791666666666 0.6528645833333333 0.11614583333333334 0.14166666666666666
0 0.6453125 0.30885416666666665 0.10104166666666667 0.09114583333333333
0 0.20625 0.22630208333333332 0.1078125 0.1203125
0 0.68671875 0.6950520833333333 0.0890625 0.1171875
0 0.703125 0.6216145833333333 0.11041666666666666 0.09322916666666667
0 0.7005208333333334 0.44635416666666666 0.09427083333333333 0.07760416666666667
0 0.29244791666666664 0.6411458333333333 0.07291666666666667 0.0734375
0 0.5786458333333333 0.37161458333333336 0.09166666666666666 0.0796875
0 0.3932291666666667 0.7059895833333333 0.07864583333333333 0.06927083333333334
0 0.5984375 0.8442708333333333 0.09791666666666667 0.12395833333333334
0 0.6864583333333333 0.8377604166666667 0.0953125 0.11302083333333333
0 0.73046875 0.79453125 0.096875 0.10208333333333333
0 0.6833333333333333 0.3841145833333333 0.1 0.08177083333333333
0 0.775 0.7447916666666666 0.1078125 0.10364583333333334
0 0.40989583333333335 0.11666666666666667 0.0640625 0.07760416666666667
0 0.27239583333333334 0.5700520833333333 0.0796875 0.07083333333333333
0 0.79765625 0.6739583333333333 0.09635416666666667 0.09479166666666666
0 0.5565104166666667 0.1640625 0.096875 0.09322916666666667
0 0.4625 0.6627604166666666 0.0703125 0.06041666666666667
0 0.42291666666666666 0.20703125 0.071875 0.08125
0 0.6088541666666667 0.5013020833333334 0.09375 0.08125
0 0.34739583333333335 0.20546875 0.06666666666666667 0.08541666666666667
0 0.36666666666666664 0.4203125 0.07447916666666667 0.0765625
0 0.81484375 0.6018229166666667 0.09635416666666667 0.084375
0 0.6231770833333333 0.68828125 0.08072916666666667 0.153125
0 0.4921875 0.21171875 0.12708333333333333 0.359375
0 0.35442708333333334 0.5776041666666667 0.06875 0.058854166666666666
0 0.2890625 0.3885416666666667 0.07395833333333333 0.08125
0 0.45260416666666664 0.7875 0.078125 0.07083333333333333
0 0.4046875 0.58984375 0.16510416666666666 0.14322916666666666
0 0.35625 0.3182291666666667 0.19270833333333334 0.2203125
0 0.44375 0.853125 0.07083333333333333 0.06875
0 0.584375 0.253125 0.09635416666666667 0.1125
0 0.7119791666666667 0.5096354166666667 0.11145833333333334 0.075
0 0.4510416666666667 0.32265625 0.07447916666666667 0.06770833333333333
0 0.32760416666666664 0.5015625 0.3125 0.13229166666666667
0 0.4901041666666667 0.721875 0.07916666666666666 0.0609375
0 0.6041666666666666 0.4317708333333333 0.10104166666666667 0.07708333333333334
0 0.7059895833333333 0.5622395833333333 0.1078125 0.08854166666666667
0 0.5265625 0.7546875 0.2109375 0.4427083333333333