0 0.18151041666666667 0.46458333333333335 0.20625 0.16979166666666667
0 0.37786458333333334 0.8640625 0.13177083333333334 0.13645833333333332
0 0.8182291666666667 0.48723958333333334 0.16302083333333334 0.10520833333333333
0 0.6182291666666667 0.16848958333333333 0.11822916666666666 0.15
0 0.7502604166666667 0.765625 0.13385416666666666 0.12916666666666668
0 0.2559895833333333 0.7859375 0.1859375 0.16510416666666666
0 0.18854166666666666 0.6471354166666666 0.18125 0.146875
0 0.3515625 0.17291666666666666 0.1453125 0.2557291666666667
0 0.6455729166666667 0.8296875 0.11666666666666667 0.1421875
0 0.4518229166666667 0.33541666666666664 0.1125 0.1375
0 0.36822916666666666 0.5544270833333333 0.1125 0.1
0 0.4205729166666667 0.66640625 0.12135416666666667 0.13958333333333334
0 0.8106770833333333 0.6388020833333333 0.17760416666666667 0.1359375
0 0.5283854166666667 0.8625 0.11041666666666666 0.18489583333333334
0 0.21927083333333333 0.28359375 0.153125 0.16822916666666668
0 0.7213541666666666 0.225 0.13489583333333333 0.16770833333333332
0 0.3768229166666667 0.42473958333333334 0.153125 0.1265625
0 0.6630208333333333 0.5263020833333333 0.10260416666666666 0.1265625
0 0.81875 0.3260416666666667 0.2078125 0.153125
0 0.56796875 0.31484375 0.11197916666666667 0.11614583333333334
0 0.5270833333333333 0.6872395833333333 0.08697916666666666 0.1203125
0 0.64140625 0.40182291666666664 0.11510416666666666 0.09895833333333333
0 0.6236979166666666 0.6494791666666667 0.1 0.11510416666666666
0 0.48515625 0.15598958333333332 0.0984375 0.17604166666666668