0 0.4890625 0.8104166666666667 0.10416666666666667 0.15885416666666666
0 0.38776041666666666 0.19947916666666668 0.14375 0.18020833333333333
0 0.5716145833333334 0.17916666666666667 0.19322916666666667 0.1828125
0 0.64765625 0.8075520833333333 0.15729166666666666 0.2015625
0 0.7286458333333333 0.22942708333333334 0.16666666666666666 0.14895833333333333
0 0.4744791666666667 0.36953125 0.11875 0.15989583333333332
0 0.13723958333333333 0.50859375 0.14635416666666667 0.10989583333333333
0 0.14583333333333334 0.34713541666666664 0.20416666666666666 0.14322916666666666
0 0.24713541666666666 0.24635416666666668 0.1203125 0.1390625
0 0.221875 0.7338541666666667 0.13229166666666667 0.12447916666666667
0 0.8286458333333333 0.37057291666666664 0.25052083333333336 0.15416666666666667
0 0.33958333333333335 0.8072916666666666 0.13645833333333332 0.1671875
0 0.8575520833333333 0.5075520833333333 0.1765625 0.10989583333333333
0 0.6739583333333333 0.47421875 0.1359375 0.1171875
0 0.5979166666666667 0.6325520833333333 0.10260416666666666 0.11041666666666666
0 0.7713541666666667 0.7341145833333333 0.14114583333333333 0.14427083333333332
0 0.35989583333333336 0.62109375 0.11197916666666667 0.1
0 0.6859375 0.5799479166666667 0.11875 0.1046875
0 0.5888020833333333 0.3841145833333333 0.10260416666666666 0.10989583333333333
0 0.47682291666666665 0.6653645833333334 0.1234375 0.10208333333333333
0 0.3221354166666667 0.5213541666666667 0.11458333333333333 0.08854166666666667
0 0.8359375 0.6302083333333334 0.1421875 0.125
0 0.16875 0.6200520833333333 0.1765625 0.11770833333333333
0 0.33984375 0.4080729166666667 0.14635416666666667 0.10520833333333333