0 0.51640625 0.18984375 0.1015625 0.15729166666666666
0 0.60703125 0.80234375 0.140625 0.17760416666666667
0 0.42291666666666666 0.81953125 0.19010416666666666 0.1796875
0 0.3578125 0.18984375 0.15364583333333334 0.19895833333333332
0 0.26666666666666666 0.7666666666666667 0.1640625 0.14635416666666667
0 0.5231770833333333 0.6309895833333333 0.11614583333333334 0.1578125
0 0.8627604166666667 0.49765625 0.14427083333333332 0.10729166666666666
0 0.8515625 0.6591145833333333 0.2015625 0.13958333333333334
0 0.7484375 0.7580729166666667 0.11770833333333333 0.13697916666666668
0 0.7822916666666667 0.27109375 0.13020833333333334 0.12239583333333333
0 0.16927083333333334 0.6236979166666666 0.24791666666666667 0.15
0 0.665625 0.19557291666666668 0.13385416666666666 0.16510416666666666
0 0.14270833333333333 0.4861979166666667 0.17447916666666666 0.10677083333333333
0 0.3255208333333333 0.52265625 0.13385416666666666 0.11510416666666666
0 0.4044270833333333 0.3658854166666667 0.10052083333333334 0.10885416666666667
0 0.2328125 0.26119791666666664 0.13854166666666667 0.14166666666666666
0 0.6421875 0.38125 0.11041666666666666 0.09791666666666667
0 0.31536458333333334 0.41692708333333334 0.1171875 0.10260416666666666
0 0.40911458333333334 0.6143229166666667 0.10052083333333334 0.10833333333333334
0 0.5260416666666666 0.33515625 0.121875 0.1
0 0.678125 0.4817708333333333 0.11302083333333333 0.08645833333333333
0 0.16640625 0.3640625 0.14010416666666667 0.12239583333333333
0 0.8333333333333334 0.38567708333333334 0.17447916666666666 0.11458333333333333
0 0.65859375 0.5947916666666667 0.14479166666666668 0.10260416666666666