0 0.46640625 0.6416666666666667 0.07760416666666667 0.07916666666666666
0 0.3875 0.6200520833333333 0.09895833333333333 0.1078125
0 0.6794270833333333 0.6057291666666667 0.0796875 0.08489583333333334
0 0.5033854166666667 0.08541666666666667 0.0765625 0.08020833333333334
0 0.7182291666666667 0.41770833333333335 0.0640625 0.06458333333333334
0 0.4203125 0.534375 0.08177083333333333 0.06354166666666666
0 0.72578125 0.34765625 0.07552083333333333 0.059375
0 0.5861979166666667 0.09244791666666667 0.09427083333333333 0.09322916666666667
0 0.57578125 0.5518229166666667 0.07083333333333333 0.090625
0 0.7380208333333333 0.5640625 0.08854166666666667 0.07447916666666667
0 0.30963541666666666 0.40260416666666665 0.0703125 0.0875
0 0.5151041666666667 0.16171875 0.08125 0.06197916666666667
0 0.54375 0.6447916666666667 0.06875 0.08489583333333334
0 0.7895833333333333 0.24270833333333333 0.08854166666666667 0.07552083333333333
0 0.6674479166666667 0.2171875 0.09010416666666667 0.06875
0 0.7096354166666666 0.2859375 0.090625 0.058333333333333334
0 0.39427083333333335 0.296875 0.06927083333333334 0.06510416666666667
0 0.42890625 0.09427083333333333 0.06979166666666667 0.10104166666666667
0 0.7088541666666667 0.14609375 0.090625 0.08333333333333333
0 0.6002604166666666 0.1765625 0.075 0.06927083333333334
0 0.8109375 0.3580729166666667 0.09375 0.075
0 0.35104166666666664 0.4934895833333333 0.06510416666666667 0.06302083333333333
0 0.6921875 0.48385416666666664 0.0734375 0.075
0 0.440625 0.17109375 0.05677083333333333 0.07083333333333333
0 0.23489583333333333 0.28489583333333335 0.0796875 0.08177083333333333
0 0.63984375 0.31744791666666666 0.058854166666666666 0.05364583333333333
0 0.3125 0.17630208333333333 0.078125 0.08020833333333334
0 0.6125 0.646875 0.06510416666666667 0.08958333333333333
0 0.225 0.4265625 0.11354166666666667 0.08072916666666667
0 0.55 0.42526041666666664 0.05625 0.059895833333333336
0 0.2708333333333333 0.2203125 0.08489583333333334 0.09166666666666666
0 0.39427083333333335 0.4393229166666667 0.058854166666666666 0.06614583333333333
0 0.51015625 0.23229166666666667 0.0765625 0.08020833333333334
0 0.23984375 0.5005208333333333 0.0734375 0.07083333333333333
0 0.28046875 0.54453125 0.07604166666666666 0.084375
0 0.5372395833333333 0.49140625 0.04739583333333333 0.06302083333333333
0 0.32083333333333336 0.29765625 0.06510416666666667 0.09583333333333334
0 0.3575520833333333 0.11744791666666667 0.07135416666666666 0.11145833333333334
0 0.23177083333333334 0.35546875 0.09322916666666667 0.07760416666666667
0 0.6549479166666666 0.40208333333333335 0.07239583333333334 0.059895833333333336
0 0.43385416666666665 0.24713541666666666 0.06458333333333334 0.06822916666666666
0 0.49661458333333336 0.5546875 0.06041666666666667 0.06927083333333334
0 0.36302083333333335 0.375 0.058333333333333334 0.08541666666666667
0 0.32447916666666665 0.6005208333333333 0.08333333333333333 0.08645833333333333
0 0.6455729166666667 0.12135416666666667 0.071875 0.06927083333333334
0 0.58828125 0.39505208333333336 0.0609375 0.0484375
0 0.7697916666666667 0.5213541666666667 0.08020833333333334 0.07083333333333333
0 0.6447916666666667 0.5317708333333333 0.058333333333333334 0.06302083333333333
0 0.49609375 0.42526041666666664 0.04739583333333333 0.06510416666666667
0 0.7505208333333333 0.18541666666666667 0.06979166666666667 0.0734375
0 0.8057291666666667 0.4192708333333333 0.08489583333333334 0.06875
0 0.61015625 0.2703125 0.06302083333333333 0.059895833333333336
0 0.590625 0.48020833333333335 0.05572916666666667 0.05625
0 0.48854166666666665 0.48489583333333336 0.049479166666666664 0.053125
0 0.5658854166666667 0.24401041666666667 0.06927083333333334 0.051041666666666666
0 0.4322916666666667 0.4705729166666667 0.06510416666666667 0.06666666666666667
0 0.50859375 0.2955729166666667 0.04375 0.06614583333333333
0 0.5565104166666667 0.30364583333333334 0.050520833333333334 0.06302083333333333
0 0.71171875 0.9106770833333333 0.04739583333333333 0.041666666666666664
0 0.621875 0.44583333333333336 0.05677083333333333 0.052083333333333336
0 0.7924479166666667 0.4752604166666667 0.09010416666666667 0.0765625
0 0.8046875 0.9578125 0.04739583333333333 0.0453125
0 0.7505208333333333 0.97265625 0.04010416666666667 0.027604166666666666
0 0.7020833333333333 0.7270833333333333 0.04583333333333333 0.044270833333333336
0 0.6611979166666667 0.86875 0.0453125 0.05416666666666667
0 0.7666666666666667 0.7364583333333333 0.04635416666666667 0.0390625
0 0.46145833333333336 0.2989583333333333 0.053125 0.0578125
0 0.08880208333333334 0.8588541666666667 0.04479166666666667 0.04583333333333333
0 0.19921875 0.91484375 0.053125 0.036458333333333336
0 0.678125 0.8002604166666667 0.0421875 0.041666666666666664
0 0.6458333333333334 0.7580729166666667 0.0421875 0.04375
0 0.271875 0.7752604166666667 0.034895833333333334 0.03125
0 0.43046875 0.37395833333333334 0.06510416666666667 0.05625
0 0.7364583333333333 0.7841145833333333 0.041666666666666664 0.04010416666666667
0 0.6096354166666667 0.87890625 0.033854166666666664 0.0421875
0 0.18385416666666668 0.7143229166666667 0.04739583333333333 0.0296875
0 0.15078125 0.6700520833333333 0.0359375 0.0296875
0 0.07604166666666666 0.80234375 0.036458333333333336 0.04583333333333333
0 0.85703125 0.8078125 0.035416666666666666 0.046875
0 0.80625 0.8541666666666666 0.036458333333333336 0.040625
0 0.18984375 0.8481770833333333 0.04583333333333333 0.03854166666666667
0 0.78359375 0.8046875 0.03802083333333333 0.03854166666666667
0 0.13515625 0.7572916666666667 0.030208333333333334 0.03697916666666667
0 0.27109375 0.6864583333333333 0.040625 0.034375
0 0.321875 0.7388020833333333 0.04114583333333333 0.040625
0 0.1265625 0.8208333333333333 0.0359375 0.036458333333333336
0 0.21197916666666666 0.6661458333333333 0.040625 0.03229166666666667
0 0.578125 0.3424479166666667 0.058854166666666666 0.05260416666666667
0 0.796875 0.303125 0.06041666666666667 0.06145833333333333
0 0.6893229166666667 0.9684895833333333 0.0515625 0.034895833333333334
0 0.45338541666666665 0.4122395833333333 0.04895833333333333 0.057291666666666664
0 0.6098958333333333 0.8111979166666666 0.035416666666666666 0.049479166666666664
0 0.43307291666666664 0.3296875 0.0609375 0.043229166666666666
0 0.771875 0.9046875 0.04895833333333333 0.04375
0 0.37473958333333335 0.22083333333333333 0.078125 0.07604166666666666
0 0.8223958333333333 0.7609375 0.0359375 0.03958333333333333
0 0.24583333333333332 0.7302083333333333 0.04375 0.036458333333333336
0 0.2747395833333333 0.8955729166666667 0.0390625 0.040625
0 0.6364583333333333 0.9322916666666666 0.0453125 0.04010416666666667
0 0.3028645833333333 0.8588541666666667 0.03802083333333333 0.046875
0 0.8416666666666667 0.9208333333333333 0.03125 0.03958333333333333
0 0.09479166666666666 0.7041666666666667 0.03802083333333333 0.03802083333333333
0 0.6565104166666667 0.3546875 0.05625 0.042708333333333334
0 0.07734375 0.74921875 0.028645833333333332 0.03802083333333333
0 0.14036458333333332 0.8872395833333333 0.046875 0.0375
0 0.25442708333333336 0.8307291666666666 0.043229166666666666 0.042708333333333334
0 0.33125 0.7947916666666667 0.0234375 0.043229166666666666
0 0.8580729166666666 0.8658854166666666 0.030729166666666665 0.03802083333333333