0 0.2864583333333333 0.371875 0.14791666666666667 0.1796875
0 0.39739583333333334 0.5072916666666667 0.1484375 0.1515625
0 0.8231770833333333 0.31015625 0.12395833333333334 0.14270833333333333
0 0.15052083333333333 0.41875 0.17395833333333333 0.19322916666666667
0 0.6739583333333333 0.34609375 0.14739583333333334 0.13854166666666667
0 0.6283854166666667 0.51328125 0.125 0.13229166666666667
0 0.54140625 0.6447916666666667 0.13958333333333334 0.16875
0 0.5640625 0.2875 0.11197916666666667 0.11666666666666667
0 0.5408854166666667 0.16223958333333333 0.13125 0.115625
0 0.27786458333333336 0.5341145833333333 0.16458333333333333 0.17708333333333334
0 0.7627604166666667 0.7247395833333333 0.11354166666666667 0.13020833333333334
0 0.74140625 0.4354166666666667 0.121875 0.10885416666666667
0 0.18645833333333334 0.26015625 0.11927083333333334 0.12864583333333332
0 0.4765625 0.3419270833333333 0.09322916666666667 0.09427083333333333
0 0.29192708333333334 0.21067708333333332 0.11770833333333333 0.1109375
0 0.37942708333333336 0.29661458333333335 0.07708333333333334 0.09739583333333333
0 0.6559895833333333 0.19088541666666667 0.11041666666666666 0.10833333333333334
0 0.46953125 0.42682291666666666 0.08489583333333334 0.08802083333333334
0 0.8825520833333333 0.49635416666666665 0.1890625 0.17916666666666667
0 0.6361979166666667 0.8421875 0.096875 0.090625
0 0.6533854166666667 0.6348958333333333 0.10625 0.13229166666666667
0 0.51875 0.85 0.103125 0.09322916666666667
0 0.5643229166666667 0.40963541666666664 0.1125 0.11145833333333334
0 0.4036458333333333 0.15807291666666667 0.12239583333333333 0.10677083333333333
0 0.4671875 0.25885416666666666 0.08333333333333333 0.09947916666666666
0 0.5622395833333333 0.7674479166666667 0.09739583333333333 0.09270833333333334
0 0.8979166666666667 0.3723958333333333 0.12708333333333333 0.08958333333333333
0 0.4002604166666667 0.6278645833333333 0.16875 0.16822916666666668
0 0.6721354166666667 0.74921875 0.09583333333333334 0.09427083333333333
0 0.46848958333333335 0.7505208333333333 0.09635416666666667 0.09375
0 0.3885416666666667 0.3875 0.08229166666666667 0.09166666666666666
0 0.7263020833333333 0.596875 0.11510416666666666 0.10416666666666667
0 0.1578125 0.7177083333333333 0.051041666666666666 0.04895833333333333
0 0.39401041666666664 0.7893229166666667 0.053125 0.052083333333333336
0 0.7557291666666667 0.5184895833333333 0.14375 0.08177083333333333
0 0.75390625 0.22604166666666667 0.09791666666666667 0.1796875
0 0.16223958333333333 0.7791666666666667 0.0515625 0.05
0 0.2950520833333333 0.7984375 0.05 0.0546875
0 0.115625 0.6703125 0.0453125 0.052083333333333336
0 0.15885416666666666 0.6427083333333333 0.053125 0.05
0 0.08671875 0.55546875 0.04791666666666667 0.04479166666666667
0 0.3770833333333333 0.7359375 0.051041666666666666 0.051041666666666666
0 0.21015625 0.7463541666666667 0.05 0.05
0 0.23723958333333334 0.6505208333333333 0.052083333333333336 0.052083333333333336
0 0.2828125 0.6653645833333334 0.04739583333333333 0.051041666666666666
0 0.24609375 0.7078125 0.0484375 0.05572916666666667
0 0.20416666666666666 0.6104166666666667 0.052083333333333336 0.04375
0 0.09869791666666666 0.5052083333333334 0.0421875 0.043229166666666666
0 0.3177083333333333 0.70859375 0.04739583333333333 0.0453125
0 0.19427083333333334 0.68125 0.052083333333333336 0.0515625
0 0.2911458333333333 0.84609375 0.051041666666666666 0.05
0 0.09036458333333333 0.615625 0.042708333333333334 0.044270833333333336
0 0.8625 0.71171875 0.18802083333333333 0.31145833333333334
0 0.33098958333333334 0.7611979166666667 0.04583333333333333 0.0515625
0 0.13411458333333334 0.5924479166666666 0.05416666666666667 0.04791666666666667
0 0.2830729166666667 0.7421875 0.04375 0.0453125
0 0.3515625 0.8111979166666666 0.052083333333333336 0.050520833333333334
0 0.17734375 0.5682291666666667 0.04583333333333333 0.04635416666666667
0 0.44244791666666666 0.8354166666666667 0.044270833333333336 0.0546875
0 0.39739583333333334 0.85078125 0.0453125 0.05625
0 0.24348958333333334 0.784375 0.04791666666666667 0.04791666666666667
0 0.13645833333333332 0.540625 0.050520833333333334 0.050520833333333334
0 0.06015625 0.4705729166666667 0.04635416666666667 0.0453125
0 0.054947916666666666 0.6549479166666666 0.04791666666666667 0.049479166666666664
0 0.051041666666666666 0.51796875 0.043229166666666666 0.044270833333333336