0 0.4778645833333333 0.15963541666666667 0.07708333333333334 0.05416666666666667
0 0.6354166666666666 0.19947916666666668 0.084375 0.059895833333333336
0 0.6880208333333333 0.4609375 0.0671875 0.06822916666666666
0 0.7075520833333333 0.32265625 0.06979166666666667 0.0515625
0 0.4583333333333333 0.08489583333333334 0.06979166666666667 0.0734375
0 0.4791666666666667 0.6421875 0.06979166666666667 0.07291666666666667
0 0.70703125 0.3927083333333333 0.058854166666666666 0.059375
0 0.42239583333333336 0.540625 0.07552083333333333 0.0546875
0 0.7416666666666667 0.5354166666666667 0.08385416666666666 0.06822916666666666
0 0.6872395833333333 0.5833333333333334 0.075 0.08020833333333334
0 0.5567708333333333 0.63671875 0.0609375 0.07864583333333333
0 0.2986979166666667 0.4203125 0.0609375 0.08125
0 0.38671875 0.4484375 0.05416666666666667 0.06041666666666667
0 0.38333333333333336 0.10182291666666667 0.058333333333333334 0.096875
0 0.7596354166666667 0.21041666666666667 0.08229166666666667 0.06875
0 0.5640625 0.16536458333333334 0.06927083333333334 0.06354166666666666
0 0.5841145833333333 0.25703125 0.0578125 0.05416666666666667
0 0.34921875 0.5065104166666666 0.0609375 0.057291666666666664
0 0.6458333333333334 0.5135416666666667 0.05364583333333333 0.059375
0 0.21197916666666666 0.3111979166666667 0.07239583333333334 0.075
0 0.66875 0.1234375 0.084375 0.07552083333333333
0 0.78671875 0.44166666666666665 0.08177083333333333 0.06927083333333334
0 0.50078125 0.55234375 0.05572916666666667 0.06458333333333334
0 0.35 0.3875 0.05 0.07864583333333333
0 0.40520833333333334 0.17630208333333333 0.051041666666666666 0.06458333333333334
0 0.31744791666666666 0.13229166666666667 0.058333333333333334 0.10885416666666667
0 0.23958333333333334 0.525 0.06666666666666667 0.06458333333333334
0 0.6838541666666667 0.26197916666666665 0.0875 0.05364583333333333
0 0.6263020833333334 0.6315104166666666 0.0578125 0.084375
0 0.39921875 0.6286458333333333 0.090625 0.10052083333333334
0 0.37213541666666666 0.30625 0.0640625 0.0578125
0 0.5401041666666667 0.41822916666666665 0.050520833333333334 0.0546875
0 0.7138020833333333 0.15833333333333333 0.06302083333333333 0.06822916666666666
0 0.4869791666666667 0.42421875 0.04114583333333333 0.06145833333333333
0 0.5783854166666667 0.5408854166666667 0.06458333333333334 0.08697916666666666
0 0.5346354166666667 0.48541666666666666 0.041666666666666664 0.059895833333333336
0 0.53671875 0.23619791666666667 0.06458333333333334 0.046875
0 0.40651041666666665 0.25338541666666664 0.057291666666666664 0.0625
0 0.61796875 0.30104166666666665 0.05572916666666667 0.05
0 0.21666666666666667 0.45286458333333335 0.1078125 0.06979166666666667
0 0.575 0.38385416666666666 0.058854166666666666 0.043229166666666666
0 0.5856770833333333 0.46875 0.052083333333333336 0.0515625
0 0.6427083333333333 0.38385416666666666 0.06770833333333333 0.05520833333333333
0 0.28489583333333335 0.5651041666666666 0.06875 0.07760416666666667
0 0.6135416666666667 0.4309895833333333 0.0515625 0.04739583333333333
0 0.7234375 0.7026041666666667 0.041666666666666664 0.040625
0 0.1265625 0.8989583333333333 0.04114583333333333 0.04114583333333333
0 0.4856770833333333 0.29270833333333335 0.03802083333333333 0.0609375
0 0.8494791666666667 0.9213541666666667 0.041666666666666664 0.041666666666666664
0 0.76875 0.490625 0.07395833333333333 0.06614583333333333
0 0.67109375 0.7385416666666667 0.03854166666666667 0.041666666666666664
0 0.2994791666666667 0.3145833333333333 0.0546875 0.09166666666666666
0 0.34765625 0.7533854166666667 0.03802083333333333 0.03802083333333333
0 0.24140625 0.24270833333333333 0.07760416666666667 0.08645833333333333
0 0.1078125 0.8432291666666667 0.034895833333333334 0.043229166666666666
0 0.484375 0.48333333333333334 0.04635416666666667 0.049479166666666664
0 0.603125 0.10546875 0.06822916666666666 0.06302083333333333
0 0.5341145833333333 0.29661458333333335 0.0453125 0.06041666666666667
0 0.6971354166666667 0.8484375 0.040625 0.04895833333333333
0 0.22682291666666668 0.87734375 0.04375 0.034375
0 0.7640625 0.7557291666666667 0.03854166666666667 0.0375
0 0.6403645833333333 0.7953125 0.030729166666666665 0.046875
0 0.84140625 0.8184895833333333 0.030729166666666665 0.03802083333333333
0 0.6473958333333333 0.8635416666666667 0.03125 0.03802083333333333
0 0.7885416666666667 0.7057291666666666 0.04375 0.034895833333333334
0 0.1625 0.79296875 0.0265625 0.034375
0 0.7518229166666667 0.8838541666666667 0.04375 0.0375
0 0.8122395833333333 0.77109375 0.034895833333333334 0.035416666666666666
0 0.4388020833333333 0.3 0.051041666666666666 0.05520833333333333
0 0.3015625 0.7955729166666666 0.03177083333333333 0.027083333333333334
0 0.16901041666666666 0.7028645833333333 0.033854166666666664 0.027083333333333334
0 0.20677083333333332 0.7434895833333334 0.04635416666666667 0.026041666666666668
0 0.79375 0.38307291666666665 0.07916666666666666 0.05625
0 0.15989583333333332 0.8572916666666667 0.03333333333333333 0.034895833333333334
0 0.24401041666666667 0.9434895833333333 0.051041666666666666 0.03177083333333333
0 0.2765625 0.19348958333333333 0.07395833333333333 0.0734375
0 0.8854166666666666 0.7666666666666667 0.030208333333333334 0.044270833333333336
0 0.22916666666666666 0.6934895833333333 0.0390625 0.029166666666666667
0 0.8934895833333333 0.8247395833333333 0.027083333333333334 0.03697916666666667
0 0.7981770833333334 0.9419270833333333 0.03802083333333333 0.024479166666666666
0 0.7359375 0.94375 0.046875 0.030208333333333334
0 0.3171875 0.9158854166666667 0.0359375 0.03802083333333333
0 0.5416666666666666 0.08229166666666667 0.08854166666666667 0.08489583333333334
0 0.41458333333333336 0.33307291666666666 0.058333333333333334 0.04114583333333333
0 0.36302083333333335 0.8096354166666667 0.019791666666666666 0.041666666666666664
0 0.44296875 0.41458333333333336 0.0453125 0.05625
0 0.4796875 0.22864583333333333 0.07135416666666666 0.07239583333333334
0 0.7731770833333333 0.2708333333333333 0.05416666666666667 0.05677083333333333
0 0.21536458333333333 0.38307291666666665 0.0890625 0.0703125
0 0.3411458333333333 0.8770833333333333 0.035416666666666666 0.044270833333333336
0 0.5580729166666667 0.3328125 0.058333333333333334 0.04739583333333333
0 0.8830729166666667 0.8809895833333333 0.027604166666666666 0.0375
0 0.8114583333333333 0.8716145833333333 0.04583333333333333 0.04114583333333333
0 0.11692708333333333 0.7432291666666667 0.0328125 0.03802083333333333
0 0.10416666666666667 0.7895833333333333 0.025 0.03802083333333333
0 0.6388020833333333 0.33697916666666666 0.0515625 0.03697916666666667
0 0.2903645833333333 0.7067708333333333 0.0375 0.0328125
0 0.28958333333333336 0.85234375 0.041666666666666664 0.040625
0 0.18072916666666666 0.921875 0.044270833333333336 0.035416666666666666
0 0.27109375 0.7533854166666667 0.041666666666666664 0.034895833333333334
0 0.7916666666666666 0.32395833333333335 0.08854166666666667 0.06458333333333334
0 0.3346354166666667 0.61484375 0.07604166666666666 0.08125
0 0.4158854166666667 0.37942708333333336 0.06458333333333334 0.05260416666666667
0 0.8473958333333333 0.7221354166666667 0.03333333333333333 0.0390625