0 0.46848958333333335 0.8395833333333333 0.084375 0.065625
0 0.31927083333333334 0.7755208333333333 0.09270833333333334 0.07239583333333334
0 0.30807291666666664 0.5091145833333334 0.07708333333333334 0.078125
0 0.2671875 0.6427083333333333 0.07708333333333334 0.06197916666666667
0 0.47630208333333335 0.91640625 0.08020833333333334 0.08333333333333333
0 0.5427083333333333 0.36276041666666664 0.08020833333333334 0.0828125
0 0.2786458333333333 0.5736979166666667 0.0671875 0.06770833333333333
0 0.5830729166666667 0.47213541666666664 0.08333333333333333 0.065625
0 0.2669270833333333 0.42734375 0.09375 0.08072916666666667
0 0.328125 0.38828125 0.08645833333333333 0.09114583333333333
0 0.46536458333333336 0.35598958333333336 0.07239583333333334 0.08697916666666666
0 0.6864583333333333 0.61015625 0.07291666666666667 0.08958333333333333
0 0.60390625 0.56875 0.06302083333333333 0.06822916666666666
0 0.5528645833333333 0.9114583333333334 0.07291666666666667 0.1046875
0 0.19817708333333334 0.7453125 0.0921875 0.08072916666666667
0 0.384375 0.8205729166666667 0.078125 0.0734375
0 0.37890625 0.7268229166666667 0.065625 0.0625
0 0.65 0.5171875 0.06927083333333334 0.06614583333333333
0 0.3580729166666667 0.46380208333333334 0.0625 0.0671875
0 0.7549479166666667 0.7315104166666667 0.08333333333333333 0.08541666666666667
0 0.27447916666666666 0.8455729166666667 0.0953125 0.08802083333333334
0 0.2078125 0.5127604166666667 0.09166666666666666 0.08125
0 0.5072916666666667 0.44817708333333334 0.06510416666666667 0.07239583333333334
0 0.63046875 0.6346354166666667 0.06145833333333333 0.08541666666666667
0 0.54296875 0.8346354166666666 0.06041666666666667 0.071875
0 0.62265625 0.8916666666666667 0.07447916666666667 0.11666666666666667
0 0.7611979166666667 0.5161458333333333 0.07604166666666666 0.07395833333333333
0 0.28125 0.70625 0.09479166666666666 0.06666666666666667
0 0.3958333333333333 0.3502604166666667 0.0703125 0.0921875
0 0.6197916666666666 0.3888020833333333 0.10520833333333333 0.11354166666666667
0 0.59609375 0.7114583333333333 0.07239583333333334 0.0671875
0 0.44765625 0.5744791666666667 0.058333333333333334 0.06197916666666667
0 0.23541666666666666 0.80390625 0.07291666666666667 0.07708333333333334
0 0.5010416666666667 0.5768229166666666 0.05 0.0671875
0 0.42890625 0.4473958333333333 0.07760416666666667 0.09583333333333334
0 0.4635416666666667 0.5091145833333334 0.050520833333333334 0.065625
0 0.42239583333333336 0.7546875 0.07135416666666666 0.05625
0 0.5536458333333333 0.7583333333333333 0.06614583333333333 0.07083333333333333
0 0.35234375 0.678125 0.06302083333333333 0.058333333333333334
0 0.7723958333333333 0.5908854166666667 0.1171875 0.0859375
0 0.4078125 0.6028645833333334 0.06510416666666667 0.052083333333333336
0 0.41041666666666665 0.5174479166666667 0.059375 0.058854166666666666
0 0.34088541666666666 0.5924479166666666 0.07552083333333333 0.06510416666666667
0 0.72265625 0.46927083333333336 0.08020833333333334 0.0875
0 0.3770833333333333 0.5505208333333333 0.058333333333333334 0.0546875
0 0.3109375 0.26484375 0.04739583333333333 0.046875
0 0.93125 0.16432291666666668 0.046875 0.046875
0 0.4817708333333333 0.70703125 0.046875 0.06614583333333333
0 0.22083333333333333 0.029166666666666667 0.04791666666666667 0.04791666666666667
0 0.23307291666666666 0.4671875 0.08333333333333333 0.07708333333333334
0 0.36822916666666666 0.23776041666666667 0.04479166666666667 0.04739583333333333
0 0.6690104166666667 0.7145833333333333 0.06822916666666666 0.09895833333333333
0 0.6901041666666666 0.2734375 0.04375 0.04375
0 0.7151041666666667 0.79453125 0.09010416666666667 0.09739583333333333
0 0.9411458333333333 0.22239583333333332 0.04114583333333333 0.04791666666666667
0 0.5127604166666667 0.5190104166666667 0.05364583333333333 0.05625
0 0.33645833333333336 0.8734375 0.07708333333333334 0.07291666666666667
0 0.434375 0.6955729166666667 0.05416666666666667 0.06666666666666667
0 0.35989583333333336 0.125 0.04791666666666667 0.0546875
0 0.82890625 0.17005208333333333 0.0484375 0.040625
0 0.2791666666666667 0.20598958333333334 0.04375 0.043229166666666666
0 0.4075520833333333 0.18645833333333334 0.0375 0.051041666666666666
0 0.2125 0.13203125 0.036458333333333336 0.0421875
0 0.41119791666666666 0.11796875 0.03697916666666667 0.0421875
0 0.24713541666666666 0.2515625 0.0484375 0.04114583333333333
0 0.8791666666666667 0.2635416666666667 0.03177083333333333 0.03802083333333333
0 0.3111979166666667 0.08151041666666667 0.04895833333333333 0.04375
0 0.23411458333333332 0.18333333333333332 0.04010416666666667 0.040625
0 0.5291666666666667 0.70703125 0.058854166666666666 0.0625
0 0.7421875 0.2390625 0.035416666666666666 0.03177083333333333
0 0.85859375 0.35130208333333335 0.0375 0.03229166666666667
0 0.8276041666666667 0.30546875 0.05 0.0328125
0 0.19166666666666668 0.56953125 0.08697916666666666 0.06770833333333333
0 0.8919270833333334 0.20026041666666666 0.03854166666666667 0.03958333333333333
0 0.8221354166666667 0.10208333333333333 0.05520833333333333 0.03958333333333333
0 0.67265625 0.8377604166666667 0.084375 0.08385416666666666
0 0.1609375 0.17630208333333333 0.03697916666666667 0.0484375
0 0.79765625 0.35130208333333335 0.043229166666666666 0.034895833333333334
0 0.16223958333333333 0.11770833333333333 0.03229166666666667 0.040625
0 0.2747395833333333 0.016927083333333332 0.04114583333333333 0.030208333333333334
0 0.33645833333333336 0.024739583333333332 0.051041666666666666 0.03697916666666667
0 0.7455729166666667 0.11770833333333333 0.041666666666666664 0.043229166666666666
0 0.39348958333333334 0.9059895833333333 0.10052083333333334 0.09791666666666667
0 0.5583333333333333 0.678125 0.0640625 0.05
0 0.6838541666666667 0.215625 0.026041666666666668 0.044270833333333336
0 0.54296875 0.5932291666666667 0.05364583333333333 0.0625
0 0.47760416666666666 0.77109375 0.08177083333333333 0.0828125
0 0.19427083333333334 0.68359375 0.0625 0.06458333333333334
0 0.7627604166666667 0.6598958333333333 0.09895833333333333 0.08333333333333333
0 0.7158854166666667 0.15234375 0.041666666666666664 0.049479166666666664
0 0.41640625 0.6559895833333333 0.06510416666666667 0.05572916666666667
0 0.18125 0.06380208333333333 0.03333333333333333 0.04114583333333333
0 0.25052083333333336 0.08411458333333334 0.0515625 0.04791666666666667
0 0.91640625 0.31979166666666664 0.03854166666666667 0.042708333333333334
0 0.9361979166666666 0.27578125 0.030729166666666665 0.041666666666666664
0 0.3375 0.6393229166666666 0.05677083333333333 0.04479166666666667
0 0.7393229166666667 0.32864583333333336 0.0421875 0.03802083333333333
0 0.7630208333333334 0.18489583333333334 0.04739583333333333 0.046875
0 0.88125 0.13333333333333333 0.049479166666666664 0.041666666666666664
0 0.765625 0.28541666666666665 0.04635416666666667 0.04114583333333333
0 0.184375 0.628125 0.09739583333333333 0.07760416666666667
0 0.68125 0.4125 0.08802083333333334 0.0921875
0 0.5643229166666667 0.6322916666666667 0.071875 0.06197916666666667
0 0.19166666666666668 0.22630208333333332 0.0390625 0.04375