0 0.6326666666666667 0.8548123980424144 0.12933333333333333 0.12398042414355628
0 0.44666666666666666 0.8442088091353996 0.10933333333333334 0.16802610114192496
0 0.306 0.7969004893964111 0.11333333333333333 0.15823817292006526
0 0.7886666666666666 0.7536704730831973 0.124 0.1272430668841762
0 0.18866666666666668 0.7055464926590538 0.11866666666666667 0.16802610114192496
0 0.402 0.6476345840130505 0.124 0.14355628058727568
0 0.624 0.6508972267536705 0.12266666666666666 0.1533442088091354
0 0.8653333333333333 0.5595432300163132 0.13866666666666666 0.1272430668841762
0 0.11333333333333333 0.5236541598694943 0.12533333333333332 0.13376835236541598
0 0.2846666666666667 0.48858075040783033 0.116 0.12561174551386622
0 0.708 0.4893964110929853 0.10666666666666667 0.1468189233278956
0 0.8733333333333333 0.38743882544861336 0.112 0.13539967373572595
0 0.16533333333333333 0.3523654159869494 0.12266666666666666 0.13376835236541598
0 0.7033333333333334 0.32300163132137033 0.10266666666666667 0.13376835236541598
0 0.37066666666666664 0.3107667210440457 0.11733333333333333 0.12887438825448613
0 0.532 0.2797716150081566 0.12 0.12887438825448613
0 0.818 0.22104404567699837 0.12133333333333333 0.11908646003262642
0 0.228 0.20717781402936378 0.12 0.1370309951060359
0 0.378 0.14355628058727568 0.10533333333333333 0.11745513866231648
0 0.6773333333333333 0.11582381729200653 0.12 0.11745513866231648
0 0.532 0.11419249592169657 0.10933333333333334 0.14355628058727568