0 0.8086666666666666 0.40212071778140296 0.12266666666666666 0.17781402936378465
0 0.768 0.6239804241435563 0.15466666666666667 0.16150081566068517
0 0.7053333333333334 0.7854812398042414 0.14666666666666667 0.16476345840130505
0 0.754 0.1965742251223491 0.124 0.17128874388254486
0 0.6113333333333333 0.9110929853181077 0.156 0.1729200652528548
0 0.602 0.6435562805872757 0.13733333333333334 0.17455138662316477
0 0.6426666666666667 0.3768352365415987 0.14533333333333334 0.17455138662316477
0 0.6086666666666667 0.08564437194127243 0.12133333333333333 0.1566068515497553
0 0.45466666666666666 0.9412724306688418 0.12266666666666666 0.11745513866231648
0 0.4533333333333333 0.7577487765089723 0.12133333333333333 0.16150081566068517
0 0.5273333333333333 0.24714518760195758 0.13733333333333334 0.1533442088091354
0 0.472 0.053833605220228384 0.12533333333333332 0.10766721044045677
0 0.3233333333333333 0.8776508972267537 0.12933333333333333 0.17128874388254486
0 0.39266666666666666 0.22430668841761828 0.12533333333333332 0.1468189233278956
0 0.3253333333333333 0.6231647634584013 0.124 0.1631321370309951
0 0.328 0.4233278955954323 0.124 0.16639477977161501
0 0.33066666666666666 0.07585644371941272 0.11733333333333333 0.15171288743882544
0 0.21733333333333332 0.7765089722675367 0.13066666666666665 0.16802610114192496
0 0.192 0.5848287112561175 0.11333333333333333 0.1468189233278956
0 0.22133333333333333 0.21941272430668843 0.116 0.16476345840130505
0 0.19533333333333333 0.39477977161500816 0.13466666666666666 0.1566068515497553