0 0.2175 0.4072164948453608 0.0725 0.06466729147141519
0 0.368125 0.6855670103092784 0.13 0.056232427366447985
0 0.285625 0.8542642924086223 0.0725 0.04779756326148079
0 0.499375 0.5051546391752577 0.065 0.028116213683223992
0 0.70125 0.5262417994376757 0.06625 0.030927835051546393
0 0.39625 0.85941893158388 0.04375 0.03467666354264293
0 0.424375 0.19540768509840675 0.0775 0.03280224929709466
0 0.4325 0.4901593252108716 0.0575 0.029053420805998126
0 0.56125 0.31162136832239923 0.04375 0.04029990627928772
0 0.535 0.18603561387066542 0.05 0.031865042174320526
0 0.473125 0.3641049671977507 0.06625 0.028116213683223992
0 0.699375 0.1682286785379569 0.04375 0.03467666354264293
0 0.726875 0.8589503280224929 0.04875 0.02717900656044986
0 0.199375 0.46438612933458295 0.06 0.030927835051546393
0 0.513125 0.5923149015932521 0.0825 0.031865042174320526
0 0.563125 0.6916588566073102 0.05 0.05435801312089972
0 0.539375 0.5754451733833177 0.0725 0.030927835051546393
0 0.564375 0.6494845360824743 0.105 0.1274601686972821
0 0.26375 0.5721649484536082 0.015 0.01218369259606373
0 0.253125 0.5613870665417057 0.015 0.011246485473289597
0 0.245625 0.3641049671977507 0.02875 0.02155576382380506
0 0.48375 0.8144329896907216 0.04 0.029053420805998126
0 0.596875 0.7474226804123711 0.01875 0.014058106841611996
0 0.31875 0.8706654170571696 0.04875 0.014058106841611996
0 0.545 0.542642924086223 0.0375 0.03280224929709466
0 0.364375 0.42549203373945643 0.06625 0.01499531396438613
0 0.601875 0.563261480787254 0.0125 0.011246485473289597
0 0.539375 0.42549203373945643 0.01375 0.011246485473289597
0 0.610625 0.3851921274601687 0.0125 0.011246485473289597
0 0.30875 0.17994376757263356 0.035 0.028116213683223992
0 0.695625 0.22727272727272727 0.0325 0.026241799437675725
0 0.5075 0.19868791002811623 0.045 0.022492970946579195
0 0.67125 0.23336457357075913 0.03 0.02999062792877226
0 0.701875 0.3013120899718838 0.02375 0.013120899718837863
0 0.769375 0.7914714151827554 0.01625 0.014058106841611996
0 0.949375 0.8359887535145267 0.01875 0.01218369259606373
0 0.910625 0.415651358950328 0.01625 0.010309278350515464
0 0.855625 0.23711340206185566 0.02 0.01780693533270853
0 0.84875 0.33692596063730085 0.01875 0.016869728209934397
0 0.73875 0.1635426429240862 0.0325 0.02717900656044986
0 0.86 0.25023430178069356 0.025 0.01780693533270853
0 0.221875 0.24273664479850046 0.03625 0.02999062792877226
0 0.73 0.380506091846298 0.0125 0.007497656982193065
0 0.7275 0.3767572633552015 0.01375 0.005623242736644799
0 0.69625 0.3641049671977507 0.07 0.013120899718837863
0 0.6475 0.3851921274601687 0.06125 0.007497656982193065
0 0.673125 0.37300843486410495 0.14125 0.02155576382380506
0 0.56375 0.5820056232427366 0.0175 0.01218369259606373
0 0.54 0.5974695407685099 0.02 0.01218369259606373
0 0.23 0.4845360824742268 0.01875 0.00937207122774133