0 0.21375 0.4147141518275539 0.075 0.06654170571696345
0 0.376875 0.6888472352389878 0.1325 0.059044048734770385
0 0.3025 0.8598875351452671 0.075 0.04967197750702906
0 0.5 0.5051546391752577 0.06625 0.02999062792877226
0 0.7025 0.521087160262418 0.0675 0.03280224929709466
0 0.413125 0.8617619493908154 0.045 0.03561387066541706
0 0.41 0.19775070290534208 0.07875 0.03467666354264293
0 0.431875 0.49203373945641987 0.05875 0.02999062792877226
0 0.5525 0.31021555763823805 0.045 0.041237113402061855
0 0.520625 0.1850984067478913 0.05125 0.03280224929709466
0 0.466875 0.36457357075913777 0.0675 0.02999062792877226
0 0.68375 0.1635426429240862 0.045 0.03561387066541706
0 0.74375 0.8528584817244611 0.05 0.028116213683223992
0 0.1975 0.4723523898781631 0.06125 0.031865042174320526
0 0.5175 0.5918462980318651 0.08375 0.033739456419868794
0 0.571875 0.6902530459231491 0.0525 0.05529522024367385
0 0.5425 0.5745079662605436 0.07375 0.03280224929709466
0 0.57125 0.647610121836926 0.11125 0.1302717900656045
0 0.266875 0.5782567947516402 0.01625 0.013120899718837863
0 0.25625 0.5679475164011246 0.01625 0.01218369259606373
0 0.239375 0.37066541705716965 0.03 0.022492970946579195
0 0.498125 0.8144329896907216 0.04125 0.02999062792877226
0 0.60875 0.7450796626054358 0.02 0.01499531396438613
0 0.33625 0.8753514526710403 0.05 0.01499531396438613
0 0.546875 0.5412371134020618 0.03875 0.03280224929709466
0 0.36125 0.4287722586691659 0.0675 0.016869728209934397
0 0.605 0.5604498594189316 0.01375 0.01218369259606373
0 0.53625 0.4245548266166823 0.015 0.01218369259606373
0 0.605 0.3823805060918463 0.01375 0.01218369259606373
0 0.29375 0.1850984067478913 0.03625 0.029053420805998126
0 0.6825 0.2225866916588566 0.03375 0.02717900656044986
0 0.493125 0.19868791002811623 0.04625 0.023430178069353328
0 0.65875 0.22914714151827553 0.03125 0.030927835051546393
0 0.6925 0.29615745079662603 0.025 0.014058106841611996
0 0.7825 0.7839737582005624 0.0175 0.01499531396438613
0 0.964375 0.823805060918463 0.02 0.013120899718837863
0 0.90625 0.40487347703842547 0.0175 0.011246485473289597
0 0.843125 0.22774133083411435 0.02125 0.01874414245548266
0 0.84125 0.3280224929709466 0.02 0.01780693533270853
0 0.7225 0.15745079662605435 0.0325 0.028116213683223992
0 0.848125 0.2408622305529522 0.02625 0.01874414245548266
0 0.21 0.25023430178069356 0.0375 0.030927835051546393
0 0.72375 0.3744142455482662 0.0125 0.008434864104967198
0 0.721875 0.37066541705716965 0.01375 0.006560449859418931
0 0.69 0.35941893158388005 0.07125 0.01499531396438613
0 0.641875 0.38144329896907214 0.06125 0.00937207122774133
0 0.6675 0.36879100281162136 0.1425 0.02530459231490159
0 0.5675 0.5805998125585754 0.01875 0.013120899718837863
0 0.544375 0.5965323336457357 0.02125 0.013120899718837863
0 0.229375 0.4915651358950328 0.02 0.010309278350515464