0 0.17133333333333334 0.6051094890510949 0.112 0.1386861313868613
0 0.13933333333333334 0.2832116788321168 0.11466666666666667 0.14306569343065692
0 0.24666666666666667 0.8014598540145985 0.124 0.14306569343065692
0 0.234 0.4576642335766423 0.10666666666666667 0.13722627737226278
0 0.298 0.6299270072992701 0.12 0.1416058394160584
0 0.266 0.14744525547445256 0.13066666666666665 0.14306569343065692
0 0.30533333333333335 0.31605839416058396 0.108 0.14452554744525548
0 0.422 0.9408759124087591 0.09466666666666666 0.11824817518248175
0 0.39466666666666667 0.7854014598540145 0.108 0.12846715328467154
0 0.37733333333333335 0.48759124087591244 0.11733333333333333 0.13284671532846715
0 0.42733333333333334 0.6459854014598541 0.10533333333333333 0.1416058394160584
0 0.4186666666666667 0.19124087591240876 0.09333333333333334 0.12116788321167883
0 0.442 0.3343065693430657 0.12533333333333332 0.12846715328467154
0 0.5326666666666666 0.8583941605839416 0.10266666666666667 0.12846715328467154
0 0.544 0.6956204379562044 0.092 0.10218978102189781
0 0.454 0.06496350364963503 0.10266666666666667 0.12992700729927006
0 0.5506666666666666 0.1948905109489051 0.09733333333333333 0.11386861313868613
0 0.5726666666666667 0.327007299270073 0.096 0.09927007299270073
0 0.6666666666666666 0.7474452554744525 0.09733333333333333 0.11532846715328467
0 0.68 0.878102189781022 0.116 0.10510948905109489
0 0.6506666666666666 0.6124087591240875 0.10666666666666667 0.13576642335766423
0 0.648 0.4686131386861314 0.10266666666666667 0.13284671532846715
0 0.5906666666666667 0.06569343065693431 0.104 0.13138686131386862
0 0.674 0.2875912408759124 0.10266666666666667 0.12262773722627737
0 0.7573333333333333 0.4211678832116788 0.088 0.11970802919708029
0 0.774 0.5751824817518248 0.1 0.11824817518248175
0 0.7173333333333334 0.1416058394160584 0.10533333333333333 0.12846715328467154
0 0.798 0.7423357664233576 0.12 0.12408759124087591
0 0.8206666666666667 0.3007299270072993 0.116 0.12116788321167883
0 0.8766666666666667 0.5072992700729927 0.08933333333333333 0.12262773722627737