0 0.5433333333333333 0.8715328467153285 0.11333333333333333 0.10510948905109489
0 0.248 0.8562043795620438 0.11733333333333333 0.10656934306569343
0 0.732 0.8211678832116789 0.11466666666666667 0.11824817518248175
0 0.42 0.781021897810219 0.112 0.09927007299270073
0 0.5853333333333334 0.7386861313868613 0.11466666666666667 0.11386861313868613
0 0.14533333333333334 0.6978102189781021 0.11466666666666667 0.12554744525547445
0 0.30333333333333334 0.6817518248175183 0.11866666666666667 0.09927007299270073
0 0.8886666666666667 0.654014598540146 0.10266666666666667 0.08759124087591241
0 0.7413333333333333 0.6583941605839416 0.104 0.10218978102189781
0 0.4693333333333333 0.6306569343065693 0.10666666666666667 0.11094890510948906
0 0.62 0.6014598540145986 0.11733333333333333 0.09635036496350365
0 0.20866666666666667 0.5394160583941606 0.1 0.08613138686131387
0 0.3413333333333333 0.5364963503649635 0.10133333333333333 0.12116788321167883
0 0.8286666666666667 0.5204379562043796 0.10533333333333333 0.0948905109489051
0 0.6833333333333333 0.4832116788321168 0.08133333333333333 0.08759124087591241
0 0.098 0.481021897810219 0.11333333333333333 0.0948905109489051
0 0.23266666666666666 0.3978102189781022 0.092 0.09197080291970802
0 0.35533333333333333 0.39416058394160586 0.07866666666666666 0.09343065693430656
0 0.7493333333333333 0.3583941605839416 0.09333333333333334 0.09197080291970802
0 0.8693333333333333 0.36423357664233574 0.08 0.11532846715328467
0 0.6246666666666667 0.35474452554744523 0.11066666666666666 0.09927007299270073
0 0.49466666666666664 0.335036496350365 0.10933333333333334 0.0948905109489051
0 0.122 0.33284671532846716 0.11066666666666666 0.09635036496350365
0 0.3353333333333333 0.27883211678832115 0.1 0.09635036496350365
0 0.4693333333333333 0.20948905109489052 0.09866666666666667 0.08029197080291971
0 0.6106666666666667 0.21532846715328466 0.096 0.0948905109489051
0 0.21066666666666667 0.20875912408759123 0.104 0.09927007299270073
0 0.7653333333333333 0.21532846715328466 0.09866666666666667 0.11532846715328467
0 0.37066666666666664 0.12189781021897811 0.096 0.11240875912408758
0 0.5653333333333334 0.09343065693430656 0.10133333333333333 0.08175182481751825