0 0.6436126932465419 0.85625 0.177379983726607 0.146875
0 0.40520748576078114 0.84453125 0.1887713588283157 0.153125
0 0.41049633848657446 0.6625 0.16354759967453214 0.1390625
0 0.6395443449959316 0.66015625 0.1594792514239219 0.1578125
0 0.8327908868999186 0.641796875 0.13913751017087062 0.13359375
0 0.17453213995117983 0.649609375 0.17005695687550854 0.16484375
0 0.35842148087876324 0.4921875 0.13588283157038242 0.1484375
0 0.8104149715215623 0.47109375 0.1855166802278275 0.134375
0 0.18673718470301057 0.455078125 0.15866558177379983 0.11484375
0 0.612286411716843 0.3375 0.14401952807160293 0.134375
0 0.3938161106590724 0.323828125 0.1724979658258747 0.13671875
0 0.1826688364524003 0.26875 0.17005695687550854 0.1515625
0 0.8303498779495525 0.27109375 0.17982099267697316 0.1765625
0 0.6057770545158666 0.14609375 0.13100081366965013 0.11875
0 0.4092758340113914 0.13046875 0.1383238405207486 0.1546875