0 0.604 0.8926426426426426 0.09066666666666667 0.12162162162162163
0 0.43266666666666664 0.8866366366366366 0.09733333333333333 0.12312312312312312
0 0.27266666666666667 0.795045045045045 0.10266666666666667 0.10810810810810811
0 0.8353333333333334 0.762012012012012 0.08266666666666667 0.11261261261261261
0 0.5 0.7627627627627628 0.08666666666666667 0.1066066066066066
0 0.6746666666666666 0.7582582582582582 0.09466666666666666 0.1111111111111111
0 0.3526666666666667 0.710960960960961 0.10533333333333333 0.10510510510510511
0 0.162 0.6681681681681682 0.112 0.11711711711711711
0 0.7566666666666667 0.6208708708708709 0.10266666666666667 0.1066066066066066
0 0.47533333333333333 0.6253753753753754 0.09733333333333333 0.1066066066066066
0 0.6273333333333333 0.6073573573573574 0.1 0.1066066066066066
0 0.874 0.5930930930930931 0.09866666666666667 0.1036036036036036
0 0.24133333333333334 0.575075075075075 0.10266666666666667 0.1021021021021021
0 0.362 0.5457957957957958 0.092 0.10510510510510511
0 0.8086666666666666 0.46621621621621623 0.09466666666666666 0.09309309309309309
0 0.6886666666666666 0.4722222222222222 0.09733333333333333 0.1066066066066066
0 0.134 0.46396396396396394 0.108 0.1066066066066066
0 0.24933333333333332 0.4294294294294294 0.108 0.11411411411411411
0 0.37533333333333335 0.40015015015015015 0.104 0.11861861861861862
0 0.8946666666666667 0.36711711711711714 0.088 0.10510510510510511
0 0.6013333333333334 0.35285285285285284 0.088 0.1021021021021021
0 0.48733333333333334 0.34459459459459457 0.08533333333333333 0.08708708708708708
0 0.7513333333333333 0.30705705705705705 0.10133333333333333 0.1036036036036036
0 0.306 0.30105105105105107 0.08933333333333333 0.1006006006006006
0 0.19733333333333333 0.2484984984984985 0.10533333333333333 0.11411411411411411
0 0.4493333333333333 0.22372372372372373 0.07866666666666666 0.1021021021021021
0 0.6126666666666667 0.21921921921921922 0.09466666666666666 0.10810810810810811
0 0.7526666666666667 0.17642642642642642 0.092 0.10960960960960961
0 0.3586666666666667 0.1448948948948949 0.09733333333333333 0.10510510510510511
0 0.5853333333333334 0.10510510510510511 0.09333333333333334 0.0945945945945946