0 0.8473333333333334 0.5574712643678161 0.09866666666666667 0.1221264367816092
0 0.844 0.3764367816091954 0.116 0.13936781609195403
0 0.798 0.6961206896551724 0.11333333333333333 0.1221264367816092
0 0.7886666666666666 0.2449712643678161 0.10266666666666667 0.09626436781609195
0 0.7086666666666667 0.8074712643678161 0.11333333333333333 0.125
0 0.7046666666666667 0.4985632183908046 0.12666666666666668 0.13649425287356323
0 0.6966666666666667 0.15660919540229884 0.10133333333333333 0.1307471264367816
0 0.6813333333333333 0.34770114942528735 0.11466666666666667 0.14367816091954022
0 0.662 0.6386494252873564 0.116 0.13218390804597702
0 0.586 0.5186781609195402 0.09466666666666666 0.13505747126436782
0 0.574 0.8951149425287356 0.12533333333333332 0.1235632183908046
0 0.562 0.7507183908045977 0.12533333333333332 0.14224137931034483
0 0.5666666666666667 0.2413793103448276 0.11866666666666667 0.11350574712643678
0 0.5666666666666667 0.10344827586206896 0.12 0.10344827586206896
0 0.548 0.3642241379310345 0.128 0.13218390804597702
0 0.5053333333333333 0.6501436781609196 0.116 0.10632183908045977
0 0.43 0.7564655172413793 0.13066666666666665 0.11925287356321838
0 0.41533333333333333 0.38936781609195403 0.10533333333333333 0.1278735632183908
0 0.4246666666666667 0.1221264367816092 0.112 0.1278735632183908
0 0.4206666666666667 0.26221264367816094 0.11733333333333333 0.11206896551724138
0 0.40066666666666667 0.8915229885057471 0.15333333333333332 0.13793103448275862
0 0.38333333333333336 0.5531609195402298 0.12266666666666666 0.13936781609195403
0 0.31866666666666665 0.6846264367816092 0.12 0.1278735632183908
0 0.29933333333333334 0.36853448275862066 0.10666666666666667 0.11925287356321838
0 0.2966666666666667 0.1903735632183908 0.12266666666666666 0.14080459770114942
0 0.2613333333333333 0.7966954022988506 0.11733333333333333 0.11063218390804598
0 0.26466666666666666 0.5158045977011494 0.112 0.14080459770114942
0 0.18133333333333335 0.6199712643678161 0.10666666666666667 0.13505747126436782
0 0.18933333333333333 0.3110632183908046 0.112 0.14080459770114942
0 0.14666666666666667 0.46839080459770116 0.10533333333333333 0.13218390804597702