0 0.4646666666666667 0.8764367816091954 0.108 0.10057471264367816
0 0.6326666666666667 0.8635057471264368 0.124 0.11781609195402298
0 0.334 0.8311781609195402 0.108 0.11637931034482758
0 0.7513333333333333 0.7974137931034483 0.084 0.10632183908045977
0 0.226 0.7406609195402298 0.11066666666666666 0.11637931034482758
0 0.512 0.7198275862068966 0.12 0.12931034482758622
0 0.8286666666666667 0.6939655172413793 0.116 0.10344827586206896
0 0.6506666666666666 0.6875 0.128 0.11637931034482758
0 0.38 0.6817528735632183 0.11733333333333333 0.11925287356321838
0 0.48733333333333334 0.5933908045977011 0.12133333333333333 0.09482758620689655
0 0.138 0.6005747126436781 0.108 0.12931034482758622
0 0.27066666666666667 0.5797413793103449 0.12533333333333332 0.1278735632183908
0 0.7433333333333333 0.5581896551724138 0.1 0.1221264367816092
0 0.8706666666666667 0.5510057471264368 0.09066666666666667 0.125
0 0.6286666666666667 0.5445402298850575 0.116 0.13218390804597702
0 0.36133333333333334 0.5136494252873564 0.09333333333333334 0.11925287356321838
0 0.25866666666666666 0.4382183908045977 0.104 0.13505747126436782
0 0.598 0.40301724137931033 0.11333333333333333 0.10775862068965517
0 0.846 0.3994252873563218 0.11333333333333333 0.11494252873563218
0 0.716 0.40229885057471265 0.09866666666666667 0.1206896551724138
0 0.132 0.41379310344827586 0.12 0.15804597701149425
0 0.44466666666666665 0.3771551724137931 0.124 0.125
0 0.31933333333333336 0.3146551724137931 0.11333333333333333 0.1235632183908046
0 0.6113333333333333 0.27729885057471265 0.10533333333333333 0.10919540229885058
0 0.776 0.2650862068965517 0.12533333333333332 0.125
0 0.21266666666666667 0.25862068965517243 0.09733333333333333 0.1206896551724138
0 0.47333333333333333 0.2478448275862069 0.12533333333333332 0.11350574712643678
0 0.372 0.16307471264367815 0.12 0.10775862068965517
0 0.6586666666666666 0.15589080459770116 0.12533333333333332 0.11350574712643678
0 0.5106666666666667 0.11781609195402298 0.11733333333333333 0.10632183908045977