0 0.506 0.874468085106383 0.10266666666666667 0.10638297872340426
0 0.7026666666666667 0.8368794326241135 0.10666666666666667 0.09078014184397164
0 0.28933333333333333 0.8312056737588652 0.104 0.09645390070921986
0 0.49933333333333335 0.7375886524822695 0.10533333333333333 0.09078014184397164
0 0.8433333333333334 0.7021276595744681 0.09733333333333333 0.10212765957446808
0 0.314 0.6964539007092199 0.12666666666666668 0.10212765957446808
0 0.6766666666666666 0.6645390070921986 0.09733333333333333 0.11205673758865248
0 0.436 0.6184397163120567 0.112 0.09645390070921986
0 0.13066666666666665 0.6276595744680851 0.10933333333333334 0.12056737588652482
0 0.562 0.6092198581560284 0.09466666666666666 0.10070921985815603
0 0.24666666666666667 0.5680851063829787 0.10666666666666667 0.0950354609929078
0 0.6513333333333333 0.5170212765957447 0.08933333333333333 0.12340425531914893
0 0.3426666666666667 0.4929078014184397 0.09333333333333334 0.09787234042553192
0 0.7473333333333333 0.48439716312056735 0.08933333333333333 0.10354609929078014
0 0.878 0.4574468085106383 0.10533333333333333 0.10921985815602837
0 0.264 0.41134751773049644 0.104 0.11914893617021277
0 0.432 0.38581560283687943 0.104 0.1049645390070922
0 0.552 0.3801418439716312 0.104 0.10780141843971631
0 0.11866666666666667 0.3680851063829787 0.08533333333333333 0.10921985815602837
0 0.6773333333333333 0.34184397163120567 0.11466666666666667 0.10212765957446808
0 0.35533333333333333 0.2865248226950355 0.13466666666666666 0.10780141843971631
0 0.534 0.24893617021276596 0.09733333333333333 0.09787234042553192
0 0.24733333333333332 0.21418439716312057 0.1 0.10212765957446808
0 0.7306666666666667 0.20425531914893616 0.12 0.13049645390070921
0 0.4866666666666667 0.13191489361702127 0.088 0.09361702127659574