0 0.14866666666666667 0.526241134751773 0.10533333333333333 0.1148936170212766
0 0.19466666666666665 0.7326241134751773 0.09066666666666667 0.11773049645390071
0 0.178 0.2936170212765957 0.096 0.1148936170212766
0 0.27666666666666667 0.5120567375886524 0.09066666666666667 0.11631205673758865
0 0.328 0.875177304964539 0.10133333333333333 0.10921985815602837
0 0.306 0.3127659574468085 0.10266666666666667 0.14042553191489363
0 0.3546666666666667 0.6964539007092199 0.11066666666666666 0.10921985815602837
0 0.38533333333333336 0.43829787234042555 0.096 0.12340425531914893
0 0.3606666666666667 0.11418439716312057 0.11866666666666667 0.12198581560283688
0 0.40066666666666667 0.5716312056737589 0.1 0.10638297872340426
0 0.4226666666666667 0.2347517730496454 0.09466666666666666 0.11773049645390071
0 0.492 0.6617021276595745 0.12 0.10070921985815603
0 0.49866666666666665 0.3326241134751773 0.09733333333333333 0.1049645390070922
0 0.5273333333333333 0.7617021276595745 0.10133333333333333 0.10070921985815603
0 0.56 0.8992907801418439 0.108 0.11773049645390071
0 0.5706666666666667 0.24468085106382978 0.11733333333333333 0.11631205673758865
0 0.6033333333333334 0.4219858156028369 0.104 0.11631205673758865
0 0.6153333333333333 0.548936170212766 0.10666666666666667 0.11631205673758865
0 0.604 0.08794326241134752 0.10666666666666667 0.09645390070921986
0 0.658 0.6801418439716312 0.10133333333333333 0.1276595744680851
0 0.6926666666666667 0.3354609929078014 0.108 0.14893617021276595
0 0.7373333333333333 0.5226950354609929 0.09733333333333333 0.10921985815602837
0 0.7553333333333333 0.21631205673758866 0.10133333333333333 0.11205673758865248
0 0.79 0.7297872340425532 0.12933333333333333 0.1347517730496454
0 0.8446666666666667 0.4666666666666667 0.092 0.09787234042553192