0 0.455 0.33973758200562326 0.1075 0.06466729147141519
0 0.420625 0.5117150890346767 0.09 0.05810684161199625
0 0.2325 0.45313964386129335 0.08 0.07497656982193064
0 0.540625 0.6387066541705717 0.09625 0.06560449859418932
0 0.2825 0.5445173383317713 0.0725 0.053420805998125584
0 0.126875 0.408622305529522 0.11125 0.07591377694470477
0 0.6125 0.4475164011246485 0.06375 0.046860356138706656
0 0.929375 0.3247422680412371 0.0575 0.038425492033739454
0 0.669375 0.44283036551077787 0.06125 0.044048734770384255
0 0.15625 0.7080599812558576 0.0725 0.061855670103092786
0 0.914375 0.5609184629803187 0.0625 0.03936269915651359
0 0.949375 0.5346766635426429 0.065 0.03936269915651359
0 0.955 0.6138706654170571 0.05375 0.03467666354264293
0 0.174375 0.6087160262417994 0.0575 0.04029990627928772
0 0.221875 0.7282099343955014 0.08875 0.05529522024367385
0 0.31375 0.48125585754451733 0.09875 0.07778819119025304
0 0.683125 0.6190253045923149 0.12 0.05716963448922212
0 0.454375 0.5805998125585754 0.05125 0.031865042174320526
0 0.6925 0.3477038425492034 0.135 0.05435801312089972
0 0.37 0.5627928772258669 0.05625 0.038425492033739454
0 0.554375 0.6162136832239925 0.0675 0.04967197750702906
0 0.86125 0.4090909090909091 0.07375 0.02717900656044986
0 0.604375 0.5445173383317713 0.10125 0.04311152764761012
0 0.06 0.6354264292408622 0.08125 0.044048734770384255
0 0.19125 0.3336457357075914 0.045 0.02999062792877226
0 0.214375 0.3402061855670103 0.015 0.011246485473289597
0 0.703125 0.253514526710403 0.04125 0.02999062792877226
0 0.78375 0.2830365510777882 0.04125 0.03280224929709466
0 0.13625 0.5618556701030928 0.0325 0.023430178069353328
0 0.04375 0.53514526710403 0.0375 0.02155576382380506
0 0.1075 0.676194939081537 0.04125 0.02155576382380506
0 0.30875 0.6007497656982193 0.045 0.031865042174320526
0 0.1 0.7146204311152765 0.04125 0.019681349578256794
0 0.196875 0.7019681349578257 0.01625 0.011246485473289597
0 0.010625 0.5660731021555764 0.01125 0.022492970946579195
0 0.9625 0.45735707591377694 0.03625 0.029053420805998126
0 0.8 0.4568884723523899 0.03625 0.030927835051546393
0 0.791875 0.3467666354264292 0.04625 0.02436738519212746
0 0.93125 0.4395501405810684 0.0325 0.016869728209934397
0 0.17125 0.7980318650421743 0.03875 0.030927835051546393
0 0.10875 0.8509840674789129 0.0375 0.03280224929709466
0 0.139375 0.8420805998125586 0.03875 0.033739456419868794
0 0.283125 0.7272727272727273 0.03 0.023430178069353328
0 0.18625 0.7586691658856607 0.03125 0.023430178069353328
0 0.055 0.7225866916588566 0.03125 0.022492970946579195
0 0.366875 0.7066541705716963 0.0175 0.01780693533270853
0 0.26375 0.8284910965323337 0.015 0.007497656982193065
0 0.89 0.7343017806935332 0.0475 0.030927835051546393
0 0.78625 0.6902530459231491 0.0225 0.01218369259606373
0 0.533125 0.4119025304592315 0.0525 0.014058106841611996
0 0.619375 0.7539831302717901 0.01125 0.008434864104967198
0 0.4125 0.5735707591377694 0.04375 0.03280224929709466
0 0.00375 0.514526710402999 0.0075 0.007497656982193065