0 0.46375 0.7999062792877226 0.16875 0.1190253045923149
0 0.838125 0.5876288659793815 0.0925 0.07029053420805999
0 0.18375 0.6101218369259607 0.08875 0.06654170571696345
0 0.7525 0.5182755388940956 0.075 0.05810684161199625
0 0.8325 0.5042174320524836 0.095 0.08153701968134958
0 0.793125 0.14058106841611998 0.055 0.053420805998125584
0 0.206875 0.5576382380506092 0.0825 0.04592314901593252
0 0.725625 0.7347703842549204 0.08625 0.053420805998125584
0 0.883125 0.8814432989690721 0.09375 0.05248359887535145
0 0.96 0.49625117150890347 0.07125 0.053420805998125584
0 0.383125 0.34723523898781633 0.1175 0.09840674789128398
0 0.981875 0.29568884723523897 0.035 0.04873477038425492
0 0.263125 0.21930646672914714 0.045 0.02530459231490159
0 0.3525 0.2839737582005623 0.03125 0.02999062792877226
0 0.169375 0.27507029053420806 0.04625 0.02717900656044986
0 0.354375 0.19165885660731022 0.03 0.022492970946579195
0 0.3425 0.15885660731021556 0.03125 0.016869728209934397
0 0.338125 0.17478912839737581 0.03 0.019681349578256794
0 0.325 0.2952202436738519 0.02625 0.019681349578256794
0 0.7 0.1148078725398313 0.0425 0.028116213683223992
0 0.548125 0.11668228678537956 0.0425 0.026241799437675725
0 0.5975 0.20196813495782567 0.0275 0.01780693533270853
0 0.839375 0.10590440487347703 0.035 0.023430178069353328
0 0.805 0.17572633552014996 0.03125 0.029053420805998126
0 0.83 0.3181818181818182 0.0425 0.026241799437675725
0 0.79 0.28209934395501407 0.03875 0.02436738519212746
0 0.08875 0.38003748828491096 0.0225 0.02155576382380506
0 0.06625 0.46016869728209936 0.02375 0.02155576382380506
0 0.1625 0.4906279287722587 0.01875 0.014058106841611996
0 0.260625 0.6218369259606373 0.02375 0.013120899718837863
0 0.030625 0.604967197750703 0.02375 0.023430178069353328
0 0.49375 0.4967197750702905 0.0325 0.026241799437675725
0 0.399375 0.4095595126522962 0.03 0.02717900656044986
0 0.47375 0.5824742268041238 0.035 0.016869728209934397
0 0.606875 0.373477038425492 0.0275 0.022492970946579195
0 0.379375 0.42783505154639173 0.025 0.020618556701030927
0 0.323125 0.5656044985941893 0.035 0.03280224929709466
0 0.4975 0.46251171508903466 0.0325 0.019681349578256794
0 0.511875 0.47985004686035615 0.035 0.02155576382380506
0 0.358125 0.6513589503280225 0.025 0.008434864104967198
0 0.449375 0.5899718837863168 0.0125 0.00937207122774133
0 0.395625 0.358950328022493 0.02375 0.023430178069353328
0 0.40625 0.38425492033739456 0.0225 0.022492970946579195
0 0.75625 0.4831302717900656 0.02625 0.01780693533270853
0 0.223125 0.6715089034676663 0.03375 0.02436738519212746
0 0.016875 0.8884723523898782 0.03375 0.022492970946579195
0 0.005625 0.7863167760074976 0.01125 0.022492970946579195
0 0.0275 0.6808809746954076 0.0325 0.023430178069353328
0 0.333125 0.7596063730084348 0.03 0.016869728209934397
0 0.35375 0.8678537956888472 0.02875 0.015932521087160263
0 0.481875 0.7371134020618557 0.025 0.01218369259606373
0 0.590625 0.9353327085285849 0.0375 0.020618556701030927
0 0.818125 0.47563261480787256 0.0175 0.013120899718837863
0 0.831875 0.3036551077788191 0.02625 0.011246485473289597
0 0.80125 0.2685098406747891 0.0225 0.011246485473289597
0 0.590625 0.18978444236176195 0.0175 0.01218369259606373
0 0.3825 0.3181818181818182 0.02125 0.015932521087160263
0 0.419375 0.7764761012183693 0.0225 0.01218369259606373
0 0.2 0.5581068416119962 0.03375 0.023430178069353328