0 0.5125 0.8008434864104967 0.1525 0.10590440487347703
0 0.85 0.556232427366448 0.0825 0.06279287722586692
0 0.20375 0.6382380506091846 0.08 0.05998125585754452
0 0.75375 0.4948453608247423 0.0675 0.05248359887535145
0 0.830625 0.47375820056232426 0.08375 0.07403936269915651
0 0.7325 0.11668228678537956 0.0475 0.04967197750702906
0 0.218125 0.5838800374882849 0.07625 0.03936269915651359
0 0.761875 0.7122774133083412 0.07875 0.046860356138706656
0 0.9425 0.8434864104967198 0.0875 0.04498594189315839
0 0.955625 0.45407685098406747 0.06375 0.04779756326148079
0 0.359375 0.358950328022493 0.10375 0.08997188378631678
0 0.945 0.2530459231490159 0.0275 0.046860356138706656
0 0.219375 0.24320524835988752 0.04125 0.02155576382380506
0 0.31875 0.29896907216494845 0.0275 0.028116213683223992
0 0.135 0.3069353327085286 0.0425 0.023430178069353328
0 0.305625 0.20712277413308341 0.02625 0.020618556701030927
0 0.288125 0.17572633552014996 0.02875 0.014058106841611996
0 0.28625 0.19212746016869728 0.0275 0.016869728209934397
0 0.293125 0.3125585754451734 0.02375 0.01780693533270853
0 0.635625 0.09934395501405811 0.03875 0.02436738519212746
0 0.485625 0.11527647610121837 0.03875 0.022492970946579195
0 0.5480125 0.19551077788191193 0.025 0.015932521087160263
0 0.7725 0.07778819119025304 0.0325 0.020618556701030927
0 0.75 0.15042174320524837 0.0275 0.02717900656044986
0 0.798125 0.28959700093720714 0.03875 0.022492970946579195
0 0.7522125 0.2572164948453608 0.034425 0.021649484536082477
0 0.0725 0.4184629803186504 0.02 0.019681349578256794
0 0.063125 0.5 0.02125 0.019681349578256794
0 0.16375 0.5215557638238051 0.0175 0.01218369259606373
0 0.2825 0.6429240862230553 0.0225 0.011246485473289597
0 0.05125 0.6471415182755389 0.02 0.02155576382380506
0 0.493125 0.4971883786316776 0.02875 0.023430178069353328
0 0.385625 0.41940018744142454 0.02625 0.02530459231490159
0 0.4875 0.584348641049672 0.0325 0.014058106841611996
0 0.585625 0.36457357075913777 0.02375 0.020618556701030927
0 0.36875 0.4395501405810684 0.0225 0.01874414245548266
0 0.334875 0.5811152764761012 0.03025 0.029887535145267104
0 0.49125 0.4629803186504217 0.03 0.016869728209934397
0 0.50875 0.47891283973758203 0.0325 0.01874414245548266
0 0.38356250000000003 0.6628491096532334 0.02375 0.006560449859418931
0 0.464375 0.5937207122774133 0.01125 0.008434864104967198
0 0.37375 0.3697282099343955 0.02 0.02155576382380506
0 0.388125 0.3936269915651359 0.01875 0.020618556701030927
0 0.751875 0.4597000937207123 0.02375 0.015932521087160263
0 0.2533125 0.6955482661668229 0.03 0.02155576382380506
0 0.083125 0.930178069353327 0.03375 0.019681349578256794
0 0.046875 0.8303655107778819 0.02625 0.020618556701030927
0 0.060625 0.7225866916588566 0.02875 0.020618556701030927
0 0.37625 0.7727272727272727 0.0275 0.014058106841611996
0 0.414375 0.8786316776007498 0.02625 0.014058106841611996
0 0.520625 0.7371134020618557 0.02375 0.010309278350515464
0 0.6606000000000001 0.9236176194939082 0.0344125 0.01780693533270853
0 0.8115875 0.4464292408622305 0.016225 0.011940018744142456
0 0.9927625 0.31820056232427363 0.0144875 0.0171883786316776
0 0.7977375000000001 0.2745079662605436 0.0255375 0.009615745079662605
0 0.7610250000000001 0.24286785379568884 0.0207 0.009597000937207122
0 0.5396125 0.18367385192127458 0.015862499999999998 0.010618556701030927
0 0.35359999999999997 0.3302249297094658 0.018525 0.01422680412371134
0 0.46486249999999996 0.7817432052483599 0.021150000000000002 0.010590440487347705
0 0.21178750000000002 0.585070290534208 0.030287500000000002 0.02083411433926898