0 0.859375 0.542642924086223 0.11125 0.05529522024367385
0 0.34875 0.5332708528584817 0.085 0.04498594189315839
0 0.44625 0.3219306466729147 0.05625 0.04873477038425492
0 0.445 0.26382380506091846 0.04125 0.059044048734770385
0 0.319375 0.25585754451733833 0.065 0.031865042174320526
0 0.081875 0.32755388940955954 0.03125 0.01780693533270853
0 0.500625 0.6836925960637301 0.035 0.02530459231490159
0 0.5012875 0.5853139643861293 0.07492499999999999 0.0602061855670103
0 0.285625 0.788659793814433 0.04375 0.028116213683223992
0 0.4121 0.43963448922211806 0.0804375 0.03919400187441425
0 0.528125 0.8411433926897844 0.08125 0.04967197750702906
0 0.40125 0.15022492970946577 0.0361125 0.0192970946579194
0 0.37195 0.8152577319587628 0.045149999999999996 0.028828491096532335
0 0.6765875 0.1783223992502343 0.0089125 0.01620431115276476
1 0.13375 0.46147141518275536 0.1169625 0.05737582005623243
1 0.0811375 0.5250234301780694 0.1622625 0.2088940955951265
1 0.19039999999999999 0.5679100281162137 0.0676625 0.042352389878163074
1 0.011975 0.4145267104029991 0.02395 0.02148078725398313
1 0.135275 0.337535145267104 0.2705375 0.23272727272727273
0 0.14345 0.5684723523898781 0.019950000000000002 0.014236176194939082
0 0.0032124999999999996 0.4893720712277413 0.006424999999999999 0.008078725398313027
0 0.405725 0.41033739456419865 0.0499625 0.03673851921274602
0 0.4124125 0.3811996251171509 0.054075 0.030159325210871602
0 0.5675 0.4732146204311153 0.0607875 0.03290534208059981
0 0.5338 0.43830365510777886 0.076725 0.051780693533270854
0 0.4594875 0.5823711340206186 0.07001249999999999 0.0645360824742268
0 0.62665 0.5864104967197751 0.043112500000000005 0.02865979381443299
0 0.46128749999999996 0.651593252108716 0.0612625 0.024798500468603563
0 0.6747624999999999 0.4735895032802249 0.0642375 0.05061855670103092
0 0.7187375 0.46645735707591374 0.08737500000000001 0.07955014058106841
0 0.8077375000000001 0.4776382380506092 0.08546250000000001 0.06643861293345829
0 0.45075000000000004 0.871630740393627 0.0359625 0.024414245548266166
0 0.5875625 0.1544236176194939 0.0657625 0.07645735707591378
0 0.8205 0.25334582942830364 0.01295 0.017150890346766635
0 0.810375 0.2511715089034677 0.0071625000000000005 0.012811621368322399
0 0.14745 0.04767572633552015 0.0292625 0.015229615745079663
0 0.0080625 0.26524835988753515 0.016125 0.010103092783505154