0 0.495 0.6373008434864105 0.13625 0.08716026241799438
0 0.975625 0.746954076850984 0.04875 0.06560449859418932
0 0.096875 0.5735707591377694 0.0925 0.1218369259606373
0 0.385625 0.6415182755388941 0.09375 0.06935332708528585
0 0.85 0.23477038425492033 0.08625 0.05060918462980318
0 0.436875 0.5468603561387066 0.065 0.046860356138706656
1 0.24625 0.6152764761012184 0.225 0.16307403936269915
0 0.4225 0.2614807872539831 0.055 0.03467666354264293
0 0.75375 0.6040299906279287 0.05625 0.033739456419868794
1 0.565625 0.4990627928772259 0.2875 0.10684161199625117
0 0.546875 0.2928772258669166 0.05 0.03655107778819119
0 0.825 0.38847235238987815 0.06125 0.04498594189315839
0 0.136875 0.5014058106841612 0.1175 0.04592314901593252
1 0.345625 0.4442361761949391 0.2375 0.15182755388940955
1 0.81625 0.5937207122774133 0.23625 0.16026241799437677
0 0.7325 0.3880037488284911 0.0625 0.03748828491096532
0 0.290625 0.6991565135895033 0.07 0.03936269915651359
0 0.05625 0.6771321462043112 0.0675 0.07778819119025304
0 0.180625 0.6672914714151827 0.0675 0.04967197750702906
0 0.013125 0.48641049671977504 0.02625 0.046860356138706656
0 0.5625 0.31208997188378634 0.04875 0.02999062792877226
0 0.1875 0.24179943767572634 0.12375 0.05998125585754452
0 0.501875 0.344892221180881 0.05625 0.03655107778819119
0 0.180625 0.32427366447985007 0.025 0.019681349578256794
0 0.699375 0.253514526710403 0.03875 0.02155576382380506
0 0.7925 0.20852858481724462 0.02 0.01499531396438613
0 0.95 0.2769447047797563 0.03 0.02155576382380506
0 0.09625 0.4784442361761949 0.025 0.020618556701030927
0 0.149375 0.7019681349578257 0.03125 0.02436738519212746
0 0.445 0.373477038425492 0.02 0.01780693533270853
0 0.43625 0.41002811621368324 0.0175 0.01780693533270853
0 0.365 0.4662605435801312 0.01875 0.02155576382380506
0 0.3725 0.4442361761949391 0.02 0.019681349578256794
0 0.765625 0.5609184629803187 0.02625 0.01780693533270853
0 0.83125 0.5773195876288659 0.025 0.01499531396438613
0 0.654375 0.3725398313027179 0.025 0.014058106841611996
0 0.64125 0.3626991565135895 0.02125 0.01874414245548266
0 0.8325 0.5885660731021556 0.01875 0.013120899718837863
0 0.325 0.7656982193064668 0.03375 0.015932521087160263
0 0.311875 0.8088097469540768 0.0225 0.01874414245548266
0 0.20375 0.9114339268978444 0.01375 0.010309278350515464
0 0.299375 0.9254920337394564 0.02625 0.01218369259606373
0 0.35 0.845360824742268 0.0275 0.01499531396438613
0 0.1875 0.8059981255857545 0.03125 0.014058106841611996
0 0.585 0.7802249297094658 0.015 0.010309278350515464
0 0.620625 0.7417994376757263 0.01625 0.013120899718837863
0 0.351875 0.44095595126522963 0.03 0.01874414245548266
0 0.255 0.6494845360824743 0.01625 0.010309278350515464
0 0.01625 0.43908153701968133 0.0325 0.04592314901593252
0 0.780625 0.20384254920337394 0.0125 0.008434864104967198
0 0.915 0.18322399250234303 0.04 0.02155576382380506
0 0.976875 0.42221180880974696 0.03375 0.041237113402061855
0 0.84625 0.6105904404873477 0.06 0.029053420805998126
0 0.865625 0.7633552014995314 0.0225 0.01218369259606373