0 0.524375 0.36363636363636365 0.1275 0.07778819119025304
0 0.040625 0.21415182755388942 0.08125 0.059044048734770385
0 0.91125 0.45829428303655106 0.07625 0.11715089034676664
0 0.633125 0.36785379568884724 0.08625 0.06279287722586692
0 0.115 0.7366447985004686 0.08125 0.04498594189315839
0 0.569375 0.45829428303655106 0.06 0.04311152764761012
1 0.768125 0.4053420805998126 0.20625 0.14807872539831302
0 0.54375 0.7432052483598875 0.05125 0.030927835051546393
0 0.2625 0.3767572633552015 0.0525 0.02999062792877226
1 0.435 0.4957825679475164 0.27875 0.08622305529522024
0 0.424375 0.7019681349578257 0.04625 0.03280224929709466
0 0.16125 0.5852858481724461 0.05625 0.041237113402061855
0 0.86125 0.5271790065604499 0.11375 0.03748828491096532
1 0.645625 0.5674789128397376 0.22125 0.1358950328022493
1 0.19875 0.3823805060918463 0.22 0.14526710402999063
0 0.253125 0.5932521087160263 0.05875 0.033739456419868794
0 0.73625 0.31865042174320524 0.06625 0.03467666354264293
0 0.96625 0.358950328022493 0.05875 0.07403936269915651
0 0.84125 0.358950328022493 0.0625 0.04592314901593252
0 0.985625 0.5520149953139644 0.02875 0.04498594189315839
0 0.41125 0.6818181818181818 0.04625 0.026241799437675725
0 0.774375 0.7811621368322399 0.11875 0.05154639175257732
0 0.47625 0.6541705716963448 0.0525 0.03280224929709466
0 0.793125 0.6996251171508904 0.02375 0.01874414245548266
0 0.2675 0.7291471415182755 0.0375 0.01874414245548266
0 0.16875 0.7671040299906279 0.0175 0.013120899718837863
0 0.02125 0.6865042174320525 0.0275 0.019681349578256794
0 0.898125 0.5529522024367385 0.0225 0.019681349578256794
0 0.876875 0.32661668228678536 0.02875 0.022492970946579195
0 0.5375 0.6302717900656045 0.01875 0.015932521087160263
0 0.550625 0.5941893158388004 0.01625 0.015932521087160263
0 0.629375 0.5440487347703843 0.01625 0.020618556701030927
0 0.61875 0.5651358950328023 0.0175 0.01780693533270853
0 0.244375 0.4184629803186504 0.025 0.016869728209934397
0 0.18125 0.39737582005623245 0.0225 0.014058106841611996
0 0.32875 0.6148078725398313 0.0225 0.013120899718837863
0 0.34 0.6255857544517338 0.02 0.01780693533270853
0 0.18125 0.38612933458294285 0.01625 0.011246485473289597
0 0.71125 0.2492970946579194 0.03125 0.014058106841611996
0 0.73 0.20759137769447047 0.02125 0.01780693533270853
0 0.8525 0.11433926897844424 0.0125 0.00937207122774133
0 0.75875 0.0923149015932521 0.025 0.010309278350515464
0 0.6975 0.16869728209934395 0.025 0.013120899718837863
0 0.85375 0.22024367385192128 0.03 0.01218369259606373
0 0.455 0.21462043111527648 0.01375 0.00937207122774133
0 0.41375 0.24976569821930647 0.01375 0.01218369259606373
0 0.63875 0.57029053420806 0.02875 0.016869728209934397
0 0.765 0.37066541705716965 0.015 0.008434864104967198
0 0.979375 0.598406747891284 0.04125 0.04217432052483599
0 0.179375 0.7722586691658857 0.01125 0.007497656982193065
0 0.043125 0.7825679475164011 0.03875 0.01874414245548266
0 0.014375 0.5398313027179007 0.0275 0.03936269915651359
0 0.170625 0.3626991565135895 0.0575 0.02530459231490159
0 0.173125 0.20946579194001874 0.02125 0.011246485473289597