0 0.469375 0.6354264292408622 0.12375 0.07497656982193064
0 0.9484 0.7972633552014995 0.0843 0.057497656982193064
0 0.086875 0.5309278350515464 0.07125 0.11527647610121837
0 0.360625 0.6283973758200563 0.08375 0.06091846298031865
0 0.895625 0.2736644798500469 0.07875 0.04311152764761012
0 0.42875 0.5398313027179007 0.0575 0.041237113402061855
1 0.22747499999999998 0.587610121836926 0.20037500000000003 0.14294283036551078
0 0.4675 0.25585754451733833 0.05 0.02999062792877226
0 0.731875 0.6293345829428304 0.05125 0.029053420805998126
1 0.56495 0.5062605435801312 0.27552499999999996 0.07906279287722587
0 0.585 0.29990627928772257 0.045 0.031865042174320526
0 0.8425 0.42361761949390814 0.055 0.03936269915651359
0 0.14 0.46336457357075916 0.1125 0.03483598875351453
1 0.3575 0.42866916588566073 0.215 0.1300656044985942
1 0.795825 0.6256138706654171 0.213125 0.14000937207122774
0 0.7514624999999999 0.41310215557638236 0.0579125 0.03145267104029991
0 0.25541250000000004 0.6754451733833178 0.0655125 0.03318650421743205
0 0.0275 0.6289222118088097 0.055 0.07298031865042175
0 0.1525 0.6321462043111528 0.06 0.044048734770384255
0 0.015 0.4353327085285848 0.03 0.044048734770384255
0 0.5965874999999999 0.3203092783505154 0.044649999999999995 0.025595126522961573
0 0.2388625 0.21180880974695407 0.1158375 0.048500468603561386
0 0.530625 0.3467666354264292 0.05125 0.031865042174320526
0 0.21625 0.2928772258669166 0.0225 0.01780693533270853
0 0.743125 0.2769447047797563 0.03625 0.01780693533270853
0 0.8435375 0.2419306466729147 0.017275 0.012858481724461107
0 0.986875 0.32633552014995315 0.02625 0.019128397375820057
0 0.10445 0.4369259606373008 0.0207 0.019128397375820057
0 0.114925 0.6636551077788191 0.028087499999999998 0.021433926897844426
0 0.46875 0.36879100281162136 0.0175 0.015932521087160263
0 0.45375 0.4044048734770384 0.015 0.015932521087160263
0 0.3725 0.4526710402999063 0.015 0.020618556701030927
0 0.384375 0.43158388003748827 0.01625 0.01780693533270853
0 0.751875 0.5880974695407685 0.02375 0.015932521087160263
0 0.81375 0.6110590440487348 0.0225 0.013120899718837863
0 0.6760625 0.38999062792877226 0.02255 0.012239925023430178
0 0.6655249999999999 0.37865042174320523 0.01895 0.01690721649484536
0 0.813125 0.6223055295220243 0.01625 0.011246485473289597
0 0.27768750000000003 0.7450046860356139 0.0310375 0.013270852858481725
0 0.25625 0.7863167760074976 0.02 0.016869728209934397
0 0.13 0.8762886597938144 0.0125 0.00937207122774133
0 0.2225 0.9006560449859419 0.025 0.00937207122774133
0 0.2875 0.8261480787253983 0.025 0.01218369259606373
0 0.13375 0.7703842549203374 0.03 0.011246485473289597
0 0.531875 0.7863167760074976 0.01375 0.00937207122774133
0 0.574375 0.7521087160262419 0.01375 0.01218369259606373
0 0.36465000000000003 0.4260356138706654 0.027999999999999997 0.016082474226804123
0 0.2292125 0.6220712277413308 0.0145625 0.008828491096532333
0 0.0223875 0.38832239925023426 0.044775 0.04088097469540768
0 0.8333750000000001 0.2363917525773196 0.010875 0.007778819119025305
0 0.9702500000000001 0.22947516401124649 0.037149999999999996 0.0177319587628866
0 0.9869374999999999 0.4729053420805998 0.026125 0.03874414245548267
0 0.822525 0.645651358950328 0.055925 0.023561387066541706
0 0.8131875 0.7988659793814433 0.0213875 0.010224929709465792