0 0.951875 0.7539831302717901 0.09625 0.07216494845360824
0 0.24625 0.3922211808809747 0.0875 0.09559512652296158
0 0.149375 0.46157450796626054 0.07625 0.08434864104967198
0 0.105625 0.5 0.0775 0.08809746954076851
0 0.330625 0.2169634489222118 0.11 0.1190253045923149
0 0.4625 0.1640112464854733 0.06875 0.08059981255857544
0 0.04125 0.44095595126522963 0.07 0.08716026241799438
0 0.731875 0.16026241799437677 0.04 0.033739456419868794
0 0.343125 0.33692596063730085 0.06 0.08528584817244611
0 0.55875 0.11152764761012184 0.07125 0.07403936269915651
0 0.481875 0.46438612933458295 0.135 0.04217432052483599
0 0.48875 0.4854732895970009 0.0675 0.03280224929709466
1 0.663125 0.8134957825679475 0.165 0.08716026241799438
0 0.855625 0.19728209934395502 0.04375 0.03655107778819119
0 0.418125 0.4465791940018744 0.04625 0.033739456419868794
1 0.79375 0.7596063730084348 0.165 0.08059981255857544
0 0.40375 0.2511715089034677 0.025 0.019681349578256794
0 0.665 0.2774133083411434 0.04375 0.014058106841611996
0 0.24 0.5965323336457357 0.025 0.01499531396438613
0 0.266875 0.6466729147141518 0.01625 0.013120899718837863
0 0.5575 0.4662605435801312 0.02875 0.02530459231490159
0 0.44125 0.49625117150890347 0.0175 0.011246485473289597
0 0.40125 0.5487347703842549 0.02125 0.01499531396438613
0 0.91375 0.40253045923149017 0.0225 0.019681349578256794
0 0.7875 0.3486410496719775 0.0225 0.01499531396438613
0 0.7525 0.36082474226804123 0.02 0.014058106841611996
0 0.763125 0.36879100281162136 0.03625 0.011246485473289597
0 0.78625 0.358950328022493 0.0475 0.013120899718837863
0 0.736875 0.3711340206185567 0.01 0.008434864104967198
0 0.49 0.788659793814433 0.02125 0.01499531396438613
0 0.695 0.837863167760075 0.03125 0.023430178069353328
0 0.75875 0.7689784442361762 0.0375 0.02436738519212746
0 0.888125 0.6888472352389878 0.02625 0.01780693533270853
0 0.896875 0.7207122774133083 0.0325 0.01874414245548266
0 0.88 0.6724461105904405 0.01625 0.00937207122774133
0 0.903125 0.711340206185567 0.01875 0.011246485473289597
0 0.680625 0.2694470477975633 0.04375 0.01218369259606373
0 0.675625 0.2633552014995314 0.035 0.00937207122774133
0 0.54 0.14245548266166824 0.01625 0.01218369259606373
0 0.585 0.11808809746954077 0.0175 0.023430178069353328
0 0.439375 0.17057169634489222 0.015 0.016869728209934397
0 0.383125 0.6363636363636364 0.00875 0.007497656982193065