0 0.123125 0.5407685098406748 0.1125 0.09184629803186505
0 0.39 0.5032802249297095 0.12625 0.1077788191190253
0 0.02875 0.5328022492970946 0.0575 0.07216494845360824
0 0.585625 0.35332708528584816 0.1 0.07685098406747891
0 0.50375 0.2839737582005623 0.05125 0.06466729147141519
0 0.26125 0.16119962511715089 0.0475 0.06747891283973759
0 0.841875 0.31208997188378634 0.0475 0.059044048734770385
0 0.5975 0.8865979381443299 0.0575 0.03655107778819119
0 0.6525 0.40815370196813494 0.16625 0.08903467666354264
0 0.203125 0.6171508903467666 0.06 0.038425492033739454
0 0.954375 0.6794751640112465 0.0375 0.02436738519212746
0 0.404375 0.36597938144329895 0.0525 0.07685098406747891
0 0.785625 0.7230552952202437 0.02125 0.015932521087160263
0 0.76 0.19821930646672914 0.16875 0.10590440487347703
0 0.6625 0.5618556701030928 0.03 0.014058106841611996
0 0.830625 0.2572633552014995 0.05375 0.046860356138706656
0 0.343125 0.14386129334582942 0.0925 0.06935332708528585
0 0.9375 0.1696344892221181 0.055 0.05060918462980318
0 0.90875 0.5477975632614808 0.175 0.09559512652296158
0 0.480625 0.06373008434864105 0.09625 0.03467666354264293
0 0.18875 0.32052483598875353 0.12875 0.09090909090909091
0 0.75125 0.5506091846298032 0.02375 0.019681349578256794
0 0.056875 0.3181818181818182 0.055 0.04311152764761012
0 0.385 0.5215557638238051 0.04875 0.03561387066541706
0 0.119375 0.5581068416119962 0.05625 0.03936269915651359
0 0.05 0.41002811621368324 0.05125 0.030927835051546393
0 0.3725 0.37066541705716965 0.0375 0.06747891283973759
0 0.05125 0.23008434864104968 0.015 0.023430178069353328
0 0.163125 0.21415182755388942 0.065 0.02717900656044986
0 0.165625 0.19400187441424555 0.06875 0.02436738519212746
0 0.07375 0.12792877225866917 0.0225 0.029053420805998126
0 0.86375 0.48125585754451733 0.12875 0.09840674789128398
0 0.925625 0.5121836925960638 0.025 0.010309278350515464
0 0.669375 0.5501405810684161 0.01875 0.016869728209934397
0 0.5275 0.5454545454545454 0.01125 0.014058106841611996
0 0.52375 0.5679475164011246 0.01375 0.014058106841611996
0 0.61375 0.5759137769447048 0.1225 0.03280224929709466
0 0.538125 0.5852858481724461 0.11875 0.023430178069353328
0 0.62375 0.669165885660731 0.235 0.04498594189315839
0 0.560625 0.6771321462043112 0.22875 0.03561387066541706
0 0.4525 0.6630740393626992 0.035 0.01218369259606373
0 0.423125 0.648078725398313 0.0125 0.013120899718837863
0 0.526875 0.7549203373945642 0.01625 0.013120899718837863
0 0.5325 0.7947516401124649 0.01875 0.01874414245548266
0 0.800625 0.8341143392689785 0.0225 0.01780693533270853
0 0.7 0.8561387066541706 0.02 0.015932521087160263
0 0.481875 0.8364573570759137 0.0225 0.011246485473289597
0 0.41875 0.9475164011246485 0.01625 0.013120899718837863
0 0.095625 0.8458294283036552 0.01875 0.013120899718837863
0 0.17125 0.6358950328022493 0.0175 0.013120899718837863
0 0.291875 0.5342080599812559 0.11625 0.023430178069353328
0 0.240625 0.5023430178069354 0.0125 0.014058106841611996
0 0.23375 0.4451733833177132 0.0175 0.015932521087160263
0 0.259375 0.43345829428303656 0.015 0.01499531396438613
1 0.23 0.4423617619493908 0.08125 0.05435801312089972
1 0.275625 0.4803186504217432 0.15625 0.10684161199625117
1 0.44375 0.6185567010309279 0.15 0.09465791940018745
1 0.520625 0.5571696344892221 0.07625 0.046860356138706656
1 0.52375 0.7497656982193065 0.22375 0.13402061855670103
1 0.22 0.7408622305529522 0.06875 0.041237113402061855