0 0.520625 0.4245991561181434 0.1529125 0.06422644163150493
0 0.24875 0.23558368495077356 0.175 0.06751054852320675
0 0.57 0.6691279887482419 0.0525 0.027426160337552744
0 0.40375 0.11075949367088607 0.0475 0.03164556962025317
0 0.630625 0.3146976090014065 0.05375 0.051336146272855133
0 0.7125 0.5537974683544303 0.0925 0.03867791842475387
0 0.52625 0.790436005625879 0.0525 0.029535864978902954
0 0.40125 0.20534458509142053 0.0475 0.035161744022503515
0 0.3938875 0.3171167369901547 0.0458375 0.030864978902953588
0 0.940625 0.40364978902953585 0.04875 0.03796061884669479
0 0.47 0.3421237693389592 0.0475 0.026019690576652602
0 0.025 0.2886779184247539 0.05 0.07383966244725738
0 0.9755750000000001 0.47768635724331926 0.04885 0.0360407876230661
0 0.9825 0.5777074542897328 0.035 0.056962025316455694
0 0.42875 0.6983122362869199 0.0475 0.02390998593530239
0 0.031062500000000003 0.5945710267229255 0.0621375 0.08386075949367089
0 0.274375 0.06610407876230662 0.02875 0.012658227848101266
0 0.18375 0.26652601969057665 0.0275 0.016877637130801686
0 0.275625 0.07981715893108299 0.02875 0.014767932489451477
0 0.581875 0.19971870604781997 0.03125 0.026722925457102673
0 0.989375 0.27109704641350213 0.01875 0.028832630098452883
0 0.42875 0.4208860759493671 0.0275 0.017580872011251757
0 0.435625 0.4050632911392405 0.02875 0.016877637130801686
0 0.46375 0.4623769338959212 0.03 0.014767932489451477
0 0.530625 0.47890295358649787 0.03125 0.01828410689170183
0 0.428125 0.43776371308016876 0.02875 0.01617440225035162
0 0.490625 0.4687060478199719 0.02625 0.014767932489451477
0 0.5274375 0.6183614627285513 0.0251375 0.019254571026722924
0 0.4425 0.45112517580872014 0.03 0.01617440225035162
0 0.87625 0.5910689170182841 0.02 0.013361462728551337
0 0.969375 0.5988045007032349 0.01625 0.009142053445850914
0 0.73125 0.5864978902953587 0.0175 0.015471167369901548
0 0.6566625 0.8484528832630098 0.035825 0.020393811533052038
0 0.745 0.7823488045007032 0.0175 0.011954992967651195
0 0.92 0.7471870604781997 0.025 0.014767932489451477
0 0.8978875 0.2928691983122363 0.043637499999999996 0.021315049226441632
1 0.9603 0.41845991561181434 0.0412625 0.028164556962025314
1 0.986575 0.47231364275668075 0.02685 0.07155414908579466
0 0.9952 0.6428199718706048 0.0096 0.019409282700421943
0 0.25327500000000003 0.5422714486638537 0.0100125 0.005007032348804501
0 0.22366250000000001 0.4370886075949367 0.013625 0.005471167369901548