0 0.0625 0.4329896907216495 0.1 0.07216494845360824
0 0.236875 0.6869728209934396 0.195 0.1696344892221181
0 0.4125 0.7638238050609185 0.06125 0.053420805998125584
0 0.39 0.760543580131209 0.02875 0.04029990627928772
1 0.406875 0.8603561387066542 0.06 0.026241799437675725
0 0.4875 0.7263355201499532 0.10875 0.08716026241799438
0 0.484375 0.7347703842549204 0.0225 0.014058106841611996
0 0.36 0.6110590440487348 0.09625 0.08903467666354264
0 0.3525 0.6035613870665417 0.02875 0.015932521087160263
0 0.025625 0.6091846298031866 0.02625 0.016869728209934397
0 0.163125 0.8584817244611059 0.01625 0.015932521087160263
1 0.154375 0.8505154639175257 0.06 0.03280224929709466
1 0.21625 0.5398313027179007 0.06625 0.06279287722586692
0 0.625625 0.16541705716963448 0.11375 0.07685098406747891
0 0.486875 0.331302717900656 0.16375 0.07778819119025304
0 0.63625 0.626991565135895 0.1575 0.12652296157450796
1 0.588125 0.5046860356138707 0.02625 0.04029990627928772
1 0.60125 0.4662605435801312 0.075 0.059044048734770385
1 0.390625 0.5435801312089972 0.0475 0.04498594189315839
0 0.875 0.8364573570759137 0.03125 0.029053420805998126