0 0.494375 0.22446110590440488 0.02375 0.02717900656044986
0 0.461875 0.24039362699156513 0.01625 0.01780693533270853
0 0.980625 0.3013120899718838 0.01875 0.015932521087160263
0 0.701875 0.28537956888472354 0.02375 0.015932521087160263
0 0.9675 0.31443298969072164 0.02 0.01780693533270853
0 0.6671375 0.32661668228678536 0.028224999999999997 0.010309278350515464
0 0.673175 0.20314901593252108 0.01625 0.01874414245548266
0 0.990625 0.03280224929709466 0.01625 0.03561387066541706
0 0.905 0.22446110590440488 0.01 0.006560449859418931
0 0.3282625 0.5712277413308341 0.026525 0.02155576382380506
0 0.369375 0.647610121836926 0.02875 0.022492970946579195
0 0.6425 0.351921274601687 0.0325 0.023430178069353328
0 0.529375 0.5824742268041238 0.01875 0.015932521087160263
0 0.43125 0.541883786316776 0.035 0.010890346766635426
0 0.648125 0.5510777881911902 0.01625 0.02436738519212746
0 0.634375 0.549671977507029 0.01875 0.02717900656044986
0 0.415 0.5482661668228679 0.025 0.01499531396438613
0 0.585 0.38612933458294285 0.0325 0.013120899718837863
0 0.57 0.5810684161199625 0.02 0.013120899718837863
0 0.524375 0.46251171508903466 0.01875 0.015932521087160263
0 0.585625 0.3959700093720712 0.03125 0.01218369259606373
0 0.74375 0.5782567947516402 0.02 0.01499531396438613
0 0.7075 0.4339268978444236 0.0175 0.016869728209934397
0 0.693125 0.4536082474226804 0.01375 0.00937207122774133
0 0.6676625 0.338331771321462 0.0346875 0.011246485473289597
0 0.899375 0.44704779756326146 0.02625 0.013120899718837863
0 0.173125 0.7160262417994376 0.02875 0.022492970946579195
0 0.2525 0.7797563261480788 0.0175 0.01499531396438613
0 0.030625 0.7258669165885661 0.01625 0.01218369259606373
0 0.635925 0.8791002811621368 0.0206625 0.016869728209934397
0 0.369375 0.880506091846298 0.01875 0.01780693533270853
0 0.537025 0.774817244611059 0.01845 0.014489222118088098
1 0.846875 0.33692596063730085 0.23375 0.19775070290534208
0 0.821875 0.8294283036551078 0.11875 0.061855670103092786
0 0.54125 0.10684161199625117 0.0775 0.061855670103092786
1 0.04125 0.4990627928772259 0.0825 0.1527647610121837
0 0.17875 0.5623242736644799 0.065 0.041237113402061855
0 0.305625 0.7193064667291471 0.05125 0.04217432052483599
1 0.794375 0.6944704779756327 0.29625 0.07872539831302718
0 0.389375 0.5028116213683224 0.07625 0.05529522024367385
1 0.913125 0.6522961574507966 0.17125 0.06935332708528585
0 0.21875 0.5904404873477038 0.05 0.031865042174320526
0 0.1984 0.1886410496719775 0.056799999999999996 0.027591377694470478
0 0.315625 0.3922211808809747 0.04125 0.03655107778819119
0 0.255625 0.4250234301780694 0.03625 0.059044048734770385
0 0.289375 0.39878163074039363 0.03125 0.059044048734770385
0 0.22875 0.42970946579194 0.035 0.05716963448922212
0 0.0516125 0.2249015932521087 0.04221250000000001 0.031611996251171504
0 0.0626 0.31778819119025303 0.04051249999999999 0.030721649484536085
0 0.0023 0.11046860356138707 0.0046 0.02149015932521087
0 0.4176875 0.25298031865042175 0.0365625 0.032024367385192126
0 0.3834 0.28797563261480785 0.051087499999999994 0.021958762886597937
0 0.004275 0.4829147141518275 0.0085375 0.01134020618556701
1 0.0251125 0.6125492033739457 0.050225 0.05371134020618557
1 0.87515 0.764779756326148 0.24969999999999998 0.07016869728209935
1 0.9765250000000001 0.4791283973758201 0.046950000000000006 0.19300843486410496
0 0.6758625 0.08817244611059044 0.0513875 0.042343017806935335
0 0.43170000000000003 0.5326616682286786 0.02915 0.009737582005623243