0 0.4925 0.7755388940955952 0.025 0.028116213683223992
0 0.52625 0.760543580131209 0.0175 0.01780693533270853
0 0.010625 0.6860356138706654 0.02 0.016869728209934397
0 0.288125 0.7089971883786317 0.025 0.016869728209934397
0 0.024375 0.6733833177132146 0.02125 0.01874414245548266
0 0.325 0.668697282099344 0.02875 0.011246485473289597
0 0.313125 0.7919400187441424 0.0175 0.01874414245548266
0 0.0825 0.7647610121836926 0.01 0.006560449859418931
0 0.675 0.43345829428303656 0.0275 0.022492970946579195
0 0.6375 0.3556701030927835 0.03 0.023430178069353328
0 0.350625 0.6443298969072165 0.03375 0.02436738519212746
0 0.474375 0.41658856607310213 0.02 0.016869728209934397
0 0.570625 0.46016869728209936 0.035 0.01218369259606373
0 0.354375 0.4451733833177132 0.0175 0.02436738519212746
0 0.368125 0.44704779756326146 0.02 0.028116213683223992
0 0.5875 0.45407685098406747 0.02625 0.015932521087160263
0 0.41 0.6115276476101218 0.0325 0.014058106841611996
0 0.43375 0.41705716963448924 0.02 0.014058106841611996
0 0.47375 0.5370196813495782 0.02 0.016869728209934397
0 0.409375 0.6016869728209935 0.03125 0.013120899718837863
0 0.26 0.41518275538894095 0.02125 0.015932521087160263
0 0.289375 0.5604498594189316 0.01875 0.016869728209934397
0 0.305 0.5412371134020618 0.01375 0.00937207122774133
0 0.325 0.6569821930646673 0.035 0.01218369259606373
0 0.098125 0.542642924086223 0.02625 0.014058106841611996
0 0.836875 0.2928772258669166 0.03 0.023430178069353328
0 0.760625 0.2268041237113402 0.01875 0.01499531396438613
0 0.979375 0.2867853795688847 0.01625 0.01218369259606373
0 0.381875 0.1176194939081537 0.0225 0.01780693533270853
0 0.648125 0.1232427366447985 0.02 0.01874414245548266
0 0.475625 0.22446110590440488 0.02 0.01499531396438613
1 0.145625 0.6537019681349578 0.2425 0.20337394564198688
0 0.19375 0.16213683223992503 0.12125 0.06466729147141519
0 0.440625 0.8917525773195877 0.08 0.06373008434864105
1 0.95625 0.5131208997188379 0.0875 0.15463917525773196
0 0.82375 0.44611059044048734 0.0675 0.04311152764761012
0 0.704375 0.2858481724461106 0.05375 0.04311152764761012
1 0.215 0.2980318650421743 0.3 0.08622305529522024
0 0.610625 0.5 0.07875 0.05716963448922212
1 0.094375 0.33692596063730085 0.17375 0.07403936269915651
0 0.785 0.41705716963448924 0.05125 0.03280224929709466
0 0.7875 0.8186504217432052 0.0575 0.029053420805998126
0 0.679375 0.612464854732896 0.0425 0.03748828491096532
0 0.740625 0.5815370196813496 0.03875 0.05998125585754452
0 0.705625 0.6068416119962512 0.03375 0.05998125585754452
0 0.768125 0.5773195876288659 0.0375 0.05810684161199625
0 0.935 0.7867853795688847 0.04375 0.03280224929709466
0 0.92875 0.6935332708528584 0.04125 0.031865042174320526
0 0.979375 0.9020618556701031 0.00625 0.02155576382380506
0 0.57125 0.7488284910965324 0.0375 0.03280224929709466
0 0.606875 0.7146204311152765 0.0525 0.022492970946579195
0 0.994375 0.5299906279287723 0.00875 0.011246485473289597
1 0.976875 0.4001874414245548 0.04625 0.05435801312089972
1 0.1375 0.225398313027179 0.2525 0.07685098406747891
1 0.025625 0.5084348641049672 0.05125 0.19400187441424555
0 0.305 0.9072164948453608 0.05375 0.04311152764761012
0 0.569375 0.4690721649484536 0.02875 0.010309278350515464