0 0.133125 0.48500468603561386 0.0375 0.019681349578256794
0 0.151875 0.5103092783505154 0.025 0.013120899718837863
0 0.269375 0.12652296157450796 0.0225 0.01499531396438613
0 0.22875 0.33411433926897843 0.0225 0.01874414245548266
0 0.285625 0.1373008434864105 0.025 0.015932521087160263
0 0.28125 0.3631677600749766 0.01625 0.022492970946579195
0 0.1175 0.3500468603561387 0.02625 0.013120899718837863
0 0.161875 0.1780693533270853 0.01 0.007497656982193065
0 0.5825 0.633552014995314 0.03 0.02155576382380506
0 0.6875 0.6077788191190253 0.0325 0.023430178069353328
0 0.313125 0.38331771321462044 0.03375 0.026241799437675725
0 0.611875 0.4835988753514527 0.0225 0.01499531396438613
0 0.550625 0.5543580131208997 0.0175 0.02717900656044986
0 0.578125 0.39268978444236174 0.03375 0.014058106841611996
0 0.575625 0.4029990627928772 0.0375 0.015932521087160263
0 0.558125 0.5670103092783505 0.02125 0.019681349578256794
0 0.354375 0.42830365510777885 0.02 0.02530459231490159
0 0.6125 0.45313964386129335 0.01875 0.015932521087160263
0 0.451875 0.4793814432989691 0.0225 0.01499531396438613
0 0.3675 0.4287722586691659 0.01875 0.02436738519212746
0 0.62125 0.3233364573570759 0.02125 0.015932521087160263
0 0.426875 0.3402061855670103 0.02375 0.014058106841611996
0 0.451875 0.35238987816307404 0.01375 0.011246485473289597
0 0.296875 0.36363636363636365 0.0175 0.02717900656044986
0 0.4575 0.19775070290534208 0.01875 0.020618556701030927
0 0.764375 0.7596063730084348 0.0325 0.023430178069353328
0 0.855 0.7047797563261481 0.02125 0.014058106841611996
0 0.7675 0.8669165885660731 0.0175 0.013120899718837863
0 0.9875 0.6232427366447985 0.00625 0.014058106841611996
0 0.868125 0.4915651358950328 0.02 0.01499531396438613
1 0.3075 0.22914714151827553 0.28 0.18837863167760074
0 0.9575 0.281630740393627 0.085 0.09278350515463918
1 0.466875 0.8430178069353327 0.20875 0.07216494845360824
0 0.560625 0.7446110590440488 0.06 0.05154639175257732
0 0.778125 0.6607310215557638 0.06 0.041237113402061855
1 0.779375 0.2933458294283037 0.125 0.2268041237113402
0 0.49625 0.5829428303655108 0.07875 0.06091846298031865
1 0.73125 0.2014995313964386 0.10375 0.1330834114339269
0 0.600625 0.7164948453608248 0.04625 0.03936269915651359
0 0.065 0.704311152764761 0.04 0.044048734770384255
0 0.34375 0.6302717900656045 0.05125 0.033739456419868794
0 0.383125 0.6776007497656982 0.08125 0.030927835051546393
0 0.350625 0.6504217432052484 0.08125 0.02717900656044986
0 0.3875 0.6977507029053421 0.07875 0.02999062792877226
0 0.1025 0.8158388003748829 0.045 0.033739456419868794
0 0.226875 0.8144329896907216 0.04375 0.031865042174320526
0 0.165625 0.5445173383317713 0.045 0.029053420805998126
0 0.21 0.5726335520149953 0.0325 0.04029990627928772
0 0.443125 0.8697282099343955 0.015 0.007497656982193065
1 0.61625 0.8631677600749765 0.075 0.041237113402061855
1 0.878125 0.2380506091846298 0.11125 0.19212746016869728
1 0.505 0.14245548266166824 0.26 0.04873477038425492
0 0.53875 0.5534208059981256 0.015 0.022492970946579195