0 0.7425 0.6396438612933458 0.0375 0.031865042174320526
0 0.724375 0.5609184629803187 0.0125 0.011246485473289597
0 0.75125 0.6752577319587629 0.03625 0.02530459231490159
0 0.71 0.711340206185567 0.015 0.013120899718837863
0 0.72375 0.7455482661668229 0.01125 0.006560449859418931
0 0.709375 0.7441424554826617 0.0125 0.006560449859418931
0 0.666875 0.16073102155576383 0.03875 0.02999062792877226
0 0.375 0.14432989690721648 0.02875 0.02530459231490159
0 0.723125 0.21649484536082475 0.0275 0.046860356138706656
0 0.548125 0.13542642924086223 0.0525 0.02155576382380506
0 0.448125 0.16729147141518275 0.03375 0.026241799437675725
0 0.429375 0.1218369259606373 0.06 0.01780693533270853
0 0.7575 0.3036551077788191 0.02 0.013120899718837863
0 0.53125 0.6035613870665417 0.0325 0.022492970946579195
0 0.514375 0.5895032802249297 0.035 0.02436738519212746
0 0.466875 0.6091846298031866 0.01875 0.014058106841611996
0 0.2775 0.5735707591377694 0.025 0.02717900656044986
0 0.698125 0.4723523898781631 0.015 0.01499531396438613
0 0.678125 0.6344892221180881 0.0125 0.01218369259606373
0 0.705625 0.5004686035613871 0.0125 0.013120899718837863
0 0.665625 0.627460168697282 0.0125 0.01218369259606373
0 0.693125 0.6241799437675727 0.01125 0.011246485473289597
0 0.379375 0.5093720712277413 0.01625 0.013120899718837863
0 0.366875 0.5178069353327085 0.0225 0.016869728209934397
0 0.735625 0.4301780693533271 0.0125 0.010309278350515464
0 0.735 0.41424554826616683 0.01 0.013120899718837863
0 0.546875 0.8177132146204311 0.03875 0.030927835051546393
0 0.638125 0.7305529522024368 0.02375 0.014058106841611996
0 0.35375 0.6415182755388941 0.03375 0.02717900656044986
0 0.51125 0.6996251171508904 0.02625 0.015932521087160263
0 0.60375 0.6658856607310215 0.025 0.014058106841611996
0 0.539375 0.7024367385192127 0.025 0.015932521087160263
0 0.248125 0.725398313027179 0.01375 0.01218369259606373
0 0.50875 0.8294283036551078 0.035 0.02530459231490159
0 0.364375 0.6321462043111528 0.02 0.01499531396438613
0 0.323125 0.1330834114339269 0.0275 0.023430178069353328
0 0.2525 0.17713214620431114 0.025 0.020618556701030927
0 0.194375 0.7033739456419869 0.01375 0.01218369259606373
0 0.145 0.7591377694470478 0.01375 0.015932521087160263
0 0.111875 0.6560449859418932 0.01375 0.015932521087160263
1 0.575 0.30927835051546393 0.10125 0.07966260543580131
1 0.63875 0.3655107778819119 0.1 0.07497656982193064
0 0.156875 0.5852858481724461 0.07 0.05435801312089972
0 0.650625 0.24835988753514526 0.07625 0.07310215557638237
0 0.58625 0.4076850984067479 0.0825 0.053420805998125584
1 0.33375 0.33411433926897843 0.185 0.11715089034676664
0 0.515 0.4746954076850984 0.0575 0.04967197750702906
0 0.434375 0.7572633552014996 0.08375 0.04967197750702906
0 0.4675 0.5009372071227741 0.05875 0.04592314901593252
0 0.386875 0.7155576382380506 0.10375 0.05810684161199625
1 0.445 0.3486410496719775 0.14625 0.11808809746954077
0 0.175625 0.47985004686035615 0.05125 0.03467666354264293
0 0.265625 0.2211808809746954 0.05125 0.04217432052483599
0 0.580625 0.5782567947516402 0.08 0.04967197750702906
0 0.40125 0.19775070290534208 0.06125 0.05810684161199625
0 0.31125 0.682755388940956 0.0575 0.04779756326148079
1 0.7275 0.5979381443298969 0.0475 0.04967197750702906
0 0.60125 0.14339268978444236 0.0625 0.029053420805998126
0 0.54375 0.19728209934395502 0.0475 0.03748828491096532
0 0.728125 0.4793814432989691 0.0075 0.008434864104967198
0 0.7325 0.44892221180880976 0.01 0.010309278350515464
0 0.74375 0.39878163074039363 0.0175 0.01218369259606373
0 0.751875 0.37582005623242737 0.015 0.011246485473289597
0 0.39 0.7427366447985004 0.0225 0.01499531396438613
0 0.379375 0.8402061855670103 0.07125 0.015932521087160263
0 0.26 0.837394564198688 0.02375 0.010309278350515464
0 0.17625 0.8359887535145267 0.015 0.008434864104967198