0 0.6558875000000001 0.302717900656045 0.039275000000000004 0.02436738519212746
0 0.553125 0.32567947516401125 0.01375 0.008434864104967198
0 0.70125 0.2914714151827554 0.03 0.02436738519212746
0 0.754375 0.3177132146204311 0.01625 0.00937207122774133
0 0.7975 0.3036551077788191 0.0075 0.007497656982193065
0 0.7975 0.31443298969072164 0.0075 0.008434864104967198
0 0.030625 0.41705716963448924 0.03625 0.026241799437675725
0 0.044375 0.6363636363636364 0.03125 0.01874414245548266
0 0.09762499999999999 0.3683223992502343 0.060262500000000004 0.014985941893158388
0 0.01125 0.5085379568884724 0.0225 0.0378444236176195
0 0.065625 0.5791940018744143 0.03125 0.022492970946579195
0 0.008125 0.598406747891284 0.01625 0.044048734770384255
0 0.20875 0.3323242736644798 0.015 0.013889409559512653
0 0.633125 0.4639175257731959 0.02625 0.022492970946579195
0 0.616875 0.4784442361761949 0.02875 0.023430178069353328
0 0.64875 0.5112464854732895 0.0175 0.01218369259606373
0 0.624375 0.6565135895032802 0.03375 0.015932521087160263
0 0.439375 0.3561387066541706 0.01875 0.00937207122774133
0 0.65625 0.35098406747891286 0.015 0.008434864104967198
0 0.475625 0.3467666354264292 0.01625 0.007497656982193065
0 0.64875 0.3612933458294283 0.015 0.008434864104967198
0 0.640625 0.34114339268978444 0.01375 0.007497656982193065
0 0.526875 0.5885660731021556 0.01625 0.011246485473289597
0 0.54 0.5970009372071228 0.02 0.01499531396438613
0 0.3789375 0.3333645735707591 0.012875000000000001 0.008069353327085286
0 0.358125 0.33552014995313967 0.01625 0.005623242736644799
0 0.915 0.42642924086223055 0.0375 0.026241799437675725
0 0.788125 0.3692596063730084 0.01625 0.016869728209934397
0 0.705 0.5913776944704779 0.0325 0.022492970946579195
0 0.763125 0.46719775070290537 0.01875 0.01780693533270853
0 0.706875 0.40253045923149017 0.01625 0.01780693533270853
0 0.763125 0.44611059044048734 0.01875 0.016869728209934397
0 0.82875 0.6597938144329897 0.015 0.00937207122774133
0 0.935 0.45313964386129335 0.03 0.023430178069353328
0 0.69125 0.584817244611059 0.0175 0.013120899718837863
0 0.035625 0.676194939081537 0.02875 0.01780693533270853
0 0.1025 0.7235238987816307 0.025 0.016869728209934397
0 0.80625 0.7029053420805998 0.015 0.00937207122774133
0 0.88625 0.732427366447985 0.02 0.008434864104967198
0 0.75375 0.7699156513589503 0.02 0.008434864104967198
1 0.238125 0.4676663542642924 0.09625 0.06747891283973759
1 0.305 0.4133083411433927 0.09 0.06747891283973759
0 0.655 0.7450796626054358 0.065 0.046860356138706656
0 0.14875 0.4184629803186504 0.09 0.04967197750702906
0 0.3675 0.44704779756326146 0.0625 0.056232427366447985
1 0.300625 0.6438612933458294 0.13625 0.1274601686972821
0 0.465 0.49203373945641987 0.06 0.03748828491096532
0 0.84875 0.5173383317713215 0.0575 0.05810684161199625
0 0.505 0.5238987816307404 0.055 0.03936269915651359
0 0.799375 0.5581068416119962 0.06625 0.07216494845360824
1 0.30625 0.5595126522961574 0.1425 0.09746954076850985
0 0.513125 0.7436738519212746 0.04125 0.03467666354264293
0 0.159375 0.7085285848172446 0.05125 0.033739456419868794
0 0.59375 0.43064667291471415 0.0575 0.05529522024367385
0 0.111875 0.6101218369259607 0.07125 0.03936269915651359
0 0.765 0.6180880974695407 0.0575 0.038425492033739454
1 0.601875 0.31865042174320524 0.06125 0.02999062792877226
0 0.015625 0.4681349578256795 0.03125 0.044048734770384255
0 0.09375 0.5042174320524836 0.045 0.031865042174320526
0 0.44511249999999997 0.3328772258669166 0.0104875 0.0050328022492970945
0 0.40395000000000003 0.33315838800374886 0.013125 0.0067197750702905346
0 0.33630000000000004 0.3308997188378632 0.015375000000000002 0.011799437675726335
0 0.3052875 0.3276663542642924 0.01425 0.010384254920337394
0 0.8347 0.5522774133083411 0.0176125 0.014892221180880976
0 0.9651375 0.5483223992502343 0.0131 0.052080599812558574
0 0.9758499999999999 0.6372446110590441 0.011225 0.016860356138706654
0 0.9844875000000001 0.7002249297094658 0.010475000000000002 0.010374882849109654