0 0.751875 0.6302717900656045 0.035 0.030927835051546393
0 0.728125 0.5520149953139644 0.0125 0.011246485473289597
0 0.763125 0.6649484536082474 0.035 0.02436738519212746
0 0.725 0.7029053420805998 0.01375 0.013120899718837863
0 0.740625 0.7361761949390815 0.01 0.006560449859418931
0 0.72625 0.7352389878163074 0.01125 0.006560449859418931
0 0.643125 0.15463917525773196 0.0375 0.029053420805998126
0 0.350625 0.14948453608247422 0.0275 0.02436738519212746
0 0.703125 0.20805998125585753 0.02375 0.04592314901593252
0 0.523125 0.13402061855670103 0.05125 0.019681349578256794
0 0.425 0.1696344892221181 0.0325 0.02530459231490159
0 0.403125 0.12511715089034678 0.06 0.01499531396438613
0 0.74375 0.29381443298969073 0.02 0.01218369259606373
0 0.53875 0.6021555763823805 0.03125 0.02155576382380506
0 0.520625 0.5890346766635426 0.03375 0.023430178069353328
0 0.474375 0.6105904404873477 0.0175 0.014058106841611996
0 0.283125 0.5820056232427366 0.02375 0.026241799437675725
0 0.695625 0.46485473289597 0.01375 0.01499531396438613
0 0.6875 0.627460168697282 0.0125 0.01218369259606373
0 0.705625 0.49250234301780693 0.01125 0.013120899718837863
0 0.674375 0.6208997188378632 0.0125 0.01218369259606373
0 0.70125 0.6162136832239925 0.01125 0.011246485473289597
0 0.38 0.514058106841612 0.01625 0.013120899718837863
0 0.368125 0.5229615745079662 0.02125 0.015932521087160263
0 0.730625 0.4208059981255858 0.0125 0.010309278350515464
0 0.72875 0.4053420805998126 0.00875 0.01218369259606373
0 0.56875 0.8153701968134958 0.0375 0.02999062792877226
0 0.65375 0.7244611059044048 0.02375 0.013120899718837863
0 0.364375 0.6471415182755389 0.0325 0.026241799437675725
0 0.525 0.6991565135895033 0.025 0.01499531396438613
0 0.615 0.6616682286785379 0.025 0.013120899718837863
0 0.553125 0.7005623242736645 0.02375 0.01499531396438613
0 0.264375 0.7347703842549204 0.01375 0.01218369259606373
0 0.531875 0.8284910965323337 0.03375 0.02436738519212746
0 0.37375 0.6373008434864105 0.01875 0.014058106841611996
0 0.298125 0.14058106841611998 0.02625 0.022492970946579195
0 0.230625 0.18697282099343954 0.02375 0.019681349578256794
0 0.20875 0.7150890346766635 0.01375 0.01218369259606373
0 0.16375 0.7727272727272727 0.0125 0.015932521087160263
0 0.123125 0.6710402999062793 0.0125 0.015932521087160263
1 0.56125 0.3064667291471415 0.09625 0.07685098406747891
1 0.62875 0.36035613870665417 0.09625 0.07216494845360824
0 0.163125 0.598875351452671 0.0675 0.05154639175257732
0 0.633125 0.24320524835988752 0.0725 0.07122774133083412
0 0.58 0.4044048734770384 0.07875 0.05060918462980318
1 0.3225 0.3406747891283974 0.17875 0.1105904404873477
0 0.513125 0.4742268041237113 0.05375 0.04779756326148079
0 0.4525 0.7596063730084348 0.08125 0.046860356138706656
0 0.468125 0.5018744142455482 0.05625 0.044048734770384255
0 0.401875 0.7197750702905342 0.10125 0.05435801312089972
1 0.434375 0.35098406747891286 0.14 0.1134020618556701
0 0.175 0.492970946579194 0.04875 0.033739456419868794
0 0.24625 0.23055295220243674 0.04875 0.04029990627928772
0 0.585625 0.5749765698219307 0.0775 0.046860356138706656
0 0.380625 0.20196813495782567 0.0575 0.056232427366447985
0 0.324375 0.689784442361762 0.055 0.04592314901593252
1 0.734375 0.5890346766635426 0.04375 0.04779756326148079
0 0.57625 0.1401124648547329 0.06125 0.026241799437675725
0 0.5225 0.1958762886597938 0.045 0.03561387066541706
0 0.72625 0.4704779756326148 0.0075 0.007497656982193065
0 0.72875 0.4395501405810684 0.01 0.00937207122774133
0 0.73625 0.38940955951265227 0.0175 0.01218369259606373
0 0.743125 0.36597938144329895 0.015 0.011246485473289597
0 0.406875 0.746954076850984 0.02125 0.014058106841611996
0 0.403125 0.8444236176194939 0.07125 0.013120899718837863
0 0.284375 0.8462980318650422 0.02375 0.00937207122774133
0 0.2 0.8481724461105904 0.015 0.008434864104967198