0 0.488125 0.48922211808809746 0.11125 0.08809746954076851
0 0.445 0.35520149953139646 0.0975 0.07122774133083412
0 0.750625 0.7075913776944704 0.07875 0.05435801312089972
0 0.620625 0.46954076850984067 0.11125 0.07310215557638237
0 0.800975 0.43580131208997186 0.0855375 0.07497656982193064
0 0.824375 0.8430178069353327 0.07375 0.04967197750702906
0 0.0725 0.5841143392689785 0.145 0.08200562324273665
0 0.885625 0.6368322399250235 0.07875 0.05529522024367385
0 0.047725 0.3982099343955014 0.09545 0.09392689784442361
0 0.80375 0.7371134020618557 0.05 0.03280224929709466
0 0.75875 0.3978444236176195 0.07 0.04779756326148079
0 0.734375 0.8552014995313965 0.05125 0.03467666354264293
0 0.678125 0.521087160262418 0.05875 0.046860356138706656
0 0.23704999999999998 0.39814432989690723 0.1234 0.04907216494845361
1 0.016875 0.4831771321462043 0.03375 0.04734770384254921
0 0.26482500000000003 0.5060918462980318 0.0703625 0.022492970946579195
0 0.85125 0.7249297094657919 0.04 0.02530459231490159
0 0.325 0.7455482661668229 0.04 0.029053420805998126
0 0.835625 0.5805998125585754 0.04375 0.03467666354264293
0 0.11522500000000001 0.467029053420806 0.0954375 0.02309278350515464
0 0.67 0.7685098406747891 0.0425 0.03561387066541706
0 0.89625 0.3880037488284911 0.06 0.02436738519212746
0 0.3407625 0.40898781630740394 0.0759875 0.08549203373945642
0 0.3028625 0.46043111527647607 0.1083875 0.019681349578256794
0 0.0751375 0.24571696344892222 0.055987499999999996 0.023898781630740395
0 0.046875 0.7463167760074977 0.09375 0.05189315838800375
0 0.087325 0.23449859418931585 0.0796375 0.019953139643861292
0 0.984325 0.5486035613870666 0.0313375 0.044058106841611995
0 0.4255375 0.19255857544517338 0.0792875 0.018678537956888473
0 0.3 0.211340206185567 0.04 0.019681349578256794
0 0.209375 0.25538894095595127 0.03875 0.019681349578256794
0 0.0130875 0.19152764761012184 0.026162499999999998 0.019821930646672915
0 0.366875 0.25679475164011245 0.02375 0.01499531396438613
0 0.3853125 0.2863823805060918 0.024375 0.013926897844423617
0 0.353125 0.23851921274601687 0.02125 0.014058106841611996
0 0.579325 0.17465791940018746 0.0158125 0.014067478912839737
0 0.92125 0.281630740393627 0.03 0.02155576382380506
0 0.8657125000000001 0.29066541705716964 0.0294625 0.013252108716026242
0 0.864375 0.2791565135895033 0.02875 0.011518275538894094
0 0.315625 0.5965323336457357 0.01875 0.019681349578256794
0 0.23 0.3528584817244611 0.0225 0.015932521087160263
0 0.4075 0.6059044048734771 0.0275 0.014058106841611996
0 0.373125 0.5220243673851921 0.02125 0.011246485473289597
0 0.8225 0.4006560449859419 0.025 0.02155576382380506
0 0.423125 0.8383317713214621 0.02875 0.02155576382380506
0 0.42936250000000004 0.20241799437675725 0.051062500000000004 0.012989690721649483
0 0.26635000000000003 0.4386504217432053 0.0186875 0.011780693533270853
1 0.048912500000000005 0.5255951265229615 0.09782500000000001 0.11799437675726336
0 0.9876874999999999 0.8574695407685098 0.024624999999999998 0.023711340206185566
0 0.7323999999999999 0.6234395501405811 0.041975 0.03565135895032802
0 0.9895625 0.6130084348641051 0.020874999999999998 0.015201499531396438
0 0.9958499999999999 0.4907778819119025 0.0083 0.023505154639175255
0 0.483925 0.5017150890346767 0.018475 0.013683223992502342
0 0.9548125000000001 0.2380037488284911 0.0369625 0.01687910028116214