1 0.213125 0.41110065851364064 0.13 0.07808090310442145
0 0.3275 0.4355597365945437 0.09 0.07149576669802446
0 0.695625 0.46989651928504234 0.065 0.05268109125117592
1 0.611875 0.4746001881467545 0.135 0.10724365004703669
0 0.040625 0.7177798682972719 0.03875 0.030103480714957668
0 0.4125 0.7234242709313264 0.06875 0.04045155221072436
0 0.45625 0.4002822201317027 0.09 0.062088428974600186
0 0.31 0.532925682031985 0.07375 0.07149576669802446
1 0.62625 0.5456255879586077 0.1175 0.07525870178739416
0 0.764375 0.7163687676387582 0.09125 0.07243650047036689
0 0.54375 0.5305738476011289 0.05875 0.043273753527751646
0 0.221875 0.6900282220131703 0.06375 0.06114769520225776
1 0.733125 0.3842897460018815 0.13125 0.08466603951081844
1 0.245 0.34807149576669805 0.10375 0.07902163687676388
0 0.4575 0.28551269990592665 0.06375 0.043273753527751646
1 0.385 0.555032925682032 0.14375 0.1627469426152399
0 0.62625 0.4045155221072437 0.10125 0.059266227657572904
1 0.440625 0.4666039510818438 0.21875 0.10912511759172154
0 0.890625 0.47318908748824084 0.055 0.05644402634054563
0 0.92125 0.374412041392286 0.06625 0.03574788334901223
1 0.494375 0.34101599247412984 0.12 0.06961429915333961
0 0.498125 0.47742238946378174 0.08625 0.04609595484477893
0 0.955625 0.7248353715898401 0.02875 0.030103480714957668
0 0.560625 0.35230479774223894 0.0525 0.043273753527751646
0 0.738125 0.6406396989651929 0.02375 0.027281279397930385
1 0.561875 0.23471307619943557 0.08125 0.059266227657572904
0 0.713125 0.6373471307619943 0.0325 0.02634054562558796
1 0.5375 0.3913452492944497 0.09 0.06114769520225776
0 0.879375 0.7370649106302917 0.03125 0.023518344308560677
0 0.821875 0.7333019755409219 0.01625 0.012229539040451553
0 0.33375 0.665098777046096 0.01625 0.010348071495766699
0 0.101875 0.6801505174035748 0.03375 0.02634054562558796
0 0.065625 0.8222013170272813 0.03 0.024459078080903106
0 0.305 0.7107243650047037 0.03 0.023518344308560677
0 0.73 0.6185324553151458 0.04 0.023518344308560677
0 0.799375 0.41815616180620885 0.02125 0.010348071495766699
0 0.82375 0.4943555973659454 0.01125 0.00940733772342427
0 0.74625 0.3885230479774224 0.01 0.008466603951081843
0 0.399375 0.409689557855127 0.035 0.027281279397930385
0 0.48625 0.6095954844778928 0.02875 0.01881467544684854
0 0.490625 0.5291627469426152 0.0175 0.01975540921919097
0 0.591875 0.3918156161806209 0.0325 0.01975540921919097
0 0.466875 0.5103480714957667 0.01625 0.024459078080903106
0 0.55375 0.4854186265286924 0.0275 0.023518344308560677
0 0.373125 0.49482596425211667 0.035 0.01881467544684854
0 0.2075 0.5978363123236125 0.02125 0.01881467544684854
0 0.13875 0.6373471307619943 0.03 0.022577610536218252
0 0.31375 0.6429915333960489 0.01625 0.01317027281279398
0 0.043125 0.5724365004703669 0.015 0.02539981185324553
0 0.014375 0.5733772342427094 0.01125 0.01317027281279398
0 0.07375 0.3711194731890875 0.01375 0.022577610536218252
0 0.035625 0.5597365945437441 0.0125 0.02539981185324553
0 0.7075 0.26952022577610535 0.0125 0.011288805268109126
0 0.6175 0.2770460959548448 0.0375 0.02539981185324553
0 0.559375 0.30997177798682973 0.03375 0.023518344308560677
0 0.41875 0.20037629350893696 0.02125 0.01317027281279398
0 0.51375 0.270931326434619 0.01125 0.008466603951081843
0 0.36125 0.2939793038570085 0.01625 0.012229539040451553
0 0.7175 0.6580432737535278 0.03875 0.01881467544684854
0 0.755625 0.6312323612417686 0.02625 0.02916274694261524
0 0.935625 0.7323612417685795 0.035 0.027281279397930385
0 0.986875 0.6063029162746942 0.01 0.008466603951081843
0 0.906875 0.4981185324553151 0.0175 0.01599247412982126
1 0.808125 0.43979303857008467 0.04 0.030103480714957668
0 0.824375 0.27845719661335844 0.00875 0.00658513640639699
0 0.56875 0.23565380997177798 0.0175 0.012229539040451553
0 0.518125 0.32784571966133585 0.01625 0.007525870178739417
0 0.51125 0.4101599247412982 0.0275 0.01975540921919097
0 0.4125 0.36312323612417685 0.04 0.02634054562558796
0 0.305 0.46754468485418627 0.01875 0.012229539040451553
0 0.29 0.45343367826904984 0.01625 0.015051740357478834
0 0.42875 0.5460959548447789 0.01625 0.008466603951081843
0 0.451875 0.5503292568203199 0.00625 0.00940733772342427
0 0.195625 0.22671683913452492 0.01 0.007525870178739417
0 0.044375 0.548447789275635 0.01125 0.015051740357478834