1 0.7975 0.5658513640639699 0.1275 0.07431796801505174
0 0.680625 0.5503292568203199 0.08625 0.06961429915333961
0 0.309375 0.5456255879586077 0.0625 0.05174035747883349
1 0.391875 0.5338664158043274 0.13125 0.10348071495766697
0 0.926875 0.24741298212605833 0.0375 0.02916274694261524
0 0.555625 0.270931326434619 0.06625 0.03857008466603951
0 0.5575 0.5959548447789276 0.0875 0.059266227657572904
0 0.684375 0.4524929444967074 0.07 0.06961429915333961
1 0.368125 0.46425211665098776 0.115 0.07243650047036689
0 0.206875 0.3057384760112888 0.0875 0.06961429915333961
0 0.4525 0.47318908748824084 0.05625 0.04233301975540922
0 0.750625 0.28927563499529635 0.06125 0.060206961429915336
1 0.284375 0.6331138287864534 0.1275 0.08090310442144873
1 0.775 0.6312323612417686 0.10125 0.07714016933207903
0 0.5725 0.7097836312323612 0.06125 0.04233301975540922
1 0.60625 0.43603010348071497 0.1375 0.1599247412982126
0 0.388125 0.6048918156161807 0.09875 0.05738476011288805
1 0.56375 0.5282220131702728 0.215 0.10442144873000941
0 0.115 0.5573847601128881 0.0525 0.05456255879586077
0 0.098125 0.6580432737535278 0.065 0.034807149576669805
1 0.528125 0.6580432737535278 0.11625 0.06679209783631232
0 0.505 0.5225776105362182 0.085 0.04421448730009407
0 0.015625 0.3123236124176858 0.0275 0.030103480714957668
0 0.46 0.6514581373471308 0.05 0.041392285983066796
0 0.24375 0.3786453433678269 0.0225 0.027281279397930385
1 0.475625 0.7690498588899342 0.07875 0.05738476011288805
0 0.26875 0.3805268109125118 0.03125 0.02539981185324553
1 0.4775 0.6110065851364064 0.0875 0.05832549388523048
0 0.089375 0.2944496707431797 0.03 0.022577610536218252
0 0.1475 0.29303857008466605 0.015 0.011288805268109126
0 0.6425 0.32267168391345247 0.015 0.00940733772342427
0 0.87125 0.28927563499529635 0.0325 0.02539981185324553
0 0.8875 0.145343367826905 0.02875 0.024459078080903106
0 0.664375 0.27516462841015993 0.02875 0.023518344308560677
0 0.254375 0.4002822201317027 0.03875 0.022577610536218252
0 0.21375 0.6048918156161807 0.02 0.010348071495766699
0 0.17875 0.5310442144873001 0.01 0.008466603951081843
0 0.27 0.6302916274694261 0.00875 0.008466603951081843
0 0.6125 0.5818438381937912 0.03375 0.02634054562558796
0 0.49875 0.389934148635936 0.02875 0.01881467544684854
0 0.505625 0.4703668861712135 0.0175 0.01881467544684854
0 0.423125 0.6147695202257761 0.0325 0.01881467544684854
0 0.53125 0.486829727187206 0.015 0.023518344308560677
0 0.448125 0.5188146754468486 0.02625 0.023518344308560677
0 0.626875 0.49529633113828786 0.035 0.017873941674506115
0 0.776875 0.37958607714016934 0.02125 0.01881467544684854
0 0.84 0.33490122295390407 0.02875 0.022577610536218252
0 0.665625 0.3433678269049859 0.015 0.012229539040451553
0 0.94375 0.3918156161806209 0.01375 0.024459078080903106
0 0.9725 0.3885230479774224 0.01 0.012229539040451553
0 0.94125 0.5945437441204139 0.0125 0.021636876763875823
0 0.953125 0.4045155221072437 0.01125 0.02539981185324553
0 0.325625 0.7455315145813735 0.01125 0.010348071495766699
0 0.414375 0.7309501411100658 0.03625 0.024459078080903106
0 0.466875 0.69379115710254 0.0325 0.022577610536218252
0 0.6225 0.7916274694261524 0.02 0.01317027281279398
0 0.518125 0.7285983066792098 0.01 0.007525870178739417
0 0.666875 0.69379115710254 0.015 0.011288805268109126
0 0.26125 0.35983066792097834 0.03875 0.017873941674506115
0 0.228125 0.3894637817497648 0.025 0.02916274694261524
0 0.034375 0.3033866415804327 0.03375 0.02634054562558796
0 0.0025 0.43226716839134527 0.005 0.008466603951081843
0 0.095625 0.5338664158043274 0.0175 0.015051740357478834
1 0.201875 0.5841956726246472 0.03875 0.02916274694261524
0 0.208125 0.7460018814675446 0.00875 0.00658513640639699
0 0.468125 0.7681091251175918 0.01625 0.011288805268109126
0 0.50625 0.6726246472248354 0.01625 0.00658513640639699
0 0.50125 0.590310442144873 0.0275 0.01975540921919097
0 0.60625 0.6293508936970837 0.03875 0.02539981185324553
0 0.698125 0.5169332079021637 0.0175 0.011288805268109126
0 0.715 0.5296331138287864 0.01625 0.014111006585136407
0 0.564375 0.4482596425211665 0.015 0.007525870178739417
0 0.540625 0.44637817497648163 0.005 0.00940733772342427
0 0.840625 0.7478833490122295 0.00875 0.007525870178739417
0 0.94625 0.4158043273753528 0.01125 0.014111006585136407