1 0.5375 0.5150234741784038 0.11125 0.10234741784037558
0 0.715625 0.4990610328638498 0.0675 0.056338028169014086
0 0.6775 0.8098591549295775 0.06125 0.046948356807511735
1 0.66 0.7577464788732394 0.125 0.07605633802816901
0 0.626875 0.5107981220657277 0.05625 0.05352112676056338
0 0.458125 0.2375586854460094 0.03625 0.03568075117370892
0 0.509375 0.860093896713615 0.0425 0.03192488262910798
0 0.55875 0.8023474178403756 0.03375 0.03004694835680751
1 0.5475 0.6525821596244131 0.0875 0.15868544600938966
0 0.159375 0.3276995305164319 0.03625 0.03286384976525822
0 0.404375 0.41455399061032866 0.04 0.056338028169014086
0 0.290625 0.5568075117370892 0.07125 0.030985915492957747
0 0.375 0.13849765258215962 0.05125 0.020657276995305163
0 0.205 0.43661971830985913 0.07625 0.018779342723004695
1 0.445625 0.46619718309859154 0.05875 0.10892018779342723
0 0.250625 0.4507042253521127 0.075 0.016901408450704224
0 0.209375 0.8779342723004695 0.0225 0.012206572769953052
0 0.125 0.4225352112676056 0.0275 0.01784037558685446
0 0.205 0.44835680751173707 0.01375 0.006572769953051643
0 0.206875 0.45774647887323944 0.01375 0.007511737089201878
0 0.268125 0.5305164319248826 0.015 0.011267605633802818
0 0.128125 0.4004694835680751 0.00875 0.014084507042253521
0 0.184375 0.19154929577464788 0.0525 0.01596244131455399
0 0.149375 0.252112676056338 0.02875 0.020657276995305163
0 0.1925 0.20422535211267606 0.0175 0.014084507042253521
0 0.131875 0.3713615023474178 0.0125 0.007511737089201878
0 0.1425 0.37981220657276993 0.0375 0.010328638497652582
0 0.26125 0.14084507042253522 0.02 0.0215962441314554
0 0.125 0.13802816901408452 0.0125 0.008450704225352112
0 0.34 0.8028169014084507 0.01875 0.014084507042253521
0 0.334375 0.784037558685446 0.02 0.015023474178403756
0 0.73 0.856338028169014 0.02375 0.02629107981220657
0 0.473125 0.7497652582159624 0.01375 0.009389671361502348
0 0.523125 0.819718309859155 0.01875 0.01784037558685446
0 0.620625 0.784037558685446 0.01 0.01596244131455399
0 0.498125 0.5910798122065728 0.0225 0.01971830985915493
0 0.31875 0.4666666666666667 0.0125 0.009389671361502348
0 0.425 0.5417840375586854 0.015 0.006572769953051643
0 0.6725 0.5544600938967136 0.01375 0.010328638497652582
0 0.646875 0.5544600938967136 0.015 0.011267605633802818
0 0.480625 0.5328638497652582 0.0125 0.010328638497652582
0 0.725 0.5915492957746479 0.015 0.011267605633802818
0 0.39875 0.3845070422535211 0.0125 0.008450704225352112
0 0.308125 0.5741784037558686 0.01625 0.008450704225352112
0 0.316875 0.5802816901408451 0.00875 0.009389671361502348
0 0.305625 0.531924882629108 0.01 0.008450704225352112
0 0.555625 0.16948356807511736 0.02625 0.023474178403755867
0 0.399375 0.160093896713615 0.02 0.015023474178403756
0 0.49625 0.13051643192488263 0.045 0.013145539906103286
0 0.415 0.33192488262910796 0.01 0.006572769953051643
0 0.2475 0.13708920187793427 0.01375 0.012206572769953052
0 0.136875 0.4 0.0075 0.010328638497652582
0 0.14125 0.4089201877934272 0.0125 0.006572769953051643
0 0.271875 0.539906103286385 0.0125 0.008450704225352112
0 0.301875 0.5220657276995305 0.01125 0.009389671361502348
0 0.29875 0.5169014084507042 0.0075 0.004694835680751174
0 0.29125 0.5197183098591549 0.0125 0.008450704225352112
0 0.280625 0.523943661971831 0.01 0.009389671361502348
0 0.2925 0.5262910798122066 0.0075 0.004694835680751174
0 0.293125 0.536150234741784 0.0125 0.018779342723004695
0 0.28125 0.5394366197183098 0.01375 0.008450704225352112
0 0.28 0.532394366197183 0.0125 0.005633802816901409
0 0.306875 0.5380281690140845 0.0075 0.005633802816901409
0 0.434375 0.42863849765258216 0.00375 0.003755868544600939
0 0.551875 0.5553990610328638 0.01875 0.010328638497652582
0 0.530625 0.5859154929577465 0.03125 0.020657276995305163
0 0.538125 0.6173708920187794 0.00625 0.009389671361502348
0 0.706875 0.8272300469483568 0.01 0.008450704225352112
0 0.5225 0.8075117370892019 0.02 0.02535211267605634
0 0.485625 0.8741784037558685 0.01125 0.003755868544600939
0 0.17125 0.8746478873239436 0.02125 0.020657276995305163