1 0.47905000000000003 0.5275962441314553 0.132 0.07939906103286386
0 0.4936 0.6619530516431925 0.0721125 0.0487887323943662
0 0.081125 0.6224225352112676 0.06 0.044131455399061034
1 0.15145 0.6110422535211267 0.0971875 0.09149295774647886
0 0.48121250000000004 0.5946948356807512 0.0706 0.04008450704225352
0 0.850625 0.4779342723004695 0.04625 0.02629107981220657
0 0.020375 0.49430046948356804 0.04075 0.030863849765258213
0 0.095625 0.5333333333333333 0.03875 0.024413145539906103
1 0.295825 0.5306760563380282 0.20916250000000003 0.0604225352112676
0 0.7411249999999999 0.2504225352112676 0.04275 0.026103286384976526
0 0.61695 0.4309859154929577 0.0736125 0.028169014084507043
0 0.4317375 0.34068544600938966 0.038962500000000004 0.052676056338028174
0 0.985625 0.41887323943661975 0.02625 0.03737089201877934
0 0.59425 0.28093896713615024 0.022487499999999997 0.05596244131455399
1 0.546875 0.46056338028169014 0.14375 0.04037558685446009
0 0.5746249999999999 0.3145539906103286 0.02025 0.05522065727699531
0 0.0075 0.26854460093896715 0.015 0.016901408450704224
0 0.6164999999999999 0.2211267605633803 0.023 0.01971830985915493
0 0.578875 0.2804694835680751 0.00875 0.010328638497652582
0 0.5663750000000001 0.2814084507042253 0.00975 0.009953051643192488
0 0.4675 0.3248826291079812 0.015 0.011267605633802818
0 0.645625 0.22459154929577466 0.01875 0.006
0 0.921125 0.2737089201877934 0.019737499999999998 0.038497652582159626
0 0.8420000000000001 0.24544600938967134 0.026000000000000002 0.021032863849765257
0 0.9045000000000001 0.2793427230046948 0.018500000000000003 0.012206572769953052
0 0.68375 0.22816901408450704 0.01 0.009389671361502348
0 0.6725 0.23568075117370893 0.0125 0.028169014084507043
0 0.98625 0.3332488262910798 0.0275 0.01447887323943662
0 0.994375 0.23107981220657275 0.01125 0.009577464788732394
0 0.1025 0.3694835680751174 0.0175 0.014084507042253521
0 0.128125 0.3657276995305164 0.01875 0.014084507042253521
0 0.0183375 0.6602253521126761 0.033225 0.016450704225352112
0 0.16875 0.4708920187793427 0.0125 0.010328638497652582
0 0.073975 0.5061032863849765 0.024337499999999998 0.013145539906103286
0 0.118125 0.5807511737089202 0.02125 0.006572769953051643
0 0.37875 0.4953051643192488 0.025 0.01596244131455399
0 0.5507500000000001 0.36544600938967137 0.0125 0.009389671361502348
0 0.446875 0.4422535211267606 0.00875 0.011267605633802818
0 0.42127499999999996 0.6275774647887324 0.01375 0.010328638497652582
0 0.42233750000000003 0.6082910798122066 0.015 0.011267605633802818
0 0.456875 0.48450704225352115 0.01375 0.009389671361502348
0 0.3708625 0.6656713615023475 0.015 0.011154929577464789
0 0.656875 0.428169014084507 0.01125 0.009389671361502348
0 0.408125 0.35352112676056335 0.01125 0.012206572769953052
0 0.39945 0.3596244131455399 0.0125 0.006882629107981221
0 0.4646875 0.35326760563380283 0.01175 0.007915492957746479
0 0.9375 0.5530516431924882 0.03 0.018779342723004695
0 0.955625 0.43615023474178405 0.01875 0.014084507042253521
0 0.991875 0.5098591549295775 0.01625 0.03380281690140845
0 0.726875 0.4422535211267606 0.00875 0.007511737089201878
0 0.99165 0.3232018779342723 0.0167 0.010544600938967136
0 0.6458875000000001 0.23087323943661972 0.013274999999999999 0.005455399061032863
0 0.6336125 0.2335962441314554 0.008275 0.009784037558685446
0 0.4549125 0.3271455399061033 0.011537500000000001 0.008938967136150234
0 0.47777500000000006 0.3509014084507042 0.012450000000000001 0.00872300469483568
0 0.4846375 0.3485352112676056 0.0063 0.0054647887323943664
0 0.48100000000000004 0.3428638497652582 0.0113375 0.009042253521126762
0 0.475675 0.3340845070422535 0.012175 0.0074647887323943665
0 0.4724625 0.3429671361502347 0.0068625000000000005 0.005671361502347418
0 0.45958750000000004 0.34381220657276995 0.0244875 0.008619718309859154
0 0.45482500000000003 0.3341877934272301 0.0113375 0.010197183098591548
0 0.464625 0.333981220657277 0.0077 0.009352112676056339
0 0.45630000000000004 0.3534272300469483 0.007837499999999999 0.005568075117370892
0 0.59735 0.4530234741784038 0.0047625 0.00276056338028169
0 0.4246625 0.5369295774647888 0.012325 0.01364319248826291
0 0.384425 0.520112676056338 0.026600000000000002 0.022910798122065725
0 0.34236249999999996 0.5243380281690141 0.012975 0.004384976525821596
0 0.05775 0.6436713615023474 0.010812500000000001 0.007474178403755869
0 0.090075 0.5063098591549297 0.0330875 0.014460093896713615
0 0.0024875 0.475924882629108 0.004975 0.008281690140845071
0 0.012849999999999999 0.23984037558685448 0.0257125 0.01499530516431925