0 0.8832 0.5318369259606374 0.09875 0.07380506091846298
1 0.5121625000000001 0.6413120899718837 0.2016 0.2792221180880975
0 0.846875 0.7825679475164011 0.10375 0.05810684161199625
0 0.63875 0.6255857544517338 0.05 0.04592314901593252
0 0.0628875 0.47570759137769447 0.11436249999999999 0.07716963448922212
0 0.9071875 0.667938144329897 0.1171875 0.0609746954076851
0 0.223125 0.36035613870665417 0.05875 0.05154639175257732
0 0.026875 0.8973758200562324 0.04375 0.02717900656044986
0 0.138125 0.29053420805998126 0.06875 0.056232427366447985
0 0.235 0.2928772258669166 0.0625 0.030927835051546393
0 0.614375 0.8017806935332709 0.09625 0.03280224929709466
0 0.724375 0.7497656982193065 0.08625 0.046860356138706656
1 0.7059000000000001 0.5696438612933458 0.26985 0.08903467666354264
0 0.3181625 0.6571134020618556 0.046174999999999994 0.045248359887535144
0 0.63625 0.7136832239925024 0.0575 0.03280224929709466
0 0.958125 0.5827085285848173 0.06875 0.015932521087160263
0 0.018125 0.6733833177132146 0.03625 0.02717900656044986
0 0.06125 0.851921274601687 0.045 0.031865042174320526
1 0.2567375 0.5961105904404873 0.038475 0.20252108716026243
1 0.4078875 0.4265510777881912 0.11206250000000001 0.1351921274601687
0 0.2799 0.3019868791002812 0.0295625 0.014348641049671977
0 0.596875 0.3158388003748828 0.01875 0.007497656982193065
0 0.7236499999999999 0.3113495782567947 0.017312499999999998 0.007104029990627929
0 0.769375 0.31208997188378634 0.02875 0.01499531396438613
0 0.259375 0.46016869728209936 0.02125 0.02436738519212746
0 0.0625 0.5641986879100281 0.0375 0.01874414245548266
0 0.0327375 0.6573664479850047 0.0354625 0.028884723523898783
0 0.275625 0.4119025304592315 0.02375 0.015932521087160263
0 0.316875 0.4119025304592315 0.02125 0.04217432052483599
0 0.181875 0.3434864104967198 0.03125 0.019681349578256794
0 0.213125 0.5970009372071228 0.01375 0.013120899718837863
0 0.080625 0.5791940018744143 0.02625 0.013120899718837863
0 0.290625 0.4287722586691659 0.01625 0.010309278350515464
0 0.250625 0.5440487347703843 0.01375 0.008434864104967198
0 0.154375 0.47141518275538896 0.02625 0.016869728209934397
0 0.1175 0.46860356138706655 0.0375 0.022492970946579195
0 0.595 0.5028116213683224 0.0325 0.02717900656044986
0 0.578125 0.5173383317713215 0.04375 0.016869728209934397
0 0.564375 0.4381443298969072 0.03375 0.019681349578256794
0 0.403125 0.4564198687910028 0.02375 0.03561387066541706
0 0.89125 0.41424554826616683 0.045 0.01874414245548266
0 0.836875 0.37207122774133083 0.03125 0.016869728209934397
0 0.989375 0.4198687910028116 0.01875 0.016869728209934397
0 0.090625 0.7010309278350515 0.02875 0.026241799437675725
0 0.20625 0.8917525773195877 0.045 0.014058106841611996
0 0.255625 0.795688847235239 0.03125 0.02436738519212746
0 0.069375 0.703842549203374 0.03375 0.020618556701030927
0 0.015 0.7277413308341143 0.03 0.02717900656044986
0 0.070625 0.7980318650421743 0.01875 0.01218369259606373
0 0.22 0.8744142455482662 0.02 0.01874414245548266
0 0.01375 0.7833739456419869 0.0275 0.020880974695407686
0 0.061637500000000005 0.6775913776944705 0.0271125 0.026579194001874414
0 0.200625 0.6968134957825679 0.01375 0.01780693533270853
0 0.42375 0.6888472352389878 0.02 0.013120899718837863
0 0.1957875 0.36168697282099344 0.030475 0.0188659793814433
0 0.32526249999999995 0.3628584817244611 0.03105 0.01769447047797563
0 0.03895 0.6350421743205249 0.0377375 0.021715089034676664
1 0.2150375 0.6422961574507967 0.045912499999999995 0.26481724461105904
0 0.4224875 0.6766541705716963 0.0184 0.01147141518275539
0 0.5204125 0.618406747891284 0.012924999999999999 0.007788191190253047
0 0.5808875 0.833223992502343 0.0404375 0.022380506091846296
0 0.8122875 0.6480037488284911 0.01585 0.01682286785379569
0 0.9938375 0.5208903467666354 0.012325 0.022005623242736645
0 0.7417374999999999 0.5709372071227742 0.0173625 0.008612933458294282
0 0.6521250000000001 0.5528303655107779 0.013274999999999999 0.009053420805998125
1 0.8436 0.6488847235238988 0.1888375 0.13244611059044048
1 0.7775624999999999 0.6611527647610123 0.2379375 0.16757263355201502
0 0.896425 0.4044985941893159 0.057562499999999996 0.014404873477038425
0 0.6983625000000001 0.378369259606373 0.013175 0.011565135895032802
0 0.7222875000000001 0.3047703842549203 0.0152375 0.00569821930646673
0 0.4337 0.45143392689784445 0.020025 0.025726335520149954