0 0.883125 0.5318650421743205 0.09875 0.07403936269915651
1 0.511875 0.6415182755388941 0.20125 0.27928772258669166
0 0.846875 0.7825679475164011 0.10375 0.05810684161199625
0 0.63875 0.6255857544517338 0.05 0.04592314901593252
0 0.063125 0.47563261480787256 0.11375 0.07685098406747891
0 0.9075 0.6677600749765699 0.1175 0.06091846298031865
0 0.223125 0.36035613870665417 0.05875 0.05154639175257732
0 0.026875 0.8973758200562324 0.04375 0.02717900656044986
0 0.138125 0.29053420805998126 0.06875 0.056232427366447985
0 0.235 0.2928772258669166 0.0625 0.030927835051546393
0 0.614375 0.8017806935332709 0.09625 0.03280224929709466
0 0.724375 0.7497656982193065 0.08625 0.046860356138706656
1 0.705625 0.569821930646673 0.27 0.08903467666354264
0 0.318125 0.6569821930646673 0.04625 0.04498594189315839
0 0.63625 0.7136832239925024 0.0575 0.03280224929709466
0 0.958125 0.5829428303655108 0.06875 0.015932521087160263
0 0.018125 0.6733833177132146 0.03625 0.02717900656044986
0 0.06125 0.851921274601687 0.045 0.031865042174320526
1 0.256875 0.5960637300843487 0.03875 0.20243673851921273
1 0.408125 0.42642924086223055 0.1125 0.13495782567947517
0 0.28 0.30178069353327086 0.03 0.014058106841611996
0 0.596875 0.3158388003748828 0.01875 0.007497656982193065
0 0.72375 0.31115276476101217 0.0175 0.007497656982193065
0 0.769375 0.31208997188378634 0.02875 0.01499531396438613
0 0.259375 0.46016869728209936 0.02125 0.02436738519212746
0 0.0625 0.5641986879100281 0.0375 0.01874414245548266
0 0.0325 0.6574507966260543 0.035 0.029053420805998126
0 0.275625 0.4119025304592315 0.02375 0.015932521087160263
0 0.316875 0.4119025304592315 0.02125 0.04217432052483599
0 0.181875 0.3434864104967198 0.03125 0.019681349578256794
0 0.213125 0.5970009372071228 0.01375 0.013120899718837863
0 0.080625 0.5791940018744143 0.02625 0.013120899718837863
0 0.290625 0.4287722586691659 0.01625 0.010309278350515464
0 0.250625 0.5440487347703843 0.01375 0.008434864104967198
0 0.154375 0.47141518275538896 0.02625 0.016869728209934397
0 0.1175 0.46860356138706655 0.0375 0.022492970946579195
0 0.595 0.5028116213683224 0.0325 0.02717900656044986
0 0.578125 0.5173383317713215 0.04375 0.016869728209934397
0 0.564375 0.4381443298969072 0.03375 0.019681349578256794
0 0.403125 0.4564198687910028 0.02375 0.03561387066541706
0 0.89125 0.41424554826616683 0.045 0.01874414245548266
0 0.836875 0.37207122774133083 0.03125 0.016869728209934397
0 0.989375 0.4198687910028116 0.01875 0.016869728209934397
0 0.090625 0.7010309278350515 0.02875 0.026241799437675725
0 0.20625 0.8917525773195877 0.045 0.014058106841611996
0 0.255625 0.795688847235239 0.03125 0.02436738519212746
0 0.069375 0.703842549203374 0.03375 0.020618556701030927
0 0.015 0.7277413308341143 0.03 0.02717900656044986
0 0.070625 0.7980318650421743 0.01875 0.01218369259606373
0 0.22 0.8744142455482662 0.02 0.01874414245548266
0 0.01375 0.7835051546391752 0.0275 0.020618556701030927
0 0.061875 0.6776007497656982 0.0275 0.026241799437675725
0 0.200625 0.6968134957825679 0.01375 0.01780693533270853
0 0.42375 0.6888472352389878 0.02 0.013120899718837863
0 0.195625 0.36176194939081535 0.03 0.01874414245548266
0 0.325 0.3626991565135895 0.03125 0.01780693533270853
0 0.03875 0.6349578256794751 0.0375 0.02155576382380506
1 0.215 0.6424554826616682 0.04625 0.26522961574507964
0 0.4225 0.676663542642924 0.01875 0.011246485473289597
0 0.520625 0.6185567010309279 0.0125 0.007497656982193065
0 0.580625 0.8331771321462043 0.04 0.022492970946579195
0 0.8125 0.648078725398313 0.01625 0.016869728209934397
0 0.99375 0.521087160262418 0.0125 0.02155576382380506
0 0.741875 0.5707591377694471 0.0175 0.008434864104967198
0 0.651875 0.5529522024367385 0.01375 0.00937207122774133
1 0.84375 0.6490159325210871 0.18875 0.13214620431115276
1 0.7775 0.6611996251171509 0.2375 0.16776007497656983
0 0.89625 0.4044048734770384 0.0575 0.014058106841611996
0 0.698125 0.3781630740393627 0.01375 0.011246485473289597
0 0.7225 0.3045923149015933 0.015 0.005623242736644799
0 0.43375 0.45126522961574506 0.02 0.02530459231490159