0 0.404375 0.7802249297094658 0.11125 0.08341143392689784
1 0.31125 0.48922211808809746 0.3975 0.18837863167760074
0 0.07875 0.718369259606373 0.09125 0.08528584817244611
0 0.315 0.5857544517338332 0.0675 0.04311152764761012
0 0.593125 0.1790065604498594 0.1175 0.09559512652296158
0 0.221875 0.7788191190253045 0.09625 0.09559512652296158
0 0.723125 0.3139643861293346 0.07625 0.05060918462980318
0 0.826875 0.260543580131209 0.08375 0.059044048734770385
0 0.810625 0.3322399250234302 0.05 0.05060918462980318
0 0.085625 0.5431115276476102 0.05625 0.07591377694470477
0 0.13875 0.6316776007497656 0.07375 0.07029053420805999
1 0.379375 0.6429240862230553 0.155 0.21274601686972822
0 0.318125 0.3430178069353327 0.06625 0.04029990627928772
0 0.19875 0.5712277413308341 0.05125 0.046860356138706656
0 0.3275 0.8284910965323337 0.03 0.053420805998125584
0 0.338125 0.11808809746954077 0.04125 0.030927835051546393
0 0.09625 0.12511715089034678 0.04875 0.03748828491096532
1 0.406875 0.30599812558575445 0.2725 0.05716963448922212
1 0.61 0.44189315838800375 0.19375 0.1021555763823805
0 0.7925 0.3641049671977507 0.0225 0.02436738519212746
0 0.73 0.5974695407685099 0.0125 0.01499531396438613
0 0.718125 0.6925960637300843 0.0125 0.014058106841611996
0 0.710625 0.7263355201499532 0.02375 0.023430178069353328
0 0.58625 0.3270852858481724 0.035 0.01874414245548266
0 0.47625 0.16635426429240863 0.03 0.02999062792877226
0 0.356875 0.13120899718837864 0.04375 0.02999062792877226
0 0.6475 0.3458294283036551 0.02375 0.019681349578256794
0 0.641875 0.37628865979381443 0.05875 0.02155576382380506
0 0.75125 0.28537956888472354 0.03 0.026241799437675725
0 0.411875 0.2736644798500469 0.01875 0.01218369259606373
0 0.45375 0.17760074976569823 0.02125 0.02155576382380506
0 0.623125 0.3542642924086223 0.01625 0.013120899718837863
0 0.47625 0.30880974695407687 0.0125 0.011246485473289597
0 0.585625 0.24742268041237114 0.02625 0.02155576382380506
0 0.595 0.22024367385192128 0.035 0.030927835051546393
0 0.483125 0.57029053420806 0.04 0.028116213683223992
0 0.46625 0.555763823805061 0.02875 0.03467666354264293
0 0.5725 0.556232427366448 0.03125 0.028116213683223992
0 0.57125 0.4339268978444236 0.05 0.022492970946579195
0 0.55875 0.8022492970946579 0.03125 0.03561387066541706
0 0.621875 0.7680412371134021 0.02625 0.02530459231490159
0 0.5375 0.8744142455482662 0.025 0.015932521087160263
0 0.29125 0.1682286785379569 0.03875 0.02530459231490159
0 0.14375 0.2774133083411434 0.03625 0.026241799437675725
0 0.290625 0.15182755388940955 0.0325 0.028116213683223992
0 0.266875 0.10824742268041238 0.04 0.026241799437675725
0 0.16625 0.13964386129334583 0.01875 0.015932521087160263
0 0.05 0.23992502343017807 0.015 0.015932521087160263
0 0.193125 0.09934395501405811 0.03125 0.023430178069353328
0 0.32625 0.14995313964386128 0.03875 0.02436738519212746
0 0.281875 0.25023430178069356 0.025 0.013120899718837863
0 0.26125 0.41705716963448924 0.02 0.016869728209934397
0 0.725 0.2933458294283037 0.02875 0.02530459231490159
0 0.705625 0.38940955951265227 0.0275 0.02530459231490159
0 0.38625 0.1387066541705717 0.03375 0.030927835051546393
1 0.35125 0.2685098406747891 0.35625 0.07122774133083412
0 0.2775 0.41799437675726336 0.0175 0.015932521087160263
0 0.340625 0.4985941893158388 0.01125 0.010309278350515464
0 0.04875 0.5135895032802249 0.035 0.03280224929709466
0 0.260625 0.711340206185567 0.025 0.014058106841611996
0 0.403125 0.8636363636363636 0.03 0.01218369259606373
0 0.373125 0.6696344892221181 0.01375 0.014058106841611996
0 0.40875 0.60543580131209 0.01375 0.011246485473289597
1 0.255625 0.7343017806935332 0.20125 0.1583880037488285
1 0.24875 0.6836925960637301 0.255 0.19962511715089035
0 0.57125 0.8074039362699157 0.02625 0.04498594189315839
0 0.633125 0.6640112464854733 0.01625 0.01218369259606373
0 0.726875 0.6925960637300843 0.01 0.01218369259606373
0 0.57375 0.457825679475164 0.03625 0.01874414245548266