0 0.785 0.15557638238050608 0.02875 0.020618556701030927
0 0.934375 0.3003748828491096 0.03625 0.03280224929709466
0 0.751875 0.2713214620431115 0.0325 0.019681349578256794
0 0.7325 0.28444236176194937 0.0325 0.01874414245548266
0 0.725 0.29990627928772257 0.02375 0.019681349578256794
0 0.789375 0.7774133083411434 0.04 0.019681349578256794
0 0.8775 0.8589503280224929 0.055 0.01218369259606373
0 0.545 0.2980318650421743 0.02625 0.019681349578256794
0 0.455625 0.17713214620431114 0.02 0.013120899718837863
0 0.61875 0.4076850984067479 0.025 0.014058106841611996
0 0.354375 0.85941893158388 0.025 0.023430178069353328
0 0.350625 0.8256794751640113 0.02125 0.019681349578256794
0 0.353125 0.7905342080599812 0.03 0.020618556701030927
0 0.200625 0.4498594189315839 0.03125 0.019681349578256794
0 0.181875 0.8678537956888472 0.0325 0.02999062792877226
0 0.256875 0.7642924086223055 0.01875 0.014058106841611996
0 0.568125 0.18228678537956888 0.10875 0.08903467666354264
0 0.289375 0.3467666354264292 0.12875 0.07685098406747891
0 0.968125 0.4906279287722587 0.06375 0.07403936269915651
0 0.726875 0.6841611996251171 0.1 0.06560449859418932
0 0.294375 0.5435801312089972 0.13625 0.06841611996251172
0 0.816875 0.32755388940955954 0.14125 0.07122774133083412
0 0.244375 0.17619493908153702 0.10375 0.07497656982193064
0 0.2575 0.6251171508903468 0.13375 0.07591377694470477
0 0.354375 0.717900656044986 0.11625 0.08247422680412371
0 0.17625 0.20759137769447047 0.09125 0.04873477038425492
0 0.365625 0.6077788191190253 0.0975 0.05529522024367385
0 0.53875 0.7539831302717901 0.09375 0.03280224929709466
0 0.284375 0.4775070290534208 0.095 0.06091846298031865
0 0.053125 0.4381443298969072 0.06625 0.059044048734770385
0 0.0625 0.556232427366448 0.08125 0.04592314901593252
0 0.60875 0.8495782567947516 0.055 0.02717900656044986
0 0.739375 0.7516401124648547 0.04 0.030927835051546393
0 0.6325 0.40815370196813494 0.015 0.008434864104967198
1 0.60125 0.4751640112464855 0.24625 0.17432052483598875
0 0.5125 0.5820056232427366 0.0275 0.014058106841611996
0 0.513125 0.5740393626991566 0.02 0.007497656982193065
0 0.396875 0.6794751640112465 0.02625 0.01499531396438613
0 0.075625 0.5299906279287723 0.01375 0.007497656982193065
0 0.3425 0.43486410496719774 0.01875 0.019681349578256794