0 0.81 0.28139810426540285 0.04 0.013033175355450236
0 0.75375 0.2787322274881517 0.0275 0.010071090047393365
0 0.304375 0.5136255924170616 0.02375 0.009478672985781991
0 0.29625 0.504739336492891 0.0225 0.008293838862559242
0 0.31875 0.3744075829383886 0.0175 0.01066350710900474
0 0.090625 0.44046208530805686 0.02125 0.008886255924170616
0 0.12625 0.33615521327014214 0.0425 0.012523696682464456
0 0.40875 0.5242890995260664 0.035 0.018957345971563982
0 0.430625 0.36700236966824645 0.01625 0.011255924170616114
0 0.6525 0.580568720379147 0.0225 0.009478672985781991
0 0.888125 0.5773104265402843 0.02625 0.013625592417061612
0 0.748125 0.5121445497630331 0.02375 0.012440758293838863
0 0.734375 0.33738151658767773 0.01625 0.008886255924170616
0 0.795625 0.7123815165876777 0.03375 0.020734597156398103
0 0.206875 0.5936018957345972 0.09375 0.06042654028436019
0 0.09175000000000001 0.6539040284360189 0.095 0.041469194312796206
0 0.6003625 0.6193661137440758 0.078225 0.04678909952606635
0 0.859375 0.4709715639810427 0.07375 0.04028436018957346
0 0.6375 0.32109004739336494 0.0675 0.034360189573459717
0 0.2175 0.21860189573459715 0.09 0.026066350710900472
0 0.44310000000000005 0.2325829383886256 0.15125 0.023696682464454975
0 0.6925 0.7037914691943128 0.045 0.018957345971563982
0 0.84 0.23074644549763032 0.0725 0.05509478672985782
0 0.20800000000000002 0.283175355450237 0.07745 0.02132701421800948
0 0.461875 0.5376362559241706 0.07625 0.10008293838862559
0 0.105625 0.5231042654028436 0.10125 0.06753554502369669
0 0.669375 0.5625 0.10625 0.030213270142180094
0 0.388125 0.5747985781990521 0.07125 0.12054502369668246
0 0.8775 0.3240521327014218 0.0575 0.04265402843601896
0 0.836875 0.33175355450236965 0.04875 0.041469194312796206
1 0.956225 0.554478672985782 0.08755 0.08180687203791469
0 0.48918750000000005 0.49697867298578197 0.0405625 0.0192239336492891
0 0.5950375 0.4498578199052133 0.030662500000000002 0.0075
0 0.8327125 0.5226481042654029 0.0282 0.010550947867298578
0 0.8265375 0.5322571090047393 0.030662500000000002 0.009609004739336492
0 0.1370125 0.735154028436019 0.028687499999999998 0.010781990521327015
0 0.638075 0.35972156398104266 0.016812499999999998 0.010082938388625591
0 0.5794625 0.3271386255924171 0.006424999999999999 0.011954976303317535
0 0.6722 0.23008886255924169 0.020775000000000002 0.00773696682464455
1 0.9622375 0.3565580568720379 0.07552500000000001 0.03563388625592417
0 0.9971 0.45806279620853085 0.0057875 0.015941943127962085