0 0.846875 0.41705716963448924 0.02 0.01218369259606373
0 0.996875 0.7919400187441424 0.00625 0.01499531396438613
0 0.309375 0.2717900656044986 0.04375 0.02717900656044986
0 0.3425 0.5379568884723523 0.0325 0.023430178069353328
0 0.39625 0.8214620431115276 0.02375 0.01874414245548266
0 0.650625 0.7305529522024368 0.0175 0.014058106841611996
0 0.57125 0.837394564198688 0.02 0.014058106841611996
0 0.17375 0.2970946579194002 0.04 0.02999062792877226
0 0.1825 0.8078725398313027 0.02625 0.01780693533270853
0 0.2725 0.7985004686035614 0.04 0.020618556701030927
0 0.17375 0.8261480787253983 0.02875 0.015932521087160263
1 0.348125 0.18697282099343954 0.17875 0.11808809746954077
0 0.411875 0.4550140581068416 0.1075 0.07029053420805999
0 0.436875 0.7019681349578257 0.09125 0.08059981255857544
0 0.50625 0.43252108716026244 0.10375 0.08434864104967198
0 0.338125 0.802717900656045 0.10125 0.07029053420805999
0 0.653125 0.3331771321462043 0.05125 0.038425492033739454
0 0.430625 0.7333645735707591 0.06 0.056232427366447985
0 0.0075 0.2717900656044986 0.015 0.05060918462980318
0 0.9275 0.2778819119025305 0.04375 0.038425492033739454
0 0.6975 0.8392689784442362 0.1375 0.05716963448922212
0 0.156875 0.3289597000937207 0.035 0.04311152764761012
0 0.460625 0.5098406747891284 0.04125 0.03467666354264293
0 0.045625 0.6134020618556701 0.01625 0.01499531396438613
0 0.08125 0.8673851921274601 0.02125 0.016869728209934397
0 0.64 0.8439550140581068 0.07 0.05248359887535145
0 0.563125 0.598875351452671 0.01125 0.010309278350515464
0 0.335 0.5581068416119962 0.03375 0.02155576382380506
0 0.315 0.5431115276476102 0.0225 0.022492970946579195
0 0.515 0.823805060918463 0.97 0.05998125585754452