0 0.67875 0.944236176194939 0.0375 0.029053420805998126
0 0.845 0.9179943767572634 0.05 0.02436738519212746
0 0.41375 0.9067478912839737 0.01875 0.014058106841611996
0 0.57375 0.7671040299906279 0.01625 0.014058106841611996
0 0.22 0.8898781630740393 0.04 0.019681349578256794
0 0.059375 0.8458294283036552 0.02 0.016869728209934397
0 0.8225 0.38191190253045926 0.035 0.031865042174320526
0 0.46625 0.3786316776007498 0.03 0.023430178069353328
0 0.084375 0.38940955951265227 0.025 0.01780693533270853
0 0.178125 0.5880974695407685 0.0175 0.01218369259606373
0 0.045 0.5182755388940956 0.01875 0.014058106841611996
0 0.803125 0.2778819119025305 0.03875 0.029053420805998126
0 0.125 0.2310215557638238 0.02375 0.019681349578256794
0 0.128125 0.29896907216494845 0.02625 0.02999062792877226
0 0.10125 0.2225866916588566 0.02125 0.02155576382380506
1 0.926875 0.41940018744142454 0.14625 0.1302717900656045
0 0.569375 0.43908153701968133 0.09125 0.07778819119025304
0 0.23875 0.43158388003748827 0.10375 0.06654170571696345
0 0.58875 0.5117150890346767 0.11 0.07497656982193064
0 0.115625 0.3477038425492034 0.09125 0.07310215557638237
0 0.705 0.6316776007497656 0.04875 0.03655107778819119
0 0.1975 0.4240862230552952 0.07375 0.04311152764761012
0 0.854375 0.14432989690721648 0.06625 0.03467666354264293
0 0.75 0.8416119962511716 0.05 0.030927835051546393
0 0.0325 0.6119962511715089 0.065 0.10121836925960637
0 0.7625 0.2619493908153702 0.05625 0.02530459231490159
0 0.490625 0.46954076850984067 0.045 0.02999062792877226
0 0.87875 0.10918462980318651 0.04625 0.02436738519212746
0 0.396875 0.14948453608247422 0.01875 0.01218369259606373
0 0.056875 0.14948453608247422 0.0225 0.015932521087160263
0 0.03125 0.5684161199625117 0.0625 0.05154639175257732
0 0.09625 0.8781630740393627 0.01625 0.011246485473289597
0 0.31 0.9133083411433927 0.0125 0.011246485473289597
0 0.318125 0.9161199625117151 0.01 0.013120899718837863
0 0.361875 0.5365510777881912 0.0125 0.007497656982193065
0 0.440625 0.3711340206185567 0.0275 0.02530459231490159
0 0.4625 0.35754451733833176 0.03 0.015932521087160263
0 0.069375 0.45735707591377694 0.0475 0.7900656044985942