0 0.300625 0.06091846298031865 0.03625 0.028116213683223992
0 0.135625 0.09137769447047797 0.04875 0.023430178069353328
0 0.5675 0.09137769447047797 0.0175 0.014058106841611996
0 0.41375 0.23477038425492033 0.015 0.014058106841611996
0 0.761875 0.10309278350515463 0.03875 0.01874414245548266
0 0.924225 0.14276476101218372 0.01905 0.01626054358013121
0 0.183125 0.6265229615745079 0.03375 0.030927835051546393
0 0.539375 0.6204311152764761 0.02875 0.022492970946579195
0 0.920625 0.5998125585754451 0.02375 0.016869728209934397
0 0.8175 0.4034676663542643 0.0175 0.01218369259606373
0 0.95375 0.4700093720712277 0.0175 0.014058106841611996
0 0.2075 0.7300843486410497 0.0375 0.028116213683223992
0 0.8875 0.7591377694470478 0.0225 0.01874414245548266
0 0.88125 0.6911902530459232 0.025 0.029053420805998126
0 0.91125 0.7666354264292409 0.02 0.020618556701030927
1 0.073125 0.5918462980318651 0.14625 0.12652296157450796
0 0.43375 0.5627928772258669 0.0875 0.07591377694470477
0 0.764375 0.5613870665417057 0.10125 0.06373008434864105
0 0.410625 0.4906279287722587 0.10625 0.07216494845360824
0 0.89125 0.6419868791002812 0.0875 0.07122774133083412
0 0.28875 0.3739456419868791 0.0475 0.03561387066541706
0 0.805625 0.5679475164011246 0.07125 0.041237113402061855
0 0.1625 0.8645735707591378 0.065 0.03280224929709466
0 0.234375 0.16494845360824742 0.04875 0.02999062792877226
0 0.965 0.37582005623242737 0.0675 0.09934395501405811
0 0.24875 0.7446110590440488 0.055 0.023430178069353328
0 0.510625 0.5299906279287723 0.04375 0.029053420805998126
0 0.139375 0.9005342080599813 0.0454 0.02374882849109653
0 0.6192875 0.8474882849109653 0.019 0.011087160262417994
0 0.95955 0.8389784442361763 0.02165 0.015435801312089971
0 0.8983 0.9940018744142455 0.0248125 0.01198687910028116
0 0.9677625000000001 0.4195876288659794 0.064475 0.04987816307403936
0 0.8859 0.11163074039362698 0.0158375 0.011087160262417994
0 0.6707625 0.08194001874414246 0.0121375 0.011087160262417994
0 0.6625749999999999 0.07896907216494846 0.0095 0.013064667291471415
0 0.6364375 0.4595688847235239 0.0121375 0.007122774133083411
0 0.565725 0.6274976569821931 0.026612499999999997 0.024001874414245547
0 0.5445125000000001 0.6416682286785379 0.0281625 0.015332708528584817
0 0.9325375 0.5315276476101218 0.0118625 0.7899531396438613