0 0.8575 0.13214620431115276 0.03875 0.02999062792877226
0 0.79125 0.1696344892221181 0.035 0.028116213683223992
0 0.7825 0.528584817244611 0.03375 0.02717900656044986
0 0.9075 0.5970009372071228 0.0375 0.028116213683223992
0 0.883125 0.6499531396438613 0.02125 0.013120899718837863
0 0.431875 0.19821930646672914 0.015 0.011246485473289597
0 0.62125 0.25023430178069356 0.03125 0.02530459231490159
0 0.445625 0.25257731958762886 0.02625 0.02155576382380506
0 0.47125 0.15510777881911902 0.02625 0.01874414245548266
0 0.36 0.3739456419868791 0.02375 0.016869728209934397
0 0.290625 0.19212746016869728 0.01625 0.013120899718837863
0 0.606875 0.2839737582005623 0.0175 0.01218369259606373
0 0.528125 0.13074039362699155 0.055 0.026241799437675725
0 0.619375 0.5051546391752577 0.0225 0.011246485473289597
0 0.690625 0.521087160262418 0.02 0.01499531396438613
0 0.381875 0.5998125585754451 0.02125 0.016869728209934397
0 0.21 0.2839737582005623 0.0175 0.01218369259606373
1 0.3975 0.394095595126523 0.30625 0.1949390815370197
1 0.685625 0.662605435801312 0.12125 0.08903467666354264
1 0.176875 0.7783505154639175 0.1675 0.13402061855670103
0 0.69125 0.24742268041237114 0.1 0.05529522024367385
1 0.56 0.7202436738519212 0.17625 0.14058106841611998
0 0.609375 0.33552014995313967 0.09875 0.07403936269915651
1 0.9275 0.725398313027179 0.145 0.18556701030927836
1 0.1875 0.2169634489222118 0.1175 0.08997188378631678
1 0.13375 0.8678537956888472 0.11375 0.08528584817244611
0 0.73375 0.28116213683223995 0.1025 0.04779756326148079
0 0.893125 0.6813495782567948 0.08125 0.05060918462980318
0 0.310625 0.4817244611059044 0.08625 0.08716026241799438
1 0.565 0.3444236176194939 0.39875 0.19868791002811623
0 0.96375 0.662136832239925 0.0725 0.04967197750702906
0 0.720625 0.563730084348641 0.07875 0.044048734770384255
0 0.355 0.2914714151827554 0.03875 0.03280224929709466
0 0.8975 0.12933458294283037 0.02625 0.023430178069353328
0 0.9275 0.44798500468603564 0.01375 0.010309278350515464
0 0.904375 0.45454545454545453 0.01375 0.010309278350515464
0 0.89625 0.4592314901593252 0.02 0.015932521087160263
0 0.794375 0.5862230552952202 0.065 0.044048734770384255
1 0.761875 0.6087160262417994 0.18875 0.12558575445173384
0 0.675 0.5220243673851921 0.0175 0.013120899718837863
0 0.458125 0.521087160262418 0.00875 0.01218369259606373
1 0.39125 0.5445173383317713 0.205 0.1527647610121837
0 0.286875 0.4062792877225867 0.01125 0.01218369259606373
0 0.47875 0.4611059044048735 0.01625 0.006560449859418931
0 0.32125 0.29615745079662603 0.0375 0.030927835051546393
1 0.56125 0.33973758200562326 0.225 0.13120899718837864
1 0.079375 0.26101218369259604 0.15875 0.15651358950328023
0 0.11 0.23945641986879102 0.015 0.011246485473289597