0 0.990625 0.7544517338331771 0.01875 0.02999062792877226
0 0.950625 0.7066541705716963 0.03875 0.02717900656044986
0 0.47125 0.7127460168697282 0.03625 0.026241799437675725
0 0.385 0.8088097469540768 0.03875 0.029053420805998126
0 0.19125 0.9287722586691659 0.05625 0.023430178069353328
0 0.31375 0.7919400187441424 0.0175 0.016869728209934397
0 0.9 0.4381443298969072 0.01625 0.01218369259606373
0 0.836875 0.5820056232427366 0.035 0.02436738519212746
0 0.828125 0.450796626054358 0.03 0.020618556701030927
0 0.95875 0.4662605435801312 0.02625 0.020618556701030927
0 0.663125 0.39034676663542645 0.0225 0.01780693533270853
0 0.903125 0.33270852858481725 0.01875 0.01218369259606373
0 0.791875 0.5726335520149953 0.01625 0.014058106841611996
0 0.9875 0.5084348641049672 0.025 0.04217432052483599
0 0.4975 0.5895032802249297 0.01625 0.016869728209934397
0 0.478125 0.6433926897844423 0.02 0.01499531396438613
0 0.363125 0.4147141518275539 0.0225 0.015932521087160263
0 0.7775 0.2755388940955951 0.0175 0.014058106841611996
1 0.6375 0.41940018744142454 0.26875 0.23430178069353327
1 0.289375 0.6443298969072165 0.1225 0.09278350515463918
1 0.1175 0.267572633552015 0.1825 0.12933458294283037
0 0.84375 0.6344892221180881 0.07625 0.07591377694470477
1 0.20875 0.5524835988753515 0.1925 0.1358950328022493
0 0.723125 0.5759137769447048 0.10125 0.07591377694470477
1 0.21875 0.8626991565135895 0.25875 0.18275538894095594
1 0.86625 0.25585754451733833 0.1225 0.08997188378631678
1 0.0275 0.2380506091846298 0.055 0.08809746954076851
0 0.8 0.6672914714151827 0.0675 0.07778819119025304
0 0.271875 0.8008434864104967 0.07 0.06279287722586692
0 0.518125 0.35754451733833176 0.1175 0.06747891283973759
1 0.71 0.5435801312089972 0.2775 0.3036551077788191
0 0.300625 0.8552014995313965 0.06875 0.05998125585754452
0 0.4225 0.6677600749765699 0.06125 0.06091846298031865
0 0.773125 0.38425492033739456 0.045 0.02999062792877226
0 0.995625 0.7849109653233365 0.00875 0.019681349578256794
0 0.584375 0.8181818181818182 0.01375 0.010309278350515464
0 0.574375 0.8013120899718837 0.01375 0.010309278350515464
0 0.568125 0.795688847235239 0.02125 0.01499531396438613
0 0.395625 0.7235238987816307 0.06125 0.04967197750702906
1 0.364375 0.7000937207122774 0.1725 0.14526710402999063
0 0.476875 0.6316776007497656 0.01875 0.014058106841611996
0 0.47 0.46954076850984067 0.01625 0.007497656982193065
1 0.436875 0.42033739456419866 0.20875 0.15745079662605435
0 0.6175 0.33692596063730085 0.01625 0.00937207122774133
0 0.55125 0.48266166822867856 0.01 0.01218369259606373
0 0.765625 0.358950328022493 0.0425 0.029053420805998126
1 0.71625 0.5402999062792877 0.18125 0.17150890346766634
1 0.803125 0.16073102155576383 0.215 0.15463917525773196
0 0.83375 0.19868791002811623 0.01625 0.01218369259606373