0 0.056875 0.1893158388003749 0.03625 0.026241799437675725
0 0.098125 0.24320524835988752 0.03375 0.023430178069353328
0 0.5725 0.293477038425492 0.0325 0.02274601686972821
0 0.6778875 0.20852858481724462 0.034237500000000004 0.02530459231490159
0 0.894375 0.11293345829428304 0.05375 0.01780693533270853
0 0.745 0.23336457357075913 0.015 0.01499531396438613
0 0.091875 0.514058106841612 0.01375 0.010309278350515464
0 0.184375 0.3795688847235239 0.03125 0.020618556701030927
0 0.165625 0.5103092783505154 0.02625 0.01780693533270853
0 0.04 0.4793814432989691 0.0225 0.01780693533270853
0 0.31625 0.5890346766635426 0.02 0.015932521087160263
0 0.066875 0.6182474226804123 0.01625 0.009990627928772259
0 0.226875 0.394095595126523 0.01375 0.01218369259606373
0 0.014375 0.4339268978444236 0.02875 0.03936269915651359
0 0.52125 0.4119025304592315 0.0125 0.015932521087160263
0 0.55125 0.36082474226804123 0.0175 0.013120899718837863
0 0.6175 0.6002811621368322 0.02 0.014058106841611996
0 0.17875 0.6893158388003748 0.015 0.01218369259606373
1 0.3476875 0.5634301780693532 0.2278625 0.20958762886597937
1 0.738125 0.3817525773195876 0.10625 0.08121836925960638
1 0.829375 0.774601686972821 0.16125 0.11152764761012184
0 0.18875 0.3270852858481724 0.0625 0.06935332708528585
1 0.79875 0.48219306466729145 0.17 0.11715089034676664
0 0.295625 0.39878163074039363 0.08875 0.06654170571696345
1 0.8536125 0.17487347703842548 0.22917500000000002 0.15767572633552016
1 0.0875 0.6982193064667291 0.1075 0.07872539831302718
1 0.9425 0.817244611059044 0.1025 0.07685098406747891
0 0.23875 0.2994376757263355 0.0525 0.07216494845360824
0 0.788125 0.2296157450796626 0.05875 0.056232427366447985
0 0.4525 0.6387066541705717 0.1075 0.05529522024367385
1 0.3016125 0.432680412371134 0.2217625 0.28076850984067475
0 0.77125 0.1724461105904405 0.0575 0.05435801312089972
0 0.61125 0.3434864104967198 0.05 0.05529522024367385
0 0.20642499999999997 0.5824273664479851 0.040337500000000005 0.02521087160262418
0 0.057675000000000004 0.15871602624179942 0.0288875 0.01670103092783505
0 0.48316249999999994 0.17585754451733832 0.0120625 0.009840674789128397
0 0.489375 0.19355201499531396 0.0120625 0.009634489222118087
0 0.4941375 0.2002717900656045 0.0186375 0.013205248359887536
0 0.6498 0.2914620431115277 0.051925 0.04410496719775071
1 0.6754000000000001 0.31805998125585755 0.1477625 0.1296626054358013
0 0.5508375 0.3726710402999063 0.015700000000000002 0.01182755388940956
0 0.5232125 0.5336832239925023 0.0146 0.005726335520149953
1 0.5458875 0.5863261480787254 0.182875 0.1373477038425492
0 0.35017499999999996 0.6473664479850046 0.014612499999999999 0.007207122774133084
0 0.445475 0.5110684161199625 0.0076500000000000005 0.011499531396438613
0 0.20803750000000001 0.6081443298969073 0.0376625 0.025716963448922214
1 0.2951125 0.43491096532333645 0.15185 0.15599812558575443
1 0.1302875 0.7996344892221181 0.1887375 0.1338800374882849
0 0.10723750000000001 0.7588940955951265 0.01315 0.010731021555763822