0 0.190475 0.12468603561387066 0.035775 0.011330834114339269
0 0.10092499999999999 0.1603373945641987 0.03685 0.018894095595126524
0 0.700625 0.302717900656045 0.03375 0.01874414245548266
0 0.715 0.20524835988753515 0.0325 0.01874414245548266
0 0.76125 0.11152764761012184 0.015 0.011246485473289597
0 0.804375 0.4568884723523899 0.03875 0.029053420805998126
0 0.791875 0.4029990627928772 0.01375 0.013120899718837863
0 0.893125 0.6490159325210871 0.01875 0.010309278350515464
0 0.913125 0.7150890346766635 0.02125 0.011246485473289597
0 0.905 0.6822867853795689 0.0225 0.011246485473289597
0 0.69625 0.7980318650421743 0.01 0.006560449859418931
0 0.839375 0.5998125585754451 0.04375 0.028116213683223992
0 0.292025 0.21519212746016872 0.013112500000000001 0.032970946579194
0 0.2789125 0.2240112464854733 0.0146625 0.015332708528584817
0 0.8255374999999999 0.5410121836925961 0.0424375 0.028059981255857545
0 0.92545 0.7825210871602625 0.03935 0.026316776007497655
0 0.6272625000000001 0.8532427366447984 0.013887499999999999 0.011565135895032802
0 0.6243625 0.5608247422680412 0.0111875 0.011565135895032802
0 0.42723750000000005 0.49979381443298965 0.009649999999999999 0.008097469540768511
0 0.42762500000000003 0.4922774133083411 0.0111875 0.009259606373008435
0 0.32636249999999994 0.4529428303655108 0.0108 0.009259606373008435
0 0.3277125 0.4438331771321462 0.016587499999999998 0.007806935332708528
0 0.1788 0.39451733833177133 0.016587499999999998 0.008678537956888471