0 0.055625 0.7380506091846298 0.04375 0.02717900656044986
0 0.18875 0.7286785379568884 0.0425 0.01780693533270853
0 0.11 0.6443298969072165 0.0275 0.019681349578256794
0 0.013125 0.6747891283973758 0.02625 0.016869728209934397
0 0.009375 0.6902530459231491 0.01875 0.01780693533270853
0 0.1025 0.7764761012183693 0.01 0.007497656982193065
0 0.114375 0.3537956888472352 0.06 0.02155576382380506
0 0.211875 0.5857544517338332 0.02125 0.015932521087160263
0 0.1425 0.42924086223055297 0.0425 0.028116213683223992
0 0.300625 0.1471415182755389 0.01625 0.01218369259606373
0 0.16 0.22164948453608246 0.0225 0.014058106841611996
0 0.265625 0.2778819119025305 0.05375 0.020618556701030927
0 0.53 0.669165885660731 0.025 0.022492970946579195
0 0.55125 0.7263355201499532 0.02625 0.020618556701030927
0 0.6525 0.8050609184629803 0.02625 0.019681349578256794
0 0.4825 0.6794751640112465 0.0225 0.02155576382380506
0 0.435 0.6921274601686973 0.0325 0.013120899718837863
0 0.505625 0.6757263355201499 0.02375 0.020618556701030927
0 0.695 0.6785379568884724 0.01875 0.013120899718837863
0 0.41 0.7029053420805998 0.01875 0.01780693533270853
0 0.35125 0.7399250234301781 0.0175 0.01499531396438613
0 0.56625 0.6218369259606373 0.04 0.019681349578256794
0 0.498125 0.47563261480787256 0.03125 0.020618556701030927
0 0.591875 0.60543580131209 0.02 0.01499531396438613
0 0.30625 0.6063730084348641 0.02875 0.010309278350515464
0 0.599375 0.5384254920337395 0.0225 0.01218369259606373
0 0.525 0.45220243673851923 0.02 0.013120899718837863
0 0.3825 0.48125585754451733 0.02125 0.011246485473289597
0 0.381875 0.260543580131209 0.0325 0.023430178069353328
0 0.429375 0.26804123711340205 0.0225 0.01499531396438613
0 0.70875 0.28350515463917525 0.01875 0.010309278350515464
0 0.648125 0.26522961574507964 0.01875 0.010309278350515464
0 0.52875 0.2736644798500469 0.015 0.011246485473289597
0 0.429375 0.27835051546391754 0.02 0.011246485473289597
0 0.84875 0.8758200562324273 0.02625 0.020618556701030927
0 0.70375 0.7919400187441424 0.0275 0.020618556701030927
0 0.79125 0.6452671040299907 0.02625 0.01874414245548266
0 0.845 0.5168697282099344 0.025 0.019681349578256794
0 0.861875 0.5379568884723523 0.02125 0.01780693533270853
0 0.823125 0.6021555763823805 0.02125 0.01780693533270853
0 0.74125 0.5538894095595126 0.01875 0.016869728209934397
0 0.856875 0.24976569821930647 0.025 0.01499531396438613
0 0.69125 0.5932521087160263 0.085 0.06091846298031865
0 0.636875 0.5 0.09 0.07872539831302718
0 0.7025 0.4268978444236176 0.15125 0.12839737582005623
0 0.025 0.31021555763823805 0.01125 0.010309278350515464
0 0.02625 0.29896907216494845 0.01125 0.008434864104967198
0 0.080625 0.21743205248359887 0.045 0.028116213683223992
0 0.136875 0.33598875351452673 0.02 0.011246485473289597
0 0.235 0.28959700093720714 0.03 0.01218369259606373
0 0.40875 0.2647610121836926 0.01375 0.008434864104967198
0 0.586875 0.24461105904404873 0.0325 0.014058106841611996
0 0.57125 0.2591377694470478 0.07375 0.023430178069353328
0 0.623125 0.49343955014058105 0.0125 0.01499531396438613
0 0.64125 0.47891283973758203 0.0575 0.041237113402061855
0 0.4625 0.5440487347703843 0.015 0.014058106841611996
0 0.465625 0.5515463917525774 0.0125 0.01218369259606373
0 0.74625 0.5731021555763823 0.02 0.016869728209934397
0 0.8575 0.23945641986879102 0.02 0.013120899718837863
0 0.106875 0.7839737582005624 0.01125 0.00937207122774133
0 0.36375 0.85941893158388 0.0125 0.00937207122774133