0 0.915625 0.7656982193064668 0.03875 0.03467666354264293
0 0.87125 0.6715089034676663 0.02625 0.03280224929709466
0 0.78125 0.7488284910965324 0.0275 0.02155576382380506
0 0.848125 0.8209934395501406 0.0275 0.04217432052483599
0 0.866875 0.8144329896907216 0.02625 0.02436738519212746
0 0.95375 0.7221180880974696 0.01 0.007497656982193065
0 0.404375 0.8158388003748829 0.0325 0.04592314901593252
0 0.680625 0.6888472352389878 0.0225 0.016869728209934397
0 0.494375 0.7774133083411434 0.04 0.033739456419868794
0 0.091875 0.7300843486410497 0.0175 0.013120899718837863
0 0.2225 0.8149015932521088 0.02 0.01780693533270853
0 0.26875 0.7244611059044048 0.03 0.041237113402061855
0 0.71125 0.4372071227741331 0.0325 0.019681349578256794
0 0.780625 0.4076850984067479 0.02875 0.020618556701030927
0 0.8575 0.31537019681349576 0.0275 0.020618556701030927
0 0.73625 0.46954076850984067 0.03 0.01780693533270853
0 0.764375 0.5009372071227741 0.02 0.02530459231490159
0 0.72625 0.45313964386129335 0.02875 0.01874414245548266
0 0.68375 0.3149015932521087 0.01875 0.01499531396438613
0 0.784375 0.5164011246485474 0.025 0.01499531396438613
0 0.84625 0.5501405810684161 0.02125 0.014058106841611996
0 0.641875 0.42221180880974696 0.02875 0.030927835051546393
0 0.46875 0.5074976569821931 0.02875 0.02436738519212746
0 0.61375 0.4076850984067479 0.02125 0.015932521087160263
0 0.684375 0.6152764761012184 0.015 0.02155576382380506
0 0.525625 0.41799437675726336 0.01875 0.01780693533270853
0 0.431875 0.49343955014058105 0.01875 0.015932521087160263
0 0.504375 0.5899718837863168 0.01625 0.016869728209934397
0 0.21875 0.6438612933458294 0.0325 0.02530459231490159
0 0.216875 0.6077788191190253 0.02125 0.01780693533270853
0 0.169375 0.4006560449859419 0.015 0.014058106841611996
0 0.16 0.4493908153701968 0.015 0.014058106841611996
0 0.2 0.5337394564198688 0.01625 0.01218369259606373
0 0.230625 0.604967197750703 0.01625 0.015932521087160263
0 0.901875 0.15510777881911902 0.02875 0.020618556701030927
0 0.828125 0.28116213683223995 0.02875 0.02155576382380506
0 0.6175 0.2530459231490159 0.02625 0.02155576382380506
0 0.43875 0.2450796626054358 0.02875 0.019681349578256794
0 0.46125 0.22727272727272727 0.025 0.016869728209934397
0 0.55375 0.24039362699156513 0.025 0.016869728209934397
0 0.51125 0.31115276476101217 0.02375 0.01499531396438613
0 0.09 0.30084348641049674 0.02125 0.019681349578256794
0 0.575 0.338331771321462 0.08625 0.06747891283973759
0 0.985 0.8144329896907216 0.03 0.05248359887535145
0 0.466875 0.4006560449859419 0.11 0.07216494845360824
0 0.35625 0.37066541705716965 0.18 0.12089971883786317
0 0.37125 0.8992502343017807 0.0175 0.02530459231490159
0 0.355625 0.8969072164948454 0.01375 0.016869728209934397
0 0.235625 0.8734770384254921 0.04 0.03561387066541706
0 0.375625 0.8036551077788191 0.01625 0.015932521087160263
0 0.291875 0.7432052483598875 0.0175 0.022492970946579195
0 0.218125 0.6232427366447985 0.01125 0.010309278350515464
0 0.14875 0.4985941893158388 0.02125 0.02530459231490159
0 0.17125 0.506560449859419 0.03625 0.05529522024367385
0 0.461875 0.4119025304592315 0.02 0.010309278350515464
0 0.438125 0.40253045923149017 0.0575 0.04592314901593252
0 0.56625 0.5168697282099344 0.02 0.01218369259606373
0 0.575 0.5126522961574508 0.01625 0.010309278350515464
0 0.535 0.30318650421743204 0.02375 0.015932521087160263
0 0.07625 0.30318650421743204 0.01875 0.015932521087160263
0 0.963125 0.7174320524835989 0.0125 0.008434864104967198
0 0.995625 0.5117150890346767 0.00875 0.00937207122774133