0 0.145 0.1888472352389878 0.0325 0.030927835051546393
0 0.16875 0.2872539831302718 0.02 0.030927835051546393
0 0.274375 0.2211808809746954 0.02375 0.01874414245548266
0 0.223125 0.14198687910028115 0.01875 0.04029990627928772
0 0.203125 0.14620431115276475 0.02125 0.022492970946579195
0 0.098125 0.22727272727272727 0.00875 0.006560449859418931
0 0.66035 0.1991565135895033 0.0232 0.044048734770384255
0 0.36125 0.2924086223055295 0.02 0.01499531396438613
0 0.563125 0.2268041237113402 0.03375 0.02999062792877226
0 0.95125 0.32052483598875353 0.015 0.011246485473289597
0 0.84 0.22164948453608246 0.0175 0.015932521087160263
0 0.775 0.3055295220243674 0.0225 0.03936269915651359
0 0.278125 0.5370196813495782 0.02875 0.016869728209934397
0 0.20375 0.5581068416119962 0.025 0.01780693533270853
0 0.108125 0.64058106841612 0.02375 0.01780693533270853
0 0.26 0.5023430178069354 0.0275 0.01499531396438613
0 0.23875 0.4681349578256795 0.015 0.023430178069353328
0 0.266875 0.5196813495782568 0.02625 0.015932521087160263
0 0.2800875 0.6612652296157451 0.01625 0.013120899718837863
0 0.2225 0.45032802249297094 0.0225 0.01218369259606373
0 0.168125 0.41002811621368324 0.01875 0.01218369259606373
0 0.34375 0.5599812558575445 0.0225 0.029053420805998126
0 0.5325 0.49625117150890347 0.025 0.02155576382380506
0 0.368125 0.577788191190253 0.01875 0.014058106841611996
0 0.341875 0.36457357075913777 0.01125 0.020618556701030927
0 0.4575 0.577788191190253 0.015 0.015932521087160263
0 0.565625 0.5147328959700094 0.01625 0.014058106841611996
0 0.514375 0.4104967197750703 0.01375 0.01499531396438613
0 0.808125 0.3908153701968135 0.02875 0.022492970946579195
0 0.801875 0.4268978444236176 0.01875 0.015932521087160263
0 0.8057125 0.6367666354264292 0.0125 0.013120899718837863
0 0.825175 0.5899062792877225 0.0125 0.013120899718837863
0 0.803125 0.5018744142455482 0.01375 0.010309278350515464
0 0.788125 0.42783505154639173 0.01375 0.014058106841611996
0 0.03125 0.7933458294283037 0.025 0.01780693533270853
0 0.13 0.6776007497656982 0.025 0.01874414245548266
0 0.332225 0.7300843486410497 0.021949999999999997 0.01874414245548266
0 0.5075 0.7591377694470478 0.025 0.016869728209934397
0 0.48125 0.7736644798500468 0.0225 0.014058106841611996
0 0.3925 0.7502343017806935 0.0225 0.014058106841611996
0 0.449375 0.6850984067478912 0.02125 0.013120899718837863
0 0.8636750000000001 0.7446110590440488 0.01735 0.01780693533270853
0 0.3925 0.6508903467666354 0.075 0.059044048734770385
0 0.065 0.12933458294283037 0.065 0.04498594189315839
0 0.5117 0.6019587628865979 0.09910000000000001 0.060777881911902525
0 0.6149125 0.6445923149015932 0.159825 0.10268978444236175
0 0.7106125 0.12109653233364574 0.012762500000000001 0.024526710402999065
0 0.7258625000000001 0.12531396438612935 0.010075 0.016101218369259606
0 0.8389875000000001 0.16223055295220243 0.0341125 0.032174320524835986
0 0.6865375 0.21477038425492034 0.013825 0.014517338331771322
0 0.7563500000000001 0.28375820056232426 0.01435 0.021724461105904404
0 0.804225 0.41152764761012184 0.0106 0.009315838800374883
0 0.84675 0.5426897844423617 0.016475 0.02374882849109653
0 0.8261624999999999 0.532464854732896 0.025575 0.053036551077788194
0 0.5191 0.5912183692596064 0.0192 0.008491096532333646
0 0.5404875 0.6034489222118088 0.050225 0.040046860356138705
0 0.4383125 0.47568884723523897 0.01705 0.010084348641049672
0 0.42895000000000005 0.4791002811621368 0.015449999999999998 0.008884723523898783
0 0.4243875 0.6901030927835052 0.0213125 0.013711340206185568
0 0.8778 0.7442455482661668 0.0165125 0.013711340206185568
0 0.0881875 0.2311996251171509 0.011825 0.007919400187441424
0 0.0104 0.42994376757263353 0.011375 0.008612933458294282