0 0.88625 0.24320524835988752 0.02625 0.028116213683223992
0 0.9875 0.2492970946579194 0.02125 0.02717900656044986
0 0.809375 0.415651358950328 0.0275 0.03748828491096532
0 0.824375 0.39971883786316775 0.0225 0.03936269915651359
0 0.890625 0.6293345829428304 0.05125 0.016869728209934397
0 0.63 0.358950328022493 0.02375 0.02155576382380506
0 0.53375 0.5670103092783505 0.04125 0.029053420805998126
0 0.33125 0.520618556701031 0.03 0.01874414245548266
0 0.526875 0.38144329896907214 0.01625 0.013120899718837863
0 0.330625 0.8589503280224929 0.0325 0.022492970946579195
0 0.215 0.12699156513589505 0.0525 0.019681349578256794
0 0.08625 0.13917525773195877 0.0225 0.014058106841611996
0 0.14375 0.8448922211808809 0.035 0.026241799437675725
0 0.175 0.45829428303655106 0.07125 0.033739456419868794
0 0.56375 0.373477038425492 0.0925 0.06091846298031865
0 0.034375 0.5599812558575445 0.06875 0.03467666354264293
0 0.89 0.6433926897844423 0.0475 0.015932521087160263
0 0.93625 0.7671040299906279 0.0275 0.028116213683223992
0 0.65125 0.6944704779756327 0.01125 0.00937207122774133
0 0.359375 0.3880037488284911 0.0525 0.01874414245548266
0 0.359375 0.37910028116213684 0.03375 0.013120899718837863
0 0.058125 0.4189315838800375 0.00875 0.005623242736644799