0 0.08625 0.2450796626054358 0.03125 0.026241799437675725
0 0.20625 0.17057169634489222 0.03125 0.028116213683223992
0 0.28625 0.11105904404873478 0.02875 0.011246485473289597
0 0.22125 0.3458294283036551 0.03 0.019681349578256794
0 0.405625 0.7277413308341143 0.045 0.026241799437675725
0 0.51875 0.7783505154639175 0.02625 0.022492970946579195
0 0.676875 0.8050609184629803 0.0275 0.026241799437675725
0 0.52 0.16119962511715089 0.0425 0.029053420805998126
0 0.591875 0.15323336457357076 0.03625 0.02999062792877226
0 0.808125 0.8125585754451734 0.025 0.02436738519212746
1 0.899375 0.4259606373008435 0.1425 0.10121836925960637
1 0.615625 0.5927835051546392 0.2025 0.14620431115276475
0 0.19 0.253514526710403 0.07 0.05248359887535145
0 0.421875 0.8303655107778819 0.04125 0.04779756326148079
1 0.52625 0.3851921274601687 0.18375 0.12277413308341144
0 0.91875 0.21930646672914714 0.09 0.06747891283973759
0 0.905625 0.2802249297094658 0.1225 0.07591377694470477
0 0.024375 0.3781630740393627 0.025 0.03655107778819119
0 0.45875 0.21743205248359887 0.06 0.038425492033739454
1 0.346875 0.4072164948453608 0.22 0.16026241799437677
0 0.638125 0.18416119962511715 0.05375 0.03467666354264293
0 0.585 0.7432052483598875 0.0775 0.06841611996251172
1 0.28625 0.5370196813495782 0.18 0.13214620431115276
1 0.42125 0.633552014995314 0.2425 0.18181818181818182
1 0.680625 0.4597000937207123 0.24125 0.17057169634489222
1 0.833125 0.3247422680412371 0.2125 0.2014995313964386
0 0.91375 0.2849109653233365 0.03 0.023430178069353328
0 0.82375 0.28444236176194937 0.01625 0.01218369259606373
0 0.6975 0.15089034676663543 0.05625 0.028116213683223992
0 0.663125 0.13776944704779756 0.0125 0.004686035613870665
0 0.65125 0.16494845360824742 0.035 0.016869728209934397
0 0.554375 0.16073102155576383 0.035 0.028116213683223992
0 0.439375 0.12511715089034678 0.02125 0.015932521087160263
0 0.21375 0.3270852858481724 0.0225 0.016869728209934397
0 0.045 0.27647610121836924 0.02125 0.02155576382380506
0 0.118125 0.6030927835051546 0.0175 0.01499531396438613
0 0.290625 0.5979381443298969 0.02375 0.015932521087160263
0 0.336875 0.6138706654170571 0.015 0.01218369259606373
0 0.425625 0.5543580131208997 0.02125 0.008434864104967198
0 0.265625 0.48125585754451733 0.02125 0.00937207122774133
0 0.280625 0.4564198687910028 0.01375 0.015932521087160263
0 0.32125 0.33692596063730085 0.02625 0.013120899718837863
0 0.329375 0.4592314901593252 0.01625 0.014058106841611996
0 0.34625 0.4597000937207123 0.0225 0.013120899718837863
0 0.49875 0.4034676663542643 0.015 0.01218369259606373
0 0.603125 0.4835988753514527 0.015 0.014058106841611996
0 0.58375 0.5510777881911902 0.02 0.013120899718837863
0 0.654375 0.6541705716963448 0.025 0.01874414245548266
0 0.936875 0.7877225866916588 0.02125 0.022492970946579195
0 0.54625 0.7900656044985942 0.05625 0.030927835051546393
0 0.531875 0.8195876288659794 0.055 0.04217432052483599
0 0.39375 0.8289597000937207 0.035 0.041237113402061855