0 0.836875 0.8819119025304593 0.0325 0.020618556701030927
0 0.565 0.761012183692596 0.03875 0.02155576382380506
0 0.70375 0.5468603561387066 0.01875 0.013120899718837863
0 0.63 0.3528584817244611 0.04 0.02999062792877226
0 0.61 0.4700093720712277 0.0175 0.011246485473289597
0 0.33125 0.5149953139643861 0.04 0.02999062792877226
0 0.190625 0.4147141518275539 0.03375 0.02155576382380506
0 0.331875 0.31115276476101217 0.0225 0.014058106841611996
0 0.28375 0.25023430178069356 0.02125 0.014058106841611996
1 0.743125 0.5332708528584817 0.27125 0.17150890346766634
0 0.4125 0.28537956888472354 0.07125 0.06091846298031865
0 0.469375 0.6560449859418932 0.0775 0.053420805998125584
0 0.795 0.07685098406747891 0.06625 0.04967197750702906
0 0.415 0.39128397375820057 0.06625 0.06560449859418932
0 0.614375 0.22914714151827553 0.0625 0.06466729147141519
0 0.430625 0.46860356138706655 0.08875 0.04967197750702906
0 0.660625 0.22071227741330834 0.04375 0.03467666354264293
0 0.163125 0.796157450796626 0.06 0.04498594189315839
1 0.11125 0.30927835051546393 0.10125 0.03936269915651359
1 0.1325 0.6513589503280225 0.04875 0.03655107778819119
1 0.11 0.1682286785379569 0.07625 0.061855670103092786
1 0.26 0.5018744142455482 0.06 0.03748828491096532
0 0.493125 0.41705716963448924 0.075 0.06747891283973759
1 0.234375 0.5477975632614808 0.04375 0.053420805998125584
0 0.87625 0.8795688847235239 0.02 0.011246485473289597
0 0.938125 0.7731958762886598 0.02875 0.01874414245548266
0 0.574375 0.8402061855670103 0.04 0.02155576382380506
1 0.210625 0.5651358950328023 0.0625 0.033739456419868794
1 0.078125 0.46157450796626054 0.0475 0.04217432052483599
1 0.2925 0.45454545454545453 0.07875 0.05810684161199625
0 0.154375 0.40393626991565135 0.0225 0.01874414245548266
0 0.888125 0.2685098406747891 0.01625 0.01218369259606373
0 0.639375 0.612933458294283 0.02625 0.010309278350515464
1 0.92125 0.5346766635426429 0.1575 0.1696344892221181
1 0.849375 0.48406747891283974 0.035 0.03467666354264293
1 0.874375 0.485941893158388 0.03375 0.046860356138706656
0 0.025 0.6860356138706654 0.01125 0.013120899718837863