0 0.1325 0.6457357075913777 0.03125 0.030927835051546393
0 0.01375 0.5599812558575445 0.0225 0.04029990627928772
0 0.640625 0.5421743205248359 0.01 0.008434864104967198
0 0.34625 0.14761012183692596 0.02125 0.015932521087160263
0 0.844375 0.37207122774133083 0.02875 0.026241799437675725
0 0.985625 0.5374882849109653 0.01875 0.016869728209934397
0 0.8275 0.21462043111527648 0.02125 0.015932521087160263
0 0.329375 0.5238987816307404 0.1575 0.10590440487347703
0 0.751875 0.6391752577319587 0.09375 0.09653233364573571
0 0.229375 0.46954076850984067 0.0975 0.04967197750702906
0 0.085 0.29756326148078727 0.17 0.12839737582005623
0 0.370625 0.7141518275538894 0.1 0.02717900656044986
1 0.3075 0.2104029990627929 0.2375 0.15463917525773196
1 0.591875 0.12933458294283037 0.2625 0.07685098406747891
1 0.684375 0.7225866916588566 0.17625 0.18837863167760074
0 0.56875 0.49203373945641987 0.01625 0.015932521087160263
0 0.463125 0.4475164011246485 0.0125 0.013120899718837863
0 0.45375 0.4484536082474227 0.01875 0.02530459231490159
0 0.555 0.4939081537019681 0.0225 0.03748828491096532
0 0.444375 0.46251171508903466 0.025 0.04592314901593252
0 0.359375 0.41518275538894095 0.01375 0.013120899718837863
0 0.249375 0.6644798500468604 0.09625 0.02436738519212746
1 0.608125 0.7193064667291471 0.2425 0.17057169634489222
1 0.560625 0.7441424554826617 0.25875 0.1190253045923149
1 0.51625 0.8317713214620431 0.21625 0.1162136832239925
0 0.5225 0.8434864104967198 0.17625 0.08716026241799438
0 0.569375 0.8552014995313965 0.0325 0.03467666354264293
0 0.595 0.851921274601687 0.0275 0.033739456419868794
0 0.658125 0.7806935332708529 0.1 0.02436738519212746
1 0.660625 0.2211808809746954 0.0125 0.008434864104967198
1 0.601875 0.23008434864104968 0.2825 0.19868791002811623
0 0.46375 0.30880974695407687 0.015 0.00937207122774133