0 0.81875 0.8584817244611059 0.04 0.022492970946579195
0 0.68125 0.7802249297094658 0.04 0.022492970946579195
0 0.563125 0.866447985004686 0.05375 0.015932521087160263
0 0.09625 0.9985941893158388 0.015 0.0028116213683223993
0 0.56125 0.3959700093720712 0.01125 0.007497656982193065
0 0.025 0.6030927835051546 0.02125 0.015932521087160263
0 0.485 0.07122774133083412 0.03375 0.02155576382380506
0 0.341875 0.23758200562324275 0.03375 0.020618556701030927
0 0.566875 0.13776944704779756 0.0225 0.013120899718837863
0 0.130625 0.24461105904404873 0.02125 0.015932521087160263
0 0.52625 0.6288659793814433 0.1375 0.11527647610121837
0 0.69375 0.31630740393626994 0.12625 0.06747891283973759
0 0.45 0.7014995313964386 0.06375 0.07216494845360824
0 0.899375 0.8678537956888472 0.09375 0.04498594189315839
0 0.170625 0.10121836925960637 0.0525 0.041237113402061855
0 0.413125 0.9400187441424555 0.145 0.06091846298031865
0 0.215625 0.8177132146204311 0.16625 0.1527647610121837
0 0.780625 0.6044985941893158 0.03375 0.07403936269915651
1 0.1075 0.634020618556701 0.2 0.17525773195876287
1 0.028125 0.41799437675726336 0.05625 0.19681349578256796
1 0.803125 0.3697282099343955 0.24875 0.1274601686972821
0 0.491875 0.4484536082474227 0.02125 0.011246485473289597
0 0.42875 0.5257731958762887 0.0175 0.00937207122774133
0 0.43 0.5328022492970946 0.0325 0.013120899718837863
0 0.49375 0.4587628865979381 0.04875 0.015932521087160263
0 0.448125 0.5402999062792877 0.06125 0.01780693533270853
0 0.3825 0.6021555763823805 0.0175 0.010309278350515464
0 0.635625 0.8865979381443299 0.0375 0.022492970946579195
0 0.710625 0.6935332708528584 0.02875 0.07216494845360824
1 0.79625 0.4268978444236176 0.22125 0.1780693533270853
1 0.8275 0.4629803186504217 0.15125 0.19119025304592316
1 0.934375 0.4985941893158388 0.13125 0.15932521087160262
0 0.95125 0.49531396438612935 0.0975 0.1302717900656045
0 0.97625 0.46016869728209936 0.045 0.023430178069353328
0 0.9725 0.4414245548266167 0.045 0.019681349578256794
0 0.88 0.39128397375820057 0.02875 0.07497656982193064
1 0.134375 0.3701968134957826 0.01125 0.00937207122774133
1 0.14375 0.41424554826616683 0.2575 0.20712277413308341
0 0.24375 0.5201499531396439 0.01125 0.011246485473289597