0 0.936875 0.6747891283973758 0.0275 0.022492970946579195
0 0.814375 0.7760074976569822 0.03625 0.022492970946579195
0 0.9475 0.7633552014995314 0.0325 0.01780693533270853
0 0.725 0.7343017806935332 0.03125 0.015932521087160263
0 0.404375 0.8589503280224929 0.03125 0.028116213683223992
0 0.563125 0.6921274601686973 0.0375 0.026241799437675725
0 0.351875 0.7305529522024368 0.0125 0.010309278350515464
0 0.13875 0.8500468603561387 0.0325 0.033739456419868794
0 0.291875 0.8355201499531396 0.03375 0.023430178069353328
0 0.075 0.8697282099343955 0.03625 0.028116213683223992
0 0.053125 0.8045923149015932 0.03875 0.029053420805998126
0 0.678125 0.604967197750703 0.0425 0.038425492033739454
0 0.89625 0.6298031865042174 0.0325 0.02717900656044986
0 0.864375 0.6462043111527648 0.035 0.02717900656044986
0 0.73625 0.37582005623242737 0.01625 0.010309278350515464
0 0.6725 0.39737582005623245 0.0125 0.01218369259606373
0 0.84875 0.5051546391752577 0.025 0.011246485473289597
0 0.685 0.492970946579194 0.0125 0.008434864104967198
0 0.61 0.4184629803186504 0.01375 0.00937207122774133
0 0.5275 0.3547328959700094 0.01625 0.01499531396438613
0 0.620625 0.3022492970946579 0.015 0.010309278350515464
1 0.351875 0.5477975632614808 0.2125 0.1724461105904405
1 0.20625 0.5173383317713215 0.225 0.17525773195876287
1 0.443125 0.40581068416119964 0.18875 0.14432989690721648
1 0.92125 0.31208997188378634 0.15125 0.1218369259606373
1 0.74 0.21602624179943766 0.1575 0.1218369259606373
0 0.083125 0.604967197750703 0.05 0.04873477038425492
0 0.604375 0.5665417057169635 0.05125 0.04779756326148079
0 0.04 0.5721649484536082 0.0375 0.03655107778819119
0 0.7575 0.5440487347703843 0.03375 0.04873477038425492
0 0.4975 0.2014995313964386 0.055 0.059044048734770385
0 0.509375 0.6091846298031866 0.045 0.04217432052483599
0 0.71625 0.5313964386129335 0.035 0.05060918462980318
0 0.324375 0.204311152764761 0.05625 0.05810684161199625
0 0.178125 0.42783505154639173 0.1625 0.014058106841611996
0 0.371875 0.5524835988753515 0.02625 0.031865042174320526
0 0.39875 0.5435801312089972 0.05375 0.04029990627928772
0 0.53875 0.35941893158388005 0.01 0.00937207122774133