0 0.865 0.6701030927835051 0.035 0.03280224929709466
0 0.901875 0.6874414245548266 0.03 0.02530459231490159
0 0.4375 0.6991565135895033 0.04125 0.026241799437675725
0 0.4025 0.711808809746954 0.0375 0.02530459231490159
0 0.45625 0.7230552952202437 0.03 0.028116213683223992
0 0.98625 0.4001874414245548 0.01625 0.02436738519212746
0 0.69 0.584348641049672 0.02375 0.016869728209934397
0 0.983125 0.3547328959700094 0.01625 0.01780693533270853
0 0.639375 0.42830365510777885 0.04 0.026241799437675725
0 0.525625 0.38753514526710403 0.03375 0.022492970946579195
0 0.599375 0.612464854732896 0.02125 0.020618556701030927
0 0.4325 0.5974695407685099 0.0225 0.02436738519212746
0 0.4075 0.4414245548266167 0.015 0.01218369259606373
0 0.5025 0.3716026241799438 0.03875 0.016869728209934397
0 0.510625 0.5093720712277413 0.02875 0.023430178069353328
0 0.48625 0.5735707591377694 0.03125 0.01874414245548266
0 0.57 0.5328022492970946 0.025 0.031865042174320526
0 0.534375 0.5454545454545454 0.0275 0.033739456419868794
0 0.35125 0.36644798500468606 0.0175 0.01218369259606373
0 0.618125 0.5042174320524836 0.01125 0.016869728209934397
0 0.429375 0.3584817244611059 0.01875 0.038425492033739454
0 0.23375 0.612464854732896 0.03125 0.02530459231490159
0 0.304375 0.6640112464854733 0.05 0.02436738519212746
0 0.110625 0.3641049671977507 0.035 0.01499531396438613
0 0.241875 0.41518275538894095 0.01875 0.00937207122774133
0 0.916875 0.19821930646672914 0.01625 0.011246485473289597
0 0.548125 0.3209934395501406 0.06375 0.016869728209934397
0 0.56625 0.2881911902530459 0.025 0.00937207122774133
0 0.405625 0.24976569821930647 0.02125 0.01499531396438613
0 0.186875 0.3406747891283974 0.02 0.011246485473289597
0 0.04 0.3514526710402999 0.08 0.056232427366447985
0 0.776875 0.6513589503280225 0.05875 0.06654170571696345
0 0.256875 0.5032802249297095 0.075 0.05529522024367385
0 0.968125 0.5337394564198688 0.06375 0.06841611996251172
0 0.808125 0.2647610121836926 0.12125 0.04779756326148079
0 0.156875 0.4700093720712277 0.07625 0.04029990627928772
0 0.34125 0.5679475164011246 0.065 0.05529522024367385
0 0.625625 0.3580131208997188 0.04625 0.03655107778819119
0 0.29125 0.28444236176194937 0.08125 0.03655107778819119
0 0.57125 0.6307403936269915 0.04375 0.03467666354264293
0 0.9725 0.45173383317713217 0.055 0.07122774133083412
0 0.674375 0.42033739456419866 0.04625 0.05435801312089972
0 0.186875 0.5121836925960638 0.0675 0.046860356138706656
0 0.305 0.6677600749765699 0.05 0.031865042174320526
0 0.24875 0.35754451733833176 0.03875 0.04967197750702906
0 0.21375 0.5337394564198688 0.0675 0.05435801312089972
0 0.11625 0.38003748828491096 0.05 0.03655107778819119
0 0.928125 0.260543580131209 0.05 0.029053420805998126
0 0.405625 0.5805998125585754 0.06 0.04592314901593252
0 0.780625 0.23336457357075913 0.07375 0.02717900656044986
0 0.19125 0.4217432052483599 0.0725 0.05529522024367385
0 0.445 0.3528584817244611 0.02625 0.02999062792877226
0 0.58875 0.36363636363636365 0.06625 0.03280224929709466
0 0.325625 0.6443298969072165 0.04375 0.03748828491096532
1 0.565 0.46719775070290537 0.22375 0.06279287722586692
0 0.590625 0.5435801312089972 0.02 0.030927835051546393
0 0.61 0.4400187441424555 0.0275 0.004686035613870665
0 0.604375 0.43252108716026244 0.04 0.015932521087160263
0 0.494375 0.43767572633552015 0.04 0.013120899718837863
0 0.476875 0.42033739456419866 0.0575 0.013120899718837863
0 0.48 0.3547328959700094 0.06375 0.015932521087160263
0 0.5725 0.35238987816307404 0.06125 0.015932521087160263
0 0.715625 0.46860356138706655 0.06125 0.01874414245548266
0 0.96875 0.3055295220243674 0.02125 0.015932521087160263
0 0.995625 0.5201499531396439 0.00875 0.033739456419868794
1 0.675 0.5534208059981256 0.14875 0.13120899718837864
0 0.3125 0.4493908153701968 0.0075 0.010309278350515464
1 0.376875 0.47891283973758203 0.1475 0.13402061855670103
1 0.32875 0.36785379568884724 0.135 0.1274601686972821
0 0.22875 0.4090909090909091 0.01625 0.011246485473289597
0 0.01125 0.31162136832239923 0.0225 0.03655107778819119
0 0.129375 0.2539831302717901 0.00625 0.004686035613870665
0 0.3825 0.23758200562324275 0.01 0.006560449859418931