0 0.1475 0.3158388003748828 0.0325 0.031865042174320526
0 0.111875 0.2970946579194002 0.02875 0.02436738519212746
0 0.57625 0.3036551077788191 0.04 0.02436738519212746
0 0.611875 0.2924086223055295 0.03625 0.02436738519212746
0 0.559375 0.2788191190253046 0.02875 0.02717900656044986
0 0.0075 0.5805998125585754 0.015 0.023430178069353328
0 0.31625 0.40815370196813494 0.0225 0.015932521087160263
0 0.0075 0.6260543580131209 0.015 0.016869728209934397
0 0.355625 0.5660731021555764 0.03875 0.02436738519212746
0 0.4662375 0.6113495782567947 0.032525 0.02190253045923149
0 0.4088875 0.3835613870665417 0.019725 0.020121836925960635
0 0.5741375 0.4054451733833177 0.0217375 0.02322399250234302
0 0.588125 0.5623242736644799 0.01375 0.011246485473289597
0 0.48875 0.6279287722586692 0.0375 0.01499531396438613
0 0.4902375 0.49002811621368325 0.0279625 0.022230552952202436
0 0.51875 0.4268978444236176 0.03 0.01780693533270853
0 0.4325 0.46438612933458295 0.0225 0.030927835051546393
0 0.46875 0.45313964386129335 0.025 0.03280224929709466
0 0.639375 0.6391752577319587 0.01625 0.011246485473289597
0 0.3825 0.49109653233364575 0.01 0.016869728209934397
0 0.560625 0.6438612933458294 0.01625 0.03748828491096532
0 0.77375 0.3983130271790066 0.03 0.02436738519212746
0 0.706875 0.34395501405810686 0.04875 0.022492970946579195
0 0.879375 0.6508903467666354 0.03375 0.014058106841611996
0 0.7521125000000001 0.5945829428303655 0.019025 0.008434864104967198
0 0.0625 0.7849109653233365 0.015 0.010309278350515464
0 0.43956249999999997 0.6765417057169635 0.0625 0.014058106841611996
0 0.41875 0.7089971883786317 0.025 0.008434864104967198
0 0.5770125 0.7536925960637302 0.02 0.014058106841611996
0 0.801875 0.6715089034676663 0.01875 0.010309278350515464
0 0.949375 0.6658856607310215 0.07875 0.053420805998125584
0 0.234375 0.33786316776007497 0.05375 0.06466729147141519
0 0.743125 0.5060918462980318 0.07125 0.05248359887535145
0 0.031875 0.44798500468603564 0.06375 0.06560449859418932
0 0.175625 0.7225866916588566 0.11875 0.04311152764761012
0 0.840625 0.5435801312089972 0.07375 0.03748828491096532
0 0.663125 0.4381443298969072 0.06125 0.053420805998125584
0 0.364375 0.6368322399250235 0.04375 0.03467666354264293
0 0.693125 0.7235238987816307 0.07875 0.033739456419868794
0 0.438125 0.3663074039362699 0.04125 0.033149015932521085
0 0.025 0.5295220243673852 0.05 0.06935332708528585
0 0.32 0.5726335520149953 0.0425 0.05248359887535145
0 0.81375 0.5 0.065 0.044048734770384255
0 0.70625 0.3402061855670103 0.0475 0.02999062792877226
0 0.74125 0.6522961574507966 0.035 0.04873477038425492
0 0.788125 0.4775070290534208 0.06375 0.05154639175257732
0 0.875 0.6349578256794751 0.0475 0.03467666354264293
0 0.055625 0.7221180880974696 0.04875 0.02717900656044986
0 0.6 0.4231490159325211 0.0575 0.044048734770384255
0 0.20125 0.7553889409559512 0.0725 0.02436738519212746
0 0.803125 0.5904404873477038 0.06875 0.05248359887535145
0 0.5445625 0.6490627928772258 0.024 0.02895970009372071
0 0.401875 0.6326148078725399 0.06375 0.02999062792877226
0 0.684375 0.3626991565135895 0.04125 0.03561387066541706
1 0.4330375 0.5299718837863168 0.219475 0.054517338331771324
0 0.412725 0.45332708528584814 0.017849999999999998 0.030459231490159326
0 0.38630000000000003 0.5558950328022493 0.0276 0.003926897844423618
0 0.39137500000000003 0.5632052483598876 0.038575 0.014283036551077788
0 0.50155 0.5621368322399249 0.0385625 0.010937207122774134
0 0.5172 0.5804217432052483 0.05685 0.011537019681349578
0 0.5102875 0.6459512652296158 0.06255 0.013355201499531396
0 0.4174875 0.6448359887535144 0.0603625 0.014076850984067479
0 0.282775 0.5229428303655108 0.0604 0.017179006560449857
0 0.0178625 0.6755295220243673 0.0203 0.01486410496719775
0 0.0046375 0.4595501405810684 0.009275 0.03380506091846298
0 0.0023375 0.3736457357075914 0.004675 0.011733833177132147
1 0.32848750000000004 0.4393158388003749 0.14035 0.1258481724461106
0 0.6837000000000001 0.5580693533270853 0.0060750000000000005 0.010571696344892221
1 0.6213375 0.5259418931583879 0.1392 0.12815370196813497
1 0.6617000000000001 0.6386879100281162 0.1258125 0.12307403936269914
0 0.764225 0.6013870665417057 0.0148625 0.010009372071227741
0 0.9822624999999999 0.7078069353327086 0.035475 0.03531396438612933
0 0.8533625 0.7601405810684162 0.00645 0.004545454545454545
0 0.598975 0.766738519212746 0.009537499999999999 0.006832239925023431