0 0.82 0.7150890346766635 0.0375 0.03467666354264293
0 0.8525 0.7366447985004686 0.0325 0.02717900656044986
0 0.3925 0.6879100281162137 0.04375 0.028116213683223992
0 0.355 0.6958762886597938 0.04 0.02717900656044986
0 0.405 0.7141518275538894 0.0325 0.02999062792877226
0 0.99625 0.46485473289597 0.0075 0.02436738519212746
0 0.6675 0.6077788191190253 0.025 0.01780693533270853
0 0.65375 0.4475164011246485 0.0425 0.028116213683223992
0 0.551875 0.3922211808809747 0.03625 0.02436738519212746
0 0.571875 0.6237113402061856 0.0225 0.02155576382380506
0 0.410625 0.5871602624179943 0.025 0.02530459231490159
0 0.4225 0.4301780693533271 0.015 0.01218369259606373
0 0.531875 0.3739456419868791 0.04 0.01874414245548266
0 0.508125 0.5107778819119025 0.03125 0.02530459231490159
0 0.469375 0.5707591377694471 0.0325 0.020618556701030927
0 0.56125 0.5417057169634489 0.0275 0.03280224929709466
0 0.523125 0.549203373945642 0.03 0.03467666354264293
0 0.384375 0.34910965323336457 0.0175 0.01218369259606373
0 0.615 0.5196813495782568 0.0125 0.01780693533270853
0 0.463125 0.3514526710402999 0.0225 0.038425492033739454
0 0.211875 0.5759137769447048 0.03375 0.02717900656044986
0 0.269375 0.6358950328022493 0.0525 0.02717900656044986
0 0.148125 0.31537019681349576 0.03625 0.016869728209934397
0 0.265625 0.3828491096532334 0.02 0.010309278350515464
0 0.980625 0.2572633552014995 0.01625 0.011246485473289597
0 0.58875 0.3303655107778819 0.06375 0.019681349578256794
0 0.614375 0.29990627928772257 0.02625 0.010309278350515464
0 0.465 0.24133083411433928 0.0225 0.015932521087160263
0 0.228125 0.3022492970946579 0.02 0.01218369259606373
0 0.08125 0.2942830365510778 0.08625 0.05998125585754452
0 0.7375 0.6850984067478912 0.06375 0.06935332708528585
0 0.259375 0.471883786316776 0.07875 0.059044048734770385
0 0.95625 0.5941893158388004 0.07375 0.07122774133083412
0 0.858125 0.30880974695407687 0.125 0.053420805998125584
0 0.16875 0.42549203373945643 0.07875 0.044048734770384255
0 0.328125 0.5463917525773195 0.07 0.059044048734770385
0 0.656875 0.3767572633552015 0.04875 0.038425492033739454
0 0.344375 0.260543580131209 0.08375 0.04029990627928772
0 0.54 0.6382380506091846 0.04625 0.03655107778819119
0 0.9725 0.5135895032802249 0.055 0.07310215557638237
0 0.690625 0.4442361761949391 0.05125 0.056232427366447985
0 0.18875 0.47141518275538896 0.07125 0.04967197750702906
0 0.269375 0.6396438612933458 0.0525 0.033739456419868794
0 0.285 0.32661668228678536 0.0425 0.05154639175257732
0 0.210625 0.4957825679475164 0.07125 0.05716963448922212
0 0.15 0.33177132146204313 0.0525 0.038425492033739454
0 0.975 0.31958762886597936 0.05 0.031865042174320526
0 0.388125 0.5670103092783505 0.06375 0.04873477038425492
0 0.838125 0.2736644798500469 0.07625 0.030927835051546393
0 0.21375 0.3823805060918463 0.07625 0.05810684161199625
0 0.48 0.34817244611059045 0.02875 0.030927835051546393
0 0.61875 0.37722586691658855 0.06875 0.03561387066541706
0 0.294375 0.619493908153702 0.04625 0.03936269915651359
1 0.57125 0.4765698219306467 0.2275 0.07403936269915651
0 0.579375 0.5543580131208997 0.0225 0.030927835051546393
0 0.621875 0.4550140581068416 0.0275 0.006560449859418931
0 0.618125 0.44704779756326146 0.04125 0.01780693533270853
0 0.50875 0.4381443298969072 0.04 0.01499531396438613
0 0.495625 0.4184629803186504 0.0575 0.015932521087160263
0 0.51375 0.3542642924086223 0.06375 0.01874414245548266
0 0.605625 0.36363636363636365 0.06125 0.019681349578256794
0 0.719375 0.4971883786316776 0.0625 0.022492970946579195
0 0.9975 0.3692596063730084 0.005 0.016869728209934397
0 0.985625 0.5852858481724461 0.01375 0.03467666354264293
0 0.973125 0.6710402999062793 0.0075 0.01218369259606373
1 0.66 0.5754451733833177 0.15875 0.13776944704779756
0 0.326875 0.42549203373945643 0.0075 0.011246485473289597
1 0.38375 0.46344892221180883 0.15875 0.14058106841611998
1 0.361875 0.3477038425492034 0.145 0.1330834114339269
0 0.25375 0.3753514526710403 0.01625 0.011246485473289597
0 0.055 0.24976569821930647 0.04 0.038425492033739454
0 0.191875 0.20946579194001874 0.0075 0.005623242736644799
0 0.445625 0.22633552014995315 0.01125 0.007497656982193065