0 0.478125 0.8598875351452671 0.03625 0.019681349578256794
0 0.596875 0.837394564198688 0.035 0.022492970946579195
0 0.3325 0.8477038425492034 0.0225 0.020618556701030927
0 0.009375 0.7694470477975632 0.01875 0.02999062792877226
0 0.0725 0.7291471415182755 0.0275 0.022492970946579195
0 0.10875 0.802717900656045 0.0375 0.028116213683223992
0 0.240625 0.7319587628865979 0.02 0.019681349578256794
0 0.08875 0.4878163074039363 0.03375 0.026241799437675725
0 0.029375 0.38003748828491096 0.0275 0.029053420805998126
0 0.19 0.5224929709465792 0.03375 0.028116213683223992
0 0.135625 0.3898781630740394 0.04 0.028116213683223992
0 0.275625 0.37300843486410495 0.04125 0.02436738519212746
0 0.17375 0.3373945641986879 0.0425 0.02436738519212746
0 0.105 0.3055295220243674 0.01875 0.013120899718837863
0 0.138125 0.33598875351452673 0.01875 0.014058106841611996
0 0.23375 0.4250234301780694 0.0175 0.014058106841611996
0 0.301875 0.45595126522961577 0.02125 0.013120899718837863
0 0.121875 0.5445173383317713 0.0175 0.013120899718837863
0 0.906875 0.21602624179943766 0.01375 0.01218369259606373
0 0.145 0.2511715089034677 0.04125 0.028116213683223992
1 0.714375 0.9001874414245549 0.12 0.08716026241799438
1 0.7275 0.40581068416119964 0.18375 0.190253045923149
0 0.298125 0.4990627928772259 0.11 0.07029053420805999
1 0.560625 0.28865979381443296 0.1975 0.18744142455482662
0 0.656875 0.767572633552015 0.06375 0.09840674789128398
0 0.026875 0.6063730084348641 0.05375 0.07497656982193064
0 0.360625 0.5707591377694471 0.1075 0.06654170571696345
0 0.36875 0.4526710402999063 0.04875 0.033739456419868794
0 0.325 0.7422680412371134 0.0275 0.02530459231490159
0 0.41875 0.7806935332708529 0.04375 0.03467666354264293
0 0.2525 0.8767572633552015 0.02375 0.01218369259606373
0 0.19125 0.8359887535145267 0.0425 0.02530459231490159
0 0.17 0.7399250234301781 0.0425 0.031865042174320526
0 0.16375 0.6930646672914714 0.04125 0.033739456419868794
0 0.1075 0.6504217432052484 0.04875 0.033739456419868794
0 0.29 0.5595126522961574 0.01625 0.013120899718837863
0 0.3625 0.4751640112464855 0.03 0.016869728209934397
0 0.043125 0.24695407685098406 0.01375 0.013120899718837863
0 0.22125 0.17291471415182755 0.04125 0.02530459231490159
0 0.871875 0.3950328022492971 0.00875 0.010309278350515464
0 0.826875 0.5941893158388004 0.015 0.015932521087160263