0 0.355625 0.711808809746954 0.03 0.016869728209934397
0 0.408125 0.866447985004686 0.0275 0.01499531396438613
0 0.6725 0.6551077788191191 0.01875 0.016869728209934397
0 0.48375 0.43158388003748827 0.01 0.00937207122774133
0 0.35375 0.5271790065604499 0.0225 0.01499531396438613
0 0.481875 0.22071227741330834 0.03375 0.029053420805998126
0 0.48 0.1724461105904405 0.035 0.02999062792877226
0 0.333125 0.3125585754451734 0.0275 0.030927835051546393
0 0.84 0.7558575445173383 0.03 0.020618556701030927
0 0.945 0.7825679475164011 0.03375 0.020618556701030927
0 0.7275 0.782099343955014 0.02375 0.016869728209934397
0 0.826875 0.703842549203374 0.0225 0.013120899718837863
0 0.99125 0.7108716026241799 0.0075 0.01218369259606373
0 0.851875 0.39737582005623245 0.04 0.022492970946579195
1 0.343125 0.5895032802249297 0.3225 0.190253045923149
0 0.691875 0.23851921274601687 0.0575 0.10684161199625117
1 0.016875 0.49250234301780693 0.03375 0.06091846298031865
1 0.248125 0.6288659793814433 0.33625 0.1190253045923149
0 0.151875 0.21087160262417995 0.05 0.04311152764761012
0 0.52625 0.7244611059044048 0.0975 0.05154639175257732
1 0.7225 0.17291471415182755 0.065 0.04592314901593252
0 0.748125 0.5693533270852859 0.05375 0.02436738519212746
1 0.276875 0.5112464854732895 0.05875 0.03467666354264293
1 0.6175 0.4465791940018744 0.07 0.04498594189315839
0 0.24375 0.1429240862230553 0.04375 0.03748828491096532
1 0.1575 0.5768509840674789 0.06125 0.04592314901593252
1 0.406875 0.5768509840674789 0.0525 0.03748828491096532
0 0.530625 0.6846298031865042 0.04875 0.04217432052483599
0 0.573125 0.6991565135895033 0.0475 0.041237113402061855
0 0.116875 0.4456419868791003 0.02 0.01874414245548266
0 0.460625 0.633552014995314 0.01875 0.014058106841611996
0 0.478125 0.6466729147141518 0.0225 0.016869728209934397
0 0.653125 0.6771321462043112 0.00875 0.007497656982193065
0 0.645625 0.682755388940956 0.0225 0.016869728209934397
0 0.718125 0.7928772258669166 0.02375 0.016869728209934397
1 0.6625 0.19681349578256796 0.0675 0.061855670103092786
1 0.916875 0.15510777881911902 0.15875 0.05060918462980318