0 0.215 0.39550140581068416 0.0225 0.022492970946579195
0 0.01 0.43767572633552015 0.02 0.020618556701030927
0 0.29625 0.6321462043111528 0.0225 0.014058106841611996
0 0.59125 0.48641049671977504 0.0125 0.007497656982193065
0 0.46125 0.3908153701968135 0.02 0.016869728209934397
0 0.871875 0.4817244611059044 0.03875 0.02436738519212746
0 0.93625 0.4793814432989691 0.04 0.02530459231490159
0 0.746875 0.3716026241799438 0.04125 0.019681349578256794
0 0.165 0.7591377694470478 0.0275 0.022492970946579195
0 0.13125 0.8383317713214621 0.0275 0.02530459231490159
0 0.1275 0.6752577319587629 0.0225 0.01780693533270853
0 0.23375 0.7488284910965324 0.0175 0.016869728209934397
0 0.226875 0.8758200562324273 0.01625 0.01218369259606373
0 0.643125 0.7619493908153702 0.02875 0.02999062792877226
1 0.378125 0.3837863167760075 0.24875 0.23898781630740393
0 0.851875 0.6391752577319587 0.14125 0.041237113402061855
1 0.500625 0.1134020618556701 0.08125 0.07497656982193064
1 0.32375 0.3134957825679475 0.1525 0.25023430178069356
0 0.879375 0.2338331771321462 0.05625 0.03655107778819119
1 0.8252375000000001 0.9409465791940019 0.095 0.058088097469540766
0 0.20125 0.5234301780693533 0.0675 0.07216494845360824
1 0.94 0.6611996251171509 0.06 0.04779756326148079
0 0.415625 0.048266166822867856 0.08375 0.04779756326148079
0 0.411875 0.6874414245548266 0.03125 0.04029990627928772
1 0.48125 0.33270852858481725 0.045 0.04311152764761012
0 0.8175 0.11433926897844424 0.0375 0.03561387066541706
1 0.573125 0.5871602624179943 0.05875 0.05154639175257732
0 0.971875 0.30178069353327086 0.04875 0.031865042174320526
1 0.39125 0.24461105904404873 0.06 0.04498594189315839
1 0.395625 0.43158388003748827 0.04875 0.038425492033739454
0 0.2541625 0.52630740393627 0.054662499999999996 0.03518275538894095
1 0.431875 0.9109653233364574 0.04125 0.05248359887535145
0 0.235625 0.5581068416119962 0.05375 0.03467666354264293
0 0.565775 0.21178069353327086 0.0246375 0.015370196813495782
0 0.659525 0.1058294283036551 0.0474875 0.030459231490159326
0 0.4320125 0.035379568884723524 0.045225 0.012989690721649483
0 0.3213375 0.4728865979381443 0.0186875 0.01365510777881912
0 0.30396249999999997 0.4859044048734771 0.02235 0.017075913776944705
0 0.2664625 0.618266166822868 0.00955 0.006804123711340206
0 0.25892499999999996 0.6126054358013121 0.0228125 0.01674789128397376
0 0.1128125 0.6686691658856607 0.022375 0.017769447047797565
1 0.9071750000000001 0.6167291471415183 0.080975 0.04967197750702906
1 0.9676625 0.8063542642924086 0.0646875 0.11762886597938145