0 0.356875 0.11996251171508904 0.06125 0.059044048734770385
1 0.48125 0.2352389878163074 0.225 0.2689784442361762
0 0.71125 0.6555763823805061 0.065 0.04217432052483599
0 0.313125 0.5740393626991566 0.045 0.029053420805998126
0 0.285 0.18088097469540768 0.0775 0.056232427366447985
1 0.229375 0.3477038425492034 0.08625 0.07310215557638237
1 0.605625 0.4095595126522962 0.31 0.15651358950328023
0 0.36875 0.4311152764761012 0.07875 0.1330834114339269
1 0.115 0.5089034676663543 0.08125 0.07591377694470477
0 0.3125 0.22492970946579194 0.0525 0.044048734770384255
1 0.41625 0.3716026241799438 0.10125 0.07591377694470477
0 0.890625 0.14901593252108716 0.03375 0.026241799437675725
1 0.1 0.6260543580131209 0.09125 0.08059981255857544
1 0.814375 0.598875351452671 0.08125 0.038425492033739454
1 0.705625 0.5192127460168697 0.285 0.1387066541705717
0 0.9275 0.3711340206185567 0.025 0.02155576382380506
0 0.180625 0.24554826616682288 0.03625 0.02530459231490159
0 0.355625 0.31537019681349576 0.0275 0.022492970946579195
0 0.54875 0.25960637300843487 0.01625 0.016869728209934397
0 0.920625 0.2933458294283037 0.0325 0.028116213683223992
0 0.97 0.2169634489222118 0.03375 0.028116213683223992
0 0.985 0.28631677600749766 0.02625 0.02530459231490159
0 0.8225 0.13823805060918462 0.025 0.01874414245548266
0 0.6975 0.2014995313964386 0.01625 0.01780693533270853
0 0.24625 0.5234301780693533 0.02875 0.020618556701030927
0 0.191875 0.3514526710402999 0.02625 0.033739456419868794
0 0.309375 0.471883786316776 0.02 0.015932521087160263
0 0.146875 0.5829428303655108 0.02375 0.01780693533270853
0 0.189375 0.33177132146204313 0.02 0.015932521087160263
0 0.114375 0.3345829428303655 0.0375 0.02530459231490159
0 0.400625 0.37300843486410495 0.02125 0.01780693533270853
0 0.983125 0.5721649484536082 0.02875 0.03467666354264293
0 0.89375 0.3922211808809747 0.02625 0.02436738519212746
0 0.8975 0.4939081537019681 0.025 0.015932521087160263
0 0.9025 0.46954076850984067 0.025 0.015932521087160263
0 0.071875 0.7830365510777882 0.03 0.026241799437675725
0 0.144375 0.6527647610121837 0.03 0.022492970946579195
0 0.10125 0.7338331771321462 0.03125 0.023430178069353328
0 0.855625 0.7492970946579194 0.01125 0.008434864104967198
0 0.47625 0.6288659793814433 0.01375 0.013120899718837863
1 0.109375 0.4943767572633552 0.0625 0.028116213683223992
1 0.06125 0.4700093720712277 0.0575 0.07029053420805999
1 0.06625 0.39971883786316775 0.05625 0.06935332708528585
1 0.55 0.11527647610121837 0.10375 0.056232427366447985
1 0.75625 0.4372071227741331 0.03875 0.07216494845360824
0 0.0325 0.676663542642924 0.03125 0.02436738519212746
0 0.054375 0.6869728209934396 0.02 0.01499531396438613
1 0.0425 0.6701030927835051 0.055 0.061855670103092786
1 0.079375 0.845360824742268 0.05125 0.041237113402061855
0 0.9425 0.36363636363636365 0.0275 0.01499531396438613
0 0.601875 0.4943767572633552 0.0125 0.00937207122774133