0 0.805 0.8036551077788191 0.0325 0.03467666354264293
0 0.756875 0.7900656044985942 0.03375 0.02999062792877226
0 0.36125 0.767572633552015 0.0325 0.02999062792877226
0 0.33 0.6776007497656982 0.03375 0.028116213683223992
0 0.39125 0.8223992502343018 0.04 0.02530459231490159
0 0.518125 0.697282099343955 0.01375 0.011246485473289597
0 0.55 0.676194939081537 0.01375 0.011246485473289597
0 0.845625 0.5229615745079662 0.04125 0.02530459231490159
0 0.81125 0.3626991565135895 0.03375 0.04311152764761012
0 0.676875 0.5876288659793815 0.02625 0.03280224929709466
0 0.813125 0.4723523898781631 0.00875 0.010309278350515464
0 0.6125 0.6082474226804123 0.03375 0.04029990627928772
0 0.565625 0.36644798500468606 0.04125 0.02530459231490159
0 0.645625 0.6363636363636364 0.03125 0.029053420805998126
0 0.398125 0.4400187441424555 0.02625 0.020618556701030927
0 0.395625 0.6288659793814433 0.0175 0.01499531396438613
0 0.350625 0.43908153701968133 0.0225 0.019681349578256794
0 0.415 0.6208997188378632 0.01625 0.014058106841611996
0 0.351875 0.38753514526710403 0.015 0.015932521087160263
0 0.476875 0.5463917525773195 0.01625 0.008434864104967198
0 0.125 0.4090909090909091 0.0425 0.029053420805998126
0 0.09 0.38331771321462044 0.045 0.028116213683223992
0 0.17875 0.42830365510777885 0.04125 0.028116213683223992
0 0.89 0.32286785379568883 0.035 0.023430178069353328
0 0.853125 0.21462043111527648 0.03625 0.026241799437675725
0 0.1925 0.2797563261480787 0.01875 0.014058106841611996
1 0.774375 0.4475164011246485 0.1025 0.08247422680412371
0 0.155625 0.6204311152764761 0.135 0.06654170571696345
0 0.513125 0.5993439550140581 0.05375 0.041237113402061855
0 0.304375 0.39971883786316775 0.085 0.05154639175257732
1 0.754375 0.3233364573570759 0.105 0.09184629803186505
1 0.831875 0.3922211808809747 0.05125 0.04029990627928772
0 0.02125 0.8280224929709465 0.0425 0.11527647610121837
1 0.448125 0.20759137769447047 0.05375 0.04779756326148079
0 0.11625 0.9189315838800375 0.04875 0.03748828491096532
0 0.231875 0.43486410496719774 0.0475 0.033739456419868794
0 0.265625 0.35941893158388005 0.04375 0.031865042174320526
1 0.381875 0.1583880037488285 0.05625 0.05248359887535145
1 0.651875 0.1949390815370197 0.055 0.04873477038425492
0 0.230625 0.3856607310215558 0.04875 0.03280224929709466
1 0.516875 0.45220243673851923 0.04875 0.041237113402061855
1 0.8325 0.5515463917525774 0.0475 0.033739456419868794
0 0.5775 0.7197750702905342 0.01375 0.013120899718837863
0 0.47375 0.7132146204311153 0.01375 0.02999062792877226
0 0.481875 0.7136832239925024 0.0075 0.02155576382380506
0 0.640625 0.7244611059044048 0.03125 0.029053420805998126
0 0.73375 0.4400187441424555 0.01125 0.008434864104967198
0 0.49875 0.3828491096532334 0.02875 0.011246485473289597
0 0.49875 0.373477038425492 0.02375 0.015932521087160263
0 0.54375 0.33411433926897843 0.01875 0.01218369259606373
0 0.553125 0.32567947516401125 0.0125 0.01499531396438613
0 0.53875 0.32427366447985007 0.0225 0.016869728209934397
0 0.320625 0.3697282099343955 0.025 0.008434864104967198
0 0.111875 0.3584817244611059 0.045 0.030927835051546393
0 0.16 0.4090909090909091 0.0375 0.02717900656044986
0 0.015 0.44048734770384257 0.0225 0.00937207122774133
0 0.010625 0.44892221180880976 0.015 0.008434864104967198
0 0.533125 0.4803186504217432 0.00875 0.013120899718837863
0 0.54375 0.471883786316776 0.0125 0.029053420805998126