0 0.1675 0.21321462043111528 0.03 0.03280224929709466
0 0.216875 0.22399250234301782 0.03125 0.028116213683223992
0 0.61375 0.22586691658856609 0.03 0.028116213683223992
0 0.652875 0.3139643861293346 0.030750000000000003 0.026241799437675725
0 0.57875 0.17291471415182755 0.0375 0.023430178069353328
0 0.46375 0.30412371134020616 0.0125 0.010309278350515464
0 0.43375 0.32661668228678536 0.0125 0.010309278350515464
0 0.153125 0.49531396438612935 0.03875 0.023430178069353328
0 0.2025 0.6532895970009371 0.03 0.04134957825679475
0 0.315625 0.4217432052483599 0.02375 0.031865042174320526
0 0.19 0.5440487347703843 0.0075 0.010309278350515464
0 0.3775 0.3978444236176195 0.03 0.038425492033739454
0 0.446875 0.6368322399250235 0.03875 0.023430178069353328
0 0.3416625 0.3716026241799438 0.029175 0.02717900656044986
0 0.6075 0.5543580131208997 0.025 0.019681349578256794
0 0.591875 0.36597938144329895 0.01625 0.014058106841611996
0 0.654375 0.5529522024367385 0.02125 0.01874414245548266
0 0.57375 0.37488284910965325 0.015 0.013120899718837863
0 0.6582250000000001 0.6044985941893158 0.01395 0.01499531396438613
0 0.51875 0.4526710402999063 0.015 0.007497656982193065
0 0.8825 0.5712277413308341 0.04 0.02717900656044986
0 0.92 0.5951265229615745 0.0425 0.026241799437675725
0 0.826875 0.5548266166822868 0.03875 0.026241799437675725
0 0.1275 0.697207122774133 0.0325 0.02155576382380506
0 0.174375 0.8031865042174321 0.03375 0.02436738519212746
0 0.8275 0.703842549203374 0.0175 0.013120899718837863
1 0.23125 0.5665417057169635 0.095 0.07778819119025304
0 0.8325 0.36176194939081535 0.13 0.05998125585754452
0 0.4775 0.40159325210871605 0.05 0.038425492033739454
0 0.704375 0.5899718837863168 0.08125 0.04779756326148079
1 0.262375 0.6894751640112464 0.09725 0.08748828491096532
1 0.17875 0.6251171508903468 0.0475 0.03748828491096532
0 0.965 0.14654170571696346 0.07 0.11125585754451733
1 0.57875 0.7891283973758201 0.05 0.04498594189315839
0 0.84375 0.061855670103092786 0.045 0.03561387066541706
0 0.77375 0.5510777881911902 0.045 0.031865042174320526
0 0.746875 0.6279287722586692 0.04125 0.02999062792877226
1 0.649375 0.8345829428303655 0.05125 0.04967197750702906
1 0.376875 0.8122399250234301 0.05125 0.04623242736644798
0 0.779375 0.5998125585754451 0.04625 0.02999062792877226
1 0.4875 0.5485567010309278 0.045 0.03947516401124648
1 0.16375 0.46579194001874413 0.045 0.031865042174320526
0 0.4023375 0.2847141518275539 0.0129875 0.012164948453608248
0 0.5060625000000001 0.2858013120899719 0.011525 0.02895970009372071
0 0.4981125 0.2858013120899719 0.005024999999999999 0.021921274601686972
0 0.3385375 0.28335520149953136 0.029224999999999998 0.026785379568884722
0 0.2724 0.5722211808809746 0.01045 0.007357075913776944
0 0.5118375000000001 0.6165323336457358 0.027425 0.00978444236176195
0 0.512925 0.6262886597938144 0.0223625 0.015135895032802249
0 0.4720875 0.667610121836926 0.018037499999999998 0.011152764761012185
0 0.46323749999999997 0.6768134957825679 0.011175 0.014311152764761012
0 0.4776875 0.6772258669165886 0.0213625 0.01576382380506092
0 0.6912874999999999 0.6205904404873477 0.023450000000000002 0.007544517338331772
0 0.9005375 0.620721649484536 0.04295 0.029484536082474228
0 0.8472375 0.5731771321462044 0.03465 0.024957825679475163
0 0.989225 0.534423617619494 0.0215375 0.008641049671977508
0 0.9930249999999999 0.5254826616682288 0.01395 0.007553889409559513
0 0.46865 0.5215745079662605 0.007837499999999999 0.012830365510777882
0 0.4589625 0.5304217432052484 0.0098125 0.029259606373008434