0 0.25625 0.30178069353327086 0.0325 0.026241799437675725
0 0.60625 0.29194001874414244 0.0225 0.01780693533270853
0 0.4875 0.23195876288659795 0.02 0.019681349578256794
0 0.531875 0.29053420805998126 0.02375 0.01874414245548266
0 0.7116750000000001 0.14701030927835051 0.0334 0.022230552952202436
0 0.778125 0.16869728209934395 0.04625 0.020618556701030927
0 0.97125 0.29475164011246485 0.0325 0.03280224929709466
0 0.30125 0.3931583880037488 0.04 0.029053420805998126
0 0.328125 0.47797563261480785 0.00875 0.026241799437675725
0 0.3825 0.5098406747891284 0.0425 0.026241799437675725
0 0.34875 0.47891283973758203 0.0325 0.026241799437675725
0 0.415 0.38331771321462044 0.0225 0.01874414245548266
0 0.840625 0.6166822867853796 0.01875 0.01499531396438613
0 0.911875 0.5107778819119025 0.02125 0.011246485473289597
0 0.38125 0.18744142455482662 0.12 0.06560449859418932
1 0.545075 0.4673945641986879 0.23846250000000002 0.16628865979381444
0 0.639375 0.3650421743205248 0.07375 0.059044048734770385
0 0.154375 0.3992502343017807 0.09125 0.06373008434864105
0 0.62625 0.1049671977507029 0.065 0.04498594189315839
0 0.941875 0.6187722586691659 0.05875 0.0239456419868791
0 0.355625 0.8912839737582006 0.06625 0.03936269915651359
0 0.256875 0.57029053420806 0.05875 0.02717900656044986
0 0.33125 0.6888472352389878 0.08 0.03936269915651359
0 0.4175 0.8041237113402062 0.0425 0.031865042174320526
0 0.4075 0.7563261480787254 0.0475 0.031865042174320526
0 0.7059375 0.6036832239925023 0.029375 0.039597000937207125
0 0.4428125 0.5758200562324274 0.05375 0.03139643861293346
1 0.0775 0.4587628865979381 0.155 0.08153701968134958
0 0.248475 0.12731021555763825 0.0381625 0.02647610121836926
0 0.1437875 0.0718369259606373 0.042649999999999993 0.03563261480787254
0 0.07894999999999999 0.04486410496719775 0.0642 0.024967197750702906
0 0.517825 0.14179943767572634 0.0337 0.024957825679475163
0 0.8491500000000001 0.1271696344892221 0.032075 0.019475164011246486
0 0.9022 0.12868791002811622 0.0617375 0.034104967197750705
0 0.9642000000000001 0.11985004686035614 0.0296125 0.021312089971883785
0 0.9923875 0.3687253983130272 0.0152375 0.010618556701030927
1 0.9574124999999999 0.392211808809747 0.08516249999999999 0.12895032802249298
1 0.9675875 0.33047797563261483 0.06483749999999999 0.048125585754451736
0 0.6922375 0.44174320524835986 0.022324999999999998 0.01338331771321462
0 0.5664125 0.46246485473289595 0.0072875 0.010937207122774134
0 0.7231125 0.6014526710402999 0.0141625 0.01762886597938144
0 0.6767749999999999 0.5952108716026242 0.029625 0.010018744142455483
0 0.6851125 0.5901780693533271 0.0088875 0.00422680412371134
0 0.4704625 0.6203561387066542 0.0455 0.02189315838800375
0 0.449525 0.5977975632614808 0.050787500000000006 0.029831302717900656
0 0.334675 0.6637863167760075 0.045562500000000006 0.02951265229615745
1 0.016712499999999998 0.8488097469540768 0.0334375 0.018537956888472353
0 0.68105 0.8485004686035614 0.0186625 0.014264292408622306
0 0.7219 0.7893814432989691 0.0158125 0.0136738519212746
0 0.7631749999999999 0.7313120899718837 0.0194625 0.012155576382380507
0 0.782075 0.7008341143392689 0.01905 0.01338331771321462
0 0.7345125 0.6881818181818181 0.01175 0.011246485473289597
0 0.6103125 0.7558481724461106 0.0121625 0.007572633552014995
0 0.6115375000000001 0.7617900656044986 0.0203 0.010318650421743205
0 0.8089 0.8483505154639176 0.0198625 0.012136832239925023
0 0.9412375000000001 0.6048172446110591 0.029212500000000002 0.012764761012183691