0 0.781875 0.6672914714151827 0.0375 0.02999062792877226
0 0.43875 0.717900656044986 0.02625 0.020618556701030927
0 0.568125 0.7633552014995314 0.02375 0.02155576382380506
0 0.5125 0.7104029990627929 0.0275 0.02155576382380506
0 0.364375 0.8734770384254921 0.0375 0.026241799437675725
0 0.294375 0.8598875351452671 0.05 0.026241799437675725
0 0.0775 0.7582005623242737 0.03875 0.03655107778819119
0 0.71875 0.5820056232427366 0.045 0.033739456419868794
0 0.674375 0.5014058106841612 0.01375 0.02717900656044986
0 0.61375 0.4765698219306467 0.0475 0.030927835051546393
0 0.65375 0.5032802249297095 0.0375 0.02999062792877226
0 0.608125 0.60543580131209 0.02625 0.02155576382380506
0 0.139375 0.4245548266166823 0.02125 0.016869728209934397
0 0.09125 0.5374882849109653 0.02375 0.014058106841611996
0 0.6825 0.7947516401124649 0.1325 0.07872539831302718
1 0.4625 0.5374882849109653 0.27 0.19212746016869728
0 0.390625 0.6494845360824743 0.085 0.06654170571696345
0 0.8625 0.5590440487347704 0.10375 0.07403936269915651
0 0.4575 0.9048734770384255 0.07375 0.05248359887535145
0 0.03875 0.43486410496719774 0.0625 0.030927835051546393
0 0.56125 0.09653233364573571 0.07375 0.046860356138706656
0 0.725625 0.4020618556701031 0.06375 0.033739456419868794
0 0.6275 0.29381443298969073 0.0875 0.04779756326148079
0 0.518125 0.18978444236176195 0.04875 0.03655107778819119
0 0.538125 0.23617619493908154 0.05375 0.03748828491096532
0 0.274375 0.4217432052483599 0.0375 0.04217432052483599
0 0.54125 0.4184629803186504 0.06 0.03748828491096532
1 0.92 0.4906279287722587 0.16 0.09840674789128398
0 0.825625 0.8383317713214621 0.04375 0.030927835051546393
0 0.94125 0.8814432989690721 0.05 0.04029990627928772
0 0.988125 0.9001874414245549 0.02375 0.03280224929709466
0 0.556875 0.8556701030927835 0.03875 0.029053420805998126
0 0.2325 0.9095595126522962 0.03625 0.023430178069353328
0 0.18 0.9137769447047798 0.0675 0.04029990627928772
0 0.120625 0.92970946579194 0.03375 0.02436738519212746
0 0.04125 0.6874414245548266 0.0175 0.01218369259606373
1 0.070625 0.6602624179943768 0.11125 0.13776944704779756
1 0.07375 0.7225866916588566 0.07375 0.05529522024367385
0 0.321875 0.5801312089971884 0.025 0.015932521087160263
0 0.4425 0.5449859418931584 0.01 0.01218369259606373
0 0.258125 0.4259606373008435 0.0175 0.01874414245548266
0 0.305625 0.4268978444236176 0.03125 0.014058106841611996
0 0.29875 0.4329896907216495 0.01 0.005623242736644799
0 0.50375 0.3776944704779756 0.04875 0.026241799437675725
0 0.529375 0.39737582005623245 0.0575 0.03561387066541706
0 0.629375 0.31865042174320524 0.05 0.033739456419868794
1 0.904375 0.09887535145267104 0.0375 0.022492970946579195
0 0.248125 0.17713214620431114 0.02125 0.015932521087160263
0 0.220625 0.23992502343017807 0.01875 0.015932521087160263
0 0.191875 0.3022492970946579 0.0225 0.014058106841611996
0 0.179375 0.3345829428303655 0.02125 0.01499531396438613
0 0.229375 0.3416119962511715 0.01375 0.01218369259606373
0 0.338125 0.2600749765698219 0.01375 0.008434864104967198
0 0.335625 0.25445173383317715 0.0225 0.01218369259606373
0 0.1225 0.19212746016869728 0.0225 0.014058106841611996
0 0.0425 0.44798500468603564 0.03125 0.015932521087160263