0 0.799375 0.35051546391752575 0.04 0.028116213683223992
0 0.7575 0.6110590440487348 0.0275 0.019681349578256794
0 0.855 0.5328022492970946 0.02875 0.01780693533270853
0 0.77125 0.556232427366448 0.02875 0.020618556701030927
0 0.931875 0.7122774133083412 0.035 0.028116213683223992
0 0.893125 0.7577319587628866 0.035 0.03748828491096532
0 0.696875 0.8809746954076851 0.04875 0.029053420805998126
0 0.671875 0.3697282099343955 0.045 0.033739456419868794
0 0.555625 0.37628865979381443 0.03625 0.010309278350515464
0 0.505625 0.4114339268978444 0.04125 0.03561387066541706
0 0.55125 0.39128397375820057 0.04 0.028116213683223992
0 0.666875 0.4554826616682287 0.02875 0.019681349578256794
0 0.293125 0.7338331771321462 0.0225 0.015932521087160263
0 0.42125 0.8031865042174321 0.01875 0.01780693533270853
0 0.930625 0.4611059044048735 0.105 0.09934395501405811
1 0.53625 0.5384254920337395 0.25625 0.20243673851921273
0 0.65625 0.6241799437675727 0.08875 0.06373008434864105
0 0.686875 0.25960637300843487 0.09875 0.07778819119025304
0 0.275 0.8088097469540768 0.04125 0.046860356138706656
0 0.445625 0.30880974695407687 0.045 0.04779756326148079
0 0.2775 0.34536082474226804 0.06375 0.06560449859418932
0 0.1125 0.39128397375820057 0.04875 0.03655107778819119
0 0.176875 0.39128397375820057 0.05 0.04029990627928772
0 0.33125 0.6358950328022493 0.05625 0.028116213683223992
0 0.40875 0.44611059044048734 0.05 0.04498594189315839
1 0.620625 0.19353327085285849 0.13125 0.1274601686972821
0 0.96875 0.5693533270852859 0.03875 0.029053420805998126
0 0.93125 0.8163074039362699 0.02125 0.026241799437675725
0 0.9175 0.8552014995313965 0.03625 0.04873477038425492
0 0.9175 0.9020618556701031 0.0125 0.023430178069353328
0 0.595625 0.8851921274601687 0.01625 0.013120899718837863
1 0.570625 0.8556701030927835 0.18375 0.08341143392689784
1 0.650625 0.872539831302718 0.07375 0.05529522024367385
0 0.54625 0.6518275538894096 0.02125 0.01874414245548266
0 0.53875 0.5548266166822868 0.01625 0.007497656982193065
0 0.331875 0.6494845360824743 0.025 0.013120899718837863
0 0.346875 0.6162136832239925 0.01875 0.023430178069353328
0 0.3525 0.6227741330834115 0.0075 0.007497656982193065
0 0.34625 0.4592314901593252 0.035 0.03655107778819119
0 0.37875 0.44704779756326146 0.0475 0.04311152764761012
0 0.31 0.351921274601687 0.045 0.03748828491096532
1 0.11625 0.08762886597938144 0.03 0.028116213683223992
0 0.0125 0.5796626054358013 0.02125 0.015932521087160263
0 0.08375 0.6190253045923149 0.02125 0.014058106841611996
0 0.15375 0.6588566073102156 0.01875 0.016869728209934397
0 0.19125 0.6771321462043112 0.02 0.015932521087160263
0 0.215 0.6438612933458294 0.01625 0.010309278350515464
0 0.145625 0.5417057169634489 0.01125 0.010309278350515464
0 0.1375 0.5412371134020618 0.01625 0.016869728209934397
0 0.2925 0.810215557638238 0.02125 0.023430178069353328