0 0.798125 0.2478912839737582 0.01875 0.013120899718837863
0 0.81875 0.5023430178069354 0.03375 0.01499531396438613
0 0.8225 0.7314901593252109 0.04 0.02155576382380506
0 0.303125 0.7361761949390815 0.125 0.07497656982193064
0 0.441875 0.47703842549203374 0.12875 0.07122774133083412
0 0.825625 0.37582005623242737 0.10875 0.05716963448922212
0 0.119375 0.35098406747891286 0.065 0.053420805998125584
0 0.95625 0.5651358950328023 0.0375 0.03467666354264293
0 0.158125 0.37910028116213684 0.06625 0.05154639175257732
0 0.61125 0.6466729147141518 0.04375 0.02436738519212746
0 0.173125 0.49625117150890347 0.03875 0.016869728209934397
0 0.600625 0.521087160262418 0.1225 0.06935332708528585
0 0.664375 0.4990627928772259 0.1175 0.07872539831302718
0 0.80625 0.5332708528584817 0.0275 0.01499531396438613
0 0.775625 0.4114339268978444 0.025 0.01780693533270853
0 0.764375 0.4044048734770384 0.0325 0.011246485473289597
0 0.983125 0.40581068416119964 0.03375 0.03748828491096532
0 0.964375 0.41940018744142454 0.05 0.02999062792877226
0 0.91875 0.7652296157450796 0.0275 0.014058106841611996
0 0.7725 0.7141518275538894 0.02625 0.01499531396438613
0 0.6175 0.6593252108716027 0.0275 0.014058106841611996
0 0.7425 0.837394564198688 0.025 0.01499531396438613
0 0.365 0.6968134957825679 0.03125 0.01499531396438613
0 0.19125 0.5089034676663543 0.04125 0.016869728209934397
0 0.21375 0.5098406747891284 0.0325 0.015932521087160263
0 0.15 0.39971883786316775 0.04625 0.01780693533270853
0 0.023125 0.6747891283973758 0.03125 0.023430178069353328
0 0.39125 0.8120899718837863 0.01 0.006560449859418931
0 0.690625 0.7422680412371134 0.0125 0.006560449859418931
0 0.068125 0.8191190253045924 0.0075 0.007497656982193065
0 0.04125 0.2197750702905342 0.04625 0.01499531396438613
0 0.61 0.2703842549203374 0.035 0.010309278350515464
0 0.753125 0.2642924086223055 0.0325 0.010309278350515464
0 0.91125 0.2619493908153702 0.02125 0.01499531396438613
0 0.73125 0.20103092783505155 0.02 0.013120899718837863
1 0.7375 0.22164948453608246 0.04 0.02530459231490159
1 0.745625 0.22024367385192128 0.015 0.014058106841611996
1 0.763125 0.23898781630740393 0.04875 0.02436738519212746
1 0.770625 0.24695407685098406 0.08375 0.026241799437675725