0 0.78 0.2366447985004686 0.0175 0.01218369259606373
0 0.81875 0.4896907216494845 0.0325 0.014058106841611996
0 0.838125 0.718369259606373 0.03875 0.019681349578256794
0 0.32 0.7436738519212746 0.12 0.07029053420805999
0 0.440625 0.4793814432989691 0.12375 0.06654170571696345
0 0.81625 0.3631677600749766 0.105 0.053420805998125584
0 0.109375 0.36597938144329895 0.06125 0.05154639175257732
0 0.96 0.5473289597000938 0.035 0.033739456419868794
0 0.1502125 0.3926522961574508 0.062087500000000004 0.04865979381443299
0 0.62155 0.6418462980318651 0.0430875 0.022211808809746953
0 0.17329999999999998 0.5088003748828491 0.0370875 0.014798500468603561
0 0.60205 0.5175351452671041 0.119125 0.06459231490159326
0 0.6640999999999999 0.49250234301780693 0.11234999999999999 0.07406747891283974
0 0.8080625 0.5210965323336457 0.025699999999999997 0.014179943767572634
0 0.768575 0.4004686035613871 0.023450000000000002 0.0165979381443299
0 0.7573000000000001 0.3940393626991565 0.030662500000000002 0.010468603561387067
0 0.9797374999999999 0.38676663542642925 0.04051249999999999 0.03521087160262418
0 0.9581125 0.4009746954076851 0.0478125 0.027713214620431116
0 0.9366875 0.7481349578256795 0.025699999999999997 0.013495782567947517
0 0.7868625 0.7032989690721649 0.0248 0.014517338331771322
0 0.62845 0.6544142455482661 0.0257125 0.012830365510777882
0 0.765425 0.827647610121837 0.02435 0.014245548266166821
0 0.37888750000000004 0.7019493908153702 0.030212500000000003 0.013898781630740393
0 0.192275 0.5212652296157452 0.0397 0.015192127460168698
0 0.21530000000000002 0.5210965323336457 0.0316 0.014920337394564198
0 0.14376250000000002 0.4140018744142456 0.044662499999999994 0.015866916588566073
0 0.0361375 0.6929803186504218 0.0298 0.022361761949390813
0 0.41318750000000004 0.8158013120899719 0.0094625 0.006729147141518275
0 0.707525 0.7344892221180881 0.0125125 0.006044985941893158
0 0.091075 0.8354545454545454 0.0075125 0.007938144329896908
0 0.02265 0.23828491096532334 0.0453125 0.013158388003748828
0 0.593625 0.2661293345829428 0.0355875 0.009531396438612933
0 0.736475 0.2549297094657919 0.0320625 0.008922211808809746
0 0.8936125 0.24619493908153703 0.0202 0.013814432989690721
0 0.7101125 0.1928116213683224 0.018887499999999998 0.0125398313027179
1 0.7173625 0.21257731958762885 0.0386625 0.02304592314901593
1 0.7254875 0.21076850984067477 0.013612500000000001 0.013486410496719775
1 0.7443875 0.22921274601686972 0.0479 0.022052483598875353
1 0.7527375000000001 0.23663542642924087 0.082175 0.023036551077788188