0 0.2194875 0.2515745079662606 0.0810125 0.05168697282099344
0 0.22982500000000003 0.40422680412371137 0.08605 0.053767572633552016
0 0.2159625 0.4455107778819119 0.065575 0.05573570759137769
0 0.245625 0.49765698219306465 0.06125 0.04498594189315839
0 0.39625 0.28972820993439546 0.07 0.05034676663542643
0 0.16754999999999998 0.5524367385192128 0.059887499999999996 0.042268041237113405
0 0.5313 0.3737207122774133 0.0651375 0.04901593252108716
0 0.06559999999999999 0.17706654170571698 0.0515625 0.03762886597938144
0 0.65125 0.5393626991565136 0.0675 0.053420805998125584
0 0.3175 0.44611059044048734 0.0575 0.04873477038425492
0 0.4321 0.368659793814433 0.0733 0.04057169634489222
0 0.39875 0.4468791002811621 0.113425 0.1007497656982193
0 0.08875 0.5530740393626992 0.06 0.04286785379568885
0 0.699375 0.647610121836926 0.04625 0.03748828491096532
0 0.948125 0.5509372071227742 0.06625 0.04527647610121837
0 0.950625 0.5838800374882849 0.04875 0.04873477038425492
0 0.48698749999999996 0.1727835051546392 0.036012499999999996 0.027450796626054357
0 0.10883749999999999 0.2730365510777882 0.049825 0.029372071227741332
0 0.363175 0.41683223992502344 0.051137499999999995 0.03230552952202437
0 0.735625 0.7136832239925024 0.03625 0.030927835051546393
0 0.159375 0.7582005623242737 0.04125 0.031865042174320526
1 0.0317625 0.3029147141518275 0.0635125 0.0728116213683224
0 0.740625 0.3013120899718838 0.04375 0.03280224929709466
0 0.88 0.25679475164011245 0.04 0.031865042174320526
0 0.7082625 0.3099718837863168 0.0209625 0.05012183692596064
0 0.9412 0.39029053420806 0.040787500000000004 0.031611996251171504
0 0.6297875 0.21686035613870663 0.0537625 0.014264292408622306
0 0.8720625 0.4417806935332709 0.0423125 0.03865042174320525
0 0.53375 0.3252108716026242 0.035 0.031865042174320526
0 0.13 0.5215557638238051 0.035 0.02717900656044986
0 0.295625 0.31115276476101217 0.03625 0.022492970946579195
0 0.1486875 0.18074976569821932 0.0275 0.020890346766635426
0 0.57125 0.20290534208059982 0.0325 0.019681349578256794
0 0.438125 0.2169634489222118 0.03375 0.019681349578256794
0 0.793125 0.27928772258669166 0.01625 0.013120899718837863
0 0.24625 0.6087160262417994 0.0275 0.019681349578256794
0 0.20625 0.6091846298031866 0.025 0.01874414245548266
0 0.626875 0.4854732895970009 0.03625 0.016869728209934397
0 0.538125 0.6068416119962512 0.01625 0.01218369259606373
0 0.654375 0.5023430178069354 0.01625 0.011246485473289597
0 0.39625 0.6077788191190253 0.0175 0.01218369259606373
0 0.46875 0.5524835988753515 0.015 0.01218369259606373
0 0.631875 0.507029053420806 0.01125 0.00937207122774133
0 0.435625 0.4442361761949391 0.01375 0.013120899718837863
0 0.683125 0.5093720712277413 0.02875 0.023430178069353328
0 0.98125 0.4873477038425492 0.01 0.013120899718837863
0 0.3175 0.7539831302717901 0.03 0.023430178069353328
0 0.316875 0.7830365510777882 0.02125 0.01780693533270853
0 0.116875 0.7905342080599812 0.01875 0.014058106841611996
0 0.281875 0.6963448922211809 0.01875 0.01499531396438613
0 0.138125 0.852389878163074 0.01625 0.01218369259606373
0 0.25 0.7764761012183693 0.02 0.01218369259606373
0 0.431875 0.6925960637300843 0.02375 0.01874414245548266
0 0.905625 0.6799437675726335 0.01125 0.008434864104967198
0 0.984375 0.6958762886597938 0.01125 0.01218369259606373
0 0.87825 0.43704779756326145 0.039787499999999996 0.04537019681349578
0 0.950325 0.37651358950328023 0.0308 0.030121836925960637
0 0.7000875000000001 0.3118556701030928 0.010974999999999999 0.041002811621368325
0 0.6032375 0.2599531396438613 0.0472 0.043692596063730084
0 0.629225 0.20561387066541703 0.056475 0.013823805060918463
0 0.2980125 0.48843486410496717 0.0118625 0.014067478912839737
0 0.247575 0.6382661668228679 0.0413875 0.03009372071227741