0 0.208125 0.2591377694470478 0.08375 0.053420805998125584
0 0.225625 0.4114339268978444 0.08875 0.05529522024367385
0 0.21375 0.45313964386129335 0.0675 0.05716963448922212
0 0.245625 0.5042174320524836 0.06375 0.046860356138706656
0 0.38625 0.2924086223055295 0.0725 0.05248359887535145
0 0.17 0.5609184629803187 0.0625 0.044048734770384255
0 0.525625 0.37300843486410495 0.0675 0.05060918462980318
0 0.050625 0.1888472352389878 0.0525 0.038425492033739454
0 0.653125 0.5356138706654171 0.07 0.05529522024367385
0 0.315 0.450796626054358 0.06 0.05060918462980318
0 0.425625 0.37066541705716965 0.075 0.04217432052483599
0 0.39625 0.4498594189315839 0.11875 0.10309278350515463
0 0.09125 0.563730084348641 0.0625 0.04498594189315839
0 0.70625 0.6424554826616682 0.0475 0.038425492033739454
0 0.95 0.5393626991565136 0.06875 0.046860356138706656
0 0.954375 0.5721649484536082 0.05125 0.04967197750702906
0 0.471875 0.1733833177132146 0.0375 0.028116213683223992
0 0.098125 0.28350515463917525 0.05125 0.02999062792877226
0 0.359375 0.4208059981255858 0.0525 0.03280224929709466
0 0.745625 0.7075913776944704 0.0375 0.031865042174320526
0 0.171875 0.7671040299906279 0.0425 0.03280224929709466
1 0.028125 0.3149015932521087 0.05625 0.07497656982193064
0 0.73125 0.2952202436738519 0.045 0.033739456419868794
0 0.86875 0.24695407685098406 0.04125 0.03280224929709466
0 0.699375 0.3045923149015933 0.02375 0.05060918462980318
0 0.935625 0.37910028116213684 0.0425 0.03280224929709466
0 0.616875 0.21368322399250234 0.05375 0.01499531396438613
0 0.86875 0.4320524835988753 0.04375 0.03936269915651359
0 0.525625 0.32427366447985007 0.03625 0.03280224929709466
0 0.13125 0.5313964386129335 0.03625 0.028116213683223992
0 0.286875 0.316776007497657 0.0375 0.023430178069353328
0 0.134375 0.190253045923149 0.02875 0.02155576382380506
0 0.5575 0.20103092783505155 0.03375 0.020618556701030927
0 0.425 0.21883786316776008 0.035 0.020618556701030927
0 0.7825 0.2717900656044986 0.01625 0.013120899718837863
0 0.25125 0.6152764761012184 0.02875 0.020618556701030927
0 0.21125 0.6166822867853796 0.02625 0.019681349578256794
0 0.62625 0.48219306466729145 0.0375 0.01780693533270853
0 0.543125 0.6059044048734771 0.01625 0.01218369259606373
0 0.654375 0.49812558575445176 0.01625 0.011246485473289597
0 0.40125 0.6105904404873477 0.0175 0.01218369259606373
0 0.47125 0.5534208059981256 0.015 0.01218369259606373
0 0.631875 0.5037488284910965 0.01125 0.00937207122774133
0 0.433125 0.44611059044048734 0.01375 0.013120899718837863
0 0.68375 0.5046860356138707 0.03 0.02436738519212746
0 0.980625 0.4746954076850984 0.01 0.013120899718837863
0 0.329375 0.7586691658856607 0.03125 0.02436738519212746
0 0.33 0.7877225866916588 0.0225 0.01874414245548266
0 0.130625 0.8003748828491096 0.02 0.01499531396438613
0 0.29125 0.7019681349578257 0.02 0.015932521087160263
0 0.155 0.8617619493908154 0.01625 0.01218369259606373
0 0.263125 0.7830365510777882 0.02 0.013120899718837863
0 0.440625 0.6944704779756327 0.025 0.019681349578256794
0 0.91375 0.669165885660731 0.01125 0.008434864104967198
0 0.993125 0.683223992502343 0.01125 0.01218369259606373
0 0.875 0.42736644798500467 0.0425 0.04592314901593252
0 0.944375 0.36457357075913777 0.0325 0.030927835051546393
0 0.69125 0.3069353327085286 0.01375 0.041237113402061855
0 0.591875 0.25773195876288657 0.05 0.04498594189315839
0 0.615625 0.20243673851921273 0.05625 0.015932521087160263
0 0.2975 0.49343955014058105 0.0125 0.014058106841611996
0 0.254375 0.6447985004686035 0.0425 0.030927835051546393