0 0.13 0.2366447985004686 0.04 0.02530459231490159
0 0.160625 0.21602624179943766 0.03375 0.02717900656044986
0 0.02875 0.24882849109653232 0.0325 0.029053420805998126
0 0.08875 0.2952202436738519 0.015 0.011246485473289597
0 0.02375 0.29475164011246485 0.015 0.010309278350515464
0 0.371875 0.3325773195876289 0.02875 0.027853795688847233
0 0.483825 0.2519962511715089 0.025162499999999997 0.007731958762886598
0 0.660975 0.3252108716026242 0.00945 0.011246485473289597
0 0.54275 0.22867853795688847 0.0119875 0.00937207122774133
0 0.5312749999999999 0.22914714151827553 0.0125375 0.010309278350515464
0 0.6725 0.32567947516401125 0.0125 0.010309278350515464
0 0.85125 0.29896907216494845 0.0125 0.00937207122774133
0 0.239375 0.3908153701968135 0.02625 0.041237113402061855
0 0.035625 0.49250234301780693 0.02375 0.015932521087160263
0 0.43625 0.5421743205248359 0.035 0.029053420805998126
0 0.338375 0.47563261480787256 0.01575 0.008434864104967198
0 0.49375 0.514526710402999 0.01 0.011246485473289597
0 0.694375 0.4287722586691659 0.01875 0.014058106841611996
0 0.94215 0.6627366447985005 0.025 0.02118088097469541
0 0.40125 0.7366447985004686 0.02 0.011246485473289597
0 0.609375 0.7802249297094658 0.13625 0.10402999062792877
0 0.483125 0.689784442361762 0.13625 0.10309278350515463
1 0.10619999999999999 0.5733739456419868 0.17508749999999998 0.19440487347703844
0 0.7375 0.569821930646673 0.0875 0.07872539831302718
0 0.34245 0.44496719775070287 0.0275875 0.04833177132146204
0 0.895625 0.5815370196813496 0.08875 0.05154639175257732
0 0.1591 0.6131396438612934 0.0425 0.030927835051546393
0 0.380625 0.5616963448922212 0.02375 0.05872539831302718
0 0.46625 0.514526710402999 0.045 0.033739456419868794
0 0.24875 0.37300843486410495 0.0375 0.041237113402061855
0 0.43357500000000004 0.39821930646672915 0.047850000000000004 0.05455482661668229
0 0.837075 0.5805529522024367 0.20165 0.08520149953139644
0 0.65685 0.6043392689784443 0.0737125 0.04841611996251171
0 0.35 0.5998125585754451 0.025 0.08809746954076851
0 0.0784625 0.48325210871602625 0.022862499999999997 0.009953139643861292
0 0.316575 0.4581349578256795 0.032875 0.019278350515463918
0 0.31155 0.4507685098406748 0.0373 0.022586691658856607
0 0.6664125 0.45136832239925023 0.0248625 0.016569821930646673
0 0.74775 0.39618556701030927 0.010875 0.014807872539831303
0 0.7384375 0.39565135895032805 0.009825 0.01217432052483599
0 0.484275 0.2454451733833177 0.018625 0.006626054358013121
0 0.7021999999999999 0.587535145267104 0.018975 0.011293345829428304
0 0.702375 0.5767197750702906 0.0165125 0.010243673851921275
1 0.0287 0.8102811621368323 0.0574 0.06913776944704779
1 0.008562499999999999 0.6311340206185566 0.017124999999999998 0.09203373945641988