0 0.888125 0.25164011246485474 0.0375 0.03280224929709466
0 0.911875 0.27647610121836924 0.04 0.028116213683223992
0 0.8825 0.17478912839737581 0.0425 0.02717900656044986
0 0.814375 0.21462043111527648 0.01625 0.01218369259606373
0 0.821875 0.16635426429240863 0.015 0.01218369259606373
0 0.735 0.4217432052483599 0.04 0.02436738519212746
0 0.830625 0.5135895032802249 0.0125 0.019681349578256794
0 0.715 0.6387066541705717 0.01625 0.008434864104967198
0 0.855625 0.5599812558575445 0.01375 0.010309278350515464
0 0.85625 0.5515463917525774 0.015 0.010309278350515464
0 0.713125 0.6466729147141518 0.015 0.010309278350515464
0 0.73 0.7830365510777882 0.01375 0.010309278350515464
0 0.671875 0.31724461105904406 0.0575 0.023430178069353328
0 0.55875 0.15463917525773196 0.02375 0.019681349578256794
0 0.450625 0.44798500468603564 0.0425 0.029053420805998126
0 0.549375 0.38191190253045926 0.0125 0.013120899718837863
0 0.48125 0.4939081537019681 0.01625 0.008434864104967198
0 0.574375 0.6522961574507966 0.02 0.01499531396438613
0 0.238125 0.8125585754451734 0.03125 0.020618556701030927
0 0.19625 0.40159325210871605 0.0175 0.015932521087160263
0 0.116875 0.5524835988753515 0.1525 0.11246485473289597
0 0.25 0.4676663542642924 0.15125 0.11246485473289597
1 0.44375 0.19868791002811623 0.27625 0.15089034676663543
0 0.3825 0.6696344892221181 0.11375 0.07310215557638237
0 0.589375 0.38847235238987815 0.0675 0.02530459231490159
0 0.350625 0.7863167760074976 0.0775 0.07122774133083412
0 0.385625 0.23430178069353327 0.045 0.03467666354264293
0 0.430625 0.4044048734770384 0.08125 0.023430178069353328
0 0.484375 0.4732895970009372 0.05 0.03748828491096532
0 0.695 0.3261480787253983 0.05875 0.031865042174320526
0 0.641875 0.4611059044048735 0.0775 0.041237113402061855
0 0.358125 0.7427366447985004 0.13375 0.15932521087160262
0 0.345 0.6059044048734771 0.0725 0.05998125585754452
0 0.383125 0.3776944704779756 0.12 0.028116213683223992
0 0.56625 0.18744142455482662 0.01625 0.01780693533270853
0 0.574375 0.36785379568884724 0.03 0.026241799437675725
0 0.585 0.36457357075913777 0.03375 0.02999062792877226
0 0.5475 0.6288659793814433 0.025 0.020618556701030927
0 0.611875 0.6954076850984068 0.02125 0.010309278350515464
0 0.61375 0.6883786316776007 0.0175 0.008434864104967198
0 0.839375 0.5149953139643861 0.01125 0.01499531396438613
0 0.3625 0.6419868791002812 0.0175 0.01499531396438613
0 0.376875 0.6429240862230553 0.015 0.013120899718837863
1 0.1375 0.1162136832239925 0.0975 0.04967197750702906
1 0.3775 0.11996251171508904 0.12375 0.022492970946579195