0 0.94375 0.887066541705717 0.0225 0.016869728209934397
0 0.96 0.880506091846298 0.0225 0.01499531396438613
0 0.536875 0.8973758200562324 0.0475 0.030927835051546393
0 0.295 0.9142455482661668 0.04125 0.03280224929709466
0 0.465 0.4076850984067479 0.0175 0.011246485473289597
0 0.56625 0.32849109653233366 0.02375 0.020618556701030927
0 0.00875 0.45407685098406747 0.0175 0.019681349578256794
0 0.05375 0.48078725398313027 0.03125 0.01874414245548266
0 0.885625 0.25164011246485474 0.03 0.015932521087160263
0 0.428125 0.1888472352389878 0.05375 0.02717900656044986
0 0.099375 0.3106841611996251 0.02 0.013120899718837863
0 0.34875 0.6326148078725399 0.1025 0.09465791940018745
0 0.2075 0.4268978444236176 0.07625 0.07403936269915651
0 0.90125 0.6649484536082474 0.1975 0.13964386129334583
0 0.446875 0.6930646672914714 0.07875 0.09840674789128398
0 0.6925 0.9090909090909091 0.09125 0.07685098406747891
0 0.6275 0.1790065604498594 0.09625 0.05998125585754452
0 0.67375 0.676663542642924 0.05875 0.04029990627928772
0 0.50125 0.6513589503280225 0.08375 0.09278350515463918
0 0.520625 0.25445173383317715 0.07625 0.05716963448922212
0 0.21375 0.5970009372071228 0.055 0.041237113402061855
0 0.169375 0.584817244611059 0.0575 0.038425492033739454
0 0.77125 0.689784442361762 0.04625 0.033739456419868794
0 0.371875 0.8031865042174321 0.05375 0.03748828491096532
0 0.92875 0.351921274601687 0.055 0.03561387066541706
0 0.4925 0.788191190253046 0.05 0.053420805998125584
0 0.975 0.6996251171508904 0.05 0.09840674789128398
0 0.18875 0.6822867853795689 0.0525 0.03748828491096532
1 0.103125 0.9123711340206185 0.05625 0.06935332708528585
0 0.665 0.4967197750702905 0.01625 0.00937207122774133
0 0.93 0.4967197750702905 0.0175 0.010309278350515464
0 0.94375 0.4873477038425492 0.02875 0.014058106841611996
0 0.915 0.6719775070290535 0.015 0.011246485473289597
0 0.86375 0.873008434864105 0.01375 0.016869728209934397
0 0.17875 0.7764761012183693 0.07 0.05529522024367385
0 0.11375 0.7582005623242737 0.0675 0.05529522024367385
0 0.4775 0.2755388940955951 0.03375 0.05248359887535145
0 0.48 0.28209934395501407 0.0175 0.015932521087160263
0 0.949375 0.3392689784442362 0.055 0.05248359887535145