0 0.173125 0.052014995313964384 0.02125 0.015932521087160263
0 0.155625 0.056232427366447985 0.02125 0.014058106841611996
0 0.57375 0.10543580131208997 0.04375 0.028116213683223992
0 0.815 0.12652296157450796 0.0375 0.02999062792877226
0 0.50875 0.5955951265229615 0.0175 0.010309278350515464
0 0.3875 0.6574507966260543 0.02125 0.019681349578256794
0 0.974375 0.6218369259606373 0.03125 0.016869728209934397
0 0.93125 0.5880974695407685 0.03 0.016869728209934397
0 0.054375 0.682755388940956 0.02875 0.014058106841611996
0 0.484375 0.8158388003748829 0.05125 0.023430178069353328
0 0.839375 0.7474226804123711 0.01875 0.01218369259606373
0 0.684375 0.3936269915651359 0.0925 0.08809746954076851
0 0.76625 0.6171508903467666 0.0675 0.07029053420805999
0 0.15 0.2755388940955951 0.18875 0.12652296157450796
0 0.605 0.3191190253045923 0.06625 0.09465791940018745
0 0.425 0.06982193064667291 0.0825 0.07122774133083412
0 0.28625 0.7942830365510778 0.09 0.05435801312089972
0 0.37875 0.29990627928772257 0.055 0.03655107778819119
0 0.54125 0.351921274601687 0.0725 0.08903467666354264
0 0.41125 0.7366447985004686 0.07 0.05248359887535145
0 0.806875 0.4498594189315839 0.05125 0.03748828491096532
0 0.846875 0.46860356138706655 0.05375 0.03467666354264293
0 0.2875 0.27225866916588565 0.04375 0.030927835051546393
0 0.709375 0.22352389878163073 0.05 0.033739456419868794
0 0.039375 0.5782567947516402 0.05125 0.031865042174320526
0 0.5875 0.21883786316776008 0.04375 0.05154639175257732
0 0.0425 0.15885660731021556 0.045 0.08997188378631678
0 0.069375 0.2268041237113402 0.0825 0.09372071227741331
0 0.855 0.3701968134957826 0.04875 0.03467666354264293
1 0.98875 0.1579194001874414 0.0225 0.06654170571696345
0 0.3375 0.4775070290534208 0.015 0.008434864104967198
0 0.078125 0.43580131208997186 0.01625 0.00937207122774133
0 0.061875 0.44329896907216493 0.0275 0.01218369259606373
0 0.141875 0.26710402999062793 0.015 0.010309278350515464
0 0.248125 0.07872539831302718 0.01125 0.015932521087160263
0 0.890625 0.2797563261480787 0.06375 0.05060918462980318
0 0.949375 0.3078725398313027 0.06125 0.05060918462980318
0 0.971875 0.8111527647610122 0.0175 0.053420805998125584
0 0.46 0.7230552952202437 0.0275 0.05154639175257732
0 0.459375 0.7160262417994376 0.01625 0.01499531396438613
0 0.02 0.5871602624179943 0.04 0.04967197750702906