0 0.1625 0.5684161199625117 0.07375 0.053420805998125584
0 0.815625 0.6255857544517338 0.0875 0.05716963448922212
0 0.93125 0.5923149015932521 0.07 0.046860356138706656
0 0.285 0.40159325210871605 0.055 0.04311152764761012
0 0.471875 0.30927835051546393 0.05625 0.044048734770384255
0 0.9775 0.3444236176194939 0.02875 0.05060918462980318
0 0.475625 0.5515463917525774 0.05375 0.05810684161199625
0 0.6275 0.47282099343955014 0.055 0.03280224929709466
0 0.9575 0.1330834114339269 0.0375 0.04498594189315839
0 0.65875 0.5407685098406748 0.0525 0.03936269915651359
0 0.745625 0.4240862230552952 0.055 0.044048734770384255
0 0.18125 0.4606373008434864 0.03875 0.029053420805998126
0 0.796875 0.3650421743205248 0.055 0.044048734770384255
0 0.935 0.16307403936269915 0.05 0.04498594189315839
0 0.1625 0.15182755388940955 0.0425 0.02999062792877226
0 0.455 0.16588566073102157 0.04625 0.026241799437675725
0 0.214375 0.323805060918463 0.06 0.03748828491096532
0 0.9325 0.7422680412371134 0.08 0.061855670103092786
1 0.611875 0.5304592314901593 0.2575 0.1780693533270853
0 0.800625 0.8289597000937207 0.06375 0.07122774133083412
0 0.2175 0.3584817244611059 0.06125 0.03655107778819119
0 0.31875 0.2047797563261481 0.03 0.03655107778819119
0 0.46625 0.27647610121836924 0.04875 0.02717900656044986
0 0.214375 0.8430178069353327 0.0275 0.02999062792877226
0 0.279375 0.7853795688847235 0.03125 0.029053420805998126
0 0.145625 0.5299906279287723 0.015 0.014058106841611996
0 0.165625 0.21883786316776008 0.02625 0.026241799437675725
0 0.350625 0.39878163074039363 0.02625 0.02155576382380506
0 0.5425 0.3547328959700094 0.0175 0.022492970946579195
0 0.64 0.29756326148078727 0.025 0.015932521087160263
0 0.638125 0.32567947516401125 0.02 0.023430178069353328
0 0.52375 0.3692596063730084 0.01875 0.023430178069353328
0 0.325 0.3865979381443299 0.02625 0.019681349578256794
0 0.769375 0.7942830365510778 0.0275 0.023430178069353328
0 0.78375 0.7731958762886598 0.03375 0.02155576382380506
0 0.78125 0.1457357075913777 0.02125 0.016869728209934397
0 0.815625 0.26804123711340205 0.02 0.014058106841611996
0 0.32 0.8786316776007498 0.01 0.007497656982193065
0 0.151875 0.8865979381443299 0.015 0.005623242736644799