0 0.6779875 0.7637488284910965 0.1499 0.06030927835051546
1 0.872875 0.6058106841611997 0.1388375 0.10559512652296157
0 0.1898375 0.4021649484536083 0.0524125 0.07309278350515463
0 0.8659250000000001 0.791921274601687 0.10210000000000001 0.05389878163074039
1 0.8857875 0.5135426429240862 0.1369375 0.10208059981255858
0 0.11588749999999999 0.45313964386129335 0.044387499999999996 0.06189315838800376
0 0.9695125 0.15114339268978444 0.03835 0.0332427366447985
0 0.0493125 0.4307685098406748 0.0420125 0.06294283036551078
0 0.790825 0.7457731958762887 0.10335000000000001 0.029981255857544516
0 0.381 0.2166447985004686 0.0433625 0.06854732895970009
0 0.2746875 0.25953139643861295 0.0644375 0.09365510777881912
1 0.402575 0.7757075913776944 0.1125 0.06401124648547328
0 0.0812875 0.47957825679475163 0.043587499999999994 0.06524835988753515
1 0.5099875 0.7477413308341143 0.12065 0.06312089971883786
1 0.868125 0.6911152764761012 0.138325 0.08886597938144329
0 0.26645 0.3595407685098407 0.03615 0.06737582005623242
0 0.34204999999999997 0.4920431115276476 0.045899999999999996 0.020674789128397375
0 0.29857500000000003 0.454020618556701 0.0318 0.02541705716963449
0 0.340175 0.4726241799437676 0.0933875 0.025604498594189316
0 0.8082625 0.5099156513589503 0.0322875 0.03980318650421743
0 0.4620375 0.16842549203373947 0.0488875 0.06376757263355202
0 0.5820125 0.21587628865979383 0.029925 0.02865979381443299
0 0.5102375 0.3209184629803187 0.035475 0.010459231490159326
0 0.44 0.19775070290534208 0.0125 0.00937207122774133
0 0.9252750000000001 0.32410496719775067 0.0144375 0.016522961574507965
0 0.91125 0.30880974695407687 0.0175 0.01218369259606373
0 0.86625 0.3139643861293346 0.02 0.013120899718837863
0 0.853125 0.16447985004686036 0.01875 0.01218369259606373
0 0.821875 0.14104967197750704 0.02125 0.014058106841611996
0 0.799375 0.13542642924086223 0.01875 0.01218369259606373
0 0.26875 0.5370196813495782 0.015 0.011246485473289597
0 0.155 0.5627928772258669 0.015 0.010309278350515464
0 0.16375 0.6040299906279287 0.0125 0.010309278350515464
0 0.30625 0.4967197750702905 0.0125 0.00937207122774133
0 0.240625 0.604967197750703 0.00625 0.004686035613870665
0 0.395 0.4793814432989691 0.02 0.019681349578256794
0 0.56875 0.4072164948453608 0.0275 0.008434864104967198
0 0.5925 0.3889409559512652 0.0175 0.013120899718837863
0 0.561875 0.3992502343017807 0.01625 0.011246485473289597
0 0.59 0.39878163074039363 0.035 0.008434864104967198
0 0.8335625 0.3607497656982193 0.0176625 0.016513589503280225
0 0.8401375 0.34723523898781633 0.018000000000000002 0.013955014058106842
0 0.685 0.4451733833177132 0.015 0.016869728209934397
0 0.8632875 0.3463074039362699 0.0215625 0.01217432052483599
0 0.8566374999999999 0.3547328959700094 0.020775000000000002 0.015932521087160263
0 0.87 0.6279287722586692 0.0175 0.011246485473289597
0 0.88625 0.5318650421743205 0.0175 0.01218369259606373
0 0.2875 0.7352389878163074 0.0175 0.01218369259606373
0 0.4078 0.7968978444236176 0.0222875 0.017310215557638238
0 0.4717125 0.7489034676663543 0.0248625 0.017703842549203375
0 0.6 0.6963448922211809 0.0225 0.013120899718837863
0 0.6 0.7268041237113402 0.0275 0.015932521087160263
0 0.596875 0.6822867853795689 0.01375 0.00937207122774133
0 0.606875 0.718369259606373 0.01625 0.010309278350515464
0 0.361575 0.22248359887535143 0.007887499999999999 0.01408622305529522
0 0.4805375 0.17604498594189316 0.011312500000000001 0.01936269915651359
0 0.6782125000000001 0.2514714151827554 0.032712500000000005 0.02924086223055295
0 0.9129875 0.328116213683224 0.011587499999999999 0.013495782567947517
0 0.8472375 0.3648453608247423 0.010587500000000001 0.00935332708528585
0 0.8273 0.3487066541705717 0.0086875 0.008669165885660732
0 0.869675 0.34267104029990625 0.0126375 0.009268978444236176
0 0.8385250000000001 0.5138519212746017 0.04650000000000001 0.04754451733833177
0 0.8498749999999999 0.7033270852858482 0.0174 0.013420805998125587
0 0.3211625 0.29085285848172443 0.0154125 0.014470477975632614
0 0.5258375000000001 0.31513589503280226 0.033675000000000004 0.009775070290534208
0 0.5225625 0.3094376757263355 0.0282875 0.007038425492033739
0 0.5484749999999999 0.40748828491096534 0.0073124999999999996 0.006176194939081537