0 0.274375 0.2572633552014995 0.16 0.07497656982193064
1 0.110625 0.4339268978444236 0.1575 0.1190253045923149
0 0.825 0.5646672914714151 0.065 0.07778819119025304
0 0.08375 0.24882849109653232 0.11125 0.06466729147141519
1 0.115625 0.5267104029990628 0.155 0.11527647610121837
0 0.889375 0.5060918462980318 0.05625 0.06560449859418932
0 0.1 0.8940955951265229 0.045 0.03655107778819119
0 0.959375 0.5215557638238051 0.05375 0.06654170571696345
0 0.166875 0.2872539831302718 0.10875 0.04029990627928772
0 0.67 0.7685098406747891 0.05625 0.07216494845360824
0 0.7675 0.7146204311152765 0.08125 0.09934395501405811
1 0.545625 0.2169634489222118 0.12375 0.07497656982193064
0 0.91875 0.4765698219306467 0.055 0.06935332708528585
1 0.444375 0.25538894095595127 0.13125 0.07497656982193064
1 0.1 0.34910965323336457 0.15375 0.10309278350515463
0 0.7575 0.6148078725398313 0.04875 0.07029053420805999
0 0.658125 0.4915651358950328 0.05 0.02530459231490159
0 0.708125 0.5243673851921274 0.03625 0.028116213683223992
0 0.66375 0.5103092783505154 0.0975 0.03467666354264293
0 0.193125 0.5224929709465792 0.04 0.04217432052483599
0 0.599375 0.8247422680412371 0.06 0.06841611996251172
0 0.471875 0.7895970009372071 0.035 0.031865042174320526
0 0.523125 0.6785379568884724 0.03625 0.014058106841611996
0 0.615625 0.7928772258669166 0.01375 0.010309278350515464
0 0.111875 0.718369259606373 0.0175 0.01780693533270853
0 0.128125 0.732427366447985 0.02 0.014058106841611996
0 0.171875 0.7225866916588566 0.0225 0.01499531396438613
0 0.2125 0.8692596063730085 0.02125 0.014058106841611996
0 0.248125 0.8889409559512652 0.02375 0.015932521087160263
0 0.27125 0.8922211808809747 0.02125 0.014058106841611996
0 0.721875 0.43908153701968133 0.0175 0.013120899718837863
0 0.83 0.40159325210871605 0.01625 0.01218369259606373
0 0.81375 0.36176194939081535 0.01375 0.011246485473289597
0 0.6925 0.4831302717900656 0.01375 0.010309278350515464
0 0.7375 0.36879100281162136 0.0075 0.005623242736644799
0 0.6075 0.5093720712277413 0.02375 0.02155576382380506
0 0.449375 0.598875351452671 0.02875 0.011246485473289597
0 0.42875 0.619493908153702 0.02 0.01499531396438613
0 0.4575 0.6063730084348641 0.01875 0.013120899718837863
0 0.429375 0.6096532333645736 0.03625 0.01218369259606373
0 0.195625 0.6724461105904405 0.02 0.01874414245548266
0 0.191875 0.6869728209934396 0.02 0.015932521087160263
0 0.326875 0.5735707591377694 0.0175 0.01780693533270853
0 0.16875 0.6902530459231491 0.02375 0.014058106841611996
0 0.17375 0.6808809746954076 0.02375 0.01780693533270853
0 0.11 0.4119025304592315 0.02 0.013120899718837863
0 0.111875 0.5089034676663543 0.02 0.014058106841611996
0 0.666875 0.2450796626054358 0.02 0.014058106841611996
0 0.53625 0.19634489222118087 0.025 0.01874414245548266
0 0.481875 0.2507029053420806 0.0275 0.020618556701030927
0 0.364375 0.3158388003748828 0.025 0.01499531396438613
0 0.35875 0.2858481724461106 0.03 0.01874414245548266
0 0.37 0.3294283036551078 0.015 0.010309278350515464
0 0.35375 0.29475164011246485 0.0175 0.01218369259606373
0 0.688125 0.7600749765698219 0.01 0.01499531396438613
0 0.579375 0.8186504217432052 0.015 0.020618556701030927
0 0.37 0.7647610121836926 0.0375 0.031865042174320526
0 0.123125 0.7132146204311153 0.01375 0.014058106841611996
0 0.180625 0.6701030927835051 0.01125 0.010309278350515464
0 0.20375 0.6841611996251171 0.01 0.00937207122774133
0 0.16375 0.6944704779756327 0.01375 0.010309278350515464
0 0.161875 0.5215557638238051 0.055 0.05248359887535145
0 0.115625 0.33505154639175255 0.02 0.01499531396438613
0 0.715625 0.6883786316776007 0.0175 0.015932521087160263
0 0.50875 0.6860356138706654 0.035 0.013120899718837863
0 0.513125 0.6911902530459232 0.03 0.010309278350515464
0 0.46875 0.5965323336457357 0.00875 0.007497656982193065