0 0.26375 0.2633552014995314 0.16125 0.07872539831302718
1 0.108125 0.4442361761949391 0.16125 0.12277413308341144
0 0.828125 0.556232427366448 0.06875 0.07872539831302718
0 0.0725 0.2600749765698219 0.11375 0.06654170571696345
1 0.116875 0.5370196813495782 0.15875 0.11808809746954077
0 0.889375 0.49625117150890347 0.05875 0.06654170571696345
0 0.11875 0.9044048734770385 0.04625 0.03748828491096532
0 0.96 0.5098406747891284 0.05625 0.06747891283973759
0 0.156875 0.29615745079662603 0.10875 0.04311152764761012
0 0.6825 0.7638238050609185 0.05875 0.07310215557638237
0 0.7775 0.7075913776944704 0.08625 0.10121836925960637
1 0.5325 0.21602624179943766 0.125 0.07778819119025304
0 0.916875 0.46579194001874413 0.05875 0.07029053420805999
1 0.4325 0.2572633552014995 0.13375 0.07778819119025304
1 0.093125 0.35941893158388005 0.1575 0.10590440487347703
0 0.7625 0.6077788191190253 0.05125 0.07122774133083412
0 0.6575 0.4873477038425492 0.05 0.026241799437675725
0 0.70875 0.5192127460168697 0.03625 0.029053420805998126
0 0.66375 0.5060918462980318 0.09875 0.03748828491096532
0 0.194375 0.5304592314901593 0.04125 0.04311152764761012
0 0.614375 0.8219306466729147 0.0625 0.06935332708528585
0 0.485 0.7905342080599812 0.03625 0.03280224929709466
0 0.531875 0.6776007497656982 0.03625 0.01499531396438613
0 0.629375 0.7900656044985942 0.015 0.011246485473289597
0 0.121875 0.7282099343955014 0.01875 0.01874414245548266
0 0.139375 0.7417994376757263 0.02 0.014058106841611996
0 0.1825 0.7310215557638238 0.0225 0.015932521087160263
0 0.23 0.8762886597938144 0.02125 0.014058106841611996
0 0.26625 0.8955014058106842 0.02375 0.016869728209934397
0 0.289375 0.8978444236176195 0.02125 0.014058106841611996
0 0.719375 0.43345829428303656 0.0175 0.013120899718837863
0 0.825 0.3931583880037488 0.0175 0.01218369259606373
0 0.806875 0.3537956888472352 0.015 0.01218369259606373
0 0.691875 0.47797563261480785 0.015 0.011246485473289597
0 0.73125 0.3626991565135895 0.0075 0.005623242736644799
0 0.608125 0.506560449859419 0.02375 0.02155576382380506
0 0.45375 0.6002811621368322 0.02875 0.01218369259606373
0 0.434375 0.6213683223992502 0.02 0.01499531396438613
0 0.4625 0.6073102155576382 0.01875 0.013120899718837863
0 0.435 0.6115276476101218 0.03625 0.013120899718837863
0 0.20375 0.6804123711340206 0.02125 0.01874414245548266
0 0.200625 0.6949390815370197 0.02 0.015932521087160263
0 0.330625 0.5782567947516402 0.01875 0.01874414245548266
0 0.178125 0.6986879100281163 0.02375 0.01499531396438613
0 0.1825 0.6893158388003748 0.025 0.01874414245548266
0 0.10625 0.42221180880974696 0.02 0.013120899718837863
0 0.1125 0.5187441424554826 0.02 0.014058106841611996
0 0.655 0.2408622305529522 0.02 0.014058106841611996
0 0.5225 0.19540768509840675 0.02625 0.019681349578256794
0 0.47 0.2511715089034677 0.02875 0.020618556701030927
0 0.35625 0.31958762886597936 0.025 0.015932521087160263
0 0.34875 0.28959700093720714 0.03125 0.019681349578256794
0 0.3625 0.3331771321462043 0.01625 0.011246485473289597
0 0.344375 0.29896907216494845 0.01875 0.01218369259606373
0 0.7 0.7553889409559512 0.01125 0.01499531396438613
0 0.594375 0.8163074039362699 0.01625 0.020618556701030927
0 0.381875 0.767572633552015 0.03875 0.03280224929709466
0 0.133125 0.7230552952202437 0.01375 0.014058106841611996
0 0.18875 0.6780693533270853 0.0125 0.010309278350515464
0 0.2125 0.6916588566073102 0.01 0.00937207122774133
0 0.1725 0.7033739456419869 0.015 0.011246485473289597
0 0.163125 0.5304592314901593 0.05625 0.053420805998125584
0 0.108125 0.34536082474226804 0.02 0.01499531396438613
0 0.724375 0.682755388940956 0.0175 0.015932521087160263
0 0.5175 0.6855670103092784 0.035 0.014058106841611996
0 0.521875 0.6907216494845361 0.03 0.011246485473289597
0 0.473125 0.5974695407685099 0.00875 0.007497656982193065