0 0.485625 0.7558575445173383 0.03875 0.031865042174320526
0 0.36375 0.6944704779756327 0.0375 0.03280224929709466
0 0.576875 0.6850984067478912 0.0125 0.007497656982193065
0 0.696875 0.5042174320524836 0.02875 0.016869728209934397
0 0.88875 0.3851921274601687 0.03375 0.01499531396438613
0 0.9575 0.43345829428303656 0.02125 0.014058106841611996
0 0.94 0.5543580131208997 0.0425 0.026241799437675725
0 0.67375 0.5735707591377694 0.035 0.01499531396438613
0 0.76 0.5543580131208997 0.05625 0.028116213683223992
0 0.8475 0.528584817244611 0.0175 0.00937207122774133
0 0.69375 0.6134020618556701 0.0175 0.008434864104967198
0 0.695 0.6082474226804123 0.0175 0.00937207122774133
0 0.96 0.4231490159325211 0.02125 0.00937207122774133
0 0.71 0.43486410496719774 0.05875 0.02155576382380506
0 0.8275 0.5135895032802249 0.01 0.007497656982193065
0 0.455625 0.5548266166822868 0.03375 0.026241799437675725
0 0.345625 0.6391752577319587 0.02125 0.01780693533270853
0 0.429375 0.3669165885660731 0.0475 0.02436738519212746
0 0.59875 0.6658856607310215 0.025 0.01874414245548266
0 0.613125 0.569821930646673 0.0275 0.01874414245548266
0 0.48875 0.6354264292408622 0.01625 0.00937207122774133
0 0.639375 0.5810684161199625 0.0825 0.020618556701030927
0 0.516875 0.4597000937207123 0.01 0.006560449859418931
0 0.54125 0.5117150890346767 0.0075 0.007497656982193065
0 0.006875 0.6063730084348641 0.01375 0.031865042174320526
0 0.109375 0.521087160262418 0.04 0.02717900656044986
0 0.34625 0.3444236176194939 0.03375 0.02530459231490159
0 0.819375 0.18416119962511715 0.01875 0.01499531396438613
0 0.62125 0.31537019681349576 0.01625 0.01218369259606373
0 0.234375 0.24976569821930647 0.01875 0.014058106841611996
0 0.300625 0.23336457357075913 0.0175 0.014058106841611996
0 0.26625 0.30178069353327086 0.01875 0.013120899718837863
0 0.12875 0.2619493908153702 0.02125 0.014058106841611996
0 0.2 0.29756326148078727 0.0525 0.02530459231490159
0 0.0875 0.09840674789128398 0.02125 0.01499531396438613
0 0.268125 0.17994376757263356 0.01875 0.014058106841611996
0 0.3525 0.2924086223055295 0.0175 0.014058106841611996
0 0.30125 0.1846298031865042 0.0175 0.015932521087160263
0 0.086875 0.08388003748828492 0.0125 0.01218369259606373
0 0.055625 0.7024367385192127 0.07375 0.05716963448922212
0 0.444375 0.49625117150890347 0.08875 0.08997188378631678
0 0.53875 0.3725398313027179 0.10125 0.04592314901593252
0 0.99 0.31958762886597936 0.02 0.041237113402061855
0 0.73125 0.4198687910028116 0.06375 0.033739456419868794
0 0.13125 0.3416119962511715 0.0625 0.029053420805998126
1 0.274375 0.4320524835988753 0.065 0.07216494845360824
1 0.28625 0.5356138706654171 0.06125 0.07216494845360824
0 0.244375 0.5313964386129335 0.05375 0.06935332708528585
0 0.42125 0.25164011246485474 0.04375 0.03748828491096532
0 0.390625 0.4451733833177132 0.0725 0.05154639175257732
0 0.453125 0.3898781630740394 0.0525 0.03748828491096532
0 0.32125 0.3626991565135895 0.07 0.05060918462980318
1 0.2075 0.4887535145267104 0.0675 0.07216494845360824
0 0.233125 0.42736644798500467 0.055 0.059044048734770385
0 0.936875 0.6040299906279287 0.04375 0.03561387066541706
0 0.166875 0.4854732895970009 0.05375 0.06560449859418932
1 0.141875 0.5941893158388004 0.08375 0.06560449859418932
0 0.66375 0.4320524835988753 0.15875 0.03561387066541706
0 0.14 0.5735707591377694 0.0575 0.04498594189315839
0 0.596875 0.4034676663542643 0.085 0.01874414245548266
0 0.10375 0.39268978444236174 0.1 0.04029990627928772
0 0.650625 0.5117150890346767 0.085 0.015932521087160263
0 0.425625 0.7244611059044048 0.04375 0.030927835051546393
0 0.49 0.6283973758200563 0.01625 0.008434864104967198
0 0.48625 0.6246485473289597 0.01 0.006560449859418931
0 0.5225 0.6162136832239925 0.0175 0.007497656982193065
0 0.523125 0.6101218369259607 0.01375 0.006560449859418931
0 0.519375 0.60543580131209 0.01125 0.006560449859418931
0 0.575 0.6747891283973758 0.015 0.007497656982193065
0 0.64125 0.6991565135895033 0.01375 0.007497656982193065
0 0.75375 0.7558575445173383 0.035 0.015932521087160263
0 0.75125 0.7619493908153702 0.03875 0.016869728209934397
0 0.93875 0.7024367385192127 0.02625 0.014058106841611996
0 0.93625 0.711340206185567 0.01625 0.00937207122774133
0 0.71875 0.6326148078725399 0.0125 0.006560449859418931
0 0.659375 0.5224929709465792 0.04625 0.015932521087160263
0 0.849375 0.5220243673851921 0.0175 0.008434864104967198
0 0.821875 0.5074976569821931 0.01375 0.008434864104967198
0 0.825 0.5014058106841612 0.01625 0.007497656982193065
1 0.08 0.42736644798500467 0.15625 0.10028116213683223
1 0.0875 0.46672914714151825 0.175 0.17057169634489222
0 0.53375 0.3823805060918463 0.01625 0.007497656982193065
0 0.576875 0.4114339268978444 0.05125 0.01499531396438613
0 0.76125 0.2891283973758201 0.01125 0.00937207122774133