0 0.466875 0.2450796626054358 0.03375 0.029053420805998126
0 0.59875 0.2933458294283037 0.0325 0.02999062792877226
0 0.389375 0.3247422680412371 0.01125 0.006560449859418931
0 0.3046125 0.51630740393627 0.02625 0.014058106841611996
0 0.13625 0.6541705716963448 0.0325 0.011246485473289597
0 0.059375 0.6134020618556701 0.01875 0.01218369259606373
0 0.054225 0.49203373945641987 0.0384875 0.022492970946579195
0 0.314375 0.4451733833177132 0.03375 0.011246485473289597
0 0.232575 0.4734395501405811 0.0526625 0.02279287722586692
0 0.150625 0.5079662605435802 0.01625 0.007497656982193065
0 0.286875 0.40815370196813494 0.01625 0.006560449859418931
0 0.286875 0.4133083411433927 0.01625 0.007497656982193065
0 0.05875 0.6241799437675727 0.02 0.007497656982193065
0 0.304375 0.5862230552952202 0.05625 0.015932521087160263
0 0.173125 0.520618556701031 0.00875 0.006560449859418931
0 0.53375 0.44095595126522963 0.03 0.023430178069353328
0 0.626875 0.34629803186504216 0.01875 0.015932521087160263
0 0.594375 0.6246485473289597 0.04375 0.019681349578256794
0 0.37125 0.3458294283036551 0.0225 0.016869728209934397
0 0.375 0.44283036551077787 0.025 0.015932521087160263
0 0.48625 0.36457357075913777 0.015 0.007497656982193065
0 0.346775 0.4343955014058107 0.08143750000000001 0.01218369259606373
0 0.490625 0.5417057169634489 0.00875 0.005623242736644799
0 0.456875 0.49250234301780693 0.00625 0.006560449859418931
0 0.981875 0.34155576382380504 0.03625 0.028059981255857545
0 0.883125 0.4381443298969072 0.03625 0.023430178069353328
0 0.68125 0.6382380506091846 0.03 0.022492970946579195
0 0.2426125 0.8464948453608248 0.01625 0.013120899718837863
0 0.414375 0.6954076850984068 0.01375 0.011246485473289597
0 0.809375 0.7202436738519212 0.01625 0.01218369259606373
0 0.747 0.7431208997188379 0.015 0.01218369259606373
0 0.768125 0.6719775070290535 0.01625 0.011246485473289597
0 0.911875 0.6968134957825679 0.01875 0.01218369259606373
0 0.834375 0.6690253045923149 0.04875 0.02089971883786317
0 0.983125 0.8547328959700093 0.01875 0.013120899718837863
0 0.788875 0.7926991565135895 0.01625 0.01238987816307404
0 0.6845 0.6904498594189317 0.015 0.01218369259606373
0 0.75575 0.791668228678538 0.015 0.014058106841611996
0 0.98625 0.8687910028116214 0.01 0.011246485473289597
0 0.9025 0.2530459231490159 0.065 0.05060918462980318
0 0.555625 0.49812558575445176 0.07375 0.08341143392689784
0 0.485 0.6302717900656045 0.095 0.03655107778819119
0 0.0275 0.731377694470478 0.055 0.03561387066541706
0 0.285625 0.6035613870665417 0.05875 0.028116213683223992
0 0.8943625000000001 0.618369259606373 0.05875 0.023636363636363636
1 0.7364875000000001 0.5435801312089972 0.052024999999999995 0.06747891283973759
1 0.7052375000000001 0.44215557638238046 0.0485125 0.06748828491096533
0 0.7475 0.4423617619493908 0.0425 0.06560449859418932
0 0.624 0.7377600749765699 0.0370375 0.033383317713214615
0 0.61875 0.542642924086223 0.065 0.04498594189315839
0 0.566875 0.6040299906279287 0.04625 0.03280224929709466
0 0.7025 0.6171508903467666 0.0625 0.044048734770384255
1 0.7916 0.48087160262418 0.054762500000000006 0.06765698219306467
0 0.7773749999999999 0.5438425492033739 0.04475 0.05570759137769447
0 0.048362499999999996 0.4423617619493908 0.03875 0.031865042174320526
0 0.8325 0.47985004686035615 0.0425 0.061855670103092786
1 0.836625 0.3691846298031865 0.0742625 0.05796626054358013
0 0.350625 0.584348641049672 0.15625 0.019681349578256794
0 0.8425 0.38940955951265227 0.05 0.04029990627928772
0 0.016125 0.7952296157450797 0.0322375 0.03508903467666354
0 0.42191249999999997 0.605941893158388 0.08393750000000001 0.010243673851921275
0 0.9127625 0.5645454545454546 0.09553750000000001 0.0311340206185567
0 0.348675 0.5040393626991565 0.0853375 0.007075913776944704
0 0.5319375000000001 0.26973758200562326 0.0388625 0.02709465791940019
0 0.4865625 0.37174320524835985 0.0145625 0.006710402999062793
0 0.4906375 0.37489222118088095 0.008387499999999999 0.005595126522961574
0 0.45628749999999996 0.38684161199625117 0.0158 0.005417057169634489
0 0.4569 0.3933270852858482 0.0125875 0.005417057169634489
0 0.4611 0.3976850984067479 0.009625 0.005604498594189316
0 0.3931375 0.3344048734770384 0.014074999999999999 0.006522961574507966
0 0.32331249999999995 0.3175445173383318 0.0128375 0.006888472352389878
0 0.20097500000000001 0.2731583880037488 0.033125 0.012933458294283037
0 0.20221250000000002 0.26658856607310216 0.0365625 0.013552014995313966
0 0.0278375 0.3455295220243674 0.02545 0.011705716963448923
0 0.028587500000000002 0.3365417057169634 0.014575 0.007441424554826617
0 0.25892499999999996 0.3914807872539831 0.0111 0.005332708528584818
0 0.3378875 0.49450796626054355 0.044950000000000004 0.011715089034676664
0 0.1500625 0.514526710402999 0.0163 0.006157450796626054
0 0.1798375 0.5261012183692596 0.0121 0.007460168697282099
0 0.1781125 0.5323992502343018 0.0145625 0.005604498594189316
1 0.9290875 0.5282567947516401 0.14182499999999998 0.08617619493908155
1 0.9201874999999999 0.48856607310215555 0.1586375 0.1559137769447048
0 0.48840000000000006 0.6199906279287722 0.015337499999999999 0.00563261480787254
0 0.44018749999999995 0.59572633552015 0.049850000000000005 0.010599812558575446
0 0.2803625 0.7363355201499531 0.0098875 0.00808809746954077