0 0.009375 0.2057169634489222 0.01875 0.03655107778819119
0 0.97875 0.316776007497657 0.03 0.016869728209934397
0 0.958125 0.2211808809746954 0.02875 0.016869728209934397
0 0.9525 0.15089034676663543 0.0125 0.01499531396438613
0 0.770625 0.1246485473289597 0.00875 0.007497656982193065
0 0.630625 0.47797563261480785 0.03125 0.01874414245548266
0 0.34161250000000004 0.41822867853795687 0.026775000000000004 0.012642924086223056
0 0.7375 0.33370196813495784 0.03 0.020515463917525775
0 0.825625 0.5581068416119962 0.02375 0.029053420805998126
0 0.786875 0.5857544517338332 0.03125 0.020618556701030927
0 0.936875 0.3514526710402999 0.02625 0.01499531396438613
0 0.799375 0.41002811621368324 0.02625 0.015932521087160263
0 0.810625 0.5060918462980318 0.02125 0.013120899718837863
0 0.6775 0.41096532333645736 0.0225 0.04779756326148079
0 0.848125 0.5192127460168697 0.02875 0.013120899718837863
0 0.959375 0.3626991565135895 0.02125 0.013120899718837863
0 0.87625 0.34736644798500466 0.045 0.013795688847235239
0 0.07875 0.8008434864104967 0.025 0.010309278350515464
0 0.19125 0.7521087160262419 0.02 0.010309278350515464
0 0.489375 0.7988378631677601 0.01375 0.008172446110590441
0 0.794375 0.7488284910965324 0.02875 0.022492970946579195
0 0.8 0.8818744142455484 0.02 0.013055295220243674
0 0.83875 0.8566073102155577 0.0175 0.013120899718837863
0 0.849375 0.6963448922211809 0.02125 0.013120899718837863
0 0.829375 0.6684161199625117 0.01875 0.01837863167760075
0 0.753125 0.6662324273664479 0.02625 0.018997188378631676
0 0.343125 0.8542642924086223 0.14125 0.08903467666354264
0 0.64375 0.7300843486410497 0.0675 0.04311152764761012
0 0.47375 0.3261480787253983 0.085 0.07122774133083412
0 0.615625 0.1218369259606373 0.07625 0.06373008434864105
0 0.23625 0.2619493908153702 0.0775 0.09090909090909091
0 0.035625 0.43345829428303656 0.07125 0.07029053420805999
0 0.38125 0.12792877225866917 0.0675 0.05716963448922212
0 0.930625 0.5979381443298969 0.07625 0.05248359887535145
0 0.4350625 0.6255857544517338 0.049874999999999996 0.044048734770384255
0 0.655625 0.41237113402061853 0.06375 0.04873477038425492
0 0.23125 0.4372071227741331 0.0475 0.044048734770384255
0 0.044375 0.32989690721649484 0.08875 0.05060918462980318
0 0.896875 0.1733833177132146 0.04125 0.033739456419868794
0 0.255625 0.5126522961574508 0.09375 0.04311152764761012
0 0.086875 0.36457357075913777 0.06125 0.04873477038425492
0 0.505625 0.190253045923149 0.03875 0.033739456419868794
0 0.093125 0.5759137769447048 0.05375 0.03655107778819119
0 0.9252375 0.6364948453608247 0.09202500000000001 0.041686972820993436
0 0.118125 0.16588566073102157 0.04125 0.03748828491096532
0 0.16875 0.2057169634489222 0.045 0.030927835051546393
0 0.575625 0.5121836925960638 0.05125 0.07029053420805999
0 0.52625 0.5360824742268041 0.0675 0.06747891283973759
0 0.946875 0.1344892221180881 0.07625 0.015932521087160263
0 0.083125 0.10731021555763824 0.06125 0.02155576382380506
0 0.2025 0.4803186504217432 0.08 0.03280224929709466
0 0.985625 0.5824742268041238 0.02875 0.05529522024367385
0 0.47259999999999996 0.592174320524836 0.0204 0.0095688847235239
0 0.29545 0.5631208997188378 0.0189875 0.013495782567947517
0 0.46071249999999997 0.4705904404873477 0.0146875 0.008172446110590441
0 0.24646249999999997 0.4882380506091847 0.0266625 0.017066541705716965
0 0.161325 0.4588191190253046 0.0323125 0.011715089034676664
0 0.06572499999999999 0.5591940018744143 0.022799999999999997 0.011349578256794751
0 0.0364875 0.5729240862230552 0.015674999999999998 0.008847235238987816
0 0.4160125 0.2956794751640113 0.036575 0.029194001874414243
0 0.33825000000000005 0.4096063730084349 0.0209 0.0088659793814433
0 0.48735 0.37252108716026244 0.031825 0.013149015932521086
0 0.509225 0.3632521087160262 0.022312500000000002 0.010299906279287722
0 0.779125 0.2994283036551078 0.0398875 0.03170571696344892
0 0.88185 0.3356138706654171 0.0294125 0.009943767572633551
0 0.9191875 0.37447985004686035 0.030837500000000004 0.011368322399250235
0 0.9203749999999999 0.3857169634489222 0.036062500000000004 0.010384254920337394
0 0.9632999999999999 0.4638144329896907 0.07339999999999999 0.05388940955951265
0 0.963175 0.4869821930646673 0.0646 0.025379568884723522
0 0.6100625000000001 0.770834114339269 0.1393125 0.048191190253045926
0 0.6221875 0.8013120899718837 0.1397875 0.08549203373945642
0 0.43575 0.6139362699156514 0.010425 0.006729147141518275
0 0.6523125000000001 0.21826616682286784 0.03485 0.005435801312089972
0 0.6403625 0.22679475164011248 0.057975000000000006 0.0173008434864105