0 0.939375 0.8369259606373008 0.025 0.038425492033739454
0 0.005625 0.6377694470477976 0.01125 0.019681349578256794
0 0.0075 0.7343017806935332 0.015 0.019681349578256794
0 0.170625 0.8477038425492034 0.01 0.008434864104967198
0 0.366875 0.5098406747891284 0.03375 0.02155576382380506
0 0.64375 0.5960637300843487 0.0275 0.014058106841611996
0 0.2375 0.6433926897844423 0.03375 0.023430178069353328
0 0.18625 0.41237113402061853 0.02875 0.030927835051546393
0 0.229375 0.38847235238987815 0.03375 0.023430178069353328
0 0.0425 0.6073102155576382 0.02875 0.016869728209934397
0 0.188125 0.5618556701030928 0.02875 0.01780693533270853
0 0.1925 0.46579194001874413 0.02375 0.01499531396438613
0 0.309375 0.5721649484536082 0.03 0.04967197750702906
0 0.1575 0.44892221180880976 0.03125 0.015932521087160263
0 0.021875 0.5941893158388004 0.02375 0.01499531396438613
0 0.101875 0.6171508903467666 0.0475 0.01780693533270853
0 0.966875 0.23992502343017807 0.02625 0.01218369259606373
0 0.8475 0.2778819119025305 0.02125 0.01218369259606373
0 0.559375 0.204311152764761 0.015 0.00937207122774133
0 0.248125 0.22633552014995315 0.0325 0.02530459231490159
0 0.264375 0.09372071227741331 0.0225 0.01499531396438613
0 0.221875 0.11527647610121837 0.02 0.01499531396438613
0 0.185 0.27319587628865977 0.02375 0.01499531396438613
0 0.200625 0.302717900656045 0.02125 0.020618556701030927
0 0.275625 0.31162136832239923 0.02875 0.020618556701030927
0 0.713125 0.1626054358013121 0.155 0.10121836925960637
0 0.395 0.25866916588566075 0.07375 0.04873477038425492
0 0.4975 0.6747891283973758 0.09625 0.07872539831302718
0 0.32375 0.8645735707591378 0.08625 0.07029053420805999
0 0.723125 0.760543580131209 0.09125 0.09746954076850985
0 0.95 0.6082474226804123 0.0825 0.07591377694470477
0 0.5575 0.880037488284911 0.07625 0.06279287722586692
0 0.08875 0.36363636363636365 0.08375 0.059044048734770385
0 0.585 0.38144329896907214 0.05625 0.04873477038425492
0 0.33125 0.5726335520149953 0.07125 0.05435801312089972
0 0.75625 0.5866916588566073 0.05375 0.04779756326148079
0 0.924375 0.7104029990627929 0.09625 0.05810684161199625
0 0.053125 0.7877225866916588 0.04625 0.03748828491096532
0 0.744375 0.5098406747891284 0.1 0.05154639175257732
0 0.888125 0.6719775070290535 0.06875 0.05435801312089972
0 0.444375 0.8069353327085286 0.04375 0.03748828491096532
0 0.91625 0.4620431115276476 0.05875 0.041237113402061855
0 0.100625 0.32567947516401125 0.09875 0.04967197750702906
0 0.825 0.866447985004686 0.0475 0.041237113402061855
0 0.78125 0.8223992502343018 0.05 0.03467666354264293
0 0.426875 0.48078725398313027 0.0625 0.07403936269915651
0 0.48 0.46157450796626054 0.0775 0.07310215557638237
0 0.018125 0.8219306466729147 0.03625 0.022492970946579195
0 0.85 0.9278350515463918 0.06375 0.02717900656044986
0 0.791875 0.5468603561387066 0.085 0.04029990627928772
0 0.03125 0.3739456419868791 0.0375 0.05716963448922212
0 0.5425 0.41096532333645736 0.02125 0.011246485473289597
0 0.713125 0.45595126522961577 0.02125 0.01499531396438613
0 0.534375 0.5328022492970946 0.01625 0.00937207122774133
0 0.75 0.5346766635426429 0.02875 0.01874414245548266
0 0.829375 0.5716963448922212 0.03375 0.014058106841611996
0 0.940625 0.48125585754451733 0.02375 0.013120899718837863
0 0.971875 0.4700093720712277 0.0175 0.010309278350515464
0 0.55 0.7104029990627929 0.04125 0.031865042174320526
0 0.64625 0.6044985941893158 0.0225 0.010309278350515464
0 0.491875 0.627460168697282 0.03375 0.015932521087160263
0 0.46875 0.6349578256794751 0.02375 0.01218369259606373
0 0.19 0.6733833177132146 0.045 0.03561387066541706
0 0.094375 0.6283973758200563 0.03125 0.013120899718837863
0 0.063125 0.5862230552952202 0.0325 0.014058106841611996
0 0.06375 0.5749765698219307 0.0375 0.013120899718837863
0 0.0375 0.49343955014058105 0.075 0.06091846298031865
0 0.038125 0.4704779756326148 0.06875 0.030927835051546393
0 0.435 0.2211808809746954 0.145 0.05998125585754452
0 0.428125 0.18978444236176195 0.1525 0.09746954076850985
0 0.5825 0.39268978444236174 0.01125 0.007497656982193065
0 0.303125 0.7656982193064668 0.03625 0.008434864104967198
0 0.31625 0.7582005623242737 0.06 0.02155576382380506