0 0.24567499999999998 0.25307125307125306 0.021349999999999997 0.01638001638001638
0 0.46875 0.20024570024570024 0.04 0.020475020475020474
0 0.59125 0.15397215397215397 0.02 0.013104013104013105
0 0.89625 0.14905814905814907 0.015 0.011466011466011465
0 0.815375 0.13206388206388206 0.01925 0.008607698607698607
0 0.86625 0.16257166257166258 0.0275 0.010647010647010647
0 0.908125 0.20434070434070434 0.01125 0.0171990171990172
0 0.7655249999999999 0.10105651105651106 0.02355 0.008828828828828829
0 0.98875 0.20475020475020475 0.0175 0.02457002457002457
0 0.859725 0.1538083538083538 0.020550000000000002 0.008517608517608518
0 0.285625 0.5544635544635544 0.03875 0.014742014742014743
0 0.25 0.411957411957412 0.02 0.013104013104013105
0 0.509375 0.481981981981982 0.03625 0.0171990171990172
0 0.385625 0.6101556101556102 0.04375 0.019656019656019656
0 0.34712499999999996 0.6527436527436528 0.035750000000000004 0.01638001638001638
0 0.55625 0.5655200655200655 0.0325 0.015561015561015561
0 0.443125 0.6396396396396397 0.03375 0.014742014742014743
0 0.4875 0.3832923832923833 0.03 0.014742014742014743
0 0.518125 0.6056511056511057 0.03875 0.012285012285012284
0 0.551875 0.4975429975429975 0.03375 0.015561015561015561
0 0.708125 0.5278460278460279 0.03375 0.018837018837018837
0 0.713125 0.595004095004095 0.02625 0.012285012285012284
0 0.95625 0.46846846846846846 0.015 0.01638001638001638
0 0.905625 0.6257166257166257 0.01375 0.011466011466011465
0 0.888125 0.5040950040950041 0.02125 0.013923013923013924
0 0.90625 0.5780835380835381 0.0125 0.008452088452088452
0 0.891875 0.3783783783783784 0.01625 0.01638001638001638
0 0.763125 0.4651924651924652 0.02625 0.013104013104013105
0 0.905 0.6613431613431613 0.0125 0.009009009009009009
0 0.890625 0.42096642096642095 0.01625 0.013104013104013105
0 0.89 0.44471744471744473 0.0175 0.013104013104013105
0 0.41625 0.7518427518427518 0.0425 0.02293202293202293
0 0.566875 0.803030303030303 0.04125 0.020475020475020474
0 0.393125 0.7027027027027027 0.04125 0.01638001638001638
0 0.60125 0.719082719082719 0.0375 0.014742014742014743
0 0.580625 0.6965601965601965 0.03375 0.0171990171990172
0 0.41875 0.6702538902538903 0.0375 0.017403767403767405
0 0.541875 0.6998361998361998 0.02125 0.010647010647010647
0 0.6606125 0.7886977886977887 0.0362125 0.02293202293202293
0 0.3330625 0.8632268632268633 0.038875 0.021294021294021293
0 0.846875 0.8947583947583948 0.04125 0.02375102375102375
0 0.971875 0.7538902538902539 0.01125 0.007371007371007371
0 0.135625 0.07862407862407862 0.10375 0.09991809991809991
0 0.3125 0.8063063063063063 0.05 0.022113022113022112
0 0.09375 0.581081081081081 0.105 0.10073710073710074
0 0.026875 0.19278460278460277 0.05375 0.09764127764127764
0 0.1993 0.4743079443079443 0.019475 0.023087633087633088
0 0.0475875 0.2772809172809173 0.09518750000000001 0.05975429975429975
0 0.5497875 0.13613431613431615 0.0383 0.021294021294021293
0 0.6220375 0.07897624897624898 0.035699999999999996 0.020434070434070434
0 0.7180500000000001 0.08643734643734645 0.0402625 0.01325962325962326
0 0.6139125 0.18238329238329237 0.01685 0.010597870597870597
0 0.7274875000000001 0.8378705978705978 0.0279 0.012309582309582309
0 0.7619875 0.9171908271908272 0.047424999999999995 0.02081900081900082
0 0.90715 0.6374447174447175 0.0096875 0.009852579852579852
0 0.8898999999999999 0.6016216216216217 0.01425 0.011482391482391482
0 0.9061750000000001 0.5368058968058969 0.01555 0.018361998361998363