0 0.05375 0.7717900656044986 0.04 0.014058106841611996
0 0.719375 0.528584817244611 0.03 0.038425492033739454
0 0.9875 0.38144329896907214 0.01625 0.019681349578256794
0 0.980625 0.46719775070290537 0.03 0.015932521087160263
0 0.946875 0.40112464854732893 0.0125 0.006560449859418931
0 0.9125 0.3823805060918463 0.015 0.006560449859418931
0 0.998125 0.612464854732896 0.00375 0.04029990627928772
0 0.4425 0.39034676663542645 0.03625 0.019681349578256794
0 0.205625 0.4034676663542643 0.02125 0.02436738519212746
0 0.009375 0.5852858481724461 0.01 0.019681349578256794
0 0.873125 0.2591377694470478 0.01125 0.011246485473289597
0 0.563125 0.31162136832239923 0.0525 0.020618556701030927
0 0.40375 0.23336457357075913 0.03375 0.026241799437675725
0 0.27 0.1635426429240862 0.035 0.02436738519212746
0 0.07375 0.3364573570759138 0.0325 0.023430178069353328
0 0.21625 0.22305529522024367 0.0375 0.022492970946579195
0 0.29375 0.24414245548266167 0.03 0.023430178069353328
0 0.29625 0.2689784442361762 0.01625 0.010309278350515464
0 0.8325 0.6438612933458294 0.105 0.08341143392689784
0 0.751875 0.3964386129334583 0.0725 0.04498594189315839
1 0.186875 0.45032802249297094 0.14125 0.11246485473289597
0 0.931875 0.21415182755388942 0.0475 0.05248359887535145
0 0.07375 0.246485473289597 0.0775 0.04217432052483599
0 0.5175 0.4878163074039363 0.06875 0.04498594189315839
0 0.56375 0.47141518275538896 0.05375 0.030927835051546393
1 0.360625 0.5 0.14125 0.1049671977507029
0 0.455 0.33692596063730085 0.0675 0.044048734770384255
0 0.605 0.4901593252108716 0.04 0.031865042174320526
1 0.638125 0.5604498594189316 0.10875 0.05716963448922212
0 0.6475 0.5510777881911902 0.02 0.011246485473289597
0 0.60125 0.6232427366447985 0.01625 0.013120899718837863
0 0.335 0.5112464854732895 0.01625 0.01218369259606373
0 0.318125 0.4119025304592315 0.025 0.02155576382380506
0 0.3475 0.3922211808809747 0.015 0.014058106841611996
1 0.29625 0.4268978444236176 0.13375 0.08622305529522024
0 0.165625 0.4873477038425492 0.02 0.019681349578256794
0 0.163125 0.4690721649484536 0.02125 0.016869728209934397
0 0.21625 0.36363636363636365 0.02375 0.00937207122774133
1 0.20125 0.3931583880037488 0.13375 0.08153701968134958
0 0.005625 0.3416119962511715 0.01125 0.008434864104967198
0 0.105625 0.3416119962511715 0.015 0.00937207122774133
0 0.118125 0.35051546391752575 0.0125 0.008434864104967198
1 0.11 0.36082474226804123 0.22 0.14807872539831302
0 0.78625 0.5445173383317713 0.04 0.056232427366447985
0 0.93 0.3959700093720712 0.0125 0.006560449859418931
0 0.85875 0.28444236176194937 0.03875 0.02999062792877226
0 0.765625 0.37910028116213684 0.01375 0.008434864104967198
0 0.579375 0.7249297094657919 0.0175 0.0037488284910965324