0 0.203125 0.13074039362699155 0.02125 0.030927835051546393
0 0.431875 0.6588566073102156 0.0525 0.02530459231490159
0 0.58875 0.8781630740393627 0.0275 0.013120899718837863
0 0.47625 0.8612933458294283 0.0225 0.023430178069353328
0 0.56875 0.845360824742268 0.01 0.010309278350515464
0 0.598125 0.8223992502343018 0.01 0.01218369259606373
0 0.281875 0.8566073102155577 0.05375 0.010309278350515464
0 0.6525 0.4723523898781631 0.02875 0.028116213683223992
0 0.668125 0.29475164011246485 0.03375 0.01780693533270853
0 0.45625 0.12371134020618557 0.0275 0.008434864104967198
0 0.76625 0.8106841611996252 0.01625 0.00937207122774133
0 0.74 0.5731021555763823 0.03125 0.04029990627928772
0 0.865625 0.46579194001874413 0.0375 0.02717900656044986
0 0.97625 0.37582005623242737 0.035 0.02717900656044986
0 0.775625 0.20665417057169636 0.0325 0.02530459231490159
0 0.905 0.3280224929709466 0.0325 0.029053420805998126
0 0.86625 0.3823805060918463 0.0325 0.023430178069353328
0 0.83375 0.380506091846298 0.015 0.013120899718837863
0 0.26375 0.7268041237113402 0.1175 0.08434864104967198
0 0.601875 0.7010309278350515 0.065 0.05716963448922212
1 0.60875 0.274601686972821 0.15875 0.1134020618556701
0 0.8175 0.8603561387066542 0.0725 0.03936269915651359
0 0.89375 0.21883786316776008 0.06125 0.06091846298031865
0 0.51375 0.514526710402999 0.06375 0.05435801312089972
0 0.52875 0.5510777881911902 0.045 0.04217432052483599
1 0.519375 0.3964386129334583 0.14875 0.11246485473289597
0 0.72125 0.48922211808809746 0.0625 0.05248359887535145
0 0.498125 0.5796626054358013 0.045 0.031865042174320526
1 0.400625 0.5937207122774133 0.08375 0.08528584817244611
0 0.411875 0.6021555763823805 0.01625 0.015932521087160263
0 0.3225 0.5581068416119962 0.01875 0.013120899718837863
0 0.508125 0.37582005623242737 0.0175 0.013120899718837863
0 0.641875 0.37722586691658855 0.03 0.019681349578256794
0 0.663125 0.40159325210871605 0.02 0.01218369259606373
1 0.625 0.358950328022493 0.1225 0.10590440487347703
0 0.56375 0.253514526710403 0.02625 0.015932521087160263
0 0.588125 0.25445173383317715 0.02375 0.016869728209934397
0 0.72 0.3083411433926898 0.01375 0.01874414245548266
1 0.683125 0.2928772258669166 0.11625 0.1049671977507029
0 0.77875 0.15229615745079664 0.0125 0.01499531396438613
0 0.764375 0.22914714151827553 0.01375 0.01218369259606373
0 0.750625 0.23758200562324275 0.0125 0.010309278350515464
1 0.738125 0.22633552014995315 0.2125 0.18181818181818182
0 0.40125 0.7061855670103093 0.0775 0.033739456419868794
0 0.5775 0.8336457357075914 0.01 0.010309278350515464
0 0.735 0.7966260543580131 0.0425 0.030927835051546393
0 0.621875 0.7141518275538894 0.0125 0.011246485473289597
0 0.191875 0.5276476101218369 0.00625 0.013120899718837863