0 0.743125 0.46251171508903466 0.02875 0.02530459231490159
0 0.43 0.13964386129334583 0.0325 0.02436738519212746
0 0.75875 0.6171508903467666 0.21875 0.14620431115276475
0 0.838125 0.6663542642924086 0.1525 0.1021555763823805
0 0.03375 0.20196813495782567 0.0675 0.08903467666354264
1 0.63125 0.39456419868791004 0.10125 0.06373008434864105
0 0.636875 0.8111527647610122 0.09 0.05435801312089972
0 0.62125 0.5023430178069354 0.20125 0.14807872539831302
1 0.45875 0.20665417057169636 0.3 0.18088097469540768
0 0.80875 0.7656982193064668 0.05375 0.03748828491096532
0 0.425 0.1635426429240862 0.04625 0.05435801312089972
0 0.505 0.8617619493908154 0.04625 0.031865042174320526
0 0.78125 0.7717900656044986 0.0325 0.016869728209934397
0 0.895 0.8341143392689785 0.02375 0.01218369259606373
0 0.90625 0.837863167760075 0.0375 0.016869728209934397
0 0.9525 0.7699156513589503 0.0125 0.01499531396438613
0 0.963125 0.8350515463917526 0.01875 0.01218369259606373
0 0.993125 0.6743205248359887 0.01375 0.01218369259606373
0 0.976875 0.5089034676663543 0.0125 0.011246485473289597
1 0.983125 0.44798500468603564 0.02375 0.03655107778819119
0 0.969375 0.30880974695407687 0.02625 0.09934395501405811
0 0.865625 0.11199625117150891 0.0725 0.04029990627928772
0 0.819375 0.2774133083411434 0.02625 0.019681349578256794
0 0.7525 0.5431115276476102 0.05375 0.03467666354264293
0 0.64375 0.38003748828491096 0.0175 0.01780693533270853
0 0.614375 0.5117150890346767 0.02125 0.01218369259606373
0 0.441875 0.42361761949390814 0.02875 0.01780693533270853
0 0.410625 0.4250234301780694 0.025 0.010309278350515464
0 0.446875 0.4114339268978444 0.015 0.01499531396438613
0 0.4025 0.3622305529522024 0.0375 0.03280224929709466
0 0.424375 0.32849109653233366 0.05625 0.033739456419868794
0 0.4025 0.32661668228678536 0.025 0.03280224929709466
0 0.34625 0.4198687910028116 0.03375 0.01874414245548266
0 0.329375 0.42127460168697284 0.0325 0.020618556701030927
0 0.31 0.42127460168697284 0.02375 0.026241799437675725
0 0.30375 0.4119025304592315 0.02125 0.02436738519212746
0 0.3775 0.2642924086223055 0.01875 0.010309278350515464
0 0.581875 0.25866916588566075 0.03875 0.015932521087160263
0 0.16625 0.36879100281162136 0.0125 0.01874414245548266
1 0.25125 0.4006560449859419 0.22 0.1958762886597938
1 0.365625 0.373477038425492 0.195 0.15463917525773196
1 0.445 0.35754451733833176 0.21875 0.1668228678537957
0 0.38 0.323805060918463 0.02375 0.014058106841611996
0 0.23625 0.8195876288659794 0.02125 0.01780693533270853
0 0.2525 0.817244611059044 0.02625 0.01874414245548266