0 0.863125 0.29615745079662603 0.03125 0.03280224929709466
0 0.890625 0.8125585754451734 0.04 0.030927835051546393
0 0.919375 0.6794751640112465 0.04625 0.02155576382380506
0 0.706875 0.5187441424554826 0.04 0.02717900656044986
0 0.40625 0.4723523898781631 0.035 0.02155576382380506
0 0.4275 0.7806935332708529 0.0375 0.029053420805998126
0 0.390625 0.7539831302717901 0.03375 0.028116213683223992
1 0.56 0.37910028116213684 0.15125 0.11527647610121837
0 0.590625 0.788191190253046 0.10375 0.08716026241799438
0 0.62875 0.711340206185567 0.15375 0.08809746954076851
0 0.7025 0.7169634489222118 0.06875 0.04498594189315839
0 0.058125 0.45220243673851923 0.05125 0.053420805998125584
0 0.890625 0.4878163074039363 0.09 0.030927835051546393
0 0.02125 0.5529522024367385 0.04 0.05998125585754452
0 0.6425 0.1724461105904405 0.0525 0.046860356138706656
0 0.36 0.7900656044985942 0.08125 0.046860356138706656
0 0.365625 0.4104967197750703 0.0575 0.030927835051546393
0 0.225625 0.8580131208997188 0.075 0.02999062792877226
0 0.005 0.23617619493908154 0.01 0.04873477038425492
0 0.470625 0.17572633552014996 0.065 0.053420805998125584
0 0.450625 0.3364573570759138 0.03875 0.03561387066541706
0 0.649375 0.6138706654170571 0.02875 0.028116213683223992
0 0.48125 0.5904404873477038 0.03125 0.029053420805998126
0 0.4725 0.6925960637300843 0.0275 0.02155576382380506
0 0.36625 0.8228678537956888 0.0175 0.010309278350515464
0 0.40375 0.8706654170571696 0.03375 0.022492970946579195
0 0.385 0.8505154639175257 0.0125 0.013120899718837863
1 0.39375 0.8331771321462043 0.11625 0.07591377694470477
0 0.624375 0.8547328959700093 0.0225 0.011246485473289597
0 0.83625 0.549203373945642 0.02875 0.016869728209934397
0 0.99375 0.619493908153702 0.0125 0.028116213683223992
0 0.895625 0.10965323336457357 0.04125 0.014058106841611996
0 0.73625 0.1162136832239925 0.03125 0.010309278350515464
0 0.78 0.26522961574507964 0.045 0.02999062792877226
0 0.27875 0.6040299906279287 0.0525 0.030927835051546393
0 0.208125 0.7104029990627929 0.0275 0.01780693533270853
0 0.205 0.7582005623242737 0.01375 0.013120899718837863
0 0.096875 0.6776007497656982 0.02875 0.019681349578256794
0 0.05875 0.7764761012183693 0.01375 0.011246485473289597
0 0.3 0.13776944704779756 0.025 0.007497656982193065