0 0.254375 0.21415182755388942 0.04125 0.02155576382380506
0 0.628125 0.06373008434864105 0.04375 0.02436738519212746
0 0.943125 0.2296157450796626 0.03875 0.028116213683223992
0 0.768125 0.19868791002811623 0.02625 0.033739456419868794
0 0.90875 0.13074039362699155 0.0375 0.02530459231490159
0 0.539375 0.3467666354264292 0.03375 0.028116213683223992
0 0.456875 0.5684161199625117 0.02625 0.02530459231490159
0 0.868125 0.5735707591377694 0.03625 0.026241799437675725
0 0.83 0.5993439550140581 0.035 0.023430178069353328
1 0.343125 0.4465791940018744 0.14375 0.10590440487347703
0 0.89 0.45220243673851923 0.11 0.07216494845360824
0 0.79 0.4184629803186504 0.1075 0.10965323336457357
0 0.8025 0.36363636363636365 0.055 0.04873477038425492
0 0.405625 0.8270852858481724 0.06875 0.03467666354264293
0 0.51125 0.20712277413308341 0.035 0.06560449859418932
0 0.5375 0.8687910028116214 0.0775 0.041237113402061855
0 0.245625 0.11105904404873478 0.04625 0.029053420805998126
0 0.074375 0.37066541705716965 0.05875 0.03655107778819119
0 0.87625 0.6251171508903468 0.0575 0.05810684161199625
0 0.37125 0.5941893158388004 0.0375 0.041237113402061855
0 0.9575 0.7300843486410497 0.035 0.05435801312089972
0 0.115 0.865979381443299 0.0625 0.033739456419868794
0 0.06625 0.49953139643861294 0.0675 0.04498594189315839
0 0.046875 0.015932521087160263 0.05375 0.022492970946579195
0 0.27875 0.5253045923149016 0.045 0.02717900656044986
0 0.661675 0.3966073102155576 0.0368625 0.020131208997188378
0 0.6189125 0.5202249297094659 0.035699999999999996 0.021424554826616683
0 0.7545125 0.5342736644798501 0.0269 0.01967197750702905
0 0.9202750000000001 0.6229803186504218 0.0128375 0.012633552014995315
0 0.9862125 0.5977413308341143 0.027575 0.02467666354264292
0 0.9580500000000001 0.6104686035613871 0.0157625 0.007994376757263355
1 0.9355 0.6027928772258668 0.09366250000000001 0.08220243673851921
0 0.9809 0.43152764761012186 0.0134125 0.016307403936269914
0 0.5884625 0.25189315838800375 0.021637499999999997 0.020543580131208997
0 0.6938875 0.12849109653233365 0.035687500000000004 0.028462980318650424
0 0.7571375 0.068116213683224 0.032162500000000004 0.02541705716963449
0 0.33013750000000003 0.043308341143392694 0.0368625 0.020693533270852858
0 0.158225 0.023542642924086223 0.039787499999999996 0.018059981255857543
0 0.0079625 0.17658856607310214 0.0159125 0.02992502343017807
0 0.0056125 0.29652296157450797 0.011225 0.02282099343955014
0 0.20657499999999998 0.27432052483598873 0.03765 0.03176194939081537
0 0.6230625 0.672970946579194 0.0371875 0.03739456419868791
0 0.7594124999999999 0.7330084348641049 0.0222 0.019334582942830365
0 0.822925 0.7384536082474227 0.0158375 0.009812558575445173
0 0.7083625000000001 0.8137863167760074 0.025375 0.02100281162136832
0 0.8367749999999999 0.8490065604498594 0.013574999999999999 0.00978444236176195
0 0.00435 0.6243017806935333 0.0087 0.01844423617619494