0 0.114375 0.6790065604498594 0.03 0.030927835051546393
0 0.146875 0.16307403936269915 0.03875 0.02999062792877226
0 0.103125 0.29381443298969073 0.045 0.020618556701030927
0 0.019375 0.18650421743205248 0.025 0.028116213683223992
0 0.29625 0.4676663542642924 0.0375 0.026241799437675725
0 0.590625 0.5337394564198688 0.03375 0.019681349578256794
0 0.604375 0.225398313027179 0.03625 0.02717900656044986
0 0.638125 0.25445173383317715 0.03125 0.026241799437675725
1 0.42625 0.6166822867853796 0.14375 0.10965323336457357
0 0.443125 0.20665417057169636 0.09875 0.08341143392689784
0 0.39625 0.28116213683223995 0.1475 0.08247422680412371
0 0.323125 0.27085285848172447 0.06625 0.04217432052483599
0 0.934375 0.5763823805060918 0.0475 0.05248359887535145
0 0.109375 0.48641049671977504 0.0875 0.02717900656044986
0 0.981875 0.47703842549203374 0.03625 0.05810684161199625
0 0.32 0.816776007497657 0.05 0.04498594189315839
0 0.673125 0.22024367385192128 0.07875 0.044048734770384255
0 0.623125 0.5979381443298969 0.05625 0.029053420805998126
0 0.815 0.16119962511715089 0.0725 0.02717900656044986
0 0.975625 0.7942830365510778 0.03625 0.046860356138706656
0 0.491875 0.8252108716026242 0.06125 0.05154639175257732
0 0.53 0.6663542642924086 0.0375 0.03467666354264293
0 0.365 0.3767572633552015 0.0275 0.02717900656044986
0 0.52875 0.4114339268978444 0.03 0.02717900656044986
0 0.55 0.309746954076851 0.02625 0.020618556701030927
0 0.67125 0.18744142455482662 0.01625 0.00937207122774133
0 0.639375 0.1373008434864105 0.0325 0.020618556701030927
0 0.655625 0.1583880037488285 0.01125 0.01218369259606373
1 0.644375 0.17525773195876287 0.11125 0.07216494845360824
0 0.416875 0.1387066541705717 0.02125 0.010309278350515464
0 0.17125 0.42924086223055297 0.0275 0.015932521087160263
0 0.015 0.34817244611059045 0.02375 0.02717900656044986
0 0.06 0.8631677600749765 0.04 0.013120899718837863
0 0.22 0.8669165885660731 0.03 0.008434864104967198
0 0.19375 0.7160262417994376 0.04375 0.029053420805998126
0 0.7325 0.4104967197750703 0.05125 0.029053420805998126
0 0.815 0.309746954076851 0.02625 0.016869728209934397
0 0.82375 0.2619493908153702 0.0125 0.01218369259606373
0 0.9225 0.34957825679475163 0.0275 0.01874414245548266
0 0.97125 0.253514526710403 0.0125 0.010309278350515464
0 0.656875 0.8739456419868791 0.025 0.006560449859418931