0 0.520625 0.6569821930646673 0.08625 0.059044048734770385
0 0.765 0.5192127460168697 0.08625 0.08528584817244611
1 0.823125 0.29990627928772257 0.10875 0.16776007497656983
0 0.45125 0.4062792877225867 0.0425 0.03467666354264293
0 0.501875 0.17057169634489222 0.04625 0.029053420805998126
0 0.92125 0.37066541705716965 0.04375 0.03467666354264293
0 0.703125 0.37910028116213684 0.0475 0.03561387066541706
0 0.414375 0.42783505154639173 0.03875 0.030927835051546393
0 0.381875 0.5595126522961574 0.055 0.04592314901593252
0 0.39125 0.15557638238050608 0.04125 0.03467666354264293
0 0.455625 0.6776007497656982 0.06375 0.07029053420805999
0 0.291875 0.8003748828491096 0.06125 0.05248359887535145
0 0.94375 0.8200562324273665 0.045 0.03467666354264293
1 0.795 0.5740393626991566 0.1475 0.16494845360824742
0 0.4925 0.7216494845360825 0.0525 0.038425492033739454
0 0.635625 0.42361761949390814 0.0475 0.03467666354264293
1 0.535625 0.24179943767572634 0.15125 0.06747891283973759
0 0.528125 0.3739456419868791 0.03875 0.028116213683223992
0 0.430625 0.5356138706654171 0.04125 0.030927835051546393
0 0.341875 0.7788191190253045 0.04375 0.029053420805998126
0 0.53 0.8636363636363636 0.05125 0.02436738519212746
0 0.74625 0.8514526710402999 0.05875 0.02155576382380506
0 0.2975 0.7638238050609185 0.03875 0.029053420805998126
0 0.244375 0.4835988753514527 0.03 0.02999062792877226
0 0.27125 0.5032802249297095 0.03 0.02155576382380506
0 0.5775 0.7806935332708529 0.0375 0.02530459231490159
0 0.463125 0.6321462043111528 0.0325 0.026241799437675725
0 0.63875 0.753045923149016 0.0125 0.00937207122774133
0 0.605625 0.851921274601687 0.01875 0.01499531396438613
0 0.62875 0.8317713214620431 0.0175 0.01499531396438613
0 0.318125 0.6443298969072165 0.0225 0.020618556701030927
0 0.606875 0.633552014995314 0.01125 0.011246485473289597
0 0.594375 0.8017806935332709 0.03625 0.029053420805998126
0 0.464375 0.7310215557638238 0.0125 0.010309278350515464
0 0.456875 0.5126522961574508 0.0275 0.02155576382380506
0 0.635625 0.5885660731021556 0.02 0.016869728209934397
0 0.304375 0.5431115276476102 0.02375 0.019681349578256794
0 0.665 0.5215557638238051 0.01875 0.016869728209934397
0 0.55125 0.48500468603561386 0.015 0.00937207122774133
0 0.723125 0.5074976569821931 0.01875 0.015932521087160263
0 0.568125 0.38144329896907214 0.01375 0.011246485473289597
0 0.3975 0.33552014995313967 0.04875 0.019681349578256794
0 0.4475 0.3149015932521087 0.03625 0.01780693533270853
0 0.520625 0.1302717900656045 0.0475 0.01874414245548266
0 0.87 0.8434864104967198 0.0475 0.019681349578256794
0 0.795625 0.8495782567947516 0.03 0.016869728209934397
0 0.7725 0.6879100281162137 0.035 0.023430178069353328
0 0.976875 0.4301780693533271 0.01875 0.01218369259606373
0 0.986875 0.4034676663542643 0.00875 0.00937207122774133
0 0.918125 0.46579194001874413 0.01625 0.01218369259606373
0 0.996875 0.5178069353327085 0.00625 0.01218369259606373
0 0.8 0.22492970946579194 0.02375 0.01780693533270853
0 0.7525 0.12277413308341144 0.025 0.01874414245548266
0 0.95125 0.331302717900656 0.02125 0.015932521087160263
0 0.696875 0.1302717900656045 0.03 0.019681349578256794
0 0.878125 0.1260543580131209 0.015 0.01218369259606373
0 0.27875 0.14058106841611998 0.02 0.004686035613870665
1 0.284375 0.408622305529522 0.13375 0.05716963448922212
1 0.309375 0.45220243673851923 0.1425 0.056232427366447985
0 0.281875 0.7047797563261481 0.01625 0.01874414245548266
0 0.68 0.17104029990627928 0.01375 0.011246485473289597
0 0.75 0.10871602624179943 0.01875 0.0037488284910965324
0 0.89875 0.6419868791002812 0.0125 0.008434864104967198
1 0.744375 0.7061855670103093 0.22 0.08059981255857544
0 0.994375 0.8416119962511716 0.01125 0.005623242736644799
1 0.53625 0.3556701030927835 0.1525 0.14058106841611998
1 0.61125 0.39550140581068416 0.15125 0.08622305529522024