0 0.290625 0.5154639175257731 0.07875 0.06466729147141519
0 0.474375 0.6986879100281163 0.11375 0.06466729147141519
1 0.766875 0.7422680412371134 0.22375 0.08153701968134958
0 0.625 0.46344892221180883 0.04625 0.031865042174320526
0 0.939375 0.5014058106841612 0.03875 0.03467666354264293
0 0.6725 0.8158388003748829 0.04625 0.03280224929709466
0 0.66125 0.6522961574507966 0.0475 0.03561387066541706
0 0.59625 0.43580131208997186 0.04125 0.029053420805998126
0 0.420625 0.4114339268978444 0.06125 0.041237113402061855
0 0.959375 0.4184629803186504 0.04625 0.030927835051546393
0 0.263125 0.46672914714151825 0.09375 0.04779756326148079
0 0.099375 0.34395501405810686 0.07 0.04592314901593252
0 0.073125 0.8327085285848173 0.04625 0.033739456419868794
1 0.40125 0.7211808809746955 0.22 0.1105904404873477
0 0.204375 0.4943767572633552 0.05125 0.03936269915651359
0 0.601875 0.6016869728209935 0.04625 0.03561387066541706
1 0.844375 0.5267104029990628 0.09 0.1134020618556701
0 0.668125 0.521087160262418 0.0375 0.029053420805998126
0 0.4525 0.44798500468603564 0.04125 0.030927835051546393
0 0.128125 0.38144329896907214 0.03875 0.03280224929709466
0 0.015625 0.5224929709465792 0.03125 0.038425492033739454
0 0.03125 0.6846298031865042 0.02875 0.044048734770384255
0 0.148125 0.34817244611059045 0.03875 0.029053420805998126
0 0.521875 0.3083411433926898 0.04 0.022492970946579195
0 0.495625 0.32849109653233366 0.02875 0.022492970946579195
0 0.125625 0.5581068416119962 0.03375 0.028116213683223992
0 0.32375 0.4723523898781631 0.035 0.02436738519212746
0 0.1625 0.6040299906279287 0.0125 0.00937207122774133
0 0.030625 0.5791940018744143 0.02 0.014058106841611996
0 0.0575 0.5965323336457357 0.02 0.013120899718837863
0 0.3075 0.36363636363636365 0.0275 0.016869728209934397
0 0.321875 0.5801312089971884 0.015 0.008434864104967198
0 0.0975 0.5707591377694471 0.03875 0.02717900656044986
0 0.191875 0.4732895970009372 0.01375 0.00937207122774133
0 0.483125 0.4676663542642924 0.02875 0.020618556701030927
0 0.381875 0.6016869728209935 0.0225 0.01499531396438613
0 0.4425 0.35332708528584816 0.02625 0.01780693533270853
0 0.47125 0.6237113402061856 0.0225 0.014058106841611996
0 0.52 0.5384254920337395 0.0125 0.011246485473289597
0 0.49 0.6672914714151827 0.02125 0.014058106841611996
0 0.658125 0.5510777881911902 0.015 0.010309278350515464
0 0.719375 0.4231490159325211 0.02625 0.03655107778819119
0 0.746875 0.4606373008434864 0.02375 0.02717900656044986
0 0.99 0.5154639175257731 0.02 0.03561387066541706
0 0.041875 0.7774133083411434 0.02625 0.03561387066541706
0 0.03375 0.7216494845360825 0.0225 0.022492970946579195
0 0.249375 0.704311152764761 0.03125 0.026241799437675725
0 0.593125 0.8575445173383318 0.01625 0.014058106841611996
0 0.628125 0.8678537956888472 0.01375 0.011246485473289597
0 0.545625 0.8134957825679475 0.01625 0.01218369259606373
0 0.475 0.8776944704779757 0.01625 0.01218369259606373
0 0.866875 0.7249297094657919 0.02375 0.01780693533270853
0 0.995 0.6888472352389878 0.01 0.01874414245548266
0 0.725 0.8383317713214621 0.02125 0.015932521087160263
0 0.99 0.647610121836926 0.02 0.022492970946579195
0 0.995 0.7835051546391752 0.01 0.011246485473289597
0 0.98 0.33411433926897843 0.00625 0.01499531396438613
1 0.621875 0.338331771321462 0.07625 0.10028116213683223
1 0.56375 0.3570759137769447 0.075 0.10684161199625117
0 0.226875 0.3364573570759138 0.025 0.01218369259606373
0 0.93875 0.6349578256794751 0.015 0.010309278350515464
0 0.310625 0.7989690721649485 0.01125 0.00937207122774133
1 0.225 0.683223992502343 0.1075 0.16494845360824742
0 0.044375 0.872539831302718 0.0075 0.011246485473289597
1 0.6925 0.5271790065604499 0.1875 0.11433926897844424
1 0.64 0.5834114339268979 0.115 0.1134020618556701