0 0.189375 0.3233364573570759 0.03125 0.019681349578256794
0 0.34875 0.2839737582005623 0.03125 0.019681349578256794
0 0.489375 0.28537956888472354 0.03 0.01874414245548266
0 0.3 0.31021555763823805 0.01875 0.015932521087160263
0 0.774375 0.21836925960637302 0.03875 0.02717900656044986
0 0.915 0.18275538894095594 0.03875 0.028116213683223992
0 0.70375 0.1944704779756326 0.0375 0.02530459231490159
0 0.216875 0.5482661668228679 0.04625 0.03280224929709466
0 0.09 0.5834114339268979 0.03875 0.028116213683223992
0 0.290625 0.5656044985941893 0.0175 0.015932521087160263
0 0.209375 0.4208059981255858 0.01 0.008434864104967198
0 0.240625 0.6860356138706654 0.0175 0.013120899718837863
0 0.55 0.3964386129334583 0.0225 0.01780693533270853
0 0.568125 0.6087160262417994 0.01625 0.011246485473289597
0 0.60375 0.4990627928772259 0.02375 0.01780693533270853
0 0.644375 0.41096532333645736 0.02375 0.020618556701030927
0 0.558125 0.3847235238987816 0.02375 0.019681349578256794
0 0.360625 0.4076850984067479 0.01875 0.01499531396438613
0 0.984375 0.5379568884723523 0.0225 0.01780693533270853
0 0.7925 0.5581068416119962 0.0325 0.02436738519212746
0 0.975 0.4493908153701968 0.025 0.020618556701030927
0 0.141875 0.9133083411433927 0.01875 0.013120899718837863
0 0.13125 0.8125585754451734 0.015 0.010309278350515464
0 0.613125 0.6715089034676663 0.01625 0.01218369259606373
0 0.405625 0.31115276476101217 0.08625 0.06466729147141519
0 0.691875 0.2872539831302718 0.08875 0.06841611996251172
1 0.839375 0.781630740393627 0.12 0.06466729147141519
0 0.783125 0.38612933458294285 0.09 0.04967197750702906
0 0.08875 0.33692596063730085 0.0625 0.044048734770384255
0 0.09625 0.4742268041237113 0.065 0.046860356138706656
0 0.5825 0.4751640112464855 0.0575 0.046860356138706656
1 0.341875 0.5927835051546392 0.09375 0.08716026241799438
0 0.275625 0.8552014995313965 0.04875 0.03748828491096532
0 0.430625 0.4803186504217432 0.0525 0.03936269915651359
0 0.3975 0.5121836925960638 0.0525 0.031865042174320526
1 0.69375 0.7736644798500468 0.1175 0.061855670103092786
0 0.85625 0.39550140581068416 0.0925 0.04967197750702906
0 0.87375 0.29896907216494845 0.10875 0.05154639175257732
0 0.831875 0.5215557638238051 0.0525 0.04029990627928772
0 0.753125 0.5299906279287723 0.01625 0.014058106841611996
0 0.745625 0.5187441424554826 0.015 0.014058106841611996
0 0.575 0.32427366447985007 0.06875 0.05716963448922212
0 0.255 0.3537956888472352 0.01 0.00937207122774133
0 0.1775 0.39456419868791004 0.0225 0.014058106841611996
0 0.424375 0.41424554826616683 0.0125 0.006560449859418931
0 0.419375 0.41002811621368324 0.015 0.007497656982193065
0 0.313125 0.4592314901593252 0.0575 0.04217432052483599
0 0.335 0.612933458294283 0.0125 0.015932521087160263
1 0.486875 0.7839737582005624 0.27125 0.08434864104967198
1 0.29125 0.739456419868791 0.165 0.20805998125585753
1 0.33125 0.6813495782567948 0.165 0.20243673851921273