0 0.2325 0.10356138706654171 0.025 0.01780693533270853
0 0.4659125 0.25905342080599814 0.028175 0.014236176194939082
0 0.7975 0.21180880974695407 0.025 0.026241799437675725
0 0.72875 0.17760074976569823 0.03 0.030927835051546393
0 0.6653125 0.1513589503280225 0.021875 0.01780693533270853
0 0.195625 0.4395501405810684 0.04375 0.026241799437675725
0 0.29875 0.5323336457357076 0.02 0.013120899718837863
0 0.3246875 0.3716026241799438 0.039375 0.019681349578256794
0 0.6572374999999999 0.5102343017806935 0.057725 0.0261668228678538
0 0.34119999999999995 0.3959700093720712 0.0384875 0.02155576382380506
0 0.342175 0.5417057169634489 0.028149999999999998 0.013120899718837863
0 0.52125 0.4629803186504217 0.0275 0.020618556701030927
0 0.708125 0.4854732895970009 0.02625 0.016869728209934397
0 0.71875 0.5735707591377694 0.02 0.016869728209934397
0 0.896875 0.37488284910965325 0.02875 0.02999062792877226
0 0.293125 0.6715089034676663 0.02125 0.010309278350515464
0 0.225 0.8052577319587629 0.0275 0.015398313027179006
0 0.14625 0.8491096532333646 0.025 0.013120899718837863
0 0.481875 0.7919400187441424 0.01375 0.011246485473289597
0 0.893125 0.7427366447985004 0.01875 0.019681349578256794
0 0.0462875 0.40329896907216495 0.08992499999999999 0.07537956888472352
0 0.1143375 0.42638238050609184 0.1128 0.06772258669165886
0 0.17625 0.26101218369259604 0.04 0.03280224929709466
0 0.46125 0.44048734770384257 0.0825 0.07122774133083412
0 0.401875 0.46438612933458295 0.06125 0.04779756326148079
0 0.02475 0.4765979381443299 0.049487500000000004 0.06649484536082474
0 0.49875 0.4147141518275539 0.0625 0.07029053420805999
0 0.02305 0.5297375820056233 0.0461125 0.04830365510777882
0 0.82125 0.4076850984067479 0.0375 0.03561387066541706
0 0.86875 0.35238987816307404 0.08 0.06935332708528585
0 0.22 0.5229615745079662 0.0425 0.031865042174320526
0 0.1742625 0.46434864104967194 0.0939875 0.04771321462043111
0 0.154225 0.10424554826616683 0.03655 0.03330834114339269
0 0.193125 0.5089034676663543 0.05375 0.03561387066541706
0 0.6849500000000001 0.5122305529522024 0.0373375 0.04181818181818182
0 0.8507250000000001 0.5475070290534209 0.06985000000000001 0.03994376757263355
0 0.9026000000000001 0.5264011246485473 0.0390625 0.04247422680412371
0 0.8722624999999999 0.5165135895032802 0.049625 0.047094657919400186
0 0.86875 0.23413308341143393 0.0381875 0.031602624179943764
0 0.1816875 0.17347703842549203 0.010525 0.00655107778819119
0 0.214225 0.0950140581068416 0.018425 0.006560449859418931
0 0.316025 0.5259137769447048 0.0215 0.007872539831302719
0 0.31625 0.5170103092783505 0.01755 0.009850046860356138
0 0.9318500000000001 0.6795501405810684 0.03335 0.03169634489222118
0 0.6086625 0.62087160262418 0.011399999999999999 0.009194001874414246