0 0.795 0.8851921274601687 0.02625 0.01874414245548266
0 0.55125 0.738987816307404 0.03 0.01499531396438613
0 0.223125 0.7994376757263355 0.02625 0.02717900656044986
0 0.294375 0.830834114339269 0.0325 0.031865042174320526
0 0.35875 0.8547328959700093 0.02375 0.01874414245548266
0 0.808125 0.5482661668228679 0.045 0.028116213683223992
0 0.69875 0.4597000937207123 0.02125 0.014058106841611996
0 0.68375 0.6213683223992502 0.04125 0.02155576382380506
0 0.341875 0.4957825679475164 0.05875 0.028116213683223992
0 0.665625 0.5974695407685099 0.04 0.023430178069353328
0 0.655 0.45220243673851923 0.03 0.014058106841611996
0 0.48125 0.5379568884723523 0.02875 0.02155576382380506
0 0.293125 0.5224929709465792 0.0275 0.01780693533270853
0 0.27625 0.4353327085285848 0.02125 0.01780693533270853
0 0.1125 0.64058106841612 0.03125 0.030927835051546393
0 0.694375 0.32052483598875353 0.0225 0.011246485473289597
0 0.753125 0.1846298031865042 0.02875 0.015932521087160263
0 0.82875 0.1373008434864105 0.02625 0.014058106841611996
0 0.4975 0.20759137769447047 0.015 0.01218369259606373
0 0.090625 0.27319587628865977 0.02 0.020618556701030927
0 0.95625 0.5782567947516402 0.0875 0.07872539831302718
0 0.89 0.5581068416119962 0.1175 0.07216494845360824
0 0.84 0.7258669165885661 0.0425 0.03467666354264293
0 0.543125 0.5581068416119962 0.0875 0.07403936269915651
0 0.600625 0.5318650421743205 0.065 0.04967197750702906
0 0.974375 0.5046860356138707 0.05125 0.06841611996251172
0 0.5075 0.5852858481724461 0.0675 0.07310215557638237
0 0.974375 0.45173383317713217 0.05 0.05060918462980318
0 0.185625 0.604967197750703 0.04 0.03748828491096532
0 0.141875 0.6616682286785379 0.085 0.07216494845360824
0 0.778125 0.4662605435801312 0.045 0.033739456419868794
0 0.8275 0.5229615745079662 0.0975 0.05154639175257732
0 0.8725 0.8819119025304593 0.03875 0.03467666354264293
0 0.805625 0.47891283973758203 0.05625 0.03748828491096532
0 0.314375 0.49531396438612935 0.04 0.044048734770384255
0 0.14625 0.4662605435801312 0.0725 0.04311152764761012
0 0.09625 0.4896907216494845 0.04125 0.044048734770384255
0 0.126875 0.49812558575445176 0.05375 0.04873477038425492
0 0.15 0.7797563261480788 0.04125 0.033739456419868794
0 0.840625 0.8134957825679475 0.01 0.006560449859418931
0 0.81375 0.8931583880037488 0.01875 0.007497656982193065
0 0.681875 0.46719775070290537 0.02125 0.008434864104967198
0 0.6825 0.4761012183692596 0.01875 0.011246485473289597
0 0.05625 0.33786316776007497 0.03625 0.03280224929709466
0 0.383125 0.38331771321462044 0.0125 0.00937207122774133