0 0.28625 0.14667291471415184 0.11625 0.08809746954076851
0 0.295625 0.5238987816307404 0.115 0.08903467666354264
0 0.383125 0.2549203373945642 0.085 0.06654170571696345
0 0.769375 0.7558575445173383 0.0925 0.06841611996251172
0 0.2625 0.32989690721649484 0.06125 0.059044048734770385
0 0.873125 0.46438612933458295 0.05375 0.03936269915651359
0 0.5825 0.40815370196813494 0.05125 0.06935332708528585
0 0.196875 0.3739456419868791 0.04125 0.041237113402061855
0 0.14375 0.26804123711340205 0.0625 0.059044048734770385
0 0.408125 0.4245548266166823 0.05375 0.06560449859418932
0 0.115 0.2952202436738519 0.0425 0.05154639175257732
0 0.38 0.29381443298969073 0.08 0.04311152764761012
0 0.948125 0.6602624179943768 0.06875 0.04873477038425492
0 0.026875 0.38706654170571697 0.035 0.05435801312089972
0 0.215 0.33552014995313967 0.06875 0.04498594189315839
0 0.834375 0.37066541705716965 0.04875 0.033739456419868794
0 0.9625 0.5295220243673852 0.05 0.030927835051546393
0 0.754375 0.7014995313964386 0.07875 0.06091846298031865
0 0.744375 0.6560449859418932 0.07875 0.061855670103092786
0 0.66875 0.38612933458294285 0.07 0.022492970946579195
0 0.426875 0.13261480787253982 0.15375 0.041237113402061855
0 0.3325 0.5773195876288659 0.05 0.04311152764761012
0 0.760625 0.42549203373945643 0.02625 0.01874414245548266
0 0.775 0.46672914714151825 0.0175 0.011246485473289597
0 0.766875 0.45454545454545453 0.01625 0.013120899718837863
0 0.7375 0.4231490159325211 0.0275 0.01780693533270853
0 0.7725 0.6185567010309279 0.0175 0.01218369259606373
0 0.929375 0.845360824742268 0.01 0.007497656982193065
0 0.720625 0.753045923149016 0.02625 0.02717900656044986
0 0.893125 0.851921274601687 0.0125 0.013120899718837863
0 0.613125 0.15089034676663543 0.0325 0.026241799437675725
0 0.755 0.2047797563261481 0.03 0.013120899718837863
0 0.3725 0.4564198687910028 0.025 0.023430178069353328
0 0.7125 0.42127460168697284 0.03 0.019681349578256794
0 0.514375 0.5576382380506092 0.02 0.014058106841611996
0 0.49625 0.5487347703842549 0.025 0.016869728209934397
0 0.705 0.6288659793814433 0.03 0.02436738519212746
0 0.304375 0.6044985941893158 0.02125 0.01780693533270853
0 0.368125 0.6227741330834115 0.03125 0.023430178069353328
0 0.46 0.8584817244611059 0.02875 0.02155576382380506
0 0.4875 0.8425492033739457 0.0175 0.011246485473289597
0 0.475 0.8458294283036552 0.0225 0.014058106841611996
0 0.430625 0.4620431115276476 0.0325 0.06466729147141519
0 0.448125 0.46344892221180883 0.01375 0.019681349578256794