0 0.185625 0.19165885660731022 0.1175 0.08997188378631678
0 0.308125 0.5576382380506092 0.11625 0.08997188378631678
0 0.3125 0.28069353327085284 0.08625 0.06747891283973759
0 0.839375 0.703842549203374 0.09375 0.06935332708528585
0 0.2175 0.3744142455482662 0.0625 0.05998125585754452
0 0.853125 0.40253045923149017 0.05375 0.03936269915651359
0 0.553125 0.3964386129334583 0.0525 0.07029053420805999
0 0.166875 0.42830365510777885 0.0425 0.041237113402061855
0 0.083125 0.33411433926897843 0.06375 0.05998125585754452
0 0.388125 0.44189315838800375 0.055 0.06654170571696345
0 0.06375 0.3655107778819119 0.04375 0.05154639175257732
0 0.32125 0.3191190253045923 0.08 0.044048734770384255
0 0.975 0.5805998125585754 0.05 0.04967197750702906
0 0.01125 0.46954076850984067 0.0225 0.05435801312089972
0 0.173125 0.3880037488284911 0.07 0.04592314901593252
0 0.786875 0.3177132146204311 0.05 0.033739456419868794
0 0.959375 0.450796626054358 0.05 0.030927835051546393
0 0.80875 0.6532333645735707 0.08 0.061855670103092786
0 0.785 0.6105904404873477 0.08 0.061855670103092786
0 0.63 0.36035613870665417 0.07 0.022492970946579195
0 0.31875 0.1541705716963449 0.15375 0.04311152764761012
0 0.36 0.6035613870665417 0.05125 0.04311152764761012
0 0.73125 0.38331771321462044 0.02625 0.01874414245548266
0 0.758125 0.4208059981255858 0.0175 0.01218369259606373
0 0.746875 0.4104967197750703 0.01625 0.013120899718837863
0 0.70875 0.3851921274601687 0.0275 0.01780693533270853
0 0.80125 0.5693533270852859 0.0175 0.01218369259606373
0 0.790625 0.7094657919400188 0.02625 0.02717900656044986
0 0.98875 0.7764761012183693 0.01375 0.013120899718837863
0 0.505625 0.14058106841611998 0.0325 0.02717900656044986
0 0.66 0.1696344892221181 0.03 0.014058106841611996
0 0.3625 0.47891283973758203 0.02625 0.023430178069353328
0 0.68375 0.38706654170571697 0.03 0.020618556701030927
0 0.53125 0.5538894095595126 0.02125 0.01499531396438613
0 0.51125 0.5482661668228679 0.025 0.016869728209934397
0 0.738125 0.5909090909090909 0.03125 0.02530459231490159
0 0.340625 0.6344892221180881 0.02125 0.01874414245548266
0 0.40875 0.6419868791002812 0.0325 0.02436738519212746
0 0.568125 0.8561387066541706 0.02875 0.02155576382380506
0 0.590625 0.8359887535145267 0.0175 0.01218369259606373
0 0.579375 0.8411433926897844 0.0225 0.014058106841611996
0 0.420625 0.4746954076850984 0.03375 0.06466729147141519
0 0.438125 0.4732895970009372 0.01375 0.019681349578256794