0 0.006875 0.6040787623066104 0.01375 0.02250351617440225
0 0.389375 0.47257383966244726 0.02125 0.014767932489451477
0 0.594375 0.6040787623066104 0.025 0.02109704641350211
0 0.279375 0.24964838255977498 0.13375 0.0710267229254571
0 0.278125 0.3639240506329114 0.10375 0.05977496483825598
0 0.081875 0.4419831223628692 0.12125 0.06962025316455696
0 0.176875 0.4057665260196906 0.12625 0.0639943741209564
0 0.906875 0.3150492264416315 0.11625 0.0639943741209564
0 0.6725 0.43143459915611815 0.13 0.06469760900140648
0 0.48625 0.3055555555555556 0.1575 0.06751054852320675
0 0.716875 0.37939521800281295 0.085 0.052742616033755275
0 0.57375 0.5337552742616034 0.145 0.06047819971870605
0 0.2525 0.710267229254571 0.11125 0.053445850914205346
0 0.42 0.8259493670886076 0.135 0.04992967651195499
0 0.105 0.49753867791842477 0.07875 0.056962025316455694
0 0.253125 0.6585794655414908 0.06875 0.035864978902953586
0 0.203125 0.6012658227848101 0.1325 0.06188466947960619
0 0.434375 0.7538677918424754 0.1275 0.040787623066104076
0 0.143125 0.5850914205344585 0.04375 0.02461322081575246
0 0.155625 0.7658227848101266 0.05375 0.02531645569620253
1 0.85875 0.5530942334739803 0.055 0.026722925457102673
0 0.30625 0.5569620253164557 0.10875 0.07383966244725738
0 0.319375 0.5928270042194093 0.01875 0.014064697609001406
0 0.598125 0.5548523206751055 0.1075 0.029535864978902954
0 0.8625 0.5516877637130801 0.02125 0.011954992967651195
0 0.99375 0.23523206751054854 0.0125 0.006329113924050633
0 0.446875 0.730309423347398 0.0325 0.013361462728551337