0 0.01 0.6142756680731364 0.02 0.02180028129395218
0 0.3875 0.47468354430379744 0.02 0.014064697609001406
0 0.600625 0.6023206751054853 0.02375 0.020393811533052038
0 0.26375 0.2542194092827004 0.13 0.06821378340365682
0 0.27 0.36849507735583686 0.1 0.057665260196905765
0 0.07875 0.450070323488045 0.1175 0.06751054852320675
0 0.17125 0.4120956399437412 0.1225 0.06188466947960619
0 0.895 0.30742616033755277 0.1125 0.062109704641350204
0 0.668125 0.4277988748241913 0.12625 0.06282700421940929
0 0.474375 0.3059071729957806 0.15375 0.06469760900140648
0 0.709375 0.3751758087201125 0.08125 0.051336146272855133
0 0.5757625000000001 0.5322714486638537 0.1415375 0.057517580872011254
0 0.265625 0.7148382559774965 0.10875 0.051336146272855133
0 0.44 0.8273558368495078 0.1325 0.047116736990154715
0 0.105 0.5052742616033755 0.075 0.05555555555555555
0 0.263125 0.6635021097046413 0.06625 0.034458509142053444
0 0.209375 0.6068917018284107 0.12875 0.05907172995780591
0 0.45 0.7549226441631505 0.125 0.03867791842475387
0 0.14875 0.5921237693389592 0.0425 0.02390998593530239
0 0.1725 0.7725035161744023 0.0525 0.02461322081575246
1 0.861875 0.5460618846694796 0.05375 0.026019690576652602
0 0.3102625 0.5607946554149086 0.10400000000000001 0.07161744022503516
0 0.3250125 0.5964838255977497 0.0177625 0.014022503516174404
0 0.6009749999999999 0.5526652601969058 0.10565 0.02727848101265823
0 0.8655375 0.5446835443037974 0.0194125 0.01120956399437412
0 0.9913375000000001 0.24106188466947961 0.017312499999999998 0.021258790436005627
0 0.9832 0.2257313642756681 0.0233 0.0056118143459915615
0 0.461325 0.7312447257383966 0.031125 0.012468354430379747