0 0.724375 0.717900656044986 0.035 0.02999062792877226
0 0.82875 0.7774133083411434 0.03625 0.030927835051546393
0 0.543125 0.8252108716026242 0.045 0.02717900656044986
0 0.668125 0.7914714151827554 0.03625 0.031865042174320526
0 0.54625 0.7338331771321462 0.01375 0.013120899718837863
0 0.67375 0.6780693533270853 0.0175 0.019681349578256794
0 0.28375 0.7483598875351453 0.04 0.030927835051546393
0 0.715 0.6457357075913777 0.04125 0.030927835051546393
0 0.743125 0.6040299906279287 0.02625 0.038425492033739454
0 0.924375 0.5032802249297095 0.01875 0.013120899718837863
0 0.659375 0.422680412371134 0.01625 0.01499531396438613
0 0.4975 0.5131208997188379 0.01625 0.013120899718837863
0 0.399375 0.5880974695407685 0.02375 0.02155576382380506
0 0.590625 0.5927835051546392 0.02375 0.020618556701030927
0 0.51375 0.45173383317713217 0.0125 0.010309278350515464
0 0.573125 0.3786316776007498 0.04 0.013120899718837863
0 0.130625 0.577788191190253 0.04375 0.026241799437675725
0 0.27875 0.6607310215557638 0.0375 0.02999062792877226
0 0.0675 0.4006560449859419 0.04375 0.026241799437675725
0 0.330625 0.5529522024367385 0.04125 0.030927835051546393
0 0.20375 0.4948453608247423 0.065 0.019681349578256794
0 0.275625 0.5257731958762887 0.06125 0.029053420805998126
0 0.92875 0.2703842549203374 0.025 0.03936269915651359
0 0.01625 0.24554826616682288 0.0325 0.022492970946579195
0 0.26625 0.22164948453608246 0.03125 0.023430178069353328
0 0.12375 0.3270852858481724 0.0375 0.02155576382380506
0 0.19125 0.20290534208059982 0.0175 0.015932521087160263
0 0.1275 0.44798500468603564 0.11375 0.06466729147141519
0 0.713125 0.3500468603561387 0.11625 0.04873477038425492
0 0.919375 0.3992502343017807 0.06125 0.06466729147141519
0 0.189375 0.676663542642924 0.085 0.04498594189315839
0 0.3825 0.3003748828491096 0.15375 0.06373008434864105
0 0.784375 0.619493908153702 0.0925 0.08716026241799438
0 0.214375 0.9906279287722587 0.05125 0.01874414245548266
0 0.48 0.823805060918463 0.05375 0.03936269915651359
0 0.081875 0.9198687910028116 0.0825 0.12652296157450796
0 0.3325 0.33692596063730085 0.065 0.02155576382380506
0 0.216875 0.8017806935332709 0.125 0.11152764761012184
0 0.601875 0.1401124648547329 0.06625 0.031865042174320526
0 0.23375 0.2900656044985942 0.14125 0.06091846298031865
0 0.3525 0.25257731958762886 0.1525 0.06091846298031865
0 0.56125 0.28209934395501407 0.1925 0.08153701968134958
0 0.216875 0.8022492970946579 0.125 0.11246485473289597
0 0.550625 0.3692596063730084 0.095 0.01874414245548266
0 0.019375 0.5084348641049672 0.03375 0.011246485473289597
0 0.015 0.5173383317713215 0.01625 0.007497656982193065
0 0.379375 0.5693533270852859 0.0175 0.014058106841611996
0 0.38625 0.5707591377694471 0.025 0.02155576382380506
0 0.440625 0.5135895032802249 0.0175 0.010309278350515464
0 0.5825 0.5787253983130272 0.0075 0.01874414245548266
0 0.575625 0.5829428303655108 0.01125 0.02717900656044986
0 0.499375 0.4451733833177132 0.01375 0.008434864104967198
0 0.4975 0.4386129334582943 0.01375 0.007497656982193065
0 0.57375 0.38612933458294285 0.02625 0.00937207122774133
0 0.765 0.3865979381443299 0.05375 0.04779756326148079
0 0.59625 0.33411433926897843 0.145 0.05998125585754452
0 0.745 0.16307403936269915 0.0925 0.026241799437675725
0 0.72375 0.19775070290534208 0.06 0.059044048734770385
0 0.76875 0.6021555763823805 0.02625 0.03936269915651359
0 0.7425 0.6443298969072165 0.01375 0.011246485473289597
0 0.6875 0.6771321462043112 0.0125 0.014058106841611996
0 0.930625 0.7985004686035614 0.03875 0.041237113402061855
0 0.524375 0.6949390815370197 0.00875 0.008434864104967198
0 0.530625 0.6883786316776007 0.00875 0.010309278350515464