0 0.301875 0.26804123711340205 0.03125 0.028116213683223992
0 0.205 0.20196813495782567 0.0325 0.029053420805998126
0 0.495 0.1733833177132146 0.0425 0.02436738519212746
0 0.36625 0.19868791002811623 0.0325 0.02999062792877226
0 0.48125 0.26382380506091846 0.0125 0.01218369259606373
0 0.3474625 0.31115276476101217 0.015075 0.01874414245548266
0 0.744375 0.2666354264292409 0.03625 0.029053420805998126
0 0.3025 0.3408716026241799 0.0375 0.02865979381443299
0 0.27 0.380506091846298 0.0225 0.03748828491096532
0 0.0775 0.4690721649484536 0.0175 0.01218369259606373
0 0.33265 0.5665323336457357 0.015337499999999999 0.014067478912839737
0 0.50375 0.48687910028116216 0.015 0.01218369259606373
0 0.610625 0.4189315838800375 0.02125 0.020618556701030927
0 0.420625 0.40159325210871605 0.02125 0.019681349578256794
0 0.480625 0.5473289597000938 0.01125 0.00937207122774133
0 0.413125 0.6160168697282099 0.03875 0.0107029053420806
0 0.876875 0.4465791940018744 0.04125 0.023430178069353328
0 0.739375 0.3542642924086223 0.03375 0.028116213683223992
0 0.919375 0.627460168697282 0.04125 0.023430178069353328
0 0.6748625 0.45828491096532337 0.0377875 0.028144329896907218
0 0.794375 0.5243673851921274 0.06375 0.015932521087160263
0 0.7260375 0.4888566073102156 0.05875 0.024920337394564198
0 0.04625 0.7005623242736645 0.02 0.038425492033739454
0 0.955625 0.7853795688847235 0.03625 0.020618556701030927
0 0.700625 0.7924086223055296 0.02875 0.02155576382380506
0 0.855 0.6968134957825679 0.035 0.019681349578256794
0 0.773125 0.8163074039362699 0.01625 0.01499531396438613
0 0.865 0.5763823805060918 0.1075 0.05810684161199625
0 0.27 0.6354264292408622 0.1125 0.041237113402061855
0 0.070625 0.5731021555763823 0.05375 0.06091846298031865
0 0.83 0.3444236176194939 0.08 0.04029990627928772
0 0.59375 0.7066541705716963 0.1475 0.05435801312089972
0 0.2304375 0.36237113402061855 0.08412499999999999 0.08180880974695408
0 0.8425 0.01874414245548266 0.0475 0.03748828491096532
0 0.5575 0.17853795688847235 0.05 0.03655107778819119
0 0.965625 0.10918462980318651 0.06875 0.12277413308341144
0 0.648125 0.6733833177132146 0.06375 0.01780693533270853
0 0.816875 0.21790065604498593 0.11375 0.10402999062792877
0 0.356875 0.851921274601687 0.06375 0.028116213683223992
0 0.740625 0.7263355201499532 0.13625 0.05248359887535145
0 0.6179125 0.7563167760074977 0.1475 0.05187441424554827
0 0.41375 0.7132146204311153 0.185 0.06935332708528585
0 0.816875 0.21743205248359887 0.11375 0.1049671977507029
0 0.434375 0.6271415182755389 0.09375 0.01282099343955014
0 0.9803125 0.5228584817244611 0.032875 0.009493908153701968
0 0.98485 0.5143767572633552 0.0155875 0.006232427366447985
0 0.62785 0.43879100281162137 0.016025 0.012999062792877224
0 0.621675 0.43663542642924086 0.0226625 0.020318650421743203
0 0.56035 0.4903092783505154 0.0160125 0.009184629803186505
0 0.4266125 0.41611996251171507 0.005325 0.0188659793814433
0 0.43463749999999995 0.4125679475164011 0.00825 0.026579194001874414
0 0.4943 0.5546485473289596 0.012312499999999999 0.007778819119025305
0 0.4955375 0.5615838800374883 0.012312499999999999 0.0062417994376757265
0 0.412825 0.6086504217432052 0.0254875 0.007769447047797562
0 0.2229 0.5955295220243674 0.048949999999999994 0.04498594189315839
0 0.3850375 0.6586316776007498 0.1394625 0.05034676663542643
0 0.21692499999999998 0.8193908153701968 0.08967499999999999 0.020609184629803184
0 0.241825 0.786373008434864 0.0539375 0.05517338331771321
0 0.2443 0.38062792877225865 0.0210125 0.038612933458294287
0 0.27475 0.3403655107778819 0.011962500000000001 0.010459231490159326
0 0.33380000000000004 0.3113683223992503 0.010662499999999998 0.012924086223055294
0 0.10541249999999999 0.17452671040299905 0.0337625 0.039212746016869734
0 0.498425 0.3041049671977507 0.0073750000000000005 0.008378631677600749
0 0.491425 0.3102717900656045 0.0073750000000000005 0.01013120899718838