1 0.264375 0.32661668228678536 0.15625 0.11808809746954077
0 0.204375 0.9470477975632615 0.04625 0.03936269915651359
1 0.488125 0.44329896907216493 0.2675 0.15089034676663543
0 0.9875 0.7788191190253045 0.025 0.056232427366447985
1 0.78 0.44283036551077787 0.10875 0.06747891283973759
0 0.815625 0.6485473289597001 0.025 0.023430178069353328
0 0.230625 0.8406747891283973 0.02125 0.01499531396438613
0 0.255625 0.8514526710402999 0.02 0.014058106841611996
0 0.308125 0.8134957825679475 0.01375 0.010309278350515464
0 0.884375 0.3013120899718838 0.02 0.016869728209934397
0 0.88 0.549671977507029 0.025 0.01499531396438613
0 0.815 0.41799437675726336 0.01875 0.01218369259606373
0 0.87 0.30740393626991563 0.0125 0.010309278350515464
0 0.715 0.4775070290534208 0.02125 0.015932521087160263
0 0.915 0.563730084348641 0.01375 0.011246485473289597
0 0.8975 0.5318650421743205 0.015 0.011246485473289597
0 0.725625 0.47282099343955014 0.0175 0.01499531396438613
0 0.33875 0.37722586691658855 0.03625 0.026241799437675725
0 0.426875 0.5267104029990628 0.02 0.015932521087160263
0 0.49875 0.6644798500468604 0.01875 0.01218369259606373
0 0.03 0.6246485473289597 0.02 0.01499531396438613
0 0.036875 0.6593252108716027 0.02125 0.02530459231490159
0 0.895625 0.2047797563261481 0.0175 0.013120899718837863
0 0.33875 0.1780693533270853 0.02125 0.016869728209934397
0 0.169375 0.22774133083411435 0.0225 0.01499531396438613
0 0.739375 0.4287722586691659 0.01375 0.013120899718837863
0 0.75375 0.4690721649484536 0.01 0.006560449859418931
0 0.743125 0.46954076850984067 0.01125 0.006560449859418931
0 0.459375 0.4339268978444236 0.01875 0.01499531396438613
0 0.456875 0.4915651358950328 0.015 0.013120899718837863
0 0.335625 0.4835988753514527 0.02 0.014058106841611996
1 0.358125 0.4301780693533271 0.3025 0.23336457357075913
1 0.321875 0.46157450796626054 0.145 0.14901593252108716
0 0.731875 0.5979381443298969 0.02 0.01874414245548266
0 0.974375 0.7952202436738519 0.01625 0.011246485473289597
0 0.998125 0.4873477038425492 0.00375 0.011246485473289597