1 0.26125 0.6705716963448922 0.1525 0.11433926897844424
1 0.42375 0.507029053420806 0.19375 0.19775070290534208
0 0.889375 0.12511715089034678 0.0725 0.05529522024367385
1 0.43375 0.2881911902530459 0.0875 0.07966260543580131
0 0.70875 0.2689784442361762 0.03125 0.01874414245548266
0 0.945 0.7136832239925024 0.02 0.015932521087160263
0 0.96 0.6954076850984068 0.01875 0.014058106841611996
0 0.91125 0.654639175257732 0.01375 0.010309278350515464
0 0.248125 0.2047797563261481 0.0225 0.01499531396438613
0 0.579375 0.2169634489222118 0.01875 0.01780693533270853
0 0.401875 0.26101218369259604 0.01625 0.013120899718837863
0 0.25625 0.21602624179943766 0.01375 0.00937207122774133
0 0.4775 0.338331771321462 0.02125 0.015932521087160263
0 0.599375 0.19119025304592316 0.015 0.00937207122774133
0 0.556875 0.20337394564198688 0.01375 0.011246485473289597
0 0.47125 0.32989690721649484 0.01875 0.013120899718837863
0 0.330625 0.6166822867853796 0.03375 0.02717900656044986
0 0.533125 0.5552952202436738 0.02125 0.01499531396438613
0 0.71875 0.506560449859419 0.01625 0.013120899718837863
0 0.649375 0.8561387066541706 0.02 0.01499531396438613
0 0.69625 0.852389878163074 0.0325 0.01499531396438613
0 0.120625 0.19306466729147143 0.01625 0.01218369259606373
0 0.065 0.6096532333645736 0.0225 0.015932521087160263
0 0.125625 0.7385192127460168 0.02 0.016869728209934397
0 0.41375 0.3181818181818182 0.0175 0.010309278350515464
0 0.4675 0.30880974695407687 0.00875 0.007497656982193065
0 0.468125 0.316776007497657 0.00875 0.008434864104967198
0 0.410625 0.528116213683224 0.01875 0.014058106841611996
0 0.486875 0.5318650421743205 0.0175 0.011246485473289597
0 0.4725 0.6223055295220243 0.01875 0.014058106841611996
1 0.401875 0.6040299906279287 0.30375 0.22024367385192128
1 0.4425 0.6321462043111528 0.195 0.10402999062792877
0 0.638125 0.3294283036551078 0.02375 0.014058106841611996
0 0.91 0.15510777881911902 0.01375 0.01218369259606373
0 0.500625 0.1246485473289597 0.015 0.005623242736644799