0 0.01375 0.20495782567947515 0.025 0.023786316776007496
0 0.711875 0.29568884723523897 0.02125 0.019681349578256794
0 0.71125 0.17197750702905343 0.0225 0.019681349578256794
0 0.169375 0.45735707591377694 0.02875 0.01874414245548266
0 0.491875 0.40112464854732893 0.02375 0.020618556701030927
0 0.543125 0.3959700093720712 0.02625 0.02530459231490159
0 0.753125 0.5117150890346767 0.02125 0.013120899718837863
0 0.28625 0.11199625117150891 0.16 0.10965323336457357
0 0.92 0.7717900656044986 0.11 0.06279287722586692
0 0.20625 0.3402061855670103 0.1775 0.14058106841611998
1 0.29375 0.7975632614807873 0.085 0.10121836925960637
0 0.263125 0.43158388003748827 0.15125 0.09465791940018745
0 0.658125 0.8533270852858482 0.10875 0.07216494845360824
0 0.504375 0.04967197750702906 0.05375 0.026241799437675725
0 0.215625 0.5187441424554826 0.15875 0.10965323336457357
1 0.22375 0.6227741330834115 0.0875 0.08716026241799438
1 0.064375 0.253514526710403 0.07375 0.07403936269915651
0 0.5125 0.39128397375820057 0.06 0.04592314901593252
1 0.338775 0.9014901593252108 0.0901125 0.10656982193064667
1 0.21175 0.6226148078725399 0.052762500000000004 0.02422680412371134
0 0.6866125 0.43061855670103094 0.0098 0.008969072164948454
0 0.480625 0.45694470477975635 0.0212125 0.016241799437675723
0 0.4536625 0.4473102155576382 0.019837499999999997 0.02083411433926898
0 0.47295000000000004 0.4499062792877226 0.0226875 0.028987816307403935
0 0.6933 0.28043111527647613 0.021187499999999998 0.014039362699156514
0 0.6881125 0.29489222118088093 0.0325625 0.03553889409559513
0 0.6878624999999999 0.16991565135895034 0.019225000000000003 0.018491096532333644
0 0.6992375 0.15879100281162137 0.0172375 0.01923149015932521
0 0.29488749999999997 0.2411152764761012 0.0256625 0.017113402061855673
0 0.2884625 0.2470477975632615 0.019725 0.01699156513589503
0 0.11262499999999999 0.11429240862230554 0.021225 0.026654170571696344