0 0.0275 0.8078725398313027 0.035 0.022492970946579195
0 0.268125 0.3078725398313027 0.03 0.01874414245548266
0 0.105625 0.2872539831302718 0.03 0.019681349578256794
0 0.386875 0.7366447985004686 0.03 0.02436738519212746
0 0.36875 0.4887535145267104 0.03125 0.02155576382380506
0 0.370625 0.4498594189315839 0.0375 0.023430178069353328
0 0.559375 0.3149015932521087 0.02125 0.01780693533270853
0 0.019375 0.5960637300843487 0.03875 0.12558575445173384
0 0.93 0.23711340206185566 0.10125 0.09184629803186505
0 0.239375 0.6893158388003748 0.215 0.15557638238050608
1 0.855 0.703842549203374 0.1475 0.08059981255857544
0 0.36875 0.6630740393626992 0.15 0.12839737582005623
0 0.966875 0.4423617619493908 0.06625 0.08997188378631678
0 0.475 0.7132146204311153 0.17125 0.1358950328022493
1 0.613125 0.725398313027179 0.13 0.07966260543580131
1 0.100625 0.7788191190253045 0.11 0.06747891283973759
0 0.359375 0.471883786316776 0.07125 0.05248359887535145
1 0.946875 0.6813495782567948 0.05125 0.07122774133083412
1 0.61125 0.7338331771321462 0.04125 0.04311152764761012
0 0.44125 0.3500468603561387 0.01375 0.00937207122774133
0 0.44 0.507029053420806 0.025 0.01874414245548266
0 0.423125 0.5248359887535146 0.03 0.01874414245548266
0 0.429375 0.5112464854732895 0.0425 0.02155576382380506
0 0.245 0.3191190253045923 0.0225 0.01780693533270853
0 0.263125 0.32567947516401125 0.0525 0.02999062792877226
0 0.099375 0.3036551077788191 0.0275 0.016869728209934397
0 0.08625 0.2933458294283037 0.02875 0.015932521087160263
0 0.124375 0.6063730084348641 0.02625 0.022492970946579195
0 0.13125 0.6119962511715089 0.02625 0.01780693533270853