0 0.766875 0.6616682286785379 0.03875 0.028116213683223992
0 0.90875 0.6508903467666354 0.0325 0.01780693533270853
0 0.441875 0.7314901593252109 0.0125 0.008434864104967198
0 0.96875 0.344892221180881 0.02125 0.01874414245548266
0 0.7775 0.4372071227741331 0.03375 0.02155576382380506
0 0.93625 0.40815370196813494 0.015 0.010309278350515464
0 0.73125 0.4114339268978444 0.05875 0.016869728209934397
0 0.89625 0.5107778819119025 0.04125 0.026241799437675725
0 0.858125 0.5032802249297095 0.035 0.03467666354264293
0 0.546875 0.46579194001874413 0.04125 0.03280224929709466
0 0.670625 0.64058106841612 0.01625 0.01218369259606373
0 0.624375 0.3823805060918463 0.0225 0.01499531396438613
0 0.66 0.598406747891284 0.01875 0.014058106841611996
0 0.530625 0.5103092783505154 0.01875 0.014058106841611996
0 0.485625 0.5004686035613871 0.0125 0.00937207122774133
0 0.0175 0.5468603561387066 0.025 0.016869728209934397
0 0.163125 0.6232427366447985 0.05125 0.02155576382380506
0 0.206875 0.6668228678537957 0.0175 0.013120899718837863
0 0.81125 0.28865979381443296 0.0125 0.010309278350515464
0 0.243125 0.29615745079662603 0.015 0.00937207122774133
0 0.699375 0.6930646672914714 0.07625 0.04967197750702906
0 0.37875 0.5337394564198688 0.08625 0.056232427366447985
0 0.355625 0.3692596063730084 0.07125 0.056232427366447985
0 0.58375 0.6190253045923149 0.0825 0.05810684161199625
0 0.396875 0.4095595126522962 0.0675 0.05435801312089972
0 0.978125 0.4536082474226804 0.04375 0.053420805998125584
1 0.226875 0.47282099343955014 0.1025 0.15557638238050608
0 0.87375 0.5970009372071228 0.07875 0.033739456419868794
1 0.395625 0.6790065604498594 0.11 0.16588566073102157
0 0.14375 0.6466729147141518 0.07375 0.03280224929709466
1 0.329375 0.6424554826616682 0.06 0.07029053420805999
0 0.15 0.4076850984067479 0.07375 0.07591377694470477
0 0.84875 0.6185567010309279 0.075 0.03280224929709466
0 0.271875 0.7385192127460168 0.05 0.03561387066541706
1 0.47625 0.5791940018744143 0.2225 0.06560449859418932
1 0.651875 0.4971883786316776 0.195 0.06560449859418932
0 0.484375 0.6241799437675727 0.0525 0.04029990627928772
0 0.531875 0.6518275538894096 0.00875 0.026241799437675725
0 0.51875 0.6551077788191191 0.04875 0.05998125585754452
0 0.195 0.7141518275538894 0.02875 0.01499531396438613
0 0.04 0.4985941893158388 0.0625 0.07685098406747891
0 0.126875 0.3992502343017807 0.01625 0.01780693533270853
0 0.248125 0.46954076850984067 0.01 0.006560449859418931
0 0.5725 0.3022492970946579 0.00625 0.004686035613870665
0 0.4775 0.3856607310215558 0.0075 0.01499531396438613
0 0.601875 0.4072164948453608 0.03625 0.04592314901593252
0 0.708125 0.39268978444236174 0.02875 0.01780693533270853
0 0.726875 0.4985941893158388 0.01375 0.007497656982193065
1 0.56 0.5388940955951266 0.2075 0.07216494845360824
0 0.955 0.46579194001874413 0.04375 0.05154639175257732
0 0.8575 0.2338331771321462 0.04125 0.031865042174320526
0 0.61875 0.4723523898781631 0.015 0.010309278350515464