0 0.3525 0.8908153701968134 0.02625 0.02155576382380506
0 0.29875 0.7085285848172446 0.03875 0.02999062792877226
0 0.320625 0.8139643861293346 0.025 0.02436738519212746
0 0.18875 0.46860356138706655 0.01125 0.00937207122774133
0 0.73125 0.8430178069353327 0.025 0.016869728209934397
0 0.598125 0.704311152764761 0.03 0.026241799437675725
0 0.645 0.8219306466729147 0.015 0.01218369259606373
0 0.630625 0.6682286785379569 0.025 0.044048734770384255
0 0.50625 0.7970946579194002 0.0375 0.031865042174320526
0 0.514375 0.7685098406747891 0.0475 0.028116213683223992
0 0.5475 0.5332708528584817 0.04625 0.031865042174320526
0 0.321875 0.6349578256794751 0.0175 0.013120899718837863
0 0.663125 0.5866916588566073 0.02125 0.016869728209934397
0 0.376875 0.6246485473289597 0.01875 0.01499531396438613
0 0.4875 0.5234301780693533 0.01875 0.01499531396438613
0 0.49875 0.48922211808809746 0.0125 0.00937207122774133
0 0.4125 0.1415182755388941 0.02375 0.019681349578256794
0 0.31875 0.2539831302717901 0.03 0.03936269915651359
0 0.2625 0.2891283973758201 0.01875 0.014058106841611996
0 0.7975 0.7216494845360825 0.01375 0.010309278350515464
0 0.758125 0.2970946579194002 0.01375 0.011246485473289597
0 0.774375 0.09372071227741331 0.015 0.013120899718837863
0 0.253125 0.6593252108716027 0.07 0.059044048734770385
0 0.44875 0.41096532333645736 0.07875 0.06654170571696345
0 0.666875 0.3851921274601687 0.0775 0.056232427366447985
0 0.34625 0.5688847235238987 0.08125 0.06466729147141519
0 0.615 0.41799437675726336 0.07625 0.05248359887535145
0 0.586875 0.8552014995313965 0.0725 0.03561387066541706
1 0.521875 0.29381443298969073 0.21125 0.08434864104967198
0 0.390625 0.7849109653233365 0.04875 0.05998125585754452
1 0.25625 0.43158388003748827 0.22375 0.08997188378631678
0 0.28625 0.2408622305529522 0.04625 0.056232427366447985
1 0.301875 0.3795688847235239 0.09625 0.04873477038425492
0 0.605 0.23289597000937207 0.10375 0.05810684161199625
0 0.360625 0.7671040299906279 0.04625 0.05716963448922212
0 0.17 0.3416119962511715 0.05 0.038425492033739454
1 0.393125 0.48641049671977504 0.0975 0.16776007497656983
1 0.511875 0.6138706654170571 0.09625 0.14807872539831302
0 0.33375 0.4948453608247423 0.05625 0.041237113402061855
0 0.299375 0.5318650421743205 0.035 0.008434864104967198
0 0.294375 0.5220243673851921 0.0825 0.03936269915651359
0 0.19875 0.2830365510777882 0.02125 0.02155576382380506
0 0.478125 0.15557638238050608 0.105 0.05060918462980318
0 0.614375 0.2155576382380506 0.025 0.013120899718837863
0 0.5275 0.31021555763823805 0.00875 0.007497656982193065
0 0.7675 0.5440487347703843 0.0075 0.004686035613870665
0 0.65125 0.47703842549203374 0.02 0.006560449859418931
0 0.629375 0.5712277413308341 0.0625 0.029053420805998126
0 0.65375 0.6499531396438613 0.025 0.022492970946579195
0 0.513125 0.6701030927835051 0.01125 0.010309278350515464
1 0.45125 0.5468603561387066 0.10625 0.15745079662605435
0 0.569375 0.8388003748828491 0.07 0.03561387066541706
0 0.873125 0.7539831302717901 0.045 0.031865042174320526
0 0.543125 0.5876288659793815 0.015 0.01218369259606373