0 0.148 0.5127659574468085 0.10133333333333333 0.11063829787234042
0 0.18666666666666668 0.7212765957446808 0.08666666666666667 0.1148936170212766
0 0.18533333333333332 0.2815602836879433 0.092 0.11205673758865248
0 0.27666666666666667 0.5035460992907801 0.08666666666666667 0.11347517730496454
0 0.316 0.8687943262411347 0.09733333333333333 0.1049645390070922
0 0.312 0.3056737588652482 0.09866666666666667 0.13617021276595745
0 0.3486666666666667 0.6907801418439716 0.10666666666666667 0.1049645390070922
0 0.3873333333333333 0.4340425531914894 0.092 0.12056737588652482
0 0.37333333333333335 0.10921985815602837 0.11466666666666667 0.11773049645390071
0 0.39866666666666667 0.5680851063829787 0.096 0.10212765957446808
0 0.43133333333333335 0.23191489361702128 0.09066666666666667 0.1148936170212766
0 0.4866666666666667 0.6609929078014184 0.11733333333333333 0.09787234042553192
0 0.504 0.3326241134751773 0.09333333333333334 0.10070921985815603
0 0.5186666666666667 0.7638297872340426 0.09866666666666667 0.09787234042553192
0 0.5466666666666666 0.9014184397163121 0.104 0.11347517730496454
0 0.5793333333333334 0.2475177304964539 0.11333333333333333 0.11205673758865248
0 0.606 0.425531914893617 0.1 0.11205673758865248
0 0.6133333333333333 0.5531914893617021 0.10266666666666667 0.11205673758865248
0 0.6173333333333333 0.09219858156028368 0.104 0.09219858156028368
0 0.652 0.6858156028368795 0.09733333333333333 0.12340425531914893
0 0.698 0.3425531914893617 0.104 0.14468085106382977
0 0.7366666666666667 0.5319148936170213 0.09333333333333334 0.1049645390070922
0 0.764 0.22624113475177304 0.09733333333333333 0.10780141843971631
0 0.782 0.7404255319148936 0.12533333333333332 0.13049645390070921
0 0.846 0.4794326241134752 0.08933333333333333 0.0950354609929078