0 0.2814814814814815 0.4102141680395387 0.032407407407407406 0.03789126853377265
0 0.7356481481481482 0.171334431630972 0.12037037037037036 0.08731466227347612
0 0.6421296296296296 0.12026359143327842 0.01574074074074074 0.023064250411861616
0 0.6523148148148148 0.10461285008237232 0.021296296296296296 0.04118616144975288
0 0.6708333333333333 0.04365733113673806 0.0787037037037037 0.057660626029654036
0 0.5106481481481482 0.04695222405271829 0.03981481481481482 0.026359143327841845
0 0.43194444444444446 0.05271828665568369 0.09166666666666666 0.09884678747940692
0 0.4652777777777778 0.21828665568369027 0.11851851851851852 0.11202635914332784
0 0.3384259259259259 0.17051070840197693 0.08981481481481482 0.11532125205930807
0 0.2518518518518518 0.08237232289950576 0.04259259259259259 0.16474464579901152
0 0.34675925925925927 0.33031301482701814 0.2490740740740741 0.2158154859967051
0 0.49212962962962964 0.5543657331136738 0.041666666666666664 0.047775947281713346
0 0.4652777777777778 0.6795716639209226 0.1787037037037037 0.1400329489291598
0 0.6407407407407407 0.6919275123558485 0.06388888888888888 0.07742998352553541
0 0.712037037037037 0.700164744645799 0.05925925925925926 0.0757825370675453
0 0.7087962962962963 0.7611202635914333 0.041666666666666664 0.06589785831960461
0 0.6791666666666667 0.8904448105436573 0.13703703703703704 0.14827018121911037
0 0.7620370370370371 0.8327841845140033 0.014814814814814815 0.044481054365733116
0 0.5120370370370371 0.9752883031301482 0.05925925925925926 0.04942339373970346
0 0.44675925925925924 0.8121911037891268 0.06666666666666667 0.08896210873146623
0 0.225 0.5222405271828665 0.01574074074074074 0.02471169686985173
0 0.2800925925925926 0.7232289950576606 0.049074074074074076 0.07742998352553541
0 0.24953703703703703 0.8920922570016474 0.0962962962962963 0.09060955518945635