0 0.2763888888888889 0.4785831960461285 0.03333333333333333 0.039538714991762765
0 0.7 0.10296540362438221 0.12129629629629629 0.09390444810543658
0 0.6027777777777777 0.08237232289950576 0.01574074074074074 0.02471169686985173
0 0.611574074074074 0.06342668863261944 0.021296296296296296 0.042833607907743
0 0.6231481481481481 0.014827018121911038 0.07962962962962963 0.029654036243822075
0 0.4666666666666667 0.051070840197693576 0.03981481481481482 0.02800658978583196
0 0.38981481481481484 0.08072487644151564 0.09259259259259259 0.10543657331136738
0 0.43796296296296294 0.23311367380560133 0.11944444444444445 0.1186161449752883
0 0.3087962962962963 0.22487644151565075 0.09166666666666666 0.12026359143327842
0 0.21388888888888888 0.14909390444810544 0.046296296296296294 0.20098846787479407
0 0.33240740740740743 0.3805601317957166 0.2518518518518518 0.23064250411861614
0 0.4976851851851852 0.556013179571664 0.041666666666666664 0.04942339373970346
0 0.48333333333333334 0.6878088962108732 0.17962962962962964 0.14991762767710048
0 0.6569444444444444 0.6449752883031301 0.06481481481481481 0.08072487644151564
0 0.7282407407407407 0.6309719934102141 0.06018518518518518 0.07907742998352553
0 0.7310185185185185 0.6927512355848435 0.04351851851851852 0.06754530477759473
0 0.7143518518518519 0.8294892915980231 0.1398148148148148 0.15650741350906094
0 0.7907407407407407 0.7471169686985173 0.01574074074074074 0.044481054365733116
0 0.5583333333333333 0.9678747940691927 0.06018518518518518 0.057660626029654036
0 0.47824074074074074 0.8237232289950577 0.06851851851851852 0.09225700164744646
0 0.2310185185185185 0.6062602965403624 0.01574074074074074 0.026359143327841845
0 0.3050925925925926 0.7874794069192751 0.05 0.08072487644151564
0 0.2912037037037037 0.9579901153212521 0.09722222222222222 0.08401976935749589