0 0.5586363636363636 0.08590909090909091 0.12727272727272726 0.07363636363636364
0 0.8245454545454546 0.07045454545454545 0.15818181818181817 0.09909090909090909
0 0.32045454545454544 0.09681818181818182 0.08181818181818182 0.07818181818181819
0 0.14636363636363636 0.11772727272727272 0.07545454545454545 0.08818181818181818
0 0.21818181818181817 0.14227272727272727 0.057272727272727274 0.07909090909090909
0 0.4027272727272727 0.13636363636363635 0.08181818181818182 0.0890909090909091
0 0.3159090909090909 0.16363636363636364 0.07545454545454545 0.06545454545454546
0 0.13090909090909092 0.17181818181818181 0.06727272727272728 0.07363636363636364
0 0.6013636363636363 0.17136363636363636 0.09454545454545454 0.09363636363636364
0 0.3927272727272727 0.19090909090909092 0.07909090909090909 0.06454545454545454
0 0.53 0.18 0.09454545454545454 0.09545454545454546
0 0.8936363636363637 0.18181818181818182 0.07454545454545454 0.12545454545454546
0 0.7909090909090909 0.18727272727272729 0.09272727272727273 0.12454545454545454
0 0.21863636363636363 0.23045454545454547 0.06363636363636363 0.07727272727272727
0 0.13363636363636364 0.2459090909090909 0.08818181818181818 0.05545454545454546
0 0.3290909090909091 0.23863636363636365 0.08272727272727273 0.06272727272727273
0 0.6122727272727273 0.2631818181818182 0.08636363636363636 0.07727272727272727
0 0.5195454545454545 0.27090909090909093 0.07545454545454545 0.07454545454545454
0 0.7581818181818182 0.2677272727272727 0.11 0.09181818181818181
0 0.8731818181818182 0.2909090909090909 0.10181818181818182 0.06363636363636363
0 0.28954545454545455 0.36727272727272725 0.15545454545454546 0.13727272727272727
0 0.5781818181818181 0.40636363636363637 0.20545454545454545 0.12636363636363637
0 0.7859090909090909 0.4159090909090909 0.18727272727272729 0.11272727272727273
0 0.2868181818181818 0.4445454545454545 0.13363636363636364 0.11545454545454545
0 0.16227272727272726 0.41909090909090907 0.08454545454545455 0.1809090909090909
0 0.4081818181818182 0.44363636363636366 0.08818181818181818 0.16545454545454547
0 0.2727272727272727 0.5472727272727272 0.16454545454545455 0.07636363636363637
0 0.8218181818181818 0.5463636363636364 0.12818181818181817 0.17636363636363636
0 0.5313636363636364 0.5577272727272727 0.12545454545454546 0.17272727272727273
0 0.6886363636363636 0.5572727272727273 0.12272727272727273 0.18818181818181817
0 0.14272727272727273 0.6686363636363636 0.20545454545454545 0.12636363636363637
0 0.35045454545454546 0.6781818181818182 0.18727272727272729 0.11272727272727273
0 0.8986363636363637 0.7504545454545455 0.18454545454545454 0.18818181818181817
0 0.5731818181818182 0.765 0.19272727272727272 0.18
0 0.7390909090909091 0.7718181818181818 0.12818181818181817 0.22636363636363635
0 0.38636363636363635 0.8077272727272727 0.12818181818181817 0.17545454545454545
0 0.0959090909090909 0.82 0.12545454545454546 0.17272727272727273
0 0.2531818181818182 0.8195454545454546 0.12090909090909091 0.18818181818181817
0 0.8613636363636363 0.9027272727272727 0.19727272727272727 0.10909090909090909
0 0.6172727272727273 0.8722727272727273 0.11090909090909092 0.18818181818181817