0 0.4340909090909091 0.9131818181818182 0.12636363636363637 0.07181818181818182
0 0.16818181818181818 0.9236363636363636 0.15636363636363637 0.09636363636363636
0 0.6722727272727272 0.9063636363636364 0.0809090909090909 0.07636363636363637
0 0.8468181818181818 0.8881818181818182 0.07363636363636364 0.08727272727272728
0 0.7754545454545455 0.8627272727272727 0.056363636363636366 0.07818181818181819
0 0.5909090909090909 0.8654545454545455 0.08 0.08727272727272728
0 0.6781818181818182 0.8395454545454546 0.07454545454545454 0.06454545454545454
0 0.8631818181818182 0.8345454545454546 0.06636363636363636 0.07272727272727272
0 0.3927272727272727 0.8268181818181818 0.09272727272727273 0.09181818181818181
0 0.6018181818181818 0.8109090909090909 0.07818181818181819 0.06363636363636363
0 0.46454545454545454 0.8195454545454546 0.09272727272727273 0.09363636363636364
0 0.1009090909090909 0.8113636363636364 0.07272727272727272 0.12454545454545454
0 0.20363636363636364 0.8077272727272727 0.09090909090909091 0.12272727272727273
0 0.7768181818181819 0.7745454545454545 0.06272727272727273 0.07636363636363637
0 0.8618181818181818 0.7604545454545455 0.08727272727272728 0.053636363636363635
0 0.6663636363636364 0.764090909090909 0.08181818181818182 0.060909090909090906
0 0.3836363636363636 0.735 0.08545454545454545 0.07545454545454545
0 0.4763636363636364 0.7286363636363636 0.07454545454545454 0.07363636363636364
0 0.23772727272727273 0.7277272727272728 0.10818181818181818 0.09
0 0.12318181818181818 0.7027272727272728 0.1009090909090909 0.06181818181818182
0 0.7081818181818181 0.6363636363636364 0.15272727272727274 0.13454545454545455
0 0.42 0.5922727272727273 0.20363636363636364 0.12272727272727273
0 0.21272727272727274 0.5790909090909091 0.18545454545454546 0.10909090909090909
0 0.7122727272727273 0.5590909090909091 0.1318181818181818 0.11272727272727273
0 0.8363636363636363 0.5868181818181818 0.08181818181818182 0.17909090909090908
0 0.5909090909090909 0.5581818181818182 0.08545454545454545 0.16363636363636364
0 0.7281818181818182 0.45681818181818185 0.16363636363636364 0.07363636363636364
0 0.17909090909090908 0.4481818181818182 0.12545454545454546 0.17454545454545456
0 0.46954545454545454 0.44181818181818183 0.12272727272727273 0.1709090909090909
0 0.31227272727272726 0.4395454545454546 0.1190909090909091 0.18636363636363637
0 0.86 0.3377272727272727 0.20363636363636364 0.12272727272727273
0 0.6527272727272727 0.3245454545454545 0.18545454545454546 0.10909090909090909
0 0.10590909090909091 0.24272727272727274 0.1809090909090909 0.18545454545454546
0 0.43136363636363634 0.23363636363636364 0.19 0.17636363636363636
0 0.26590909090909093 0.2240909090909091 0.12454545454545454 0.22454545454545455
0 0.6190909090909091 0.1940909090909091 0.12545454545454546 0.17363636363636364
0 0.9095454545454545 0.18727272727272729 0.12272727272727273 0.1709090909090909
0 0.7522727272727273 0.185 0.11727272727272728 0.18636363636363637
0 0.1459090909090909 0.09090909090909091 0.19545454545454546 0.10545454545454545
0 0.3890909090909091 0.12590909090909091 0.10727272727272727 0.18636363636363637