0 0.8740909090909091 0.7658884565499352 0.22272727272727272 0.2801556420233463
0 0.6859090909090909 0.811284046692607 0.17 0.23865110246433205
0 0.47954545454545455 0.7892347600518806 0.22545454545454546 0.2801556420233463
0 0.7668181818181818 0.5551232166018158 0.23272727272727273 0.29571984435797666
0 0.5481818181818182 0.5894941634241245 0.19090909090909092 0.2801556420233463
0 0.8404545454545455 0.23735408560311283 0.16 0.1867704280155642
0 0.7372727272727273 0.3125810635538262 0.11181818181818182 0.19714656290531776
0 0.6313636363636363 0.3333333333333333 0.12727272727272726 0.20103761348897536
0 0.7813636363636364 0.10440985732814527 0.11818181818181818 0.17639429312581065
0 0.6613636363636364 0.16926070038910507 0.13363636363636364 0.17380025940337224
0 0.22636363636363635 0.9020752269779507 0.11090909090909092 0.11024643320363164
0 0.255 0.7911802853437094 0.10181818181818182 0.13229571984435798
0 0.15227272727272728 0.8125810635538262 0.10181818181818182 0.14007782101167315
0 0.2718181818181818 0.669260700389105 0.09909090909090909 0.13359273670557717
0 0.16363636363636364 0.6517509727626459 0.10818181818181818 0.17120622568093385
0 0.44136363636363635 0.3547341115434501 0.1690909090909091 0.2438391699092088
0 0.2722727272727273 0.3832684824902724 0.16636363636363635 0.2594033722438392
0 0.12590909090909091 0.4098573281452659 0.14636363636363636 0.2204928664072633
0 0.32181818181818184 0.17769130998702984 0.17272727272727273 0.2127107652399481
0 0.1431818181818182 0.21206225680933852 0.1781818181818182 0.20881971465629054