0 0.245 0.8923476005188068 0.18545454545454546 0.16990920881971466
0 0.24818181818181817 0.695201037613489 0.16727272727272727 0.24254215304798962
0 0.3059090909090909 0.41180285343709466 0.19636363636363635 0.3216601815823606
0 0.4077272727272727 0.8476005188067445 0.20454545454545456 0.30479896238651105
0 0.42863636363636365 0.5486381322957199 0.19636363636363635 0.2723735408560311
0 0.6131818181818182 0.9571984435797666 0.12272727272727273 0.08560311284046693
0 0.5790909090909091 0.8696498054474708 0.13818181818181818 0.15953307392996108
0 0.5868181818181818 0.7178988326848249 0.1409090909090909 0.1815823605706874
0 0.7127272727272728 0.9448767833981842 0.12181818181818181 0.11024643320363164
0 0.6931818181818182 0.7937743190661478 0.12181818181818181 0.19066147859922178
0 0.28 0.05642023346303502 0.07636363636363637 0.11284046692607004
0 0.3513636363636364 0.09727626459143969 0.09272727272727273 0.14526588845654995
0 0.35409090909090907 0.011024643320363165 0.09181818181818181 0.02204928664072633
0 0.43136363636363634 0.14591439688715954 0.09363636363636364 0.14137483787289234
0 0.4631818181818182 0.03826199740596628 0.11545454545454545 0.07652399481193256
0 0.6118181818181818 0.4481193255512322 0.1709090909090909 0.24124513618677043
0 0.6272727272727273 0.20687418936446172 0.18181818181818182 0.23735408560311283
0 0.6354545454545455 0.05382619974059663 0.14636363636363636 0.0933852140077821
0 0.7577272727272727 0.31841763942931256 0.14909090909090908 0.24643320363164722
0 0.7677272727272727 0.10830090791180286 0.14 0.15953307392996108