1 0.3 0.5187644341801386 0.2675 0.15300230946882218
0 0.5225 0.601905311778291 0.1575 0.0779445727482679
0 0.925625 0.5297344110854504 0.14625 0.07505773672055427
1 0.75125 0.4460161662817552 0.37375 0.15935334872979215
0 0.72875 0.5666859122401847 0.1525 0.07736720554272518
1 0.485625 0.47950346420323325 0.20125 0.1541570438799076
0 0.245625 0.5637990762124712 0.11875 0.04157043879907621
0 0.441875 0.3247690531177829 0.11625 0.037528868360277134
0 0.823125 0.29994226327944573 0.11125 0.046189376443418015
0 0.804375 0.3366050808314088 0.1175 0.040993071593533485
0 0.743125 0.7055427251732102 0.12375 0.03117782909930716
0 0.0525 0.5975750577367206 0.0625 0.028290993071593534
0 0.876875 0.4206120092378753 0.21875 0.061200923787528866
0 0.194375 0.7474018475750578 0.0325 0.012702078521939953
0 0.15375 0.7523094688221709 0.03625 0.009237875288683603
0 0.13 0.48729792147806006 0.03375 0.021939953810623556
1 0.0375 0.5103926096997691 0.075 0.08891454965357967
1 0.0925 0.5046189376443418 0.185 0.11431870669745958