1 0.645 0.281630740393627 0.14 0.21836925960637302
0 0.911875 0.44189315838800375 0.0575 0.04873477038425492
1 0.4 0.746954076850984 0.16125 0.26710402999062793
0 0.541875 0.6185567010309279 0.05 0.03655107778819119
1 0.519375 0.4906279287722587 0.15625 0.246485473289597
1 0.540625 0.7422680412371134 0.16875 0.2689784442361762
0 0.06125 0.19259606373008434 0.04875 0.044048734770384255
0 0.735625 0.514058106841612 0.07 0.06373008434864105
0 0.901875 0.34817244611059045 0.03625 0.029053420805998126
0 0.195625 0.4104967197750703 0.045 0.03467666354264293
0 0.360625 0.9325210871602624 0.0575 0.05529522024367385
1 0.041875 0.37207122774133083 0.08375 0.061855670103092786
0 0.544375 0.9292408622305529 0.0775 0.09184629803186505
0 0.024375 0.4765698219306467 0.0375 0.046860356138706656
0 0.80375 0.3570759137769447 0.04125 0.06841611996251172
0 0.90125 0.5731021555763823 0.05375 0.04311152764761012
0 0.66875 0.8589503280224929 0.05625 0.056232427366447985
0 0.15625 0.3776944704779756 0.08125 0.09840674789128398
0 0.14 0.6471415182755389 0.035 0.038425492033739454
1 0.455 0.18181818181818182 0.04625 0.08716026241799438
1 0.9575 0.3669165885660731 0.04125 0.08341143392689784
0 0.688125 0.7024367385192127 0.0375 0.03655107778819119
0 0.474375 0.9676663542642924 0.02 0.028116213683223992
0 0.194375 0.6940018744142455 0.03625 0.028116213683223992
0 0.286875 0.8270852858481724 0.03125 0.029053420805998126
0 0.2425 0.6855670103092784 0.02625 0.016869728209934397
0 0.106875 0.6949390815370197 0.02125 0.023430178069353328
0 0.21625 0.7891283973758201 0.03875 0.023430178069353328
0 0.984375 0.37722586691658855 0.01625 0.01780693533270853
0 0.73625 0.4793814432989691 0.02375 0.028116213683223992
0 0.97375 0.4372071227741331 0.01375 0.016869728209934397
0 0.959375 0.45126522961574506 0.02 0.014058106841611996
0 0.661875 0.5782567947516402 0.0325 0.02999062792877226
0 0.3975 0.3837863167760075 0.0225 0.016869728209934397
0 0.434375 0.3683223992502343 0.02125 0.01874414245548266
0 0.63625 0.6358950328022493 0.025 0.015932521087160263
0 0.493125 0.4240862230552952 0.0175 0.01874414245548266
0 0.284375 0.5796626054358013 0.0225 0.02436738519212746
0 0.145 0.5182755388940956 0.03375 0.03655107778819119
0 0.08125 0.44470477975632616 0.03375 0.03655107778819119
0 0.15625 0.5651358950328023 0.02875 0.02999062792877226
0 0.22875 0.6607310215557638 0.04375 0.030927835051546393
0 0.141875 0.6091846298031866 0.035 0.038425492033739454
0 0.07125 0.5679475164011246 0.0175 0.014058106841611996
0 0.036875 0.6073102155576382 0.01875 0.01499531396438613
0 0.049375 0.3847235238987816 0.02875 0.04029990627928772
0 0.0625 0.5201499531396439 0.0175 0.013120899718837863
0 0.29875 0.5604498594189316 0.02125 0.016869728209934397
0 0.116875 0.36785379568884724 0.03125 0.03561387066541706
0 0.103125 0.6068416119962512 0.02875 0.02436738519212746
0 0.0925 0.5477975632614808 0.01875 0.020618556701030927
0 0.056875 0.47375820056232426 0.0175 0.014058106841611996
0 0.28 0.48828491096532334 0.02375 0.015932521087160263
0 0.02125 0.6068416119962512 0.015 0.013120899718837863
0 0.24125 0.6738519212746017 0.02375 0.008434864104967198
0 0.10875 0.38612933458294285 0.01125 0.00937207122774133
0 0.951875 0.1958762886597938 0.02125 0.020618556701030927
0 0.70375 0.2727272727272727 0.0225 0.02530459231490159
0 0.885 0.3045923149015933 0.0325 0.02436738519212746
0 0.745 0.2057169634489222 0.02875 0.01780693533270853
0 0.88875 0.18416119962511715 0.02625 0.02155576382380506
0 0.80625 0.2521087160262418 0.02 0.015932521087160263
0 0.89625 0.27928772258669166 0.01875 0.014058106841611996
0 0.7725 0.1583880037488285 0.02875 0.023430178069353328
0 0.709375 0.10918462980318651 0.02875 0.01780693533270853
0 0.9675 0.31162136832239923 0.02875 0.022492970946579195
0 0.9475 0.31208997188378634 0.01375 0.014058106841611996
0 0.1425 0.2521087160262418 0.02125 0.016869728209934397
0 0.055625 0.27413308341143394 0.03125 0.029053420805998126
0 0.04875 0.21883786316776008 0.01125 0.00937207122774133
0 0.155625 0.23711340206185566 0.0125 0.00937207122774133
0 0.125625 0.14526710402999063 0.015 0.010309278350515464
0 0.12 0.30927835051546393 0.0125 0.00937207122774133
0 0.150625 0.32005623242736647 0.01375 0.010309278350515464
0 0.974375 0.42033739456419866 0.015 0.01499531396438613
0 0.99625 0.49765698219306465 0.0075 0.011246485473289597
1 0.983125 0.44892221180880976 0.03375 0.17994376757263356
1 0.9625 0.49250234301780693 0.06375 0.18556701030927836
0 0.979375 0.2891283973758201 0.015 0.013120899718837863
0 0.876875 0.3458294283036551 0.04 0.033739456419868794
0 0.909375 0.11433926897844424 0.00875 0.008434864104967198
0 0.67625 0.21743205248359887 0.0125 0.010309278350515464
0 0.46375 0.36176194939081535 0.03625 0.03748828491096532
0 0.491875 0.4835988753514527 0.015 0.014058106841611996
0 0.365 0.5665417057169635 0.0175 0.01218369259606373
0 0.274375 0.507029053420806 0.02 0.010309278350515464
0 0.275 0.49812558575445176 0.01875 0.008434864104967198
0 0.1325 0.23992502343017807 0.015 0.008434864104967198
0 0.6825 0.6818181818181818 0.0175 0.013120899718837863
0 0.6575 0.7450796626054358 0.03625 0.026241799437675725
0 0.728125 0.6532333645735707 0.0325 0.02530459231490159
0 0.92875 0.6846298031865042 0.0475 0.03748828491096532
0 0.990625 0.6349578256794751 0.01875 0.01218369259606373
0 0.990625 0.6447985004686035 0.01875 0.013120899718837863
0 0.50625 0.7492970946579194 0.075 0.1415182755388941
0 0.015 0.6471415182755389 0.0125 0.016869728209934397
1 0.010625 0.4001874414245548 0.02125 0.04311152764761012
0 0.068125 0.3847235238987816 0.02875 0.03467666354264293
0 0.081875 0.40159325210871605 0.03125 0.03748828491096532