0 0.5409090909090909 0.8524720893141946 0.19090909090909092 0.19776714513556617
0 0.6813636363636364 0.7527910685805422 0.11272727272727273 0.31738437001594894
0 0.39590909090909093 0.7862838915470495 0.09636363636363636 0.2966507177033493
0 0.5295454545454545 0.6850079744816587 0.17636363636363636 0.16905901116427433
0 0.29545454545454547 0.7974481658692185 0.11727272727272728 0.31259968102073366
0 0.29318181818181815 0.4880382775119617 0.17727272727272728 0.19457735247208932
0 0.7368181818181818 0.4178628389154705 0.12818181818181817 0.3062200956937799
0 0.5818181818181818 0.4449760765550239 0.21 0.32854864433811803
0 0.1618181818181818 0.41866028708133973 0.08545454545454545 0.3014354066985646
0 0.28045454545454546 0.3269537480063796 0.16 0.17703349282296652
0 0.8740909090909091 0.291866028708134 0.17 0.3333333333333333
0 0.075 0.29984051036682613 0.09090909090909091 0.2647527910685805
0 0.48545454545454547 0.22248803827751196 0.2190909090909091 0.32854864433811803
0 0.21136363636363636 0.18261562998405104 0.17363636363636364 0.16108452950558214
0 0.6868181818181818 0.1379585326953748 0.1990909090909091 0.2759170653907496