0 0.5231818181818182 0.8572567783094099 0.18272727272727274 0.17065390749601275
0 0.6681818181818182 0.7799043062200957 0.09818181818181818 0.30303030303030304
0 0.38227272727272726 0.7695374800637959 0.08272727272727273 0.28548644338118023
0 0.5204545454545455 0.6889952153110048 0.17 0.14354066985645933
0 0.28136363636363637 0.7647527910685805 0.10272727272727272 0.2982456140350877
0 0.29454545454545455 0.45614035087719296 0.1690909090909091 0.16905901116427433
0 0.74 0.45454545454545453 0.11454545454545455 0.2902711323763955
0 0.5840909090909091 0.45773524720893144 0.19545454545454546 0.29984051036682613
0 0.16727272727272727 0.36762360446570974 0.07090909090909091 0.291866028708134
0 0.29 0.2942583732057416 0.15272727272727274 0.1547049441786284
0 0.8831818181818182 0.35007974481658694 0.15545454545454546 0.31100478468899523
0 0.08636363636363636 0.23524720893141945 0.07818181818181819 0.2535885167464115
0 0.4990909090909091 0.22089314194577353 0.20545454545454545 0.2982456140350877
0 0.22818181818181818 0.13955342902711323 0.16727272727272727 0.13556618819776714
0 0.7045454545454546 0.16586921850079744 0.18727272727272729 0.2551834130781499