1 0.280625 0.7277413308341143 0.0925 0.07497656982193064
1 0.35875 0.8814432989690721 0.1 0.06935332708528585
0 0.665 0.22867853795688847 0.055 0.04217432052483599
1 0.335625 0.5412371134020618 0.09625 0.07029053420805999
1 0.231875 0.6611996251171509 0.1075 0.07685098406747891
0 0.754375 0.6527647610121837 0.04875 0.03561387066541706
0 0.9275 0.6223055295220243 0.05125 0.03655107778819119
1 0.25125 0.8003748828491096 0.08875 0.06841611996251172
0 0.959375 0.6602624179943768 0.045 0.030927835051546393
0 0.4875 0.8036551077788191 0.1475 0.13776944704779756
0 0.769375 0.43673851921274603 0.06125 0.038425492033739454
0 0.785 0.4053420805998126 0.0525 0.03467666354264293
0 0.855625 0.507029053420806 0.04125 0.033739456419868794
0 0.740625 0.4119025304592315 0.05 0.03467666354264293
0 0.895625 0.5159325210871603 0.0425 0.033739456419868794
0 0.02 0.6148078725398313 0.02875 0.05248359887535145
0 0.55 0.45735707591377694 0.03625 0.033739456419868794
1 0.228125 0.44704779756326146 0.08625 0.06560449859418932
0 0.543125 0.25445173383317715 0.03125 0.01499531396438613
0 0.45125 0.32661668228678536 0.0275 0.016869728209934397
0 0.414375 0.26288659793814434 0.03125 0.011246485473289597
0 0.0175 0.5473289597000938 0.03125 0.022492970946579195
0 0.011875 0.5515463917525774 0.01875 0.01780693533270853
0 0.005625 0.4072164948453608 0.01125 0.02717900656044986
0 0.5725 0.46157450796626054 0.02375 0.02436738519212746
0 0.518125 0.6574507966260543 0.0225 0.014058106841611996
0 0.510625 0.43252108716026244 0.025 0.01218369259606373
0 0.45375 0.34536082474226804 0.0325 0.019681349578256794
0 0.45375 0.3931583880037488 0.01375 0.01499531396438613
0 0.6275 0.5201499531396439 0.015 0.013120899718837863
0 0.525 0.4217432052483599 0.02 0.01218369259606373
0 0.3925 0.5365510777881912 0.02375 0.01218369259606373
0 0.464375 0.4184629803186504 0.01375 0.015932521087160263
0 0.66875 0.6087160262417994 0.015 0.01499531396438613
0 0.42125 0.5501405810684161 0.015 0.016869728209934397
0 0.91 0.3528584817244611 0.03875 0.022492970946579195
0 0.796875 0.549671977507029 0.0175 0.015932521087160263
0 0.748125 0.4906279287722587 0.0175 0.014058106841611996
0 0.951875 0.5932521087160263 0.03625 0.02717900656044986
0 0.688125 0.5192127460168697 0.02125 0.015932521087160263
0 0.848125 0.34957825679475163 0.0175 0.01780693533270853
0 0.66625 0.5276476101218369 0.02 0.01780693533270853
0 0.70375 0.6044985941893158 0.01375 0.013120899718837863
0 0.59125 0.6757263355201499 0.02375 0.016869728209934397
0 0.63375 0.8561387066541706 0.01875 0.013120899718837863
0 0.52875 0.6879100281162137 0.0225 0.015932521087160263
0 0.67875 0.7352389878163074 0.02 0.01499531396438613
0 0.4975 0.6850984067478912 0.02 0.01499531396438613
0 0.969375 0.7441424554826617 0.0425 0.029053420805998126
0 0.98625 0.8186504217432052 0.0275 0.030927835051546393
0 0.740625 0.6790065604498594 0.01625 0.01499531396438613
0 0.711875 0.7596063730084348 0.01625 0.014058106841611996
0 0.32 0.24601686972820994 0.02375 0.011246485473289597
0 0.30125 0.2530459231490159 0.01625 0.006560449859418931
0 0.56 0.4451733833177132 0.02375 0.01218369259606373
0 0.945 0.4451733833177132 0.04125 0.03467666354264293
1 0.39375 0.5393626991565136 0.08875 0.07029053420805999