1 0.818125 0.648078725398313 0.105 0.07403936269915651
1 0.98375 0.5801312089971884 0.0325 0.07497656982193064
0 0.1275 0.39550140581068416 0.06 0.044048734770384255
1 0.56625 0.619962511715089 0.09875 0.07591377694470477
1 0.733125 0.6893158388003748 0.10875 0.08528584817244611
0 0.685625 0.2994376757263355 0.05 0.038425492033739454
0 0.6325 0.17197750702905343 0.05125 0.04029990627928772
1 0.916875 0.6649484536082474 0.0975 0.07029053420805999
0 0.68125 0.14526710402999063 0.04375 0.03561387066541706
0 0.904375 0.4878163074039363 0.19125 0.1190253045923149
0 0.3975 0.30318650421743204 0.055 0.04779756326148079
0 0.354375 0.2933458294283037 0.05 0.041237113402061855
0 0.485 0.2338331771321462 0.0475 0.03280224929709466
0 0.365625 0.3261480787253983 0.04875 0.03936269915651359
0 0.49375 0.20337394564198688 0.0475 0.033739456419868794
0 0.68625 0.8509840674789129 0.07125 0.02530459231490159
0 0.439375 0.4653233364573571 0.0475 0.029053420805998126
1 0.448125 0.7066541705716963 0.09375 0.06935332708528585
0 0.17 0.48500468603561386 0.0225 0.02436738519212746
0 0.2725 0.5487347703842549 0.02375 0.02155576382380506
0 0.190625 0.5805998125585754 0.0175 0.023430178069353328
0 0.59625 0.8575445173383318 0.0325 0.02530459231490159
0 0.6025 0.8617619493908154 0.025 0.01499531396438613
0 0.411875 0.8791002811621368 0.03625 0.015932521087160263
0 0.44375 0.4484536082474227 0.03375 0.019681349578256794
0 0.708125 0.47563261480787256 0.02 0.01780693533270853
0 0.409375 0.4967197750702905 0.0175 0.01874414245548266
0 0.2975 0.5454545454545454 0.02875 0.02530459231490159
0 0.360625 0.5421743205248359 0.02 0.011246485473289597
0 0.518125 0.4034676663542643 0.0175 0.01218369259606373
0 0.39375 0.48641049671977504 0.0175 0.01499531396438613
0 0.55625 0.577788191190253 0.0175 0.01780693533270853
0 0.39375 0.5323336457357076 0.02125 0.011246485473289597
0 0.633125 0.36644798500468606 0.02 0.01218369259606373
0 0.571875 0.5552952202436738 0.0225 0.01218369259606373
0 0.275625 0.20337394564198688 0.03125 0.02999062792877226
0 0.545625 0.274601686972821 0.02125 0.014058106841611996
0 0.470625 0.31537019681349576 0.01875 0.014058106841611996
0 0.5925 0.15510777881911902 0.03875 0.029053420805998126
0 0.5125 0.3580131208997188 0.0225 0.016869728209934397
0 0.275625 0.25023430178069356 0.02375 0.014058106841611996
0 0.525 0.373477038425492 0.025 0.015932521087160263
0 0.625 0.3402061855670103 0.0175 0.011246485473289597
0 0.7275 0.41940018744142454 0.02375 0.01874414245548266
0 0.964375 0.37488284910965325 0.01875 0.014058106841611996
0 0.748125 0.4653233364573571 0.0225 0.01780693533270853
0 0.800625 0.3500468603561387 0.02125 0.015932521087160263
0 0.74625 0.48922211808809746 0.02125 0.015932521087160263
0 0.7925 0.1316776007497657 0.04125 0.033739456419868794
0 0.889375 0.10824742268041238 0.04375 0.033739456419868794
0 0.721875 0.3078725398313027 0.02 0.013120899718837863
0 0.830625 0.3233364573570759 0.01875 0.013120899718837863
0 0.175 0.6522961574507966 0.01625 0.01780693533270853
0 0.185 0.6658856607310215 0.01 0.013120899718837863
0 0.4225 0.4587628865979381 0.0175 0.01780693533270853
0 0.395625 0.17104029990627928 0.04875 0.03280224929709466
1 0.56 0.5768509840674789 0.1 0.07029053420805999