1 0.265 0.7188378631677601 0.0875 0.07122774133083412
1 0.3325 0.8753514526710403 0.095 0.06560449859418932
0 0.6834874999999999 0.23576382380506092 0.0525 0.04029990627928772
1 0.333125 0.5346766635426429 0.09125 0.06654170571696345
1 0.22125 0.6504217432052484 0.1025 0.07310215557638237
0 0.743375 0.662605435801312 0.0467625 0.033739456419868794
0 0.918125 0.6387066541705717 0.04875 0.03467666354264293
1 0.230625 0.7900656044985942 0.08375 0.06560449859418932
0 0.9475 0.6780693533270853 0.0425 0.029053420805998126
0 0.46602499999999997 0.8028209934395502 0.13875 0.13194001874414246
0 0.773125 0.4475164011246485 0.05875 0.03655107778819119
0 0.79125 0.41658856607310213 0.05 0.03280224929709466
0 0.854375 0.521087160262418 0.03875 0.031865042174320526
0 0.74625 0.42127460168697284 0.0475 0.03280224929709466
0 0.89375 0.5313964386129335 0.04 0.031865042174320526
0 0.0125 0.5955951265229615 0.025 0.05154639175257732
0 0.5531125 0.45901593252108713 0.0342625 0.0331958762886598
1 0.2325 0.436269915651359 0.0825 0.06279287722586692
0 0.56 0.2563261480787254 0.03 0.014058106841611996
0 0.463125 0.3249203373945642 0.02625 0.01628865979381443
0 0.43127499999999996 0.26016869728209935 0.030125000000000002 0.010627928772258668
0 0.015 0.528116213683224 0.03 0.02155576382380506
0 0.00875 0.5323336457357076 0.0175 0.016869728209934397
0 0.00875 0.3880037488284911 0.0175 0.026241799437675725
0 0.575 0.46438612933458295 0.0225 0.023430178069353328
0 0.506875 0.6579194001874414 0.02125 0.013120899718837863
0 0.515625 0.4329896907216495 0.02375 0.011246485473289597
0 0.464375 0.34395501405810686 0.03125 0.01874414245548266
0 0.46125 0.39128397375820057 0.0125 0.014058106841611996
0 0.625625 0.5253045923149016 0.01375 0.01218369259606373
0 0.530625 0.422680412371134 0.01875 0.011246485473289597
0 0.39 0.5323336457357076 0.0225 0.011246485473289597
0 0.47 0.41705716963448924 0.0125 0.01499531396438613
0 0.6603874999999999 0.6153139643861293 0.01375 0.013992502343017807
0 0.418125 0.5468603561387066 0.01375 0.015932521087160263
0 0.92 0.3692596063730084 0.0375 0.020618556701030927
0 0.793125 0.5613870665417057 0.01625 0.01499531396438613
0 0.748125 0.5004686035613871 0.01625 0.013120899718837863
0 0.945 0.6110590440487348 0.035 0.026241799437675725
0 0.68625 0.5267104029990628 0.02 0.01499531396438613
0 0.858125 0.36363636363636365 0.01625 0.016869728209934397
0 0.6641750000000001 0.5340018744142455 0.0191625 0.016447985004686035
0 0.6962 0.6126522961574509 0.0125 0.011874414245548266
0 0.57875 0.6790065604498594 0.0225 0.015932521087160263
0 0.60875 0.8608247422680413 0.0175 0.01218369259606373
0 0.515625 0.6888472352389878 0.02125 0.01499531396438613
0 0.661825 0.7417994376757263 0.01865 0.014058106841611996
0 0.484375 0.6846298031865042 0.01875 0.014058106841611996
0 0.951875 0.7624179943767573 0.04125 0.02717900656044986
0 0.97125 0.837394564198688 0.04 0.029053420805998126
0 0.7275 0.6883786316776007 0.015 0.014058106841611996
0 0.69375 0.767572633552015 0.015 0.013120899718837863
0 0.3379375 0.23932521087160263 0.021937500000000002 0.010112464854732895
0 0.3186625 0.24536082474226806 0.0166625 0.005164011246485473
0 0.563875 0.4474226804123711 0.0222 0.011705716963448923
0 0.9483875 0.4624086223055295 0.038175 0.032558575445173384
1 0.3913375 0.5349390815370196 0.0842375 0.06733833177132145