0 0.8866666666666667 0.6318407960199005 0.168 0.17164179104477612
0 0.8826666666666667 0.5223880597014925 0.156 0.21144278606965175
0 0.8406666666666667 0.7114427860696517 0.14533333333333334 0.15920398009950248
0 0.7346666666666667 0.7624378109452736 0.12133333333333333 0.16169154228855723
0 0.696 0.6654228855721394 0.14266666666666666 0.17661691542288557
0 0.7333333333333333 0.5572139303482587 0.14933333333333335 0.19651741293532338
0 0.782 0.4116915422885572 0.18666666666666668 0.24378109452736318
0 0.634 0.2947761194029851 0.16933333333333334 0.25870646766169153
0 0.584 0.45149253731343286 0.184 0.2064676616915423
0 0.6073333333333333 0.7922885572139303 0.136 0.16417910447761194
0 0.5433333333333333 0.6927860696517413 0.16266666666666665 0.16169154228855723
0 0.4613333333333333 0.7699004975124378 0.132 0.13681592039800994
0 0.43666666666666665 0.26741293532338306 0.20266666666666666 0.24378109452736318
0 0.37266666666666665 0.4216417910447761 0.168 0.19154228855721392
0 0.37066666666666664 0.6343283582089553 0.13333333333333333 0.17661691542288557
0 0.298 0.5335820895522388 0.14933333333333335 0.19402985074626866
0 0.31666666666666665 0.7176616915422885 0.13733333333333334 0.14676616915422885
0 0.20733333333333334 0.6318407960199005 0.15733333333333333 0.17661691542288557
0 0.12066666666666667 0.5211442786069652 0.168 0.1791044776119403
0 0.134 0.3855721393034826 0.15333333333333332 0.22139303482587064
0 0.228 0.26865671641791045 0.19466666666666665 0.24875621890547264