0 0.86 0.5365853658536586 0.212 0.3943089430894309
0 0.8 0.6686991869918699 0.128 0.24390243902439024
0 0.6966666666666667 0.5853658536585366 0.16133333333333333 0.2886178861788618
0 0.6126666666666667 0.6361788617886179 0.17866666666666667 0.3008130081300813
0 0.5193333333333333 0.3434959349593496 0.2786666666666667 0.3821138211382114
0 0.5186666666666667 0.45528455284552843 0.212 0.32926829268292684
0 0.13666666666666666 0.241869918699187 0.21733333333333332 0.4146341463414634
0 0.176 0.4186991869918699 0.164 0.2926829268292683
0 0.2946666666666667 0.40853658536585363 0.188 0.2886178861788618
0 0.4073333333333333 0.5426829268292683 0.15066666666666667 0.24796747967479674
0 0.3446666666666667 0.5548780487804879 0.14666666666666667 0.22764227642276422