0 0.532 0.08653846153846154 0.05733333333333333 0.17307692307692307
0 0.5626666666666666 0.11538461538461539 0.052 0.21153846153846154
0 0.5813333333333334 0.11923076923076924 0.04533333333333334 0.2076923076923077
0 0.6 0.22692307692307692 0.048 0.2153846153846154
0 0.5766666666666667 0.4307692307692308 0.04 0.23461538461538461
0 0.5846666666666667 0.6576923076923077 0.04133333333333333 0.2230769230769231
0 0.5626666666666666 0.7730769230769231 0.04933333333333333 0.24615384615384617
0 0.5573333333333333 0.48653846153846153 0.050666666666666665 0.3
0 0.538 0.8173076923076923 0.05466666666666667 0.3
0 0.5093333333333333 0.9423076923076923 0.048 0.11538461538461539
0 0.5033333333333333 0.38076923076923075 0.068 0.3346153846153846
0 0.472 0.19038461538461537 0.072 0.38076923076923075
0 0.4886666666666667 0.8307692307692308 0.05733333333333333 0.3384615384615385
0 0.46066666666666667 0.7538461538461538 0.07333333333333333 0.35384615384615387
0 0.42866666666666664 0.5923076923076923 0.084 0.41923076923076924