0 0.47533333333333333 0.9173076923076923 0.05333333333333334 0.16538461538461538
0 0.44466666666666665 0.8923076923076924 0.04933333333333333 0.20384615384615384
0 0.426 0.8903846153846153 0.042666666666666665 0.2076923076923077
0 0.4053333333333333 0.7884615384615384 0.044 0.2076923076923077
0 0.4246666666666667 0.5807692307692308 0.036 0.23076923076923078
0 0.4126666666666667 0.35384615384615387 0.037333333333333336 0.21923076923076923
0 0.43266666666666664 0.23653846153846153 0.04533333333333334 0.23846153846153847
0 0.44333333333333336 0.5211538461538462 0.04666666666666667 0.2923076923076923
0 0.45666666666666667 0.19038461538461537 0.050666666666666665 0.2923076923076923
0 0.4806666666666667 0.05576923076923077 0.04666666666666667 0.11153846153846154
0 0.49866666666666665 0.6192307692307693 0.06266666666666666 0.3230769230769231
0 0.5326666666666666 0.8096153846153846 0.06533333333333333 0.38076923076923075
0 0.5046666666666667 0.16538461538461538 0.052 0.33076923076923076
0 0.5346666666666666 0.2403846153846154 0.068 0.34615384615384615
0 0.5693333333333334 0.39807692307692305 0.07733333333333334 0.4115384615384615