0 0.09266666666666666 0.5017605633802817 0.12933333333333333 0.16549295774647887
0 0.114 0.3609154929577465 0.084 0.1267605633802817
0 0.17866666666666667 0.29401408450704225 0.07333333333333333 0.11971830985915492
0 0.204 0.40669014084507044 0.084 0.13732394366197184
0 0.16666666666666666 0.6408450704225352 0.15466666666666667 0.1936619718309859
0 0.276 0.2535211267605634 0.09066666666666667 0.1056338028169014
0 0.27066666666666667 0.3380281690140845 0.07733333333333334 0.11971830985915492
0 0.272 0.4982394366197183 0.13333333333333333 0.16901408450704225
0 0.33666666666666667 0.4102112676056338 0.088 0.14788732394366197
0 0.38 0.3538732394366197 0.08266666666666667 0.11619718309859155
0 0.36533333333333334 0.2992957746478873 0.08533333333333333 0.10915492957746478
0 0.40066666666666667 0.24471830985915494 0.07066666666666667 0.09859154929577464
0 0.4806666666666667 0.27992957746478875 0.08266666666666667 0.09507042253521127
0 0.488 0.3362676056338028 0.08533333333333333 0.10915492957746478
0 0.4553333333333333 0.4876760563380282 0.11866666666666667 0.15845070422535212
0 0.38133333333333336 0.596830985915493 0.14933333333333335 0.19014084507042253
0 0.552 0.25880281690140844 0.06533333333333333 0.09859154929577464
0 0.602 0.301056338028169 0.08533333333333333 0.10211267605633803
0 0.606 0.3573943661971831 0.08666666666666667 0.12323943661971831
0 0.6686666666666666 0.4278169014084507 0.104 0.13380281690140844
0 0.7213333333333334 0.31866197183098594 0.09466666666666666 0.10915492957746478
0 0.7206666666666667 0.375 0.09066666666666667 0.13732394366197184
0 0.8306666666666667 0.3926056338028169 0.07333333333333333 0.12323943661971831
0 0.8053333333333333 0.4647887323943662 0.11733333333333333 0.1267605633802817
0 0.598 0.4894366197183099 0.10533333333333333 0.13732394366197184
0 0.5666666666666667 0.5880281690140845 0.11866666666666667 0.17253521126760563
0 0.5053333333333333 0.7077464788732394 0.15466666666666667 0.2112676056338028
0 0.7426666666666667 0.5563380281690141 0.132 0.16549295774647887
0 0.756 0.6883802816901409 0.14133333333333334 0.18309859154929578
0 0.896 0.5616197183098591 0.13866666666666666 0.16549295774647887