0 0.09666666666666666 0.6514084507042254 0.13733333333333334 0.2112676056338028
0 0.11066666666666666 0.5035211267605634 0.08933333333333333 0.15492957746478872
0 0.17066666666666666 0.4137323943661972 0.07866666666666666 0.1443661971830986
0 0.202 0.5158450704225352 0.09066666666666667 0.16549295774647887
0 0.17733333333333334 0.7623239436619719 0.164 0.25
0 0.2653333333333333 0.3380281690140845 0.096 0.13732394366197184
0 0.26466666666666666 0.4242957746478873 0.08266666666666667 0.14788732394366197
0 0.274 0.5827464788732394 0.14133333333333334 0.2147887323943662
0 0.3333333333333333 0.47183098591549294 0.09466666666666666 0.1795774647887324
0 0.37333333333333335 0.3996478873239437 0.088 0.1443661971830986
0 0.356 0.3503521126760563 0.09066666666666667 0.14084507042253522
0 0.388 0.2834507042253521 0.07466666666666667 0.12323943661971831
0 0.4693333333333333 0.2887323943661972 0.08666666666666667 0.12323943661971831
0 0.47933333333333333 0.3415492957746479 0.09066666666666667 0.14084507042253522
0 0.4553333333333333 0.5035211267605634 0.12533333333333332 0.2007042253521127
0 0.3873333333333333 0.6390845070422535 0.15733333333333333 0.24295774647887325
0 0.5386666666666666 0.24119718309859156 0.06933333333333333 0.12323943661971831
0 0.5906666666666667 0.2658450704225352 0.08933333333333333 0.13380281690140844
0 0.5973333333333334 0.3204225352112676 0.092 0.15492957746478872
0 0.6633333333333333 0.36619718309859156 0.11066666666666666 0.16901408450704225
0 0.7093333333333334 0.23943661971830985 0.1 0.1443661971830986
0 0.712 0.29577464788732394 0.09733333333333333 0.16901408450704225
0 0.822 0.272887323943662 0.07866666666666666 0.14788732394366197
0 0.8006666666666666 0.352112676056338 0.12266666666666666 0.16901408450704225
0 0.5966666666666667 0.45422535211267606 0.112 0.176056338028169
0 0.5706666666666667 0.5633802816901409 0.12666666666666668 0.2147887323943662
0 0.516 0.704225352112676 0.164 0.2676056338028169
0 0.7433333333333333 0.4665492957746479 0.14 0.2112676056338028
0 0.7633333333333333 0.5933098591549296 0.14933333333333335 0.2323943661971831
0 0.8953333333333333 0.4154929577464789 0.14666666666666667 0.2147887323943662