0 0.49333333333333335 0.9351851851851852 0.06133333333333333 0.12962962962962962
0 0.5546666666666666 0.8944444444444445 0.08 0.2037037037037037
0 0.5986666666666667 0.75 0.09466666666666666 0.4666666666666667
0 0.42866666666666664 0.8777777777777778 0.052 0.24444444444444444
0 0.44 0.7055555555555556 0.050666666666666665 0.26296296296296295
0 0.4646666666666667 0.8314814814814815 0.06133333333333333 0.29259259259259257
0 0.5153333333333333 0.8222222222222222 0.06933333333333333 0.34444444444444444
0 0.5446666666666666 0.5333333333333333 0.07866666666666666 0.3962962962962963
0 0.508 0.39814814814814814 0.06933333333333333 0.2851851851851852
0 0.45066666666666666 0.524074074074074 0.05466666666666667 0.26296296296296295
0 0.412 0.46296296296296297 0.052 0.25925925925925924
0 0.426 0.25555555555555554 0.058666666666666666 0.2851851851851852
0 0.45 0.23333333333333334 0.06 0.2740740740740741
0 0.478 0.14444444444444443 0.06266666666666666 0.28888888888888886
0 0.5173333333333333 0.08703703703703704 0.06133333333333333 0.17407407407407408
0 0.5713333333333334 0.17037037037037037 0.09466666666666666 0.34074074074074073
0 0.406 0.10740740740740741 0.04533333333333334 0.17407407407407408