0 0.08 0.4426751592356688 0.10266666666666667 0.1592356687898089
0 0.14 0.31687898089171973 0.12133333333333333 0.1178343949044586
0 0.19133333333333333 0.3630573248407643 0.116 0.1337579617834395
0 0.226 0.23885350318471338 0.08133333333333333 0.11146496815286625
0 0.27066666666666667 0.28503184713375795 0.09333333333333334 0.12420382165605096
0 0.35933333333333334 0.22452229299363058 0.104 0.11146496815286625
0 0.316 0.40764331210191085 0.09066666666666667 0.14012738853503184
0 0.11 0.5939490445859873 0.13733333333333334 0.1910828025477707
0 0.20066666666666666 0.4713375796178344 0.112 0.1751592356687898
0 0.30266666666666664 0.5923566878980892 0.15733333333333333 0.2070063694267516
0 0.37333333333333335 0.7452229299363057 0.13733333333333334 0.17834394904458598
0 0.37666666666666665 0.49044585987261147 0.148 0.16878980891719744
0 0.382 0.3248407643312102 0.10266666666666667 0.13694267515923567
0 0.44866666666666666 0.26910828025477707 0.092 0.1178343949044586
0 0.49666666666666665 0.3232484076433121 0.09866666666666667 0.12420382165605096
0 0.5286666666666666 0.22611464968152867 0.09333333333333334 0.10828025477707007
0 0.5973333333333334 0.28343949044585987 0.10266666666666667 0.12420382165605096
0 0.67 0.2372611464968153 0.08933333333333333 0.10509554140127389
0 0.6113333333333333 0.35668789808917195 0.116 0.14012738853503184
0 0.6433333333333333 0.4554140127388535 0.1 0.12420382165605096
0 0.544 0.5047770700636943 0.12 0.1592356687898089
0 0.49333333333333335 0.6050955414012739 0.14266666666666666 0.19745222929936307
0 0.628 0.7277070063694268 0.14666666666666667 0.23248407643312102
0 0.6886666666666666 0.5573248407643312 0.124 0.2070063694267516
0 0.7573333333333333 0.2961783439490446 0.09066666666666667 0.11146496815286625
0 0.744 0.3678343949044586 0.09733333333333333 0.14012738853503184
0 0.782 0.46496815286624205 0.12 0.1624203821656051
0 0.8713333333333333 0.3837579617834395 0.112 0.14331210191082802
0 0.918 0.517515923566879 0.12133333333333333 0.18471337579617833
0 0.842 0.6353503184713376 0.152 0.2356687898089172