0 0.5040053404539386 0.29963235294117646 0.08544726301735647 0.20220588235294118
0 0.4145527369826435 0.3547794117647059 0.11882510013351134 0.20955882352941177
0 0.3364485981308411 0.4007352941176471 0.102803738317757 0.22794117647058823
0 0.24232309746328437 0.46691176470588236 0.1602136181575434 0.2426470588235294
0 0.19559412550066757 0.5055147058823529 0.15086782376502003 0.2610294117647059
0 0.13818424566088117 0.6544117647058824 0.21495327102803738 0.35661764705882354
0 0.27303070761014686 0.6341911764705882 0.23230974632843793 0.4632352941176471
0 0.6014686248331108 0.2702205882352941 0.11748998664886515 0.20955882352941177
0 0.7002670226969292 0.23345588235294118 0.1268357810413885 0.2647058823529412
0 0.7843791722296395 0.22977941176470587 0.15220293724966621 0.26838235294117646
0 0.8684913217623498 0.24816176470588236 0.22029372496662217 0.33088235294117646
0 0.8751668891855807 0.34558823529411764 0.19626168224299065 0.38235294117647056
0 0.8104138851802403 0.4430147058823529 0.26702269692923897 0.4852941176470588
0 0.657543391188251 0.5386029411764706 0.22830440587449932 0.45588235294117646
0 0.4559412550066756 0.6066176470588235 0.1855807743658211 0.5