0 0.514018691588785 0.30330882352941174 0.0774365821094793 0.17279411764705882
0 0.4225634178905207 0.3235294117647059 0.11081441922563418 0.16911764705882354
0 0.3431241655540721 0.3382352941176471 0.09345794392523364 0.1948529411764706
0 0.24632843791722298 0.36764705882352944 0.15220293724966621 0.1875
0 0.19826435246995994 0.3897058823529412 0.14152202937249667 0.20955882352941177
0 0.1341789052069426 0.5147058823529411 0.20293724966622162 0.28308823529411764
0 0.2683578104138852 0.5459558823529411 0.21495327102803738 0.3860294117647059
0 0.6121495327102804 0.31066176470588236 0.10947930574098798 0.16911764705882354
0 0.7116154873164219 0.3125 0.11748998664886515 0.22058823529411764
0 0.7950600801068091 0.34191176470588236 0.14285714285714285 0.21691176470588236
0 0.8778371161548731 0.3915441176470588 0.2096128170894526 0.2536764705882353
0 0.8791722296395194 0.49080882352941174 0.18157543391188252 0.3161764705882353
0 0.8104138851802403 0.5625 0.24966622162883845 0.39338235294117646
0 0.6542056074766355 0.5992647058823529 0.2109479305740988 0.3786764705882353
0 0.4512683578104139 0.5882352941176471 0.16555407209612816 0.4411764705882353