0 0.5533333333333333 0.2611111111111111 0.08666666666666667 0.1111111111111111
0 0.41733333333333333 0.2574074074074074 0.088 0.10740740740740741
0 0.48533333333333334 0.30925925925925923 0.1 0.11851851851851852
0 0.4013333333333333 0.3111111111111111 0.09466666666666666 0.12962962962962962
0 0.354 0.3592592592592593 0.11866666666666667 0.14444444444444443
0 0.2986666666666667 0.3 0.09733333333333333 0.1259259259259259
0 0.19866666666666666 0.3592592592592593 0.12266666666666666 0.15555555555555556
0 0.2753333333333333 0.43703703703703706 0.17733333333333334 0.1814814814814815
0 0.35333333333333333 0.5018518518518519 0.15733333333333333 0.2074074074074074
0 0.5846666666666667 0.3277777777777778 0.11066666666666666 0.15925925925925927
0 0.674 0.2962962962962963 0.136 0.13333333333333333
0 0.6613333333333333 0.3592592592592593 0.12266666666666666 0.14814814814814814
0 0.7806666666666666 0.38333333333333336 0.12 0.15555555555555556
0 0.696 0.4203703703703704 0.15866666666666668 0.14814814814814814
0 0.6973333333333334 0.49444444444444446 0.19866666666666666 0.2037037037037037
0 0.88 0.5222222222222223 0.164 0.2222222222222222
0 0.7346666666666667 0.6666666666666666 0.21466666666666667 0.2962962962962963
0 0.546 0.5314814814814814 0.23066666666666666 0.18888888888888888
0 0.48533333333333334 0.6611111111111111 0.168 0.2814814814814815
0 0.13533333333333333 0.5222222222222223 0.208 0.25555555555555554
0 0.246 0.6296296296296297 0.17733333333333334 0.27037037037037037