0 0.41 0.37037037037037035 0.04 0.24074074074074073
0 0.4186666666666667 0.7462962962962963 0.03866666666666667 0.24444444444444444
0 0.43266666666666664 0.5555555555555556 0.042666666666666665 0.2777777777777778
0 0.43866666666666665 0.7851851851851852 0.04666666666666667 0.26296296296296295
0 0.45866666666666667 0.8740740740740741 0.050666666666666665 0.2518518518518518
0 0.44066666666666665 0.9685185185185186 0.044 0.06296296296296296
0 0.49 0.9388888888888889 0.06 0.12222222222222222
0 0.51 0.8444444444444444 0.07333333333333333 0.3111111111111111
0 0.43266666666666664 0.2759259259259259 0.05733333333333333 0.3074074074074074
0 0.41533333333333333 0.11296296296296296 0.04533333333333334 0.21481481481481482
0 0.43866666666666665 0.11851851851851852 0.052 0.22962962962962963
0 0.45866666666666667 0.09259259259259259 0.050666666666666665 0.1814814814814815
0 0.48533333333333334 0.11296296296296296 0.06933333333333333 0.22592592592592592
0 0.5453333333333333 0.06666666666666667 0.10133333333333333 0.13333333333333333
0 0.5086666666666667 0.37037037037037035 0.068 0.6407407407407407
0 0.5593333333333333 0.5296296296296297 0.10133333333333333 0.4666666666666667