0 0.5493333333333333 0.23754789272030652 0.09866666666666667 0.13409961685823754
0 0.414 0.20114942528735633 0.09866666666666667 0.13793103448275862
0 0.4866666666666667 0.2796934865900383 0.10133333333333333 0.16091954022988506
0 0.4 0.2777777777777778 0.09733333333333333 0.15708812260536398
0 0.2853333333333333 0.23180076628352492 0.096 0.1532567049808429
0 0.18666666666666668 0.29693486590038315 0.12533333333333332 0.19157088122605365
0 0.35 0.34099616858237547 0.09466666666666666 0.17624521072796934
0 0.276 0.4061302681992337 0.19066666666666668 0.21839080459770116
0 0.356 0.5019157088122606 0.148 0.22988505747126436
0 0.15266666666666667 0.49616858237547895 0.21066666666666667 0.3103448275862069
0 0.6773333333333333 0.3045977011494253 0.136 0.15708812260536398
0 0.5926666666666667 0.3218390804597701 0.12266666666666666 0.19157088122605365
0 0.67 0.38122605363984674 0.124 0.16475095785440613
0 0.7953333333333333 0.4501915708812261 0.11733333333333333 0.20306513409961685
0 0.704 0.47509578544061304 0.16533333333333333 0.21839080459770116
0 0.698 0.5651340996168582 0.20933333333333334 0.2720306513409962
0 0.8733333333333333 0.6053639846743295 0.16 0.26053639846743293
0 0.542 0.5555555555555556 0.22933333333333333 0.2222222222222222
0 0.7033333333333334 0.7567049808429118 0.21466666666666667 0.3333333333333333
0 0.49266666666666664 0.7088122605363985 0.188 0.2950191570881226
0 0.29733333333333334 0.6609195402298851 0.19466666666666665 0.3065134099616858