0 0.594 0.6264367816091954 0.04133333333333333 0.2796934865900383
0 0.5993333333333334 0.23754789272030652 0.042666666666666665 0.2796934865900383
0 0.5753333333333334 0.4501915708812261 0.050666666666666665 0.28735632183908044
0 0.572 0.20114942528735633 0.04933333333333333 0.27586206896551724
0 0.5473333333333333 0.09578544061302682 0.056 0.19157088122605365
0 0.5186666666666667 0.05938697318007663 0.064 0.11877394636015326
0 0.49066666666666664 0.1475095785440613 0.072 0.2950191570881226
0 0.5766666666666667 0.9003831417624522 0.04666666666666667 0.19923371647509577
0 0.5666666666666667 0.7567049808429118 0.06133333333333333 0.3448275862068966
0 0.5493333333333333 0.9022988505747126 0.050666666666666665 0.19540229885057472
0 0.5186666666666667 0.9252873563218391 0.06666666666666667 0.14942528735632185
0 0.48733333333333334 0.8869731800766284 0.08133333333333333 0.2260536398467433
0 0.4826666666666667 0.6245210727969349 0.06533333333333333 0.6513409961685823
0 0.4226666666666667 0.896551724137931 0.10266666666666667 0.20306513409961685
0 0.42733333333333334 0.4904214559386973 0.09333333333333334 0.5287356321839081
0 0.43133333333333335 0.09770114942528736 0.09466666666666666 0.19540229885057472