0 0.43133333333333335 0.37755102040816324 0.052 0.2530612244897959
0 0.44 0.7122448979591837 0.06533333333333333 0.24489795918367346
0 0.4493333333333333 0.5285714285714286 0.072 0.3836734693877551
0 0.45666666666666667 0.8244897959183674 0.06266666666666666 0.3510204081632653
0 0.4846666666666667 0.8714285714285714 0.08133333333333333 0.2571428571428571
0 0.512 0.7714285714285715 0.09733333333333333 0.4204081632653061
0 0.43333333333333335 0.19795918367346937 0.06533333333333333 0.2693877551020408
0 0.444 0.05918367346938776 0.07866666666666666 0.11020408163265306
0 0.48333333333333334 0.19591836734693877 0.108 0.39183673469387753
0 0.534 0.2897959183673469 0.132 0.5795918367346938
0 0.556 0.8163265306122449 0.13066666666666665 0.3673469387755102