0 0.548 0.30612244897959184 0.07866666666666666 0.1306122448979592
0 0.43866666666666665 0.29183673469387755 0.07333333333333333 0.17551020408163265
0 0.49666666666666665 0.34285714285714286 0.11866666666666667 0.17551020408163265
0 0.39266666666666666 0.32857142857142857 0.12266666666666666 0.1510204081632653
0 0.374 0.40816326530612246 0.08933333333333333 0.22040816326530613
0 0.4106666666666667 0.5040816326530613 0.128 0.2530612244897959
0 0.606 0.3346938775510204 0.08133333333333333 0.17142857142857143
0 0.7073333333333334 0.34285714285714286 0.09466666666666666 0.1836734693877551
0 0.686 0.3836734693877551 0.09866666666666667 0.23265306122448978
0 0.812 0.39387755102040817 0.10266666666666667 0.20816326530612245
0 0.7433333333333333 0.46122448979591835 0.11866666666666667 0.2571428571428571
0 0.6133333333333333 0.48775510204081635 0.14266666666666666 0.2857142857142857
0 0.896 0.49183673469387756 0.116 0.27755102040816326
0 0.776 0.6020408163265306 0.17333333333333334 0.363265306122449
0 0.5646666666666667 0.6306122448979592 0.17866666666666667 0.33877551020408164
0 0.2826666666666667 0.3122448979591837 0.07866666666666666 0.19591836734693877
0 0.274 0.38571428571428573 0.12533333333333332 0.19591836734693877
0 0.22266666666666668 0.4530612244897959 0.12133333333333333 0.2653061224489796
0 0.12866666666666668 0.44693877551020406 0.152 0.2612244897959184
0 0.126 0.6 0.17866666666666667 0.2612244897959184
0 0.33066666666666666 0.6326530612244898 0.22533333333333333 0.363265306122449