0 0.558 0.6673469387755102 0.050666666666666665 0.2530612244897959
0 0.574 0.3346938775510204 0.06533333333333333 0.24081632653061225
0 0.5513333333333333 0.5061224489795918 0.06933333333333333 0.3795918367346939
0 0.566 0.2 0.06133333333333333 0.37142857142857144
0 0.542 0.13673469387755102 0.08 0.2693877551020408
0 0.508 0.22857142857142856 0.096 0.4163265306122449
0 0.5426666666666666 0.8408163265306122 0.064 0.2653061224489796
0 0.522 0.9571428571428572 0.07866666666666666 0.08571428571428572
0 0.49266666666666664 0.8061224489795918 0.10533333333333333 0.3877551020408163
0 0.45066666666666666 0.6836734693877551 0.12933333333333333 0.5795918367346938
0 0.4686666666666667 0.1653061224489796 0.12933333333333333 0.3306122448979592