0 0.624 0.7356115107913669 0.08666666666666667 0.13309352517985612
0 0.6413333333333333 0.7032374100719424 0.12133333333333333 0.18705035971223022
0 0.716 0.6402877697841727 0.132 0.18705035971223022
0 0.6866666666666666 0.564748201438849 0.148 0.2158273381294964
0 0.786 0.6906474820143885 0.13333333333333333 0.1906474820143885
0 0.878 0.5755395683453237 0.12933333333333333 0.21942446043165467
0 0.8273333333333334 0.45323741007194246 0.2 0.28776978417266186
0 0.47 0.7571942446043165 0.07333333333333333 0.12589928057553956
0 0.524 0.7212230215827338 0.10533333333333333 0.1618705035971223
0 0.338 0.7356115107913669 0.09466666666666666 0.1510791366906475
0 0.414 0.6924460431654677 0.1 0.17266187050359713
0 0.32066666666666666 0.6600719424460432 0.1 0.18345323741007194
0 0.23866666666666667 0.6942446043165468 0.11066666666666666 0.18345323741007194
0 0.18066666666666667 0.6366906474820144 0.084 0.14388489208633093
0 0.09866666666666667 0.5665467625899281 0.12533333333333332 0.2446043165467626
0 0.2753333333333333 0.5845323741007195 0.172 0.2302158273381295
0 0.20333333333333334 0.4784172661870504 0.15733333333333333 0.27697841726618705
0 0.39466666666666667 0.5485611510791367 0.144 0.2517985611510791
0 0.5546666666666666 0.5233812949640287 0.192 0.25539568345323743
0 0.382 0.37949640287769787 0.12933333333333333 0.2805755395683453
0 0.6166666666666667 0.32194244604316546 0.23066666666666666 0.3776978417266187