0 0.4953271028037383 0.26625386996904027 0.10013351134846461 0.10835913312693499
0 0.465954606141522 0.30030959752321984 0.0801068090787717 0.12693498452012383
0 0.3464619492656876 0.28173374613003094 0.08544726301735647 0.1393188854489164
0 0.3684913217623498 0.3080495356037152 0.1041388518024032 0.1609907120743034
0 0.6375166889185581 0.2724458204334365 0.09746328437917223 0.11145510835913312
0 0.5567423230974633 0.29411764705882354 0.08811748998664887 0.14241486068111456
0 0.650200267022697 0.3235294117647059 0.10947930574098798 0.13312693498452013
0 0.7696929238985314 0.3173374613003096 0.1041388518024032 0.14241486068111456
0 0.6875834445927904 0.35139318885448917 0.09479305740987984 0.14551083591331268
0 0.6802403204272364 0.4551083591331269 0.15353805073431243 0.21362229102167182
0 0.842456608811749 0.4102167182662539 0.14819759679572764 0.18575851393188855
0 0.849799732977303 0.5495356037151703 0.17356475300400534 0.24458204334365324
0 0.5413885180240321 0.49226006191950467 0.1348464619492657 0.23529411764705882
0 0.6148197596795728 0.6671826625386997 0.21762349799732977 0.30030959752321984
0 0.232977303070761 0.3235294117647059 0.10013351134846461 0.14241486068111456
0 0.3104138851802403 0.3715170278637771 0.13351134846461948 0.15170278637770898
0 0.3090787716955941 0.4458204334365325 0.1375166889185581 0.17956656346749225
0 0.3978638184245661 0.48297213622291024 0.14285714285714285 0.25386996904024767
0 0.3197596795727637 0.651702786377709 0.2136181575433912 0.29411764705882354
0 0.1568758344459279 0.4055727554179567 0.11615487316421896 0.20123839009287925
0 0.14419225634178906 0.5371517027863777 0.1909212283044059 0.22910216718266255