0 0.6034712950600801 0.4518900343642612 0.06408544726301736 0.2508591065292096
0 0.5881174899866488 0.5756013745704467 0.06275033377837116 0.20962199312714777
0 0.5767690253671562 0.32989690721649484 0.06542056074766354 0.2611683848797251
0 0.5740987983978638 0.09965635738831616 0.07209612817089453 0.19931271477663232
0 0.5554072096128171 0.1134020618556701 0.06942590120160214 0.2268041237113402
0 0.5327102803738317 0.09106529209621993 0.09078771695594126 0.18213058419243985
0 0.4939919893190921 0.10824742268041238 0.1041388518024032 0.21649484536082475
0 0.48998664886515353 0.32989690721649484 0.12149532710280374 0.38831615120274915
0 0.6081441922563418 0.8642611683848798 0.07476635514018691 0.22336769759450173
0 0.5901201602136181 0.7783505154639175 0.08277703604806408 0.281786941580756
0 0.5761014686248331 0.915807560137457 0.0774365821094793 0.14776632302405499
0 0.5453938584779706 0.9020618556701031 0.1054739652870494 0.1958762886597938
0 0.5113484646194927 0.7250859106529209 0.12016021361815754 0.4054982817869416
0 0.4265687583444593 0.16666666666666666 0.16154873164218958 0.3333333333333333
0 0.4532710280373832 0.7353951890034365 0.1588785046728972 0.5292096219931272