0 0.507343124165554 0.22693726937269373 0.08945260347129506 0.13653136531365315
0 0.5560747663551402 0.2878228782287823 0.0787716955941255 0.14391143911439114
0 0.45660881174899864 0.2822878228782288 0.08811748998664887 0.13653136531365315
0 0.35246995994659547 0.2564575645756458 0.0801068090787717 0.16974169741697417
0 0.3711615487316422 0.3081180811808118 0.10013351134846461 0.15867158671586715
0 0.24499332443257676 0.3081180811808118 0.11348464619492657 0.16236162361623616
0 0.671562082777036 0.27490774907749077 0.11214953271028037 0.16974169741697417
0 0.6255006675567423 0.3154981549815498 0.09078771695594126 0.18081180811808117
0 0.69826435246996 0.3505535055350554 0.1041388518024032 0.1881918819188192
0 0.7837116154873164 0.3173431734317343 0.09212283044058744 0.16605166051660517
0 0.7136181575433912 0.43357933579335795 0.16154873164218958 0.26199261992619927
0 0.8684913217623498 0.42066420664206644 0.11748998664886515 0.2177121771217712
0 0.8277703604806409 0.5811808118081181 0.16555407209612816 0.3173431734317343
0 0.5994659546061415 0.4944649446494465 0.13618157543391188 0.25830258302583026
0 0.6088117489986649 0.6678966789667896 0.22029372496662217 0.36900369003690037
0 0.4432576769025367 0.5055350553505535 0.14152202937249667 0.2656826568265683
0 0.3164218958611482 0.46863468634686345 0.14686248331108145 0.2767527675276753
0 0.15287049399198932 0.4022140221402214 0.11748998664886515 0.2177121771217712
0 0.14819759679572764 0.5387453874538746 0.14018691588785046 0.2656826568265683
0 0.3144192256341789 0.6605166051660517 0.2109479305740988 0.3763837638376384