0 0.5119617224880383 0.7247510668563301 0.013397129186602871 0.01849217638691323
0 0.8043062200956937 0.1287339971550498 0.05071770334928229 0.05547652916073969
0 0.7478468899521531 0.14438122332859174 0.022966507177033493 0.02702702702702703
0 0.7186602870813397 0.1465149359886202 0.02200956937799043 0.025604551920341393
0 0.7444976076555024 0.18634423897581792 0.03062200956937799 0.04267425320056899
0 0.7741626794258373 0.18492176386913228 0.01818181818181818 0.02418207681365576
0 0.8043062200956937 0.22546230440967283 0.03444976076555024 0.07396870554765292
0 0.8028708133971292 0.2709815078236131 0.015311004784688996 0.025604551920341393
0 0.7746411483253588 0.2283072546230441 0.01818181818181818 0.025604551920341393
0 0.7736842105263158 0.26884779516358465 0.019138755980861243 0.02702702702702703
0 0.7708133971291866 0.31721194879089615 0.01818181818181818 0.02275960170697013
0 0.7712918660287081 0.36059743954480794 0.022966507177033493 0.029871977240398292
0 0.7966507177033493 0.36059743954480794 0.031578947368421054 0.10526315789473684
0 0.8301435406698564 0.4046941678520626 0.023923444976076555 0.03556187766714083
0 0.8947368421052632 0.4061166429587482 0.01818181818181818 0.029871977240398292
0 0.8564593301435407 0.4516358463726885 0.03636363636363636 0.08392603129445235
0 0.8282296650717703 0.45376955903271693 0.026794258373205742 0.031294452347083924
0 0.7947368421052632 0.457325746799431 0.01818181818181818 0.02418207681365576
0 0.7631578947368421 0.45376955903271693 0.042105263157894736 0.051209103840682786
0 0.8980861244019138 0.5064011379800853 0.03827751196172249 0.08961593172119488
0 0.8248803827751197 0.55049786628734 0.020095693779904306 0.02418207681365576
0 0.7885167464114833 0.5448079658605974 0.02200956937799043 0.031294452347083924
0 0.7593301435406699 0.542674253200569 0.023923444976076555 0.03840682788051209
0 0.7899521531100478 0.596728307254623 0.021052631578947368 0.029871977240398292
0 0.8550239234449761 0.6017069701280228 0.024880382775119617 0.03982930298719772
0 0.8535885167464115 0.6522048364153628 0.021052631578947368 0.025604551920341393
0 0.8837320574162679 0.655049786628734 0.031578947368421054 0.05689900426742532
0 0.8483253588516746 0.701280227596017 0.02200956937799043 0.02844950213371266
0 0.8186602870813398 0.6436699857752489 0.03827751196172249 0.032716927453769556
0 0.7588516746411483 0.6372688477951636 0.019138755980861243 0.02702702702702703
0 0.7291866028708134 0.6365576102418208 0.031578947368421054 0.05405405405405406
0 0.754066985645933 0.6856330014224751 0.019138755980861243 0.02702702702702703
0 0.7258373205741627 0.6827880512091038 0.01722488038277512 0.02418207681365576
0 0.7105263157894737 0.36415362731152207 0.023923444976076555 0.04836415362731152
0 0.7014354066985646 0.5881934566145093 0.020095693779904306 0.025604551920341393
0 0.9502392344497608 0.7667140825035562 0.03253588516746411 0.05832147937411095
0 0.9143540669856459 0.7603129445234709 0.022966507177033493 0.031294452347083924
0 0.8454545454545455 0.7460881934566145 0.02583732057416268 0.03556187766714083
0 0.7808612440191387 0.7396870554765291 0.03732057416267943 0.02702702702702703
0 0.8119617224880383 0.7894736842105263 0.01722488038277512 0.02275960170697013
0 0.7502392344497608 0.7802275960170697 0.019138755980861243 0.02844950213371266
0 0.7478468899521531 0.8264580369843528 0.016267942583732056 0.021337126600284494
0 0.7760765550239235 0.8321479374110953 0.019138755980861243 0.025604551920341393
0 0.8095693779904306 0.8385490753911806 0.016267942583732056 0.021337126600284494
0 0.8732057416267942 0.8549075391180654 0.022966507177033493 0.029871977240398292
0 0.9023923444976076 0.914651493598862 0.02200956937799043 0.025604551920341393
0 0.744976076555024 0.8712660028449503 0.01722488038277512 0.025604551920341393
0 0.7708133971291866 0.9288762446657184 0.01818181818181818 0.02275960170697013
0 0.8028708133971292 0.9374110953058321 0.019138755980861243 0.02275960170697013
0 0.8363636363636363 0.8975817923186344 0.01818181818181818 0.021337126600284494
0 0.8344497607655502 0.9459459459459459 0.015311004784688996 0.025604551920341393
0 0.8636363636363636 0.9928876244665719 0.016267942583732056 0.01422475106685633
0 0.6679425837320574 0.1301564722617354 0.015311004784688996 0.021337126600284494
0 0.6832535885167464 0.21337126600284495 0.020095693779904306 0.031294452347083924
0 0.6535885167464115 0.21834992887624466 0.03062200956937799 0.03556187766714083
0 0.6870813397129186 0.26102418207681366 0.016267942583732056 0.025604551920341393
0 0.5952153110047846 0.23541963015647227 0.022966507177033493 0.034139402560455195
0 0.6028708133971292 0.10241820768136557 0.020095693779904306 0.032716927453769556
0 0.538755980861244 0.07823613086770982 0.016267942583732056 0.01991465149359886
0 0.55311004784689 0.15860597439544807 0.015311004784688996 0.02275960170697013
0 0.5167464114832536 0.1301564722617354 0.03444976076555024 0.049786628733997154
0 0.4784688995215311 0.09672830725462304 0.03732057416267943 0.03840682788051209
0 0.4851674641148325 0.1337126600284495 0.016267942583732056 0.01849217638691323
0 0.4478468899521531 0.09815078236130868 0.02583732057416268 0.04836415362731152
0 0.4574162679425837 0.14082503556187767 0.021052631578947368 0.03840682788051209
0 0.4717703349282297 0.22617354196301565 0.015311004784688996 0.01991465149359886
0 0.4995215311004785 0.2233285917496444 0.027751196172248804 0.04267425320056899
0 0.5148325358851674 0.30867709815078237 0.015311004784688996 0.02418207681365576
0 0.5205741626794258 0.3534850640113798 0.03636363636363636 0.04551920341394026
0 0.6066985645933014 0.37695590327169276 0.06889952153110047 0.06685633001422475
0 0.5842105263157895 0.38264580369843526 0.012440191387559809 0.01991465149359886
0 0.65311004784689 0.45092460881934565 0.016267942583732056 0.025604551920341393
0 0.6593301435406699 0.49288762446657186 0.013397129186602871 0.01991465149359886
0 0.6239234449760765 0.45590327169274536 0.06889952153110047 0.09388335704125178
0 0.5688995215311005 0.4800853485064011 0.019138755980861243 0.032716927453769556
0 0.5755980861244019 0.5227596017069701 0.02200956937799043 0.041251778093883355
0 0.5803827751196172 0.5675675675675675 0.015311004784688996 0.01991465149359886
0 0.539712918660287 0.48933143669985774 0.02200956937799043 0.02702702702702703
0 0.6162679425837321 0.6038406827880513 0.021052631578947368 0.029871977240398292
0 0.5880382775119617 0.6130867709815079 0.016267942583732056 0.02275960170697013
0 0.5947368421052631 0.6557610241820768 0.015311004784688996 0.021337126600284494
0 0.6023923444976077 0.6963015647226174 0.023923444976076555 0.03840682788051209
0 0.6124401913875598 0.7852062588904695 0.03062200956937799 0.04694167852062589
0 0.6200956937799043 0.8285917496443812 0.012440191387559809 0.01991465149359886
0 0.6411483253588517 0.9594594594594594 0.016267942583732056 0.025604551920341393
0 0.5861244019138756 0.9274537695590327 0.02966507177033493 0.034139402560455195
0 0.5593301435406699 0.8890469416785206 0.009569377990430622 0.017069701280227598
0 0.5535885167464115 0.8456614509246089 0.012440191387559809 0.01991465149359886
0 0.529665071770335 0.8477951635846372 0.010526315789473684 0.01422475106685633
0 0.5502392344497608 0.7980085348506402 0.02966507177033493 0.03982930298719772
0 0.500956937799043 0.8129445234708392 0.02200956937799043 0.02418207681365576
0 0.49521531100478466 0.7695590327169275 0.013397129186602871 0.01849217638691323
0 0.5588516746411484 0.7197724039829303 0.024880382775119617 0.03840682788051209
0 0.5502392344497608 0.6678520625889047 0.02200956937799043 0.02844950213371266
0 0.5181818181818182 0.6365576102418208 0.010526315789473684 0.01849217638691323
0 0.4717703349282297 0.6500711237553343 0.01722488038277512 0.02702702702702703
0 0.45167464114832534 0.6543385490753911 0.026794258373205742 0.031294452347083924
0 0.4645933014354067 0.8620199146514936 0.009569377990430622 0.01422475106685633
0 0.4430622009569378 0.8634423897581792 0.011483253588516746 0.015647226173541962
0 0.43779904306220097 0.8271692745376956 0.0066985645933014355 0.011379800853485065
0 0.41291866028708135 0.7887624466571835 0.00861244019138756 0.01422475106685633
0 0.39425837320574164 0.7951635846372689 0.019138755980861243 0.02702702702702703
0 0.38229665071770336 0.8349928876244666 0.00861244019138756 0.01422475106685633
0 0.42727272727272725 0.7453769559032717 0.01722488038277512 0.025604551920341393
0 0.3708133971291866 0.7603129445234709 0.021052631578947368 0.032716927453769556
0 0.33779904306220093 0.7695590327169275 0.011483253588516746 0.01422475106685633
0 0.42105263157894735 0.7105263157894737 0.007655502392344498 0.011379800853485065
0 0.3837320574162679 0.7211948790896159 0.009569377990430622 0.012802275960170697
0 0.3253588516746411 0.7034139402560455 0.021052631578947368 0.02275960170697013
0 0.35789473684210527 0.6906116642958748 0.011483253588516746 0.015647226173541962
0 0.4138755980861244 0.6714082503556188 0.031578947368421054 0.03698435277382646
0 0.423444976076555 0.6273115220483642 0.01818181818181818 0.02844950213371266
0 0.43301435406698563 0.5803698435277382 0.01818181818181818 0.029871977240398292
0 0.41483253588516744 0.5860597439544808 0.016267942583732056 0.021337126600284494
0 0.39617224880382773 0.5981507823613087 0.012440191387559809 0.01991465149359886
0 0.3770334928229665 0.6031294452347084 0.028708133971291867 0.03982930298719772
0 0.34258373205741627 0.6187766714082503 0.05645933014354067 0.06401137980085349
0 0.47416267942583734 0.5633001422475107 0.02966507177033493 0.03698435277382646
0 0.4444976076555024 0.531294452347084 0.013397129186602871 0.017069701280227598
0 0.4645933014354067 0.5206258890469416 0.01722488038277512 0.02418207681365576
0 0.36650717703349284 0.5668563300142248 0.019138755980861243 0.025604551920341393
0 0.39330143540669854 0.5128022759601707 0.021052631578947368 0.02844950213371266
0 0.3837320574162679 0.4772403982930299 0.022966507177033493 0.02702702702702703
0 0.40239234449760763 0.465149359886202 0.022966507177033493 0.034139402560455195
0 0.4995215311004785 0.46301564722617355 0.024880382775119617 0.03840682788051209
0 0.4904306220095694 0.4189189189189189 0.01818181818181818 0.03556187766714083
0 0.4478468899521531 0.44310099573257467 0.0430622009569378 0.044096728307254626
0 0.43301435406698563 0.40256045519203415 0.026794258373205742 0.025604551920341393
0 0.44401913875598087 0.34708392603129445 0.027751196172248804 0.03982930298719772
0 0.42392344497607654 0.3655761024182077 0.016267942583732056 0.032716927453769556
0 0.35406698564593303 0.35917496443812236 0.020095693779904306 0.032716927453769556
0 0.3722488038277512 0.34779516358463725 0.016267942583732056 0.02844950213371266
0 0.41196172248803825 0.317923186344239 0.02966507177033493 0.02844950213371266
0 0.45167464114832534 0.24466571834992887 0.026794258373205742 0.04551920341394026
0 0.41626794258373206 0.2147937411095306 0.022966507177033493 0.03556187766714083
0 0.3837320574162679 0.29089615931721197 0.022966507177033493 0.034139402560455195
0 0.3770334928229665 0.2503556187766714 0.022966507177033493 0.03982930298719772
0 0.3583732057416268 0.26600284495021337 0.01818181818181818 0.034139402560455195
0 0.3875598086124402 0.1906116642958748 0.028708133971291867 0.04267425320056899
0 0.3832535885167464 0.15860597439544807 0.015311004784688996 0.032716927453769556
0 0.3980861244019139 0.09317211948790896 0.020095693779904306 0.034139402560455195
0 0.4167464114832536 0.07041251778093884 0.019138755980861243 0.032716927453769556
0 0.37894736842105264 0.05263157894736842 0.024880382775119617 0.03840682788051209
0 0.34210526315789475 0.10384068278805121 0.011483253588516746 0.021337126600284494
0 0.33301435406698565 0.11024182076813656 0.014354066985645933 0.02844950213371266
0 0.3401913875598086 0.14580369843527738 0.014354066985645933 0.02418207681365576
0 0.31100478468899523 0.1422475106685633 0.013397129186602871 0.02275960170697013
0 0.29569377990430623 0.16571834992887624 0.015311004784688996 0.02844950213371266
0 0.2880382775119617 0.16714082503556188 0.007655502392344498 0.01991465149359886
0 0.28038277511961723 0.18278805120910385 0.009569377990430622 0.01991465149359886
0 0.31004784688995213 0.22190611664295876 0.02966507177033493 0.044096728307254626
0 0.33253588516746413 0.24039829302987198 0.01722488038277512 0.029871977240398292
0 0.24449760765550238 0.22119487908961594 0.012440191387559809 0.02275960170697013
0 0.23444976076555024 0.24253200568990044 0.012440191387559809 0.021337126600284494
0 0.20382775119617225 0.24893314366998578 0.016267942583732056 0.02702702702702703
0 0.2875598086124402 0.3200568990042674 0.01722488038277512 0.031294452347083924
0 0.25263157894736843 0.3136557610241821 0.021052631578947368 0.02418207681365576
0 0.22105263157894736 0.30725462304409673 0.014354066985645933 0.02844950213371266
0 0.22488038277511962 0.36984352773826457 0.013397129186602871 0.02418207681365576
0 0.16411483253588516 0.30440967283072545 0.013397129186602871 0.017069701280227598
0 0.17320574162679425 0.36415362731152207 0.013397129186602871 0.02275960170697013
0 0.18803827751196173 0.3968705547652916 0.012440191387559809 0.01991465149359886
0 0.2851674641148325 0.4061166429587482 0.021052631578947368 0.051209103840682786
0 0.35406698564593303 0.44523470839260315 0.013397129186602871 0.021337126600284494
0 0.3368421052631579 0.45874822190611664 0.01818181818181818 0.02418207681365576
0 0.23875598086124403 0.42816500711237554 0.015311004784688996 0.02702702702702703
0 0.24928229665071772 0.44310099573257467 0.01722488038277512 0.03840682788051209
0 0.2856459330143541 0.48577524893314367 0.019138755980861243 0.025604551920341393
0 0.3124401913875598 0.5184921763869133 0.03062200956937799 0.029871977240398292
0 0.18516746411483254 0.45376955903271693 0.02966507177033493 0.032716927453769556
0 0.20239234449760765 0.4879089615931721 0.026794258373205742 0.03840682788051209
0 0.18421052631578946 0.5149359886201992 0.02200956937799043 0.034139402560455195
0 0.20047846889952153 0.5149359886201992 0.010526315789473684 0.01991465149359886
0 0.15167464114832535 0.5376955903271693 0.013397129186602871 0.02275960170697013
0 0.26507177033492824 0.5163584637268848 0.009569377990430622 0.02275960170697013
0 0.2698564593301435 0.5298719772403983 0.015311004784688996 0.025604551920341393
0 0.24354066985645934 0.5199146514935988 0.021052631578947368 0.034139402560455195
0 0.2736842105263158 0.5889046941678521 0.014354066985645933 0.025604551920341393
0 0.24736842105263157 0.5867709815078236 0.016267942583732056 0.029871977240398292
0 0.2985645933014354 0.5960170697012802 0.020095693779904306 0.02275960170697013
0 0.28995215311004785 0.620199146514936 0.01818181818181818 0.02418207681365576
0 0.2617224880382775 0.6450924608819346 0.028708133971291867 0.03556187766714083
0 0.24784688995215312 0.6408250355618776 0.010526315789473684 0.02702702702702703
0 0.2674641148325359 0.7076813655761024 0.010526315789473684 0.01849217638691323
0 0.2818181818181818 0.7425320056899004 0.007655502392344498 0.01422475106685633
0 0.29569377990430623 0.7460881934566145 0.010526315789473684 0.01849217638691323
0 0.3095693779904306 0.7503556187766715 0.009569377990430622 0.01849217638691323
0 0.33253588516746413 0.8015647226173542 0.00861244019138756 0.017069701280227598
0 0.31148325358851675 0.7823613086770982 0.0066985645933014355 0.012802275960170697
0 0.2602870813397129 0.7951635846372689 0.012440191387559809 0.012802275960170697
0 0.24210526315789474 0.701280227596017 0.015311004784688996 0.02418207681365576
0 0.1708133971291866 0.7190611664295875 0.00861244019138756 0.00995732574679943
0 0.18229665071770335 0.7005689900426743 0.012440191387559809 0.012802275960170697
0 0.16220095693779904 0.6721194879089616 0.009569377990430622 0.012802275960170697
0 0.21626794258373205 0.6671408250355618 0.00861244019138756 0.011379800853485065
0 0.17559808612440192 0.6479374110953058 0.012440191387559809 0.017069701280227598
0 0.15598086124401914 0.6180654338549075 0.011483253588516746 0.017069701280227598
0 0.18803827751196173 0.628022759601707 0.019138755980861243 0.02418207681365576
0 0.20287081339712917 0.6031294452347084 0.012440191387559809 0.017069701280227598
0 0.16889952153110047 0.5689900426742532 0.01722488038277512 0.02418207681365576