0 0.5066985645933014 0.7254623044096729 0.014354066985645933 0.01991465149359886
0 0.8129186602870814 0.14438122332859174 0.05167464114832536 0.05689900426742532
0 0.7559808612440191 0.15789473684210525 0.022966507177033493 0.02702702702702703
0 0.7267942583732058 0.15789473684210525 0.02200956937799043 0.02702702702702703
0 0.7516746411483254 0.19914651493598862 0.031578947368421054 0.044096728307254626
0 0.7813397129186603 0.19914651493598862 0.01818181818181818 0.02418207681365576
0 0.8105263157894737 0.2411095305832148 0.0354066985645933 0.07539118065433854
0 0.808133971291866 0.28662873399715505 0.015311004784688996 0.025604551920341393
0 0.7808612440191387 0.24253200568990044 0.01818181818181818 0.025604551920341393
0 0.7789473684210526 0.283072546230441 0.019138755980861243 0.02844950213371266
0 0.7746411483253588 0.3314366998577525 0.01818181818181818 0.02275960170697013
0 0.7746411483253588 0.3748221906116643 0.023923444976076555 0.029871977240398292
0 0.8 0.3762446657183499 0.03349282296650718 0.10668563300142248
0 0.8325358851674641 0.4217638691322902 0.023923444976076555 0.03556187766714083
0 0.8966507177033493 0.4260312944523471 0.019138755980861243 0.029871977240398292
0 0.8574162679425837 0.4701280227596017 0.03732057416267943 0.08534850640113797
0 0.8291866028708134 0.47083926031294454 0.027751196172248804 0.032716927453769556
0 0.7956937799043062 0.4722617354196302 0.01818181818181818 0.02418207681365576
0 0.7641148325358852 0.4672830725462304 0.0430622009569378 0.05263157894736842
0 0.8976076555023923 0.5277382645803699 0.04019138755980861 0.08961593172119488
0 0.823444976076555 0.5675675675675675 0.020095693779904306 0.025604551920341393
0 0.7870813397129187 0.5597439544807966 0.022966507177033493 0.032716927453769556
0 0.7578947368421053 0.5561877667140825 0.023923444976076555 0.03840682788051209
0 0.7875598086124402 0.6116642958748222 0.02200956937799043 0.031294452347083924
0 0.8526315789473684 0.6194879089615932 0.02583732057416268 0.03982930298719772
0 0.8502392344497608 0.6699857752489331 0.021052631578947368 0.02702702702702703
0 0.8799043062200957 0.6749644381223329 0.03253588516746411 0.05832147937411095
0 0.8435406698564594 0.7190611664295875 0.022966507177033493 0.029871977240398292
0 0.815311004784689 0.6600284495021337 0.03923444976076555 0.03556187766714083
0 0.7555023923444976 0.6507823613086771 0.019138755980861243 0.02844950213371266
0 0.7258373205741627 0.6479374110953058 0.03253588516746411 0.05547652916073969
0 0.7497607655502392 0.6984352773826458 0.019138755980861243 0.02844950213371266
0 0.7215311004784689 0.6948790896159317 0.01722488038277512 0.02418207681365576
0 0.7133971291866029 0.3755334281650071 0.024880382775119617 0.049786628733997154
0 0.6990430622009569 0.5988620199146515 0.020095693779904306 0.02702702702702703
0 0.9440191387559809 0.7894736842105263 0.03444976076555024 0.059743954480796585
0 0.908133971291866 0.7816500711237553 0.023923444976076555 0.031294452347083924
0 0.8397129186602871 0.7638691322901849 0.026794258373205742 0.03698435277382646
0 0.7751196172248804 0.7539118065433855 0.03732057416267943 0.029871977240398292
0 0.8052631578947368 0.8051209103840683 0.01722488038277512 0.02275960170697013
0 0.7435406698564593 0.7930298719772404 0.020095693779904306 0.029871977240398292
0 0.7401913875598086 0.8385490753911806 0.01722488038277512 0.021337126600284494
0 0.7684210526315789 0.8463726884779517 0.019138755980861243 0.02702702702702703
0 0.8014354066985646 0.8549075391180654 0.01722488038277512 0.021337126600284494
0 0.8645933014354067 0.8741109530583214 0.023923444976076555 0.029871977240398292
0 0.8923444976076556 0.9352773826458037 0.02200956937799043 0.02702702702702703
0 0.7363636363636363 0.884068278805121 0.01722488038277512 0.025604551920341393
0 0.7602870813397129 0.9431009957325747 0.01818181818181818 0.02275960170697013
0 0.7923444976076555 0.9523470839260313 0.019138755980861243 0.02418207681365576
0 0.8267942583732057 0.914651493598862 0.019138755980861243 0.02275960170697013
0 0.8239234449760765 0.9630156472261735 0.015311004784688996 0.025604551920341393
0 0.676555023923445 0.1386913229018492 0.016267942583732056 0.021337126600284494
0 0.6899521531100479 0.22261735419630158 0.021052631578947368 0.032716927453769556
0 0.6598086124401914 0.22688477951635846 0.031578947368421054 0.03698435277382646
0 0.6923444976076555 0.2709815078236131 0.016267942583732056 0.025604551920341393
0 0.6014354066985645 0.2411095305832148 0.022966507177033493 0.03556187766714083
0 0.6119617224880383 0.10810810810810811 0.021052631578947368 0.034139402560455195
0 0.5483253588516747 0.08108108108108109 0.01722488038277512 0.01991465149359886
0 0.561244019138756 0.16145092460881935 0.015311004784688996 0.02275960170697013
0 0.5253588516746411 0.13157894736842105 0.03444976076555024 0.051209103840682786
0 0.4880382775119617 0.09601706970128022 0.03732057416267943 0.03982930298719772
0 0.4937799043062201 0.1337126600284495 0.01722488038277512 0.01849217638691323
0 0.4574162679425837 0.0953058321479374 0.026794258373205742 0.04836415362731152
0 0.46555023923444977 0.13940256045519203 0.02200956937799043 0.03982930298719772
0 0.4784688995215311 0.22475106685633 0.016267942583732056 0.01991465149359886
0 0.5062200956937799 0.2233285917496444 0.028708133971291867 0.044096728307254626
0 0.5191387559808612 0.30938833570412516 0.015311004784688996 0.02418207681365576
0 0.5244019138755981 0.3541963015647226 0.03732057416267943 0.04694167852062589
0 0.6095693779904306 0.38264580369843526 0.06985645933014355 0.06970128022759602
0 0.5870813397129186 0.38762446657183497 0.013397129186602871 0.021337126600284494
0 0.654066985645933 0.4594594594594595 0.016267942583732056 0.025604551920341393
0 0.6593301435406699 0.5014224751066856 0.014354066985645933 0.021337126600284494
0 0.6248803827751196 0.4623044096728307 0.06985645933014355 0.09672830725462304
0 0.569377990430622 0.48364153627311524 0.020095693779904306 0.034139402560455195
0 0.5751196172248804 0.5263157894736842 0.022966507177033493 0.04267425320056899
0 0.5784688995215311 0.5718349928876245 0.016267942583732056 0.01991465149359886
0 0.5401913875598087 0.4914651493598862 0.02200956937799043 0.02844950213371266
0 0.6138755980861244 0.6095305832147937 0.02200956937799043 0.031294452347083924
0 0.5851674641148326 0.6173541963015647 0.016267942583732056 0.02275960170697013
0 0.5909090909090909 0.6607396870554765 0.016267942583732056 0.021337126600284494
0 0.5976076555023924 0.701280227596017 0.024880382775119617 0.03982930298719772
0 0.6057416267942584 0.7908961593172119 0.031578947368421054 0.04836415362731152
0 0.6119617224880383 0.8342816500711238 0.012440191387559809 0.021337126600284494
0 0.6301435406698565 0.9665718349928877 0.016267942583732056 0.025604551920341393
0 0.5760765550239234 0.9317211948790897 0.03062200956937799 0.03556187766714083
0 0.5502392344497608 0.8918918918918919 0.010526315789473684 0.017069701280227598
0 0.5454545454545454 0.84850640113798 0.013397129186602871 0.021337126600284494
0 0.5215311004784688 0.8492176386913229 0.010526315789473684 0.01422475106685633
0 0.5430622009569378 0.8001422475106685 0.03062200956937799 0.041251778093883355
0 0.4937799043062201 0.8122332859174964 0.02200956937799043 0.025604551920341393
0 0.48899521531100476 0.7688477951635846 0.014354066985645933 0.01991465149359886
0 0.5535885167464115 0.7226173541963016 0.024880382775119617 0.03840682788051209
0 0.5464114832535886 0.6699857752489331 0.022966507177033493 0.029871977240398292
0 0.5148325358851674 0.6372688477951636 0.011483253588516746 0.01849217638691323
0 0.46794258373205744 0.6486486486486487 0.01722488038277512 0.02702702702702703
0 0.4478468899521531 0.6522048364153628 0.027751196172248804 0.032716927453769556
0 0.4564593301435407 0.8598862019914651 0.009569377990430622 0.01422475106685633
0 0.43444976076555025 0.8605974395448079 0.011483253588516746 0.017069701280227598
0 0.43014354066985644 0.8236130867709816 0.0066985645933014355 0.011379800853485065
0 0.4062200956937799 0.7837837837837838 0.00861244019138756 0.01422475106685633
0 0.38708133971291864 0.7894736842105263 0.019138755980861243 0.02844950213371266
0 0.37464114832535883 0.8285917496443812 0.00861244019138756 0.01422475106685633
0 0.4215311004784689 0.7418207681365576 0.01722488038277512 0.025604551920341393
0 0.3650717703349282 0.7532005689900427 0.02200956937799043 0.034139402560455195
0 0.33157894736842103 0.7610241820768137 0.011483253588516746 0.015647226173541962
0 0.41578947368421054 0.7062588904694168 0.007655502392344498 0.011379800853485065
0 0.37894736842105264 0.7147937411095305 0.009569377990430622 0.012802275960170697
0 0.32105263157894737 0.6941678520625889 0.021052631578947368 0.02418207681365576
0 0.3535885167464115 0.6827880512091038 0.011483253588516746 0.017069701280227598
0 0.41004784688995216 0.666429587482219 0.031578947368421054 0.03840682788051209
0 0.4205741626794258 0.6230440967283073 0.019138755980861243 0.02844950213371266
0 0.43110047846889954 0.5768136557610242 0.019138755980861243 0.029871977240398292
0 0.41291866028708135 0.5817923186344239 0.01722488038277512 0.021337126600284494
0 0.3937799043062201 0.5924608819345661 0.012440191387559809 0.021337126600284494
0 0.3751196172248804 0.596728307254623 0.02966507177033493 0.041251778093883355
0 0.3401913875598086 0.6109530583214794 0.05741626794258373 0.06685633001422475
0 0.4727272727272727 0.561877667140825 0.02966507177033493 0.03840682788051209
0 0.44354066985645935 0.5284495021337127 0.013397129186602871 0.017069701280227598
0 0.46411483253588515 0.519203413940256 0.01722488038277512 0.02418207681365576
0 0.3645933014354067 0.5597439544807966 0.019138755980861243 0.02702702702702703
0 0.39330143540669854 0.5071123755334281 0.02200956937799043 0.029871977240398292
0 0.38421052631578945 0.47155049786628733 0.022966507177033493 0.02702702702702703
0 0.40334928229665074 0.4601706970128023 0.022966507177033493 0.03556187766714083
0 0.5004784688995215 0.46301564722617355 0.024880382775119617 0.03840682788051209
0 0.49234449760765553 0.4182076813655761 0.01818181818181818 0.03556187766714083
0 0.4492822966507177 0.4402560455192034 0.04401913875598086 0.04551920341394026
0 0.4354066985645933 0.3990042674253201 0.026794258373205742 0.02702702702702703
0 0.4478468899521531 0.3442389758179232 0.028708133971291867 0.041251778093883355
0 0.42727272727272725 0.3620199146514936 0.01722488038277512 0.032716927453769556
0 0.35741626794258374 0.35206258890469416 0.021052631578947368 0.034139402560455195
0 0.37607655502392345 0.3413940256045519 0.01722488038277512 0.02844950213371266
0 0.41626794258373206 0.3129445234708393 0.02966507177033493 0.029871977240398292
0 0.45789473684210524 0.24253200568990044 0.027751196172248804 0.04694167852062589
0 0.4229665071770335 0.21052631578947367 0.022966507177033493 0.03698435277382646
0 0.38851674641148326 0.2852062588904694 0.023923444976076555 0.034139402560455195
0 0.3827751196172249 0.24395448079658605 0.023923444976076555 0.041251778093883355
0 0.36363636363636365 0.25889046941678523 0.01818181818181818 0.034139402560455195
0 0.3952153110047847 0.18492176386913228 0.02966507177033493 0.044096728307254626
0 0.39138755980861245 0.15220483641536273 0.016267942583732056 0.032716927453769556
0 0.4076555023923445 0.08819345661450925 0.020095693779904306 0.03556187766714083
0 0.4267942583732057 0.06685633001422475 0.020095693779904306 0.034139402560455195
0 0.3894736842105263 0.04694167852062589 0.024880382775119617 0.03840682788051209
0 0.35167464114832536 0.09601706970128022 0.011483253588516746 0.021337126600284494
0 0.34210526315789475 0.10241820768136557 0.015311004784688996 0.029871977240398292
0 0.34880382775119617 0.13726884779516357 0.014354066985645933 0.025604551920341393
0 0.3196172248803828 0.13300142247510668 0.013397129186602871 0.02418207681365576
0 0.3038277511961722 0.15576102418207682 0.016267942583732056 0.02844950213371266
0 0.29569377990430623 0.15647226173541964 0.007655502392344498 0.01991465149359886
0 0.2880382775119617 0.17140825035561877 0.009569377990430622 0.01991465149359886
0 0.3167464114832536 0.2119487908961593 0.03062200956937799 0.04551920341394026
0 0.33875598086124403 0.23186344238975817 0.01818181818181818 0.029871977240398292
0 0.2511961722488038 0.20839260312944524 0.012440191387559809 0.02418207681365576
0 0.24066985645933014 0.22901849217638692 0.012440191387559809 0.02275960170697013
0 0.21004784688995215 0.23399715504978663 0.016267942583732056 0.02702702702702703
0 0.291866028708134 0.30938833570412516 0.01818181818181818 0.031294452347083924
0 0.2574162679425837 0.3008534850640114 0.021052631578947368 0.025604551920341393
0 0.22583732057416267 0.2930298719772404 0.015311004784688996 0.029871977240398292
0 0.22822966507177034 0.35561877667140823 0.013397129186602871 0.025604551920341393
0 0.16889952153110047 0.28733997155049784 0.013397129186602871 0.017069701280227598
0 0.17655502392344496 0.34779516358463725 0.013397129186602871 0.02418207681365576
0 0.19043062200956937 0.3812233285917496 0.013397129186602871 0.021337126600284494
0 0.2875598086124402 0.39544807965860596 0.02200956937799043 0.051209103840682786
0 0.3555023923444976 0.43812233285917496 0.013397129186602871 0.02275960170697013
0 0.33779904306220093 0.45021337126600286 0.01818181818181818 0.02418207681365576
0 0.24066985645933014 0.414651493598862 0.015311004784688996 0.02702702702702703
0 0.2507177033492823 0.4295874822190612 0.01818181818181818 0.03840682788051209
0 0.2861244019138756 0.4751066856330014 0.019138755980861243 0.02702702702702703
0 0.3119617224880383 0.5092460881934566 0.03062200956937799 0.029871977240398292
0 0.18660287081339713 0.43741109530583216 0.03062200956937799 0.034139402560455195
0 0.20287081339712917 0.4722617354196302 0.026794258373205742 0.03982930298719772
0 0.18373205741626794 0.49857752489331436 0.02200956937799043 0.03556187766714083
0 0.2 0.4992887624466572 0.010526315789473684 0.01991465149359886
0 0.15119617224880383 0.519203413940256 0.013397129186602871 0.02418207681365576
0 0.26507177033492824 0.5042674253200569 0.009569377990430622 0.02275960170697013
0 0.269377990430622 0.5177809388335705 0.015311004784688996 0.025604551920341393
0 0.2430622009569378 0.5064011379800853 0.021052631578947368 0.03556187766714083
0 0.27177033492822966 0.577524893314367 0.014354066985645933 0.02702702702702703
0 0.24545454545454545 0.5732574679943101 0.01722488038277512 0.029871977240398292
0 0.2966507177033493 0.585348506401138 0.020095693779904306 0.02418207681365576
0 0.2875598086124402 0.6088193456614509 0.01818181818181818 0.02418207681365576
0 0.25885167464114833 0.6322901849217639 0.02966507177033493 0.03698435277382646
0 0.24449760765550238 0.628022759601707 0.011483253588516746 0.02702702702702703
0 0.26267942583732057 0.6955903271692745 0.011483253588516746 0.01849217638691323
0 0.2760765550239234 0.7311522048364154 0.007655502392344498 0.01422475106685633
0 0.28995215311004785 0.7347083926031295 0.011483253588516746 0.01849217638691323
0 0.3038277511961722 0.7403982930298719 0.010526315789473684 0.01849217638691323
0 0.3253588516746411 0.7930298719772404 0.009569377990430622 0.017069701280227598
0 0.3047846889952153 0.7724039829302988 0.0066985645933014355 0.012802275960170697
0 0.2535885167464115 0.7823613086770982 0.012440191387559809 0.01422475106685633
0 0.23779904306220095 0.6884779516358464 0.015311004784688996 0.02418207681365576
0 0.1660287081339713 0.7019914651493598 0.00861244019138756 0.00995732574679943
0 0.17751196172248804 0.6842105263157895 0.012440191387559809 0.01422475106685633
0 0.1583732057416268 0.6543385490753911 0.009569377990430622 0.012802275960170697
0 0.21244019138755982 0.6529160739687055 0.00861244019138756 0.011379800853485065
0 0.1722488038277512 0.6308677098150782 0.013397129186602871 0.01849217638691323
0 0.1535885167464115 0.5995732574679943 0.012440191387559809 0.01849217638691323
0 0.18516746411483254 0.6116642958748222 0.019138755980861243 0.025604551920341393
0 0.20047846889952153 0.5881934566145093 0.013397129186602871 0.01849217638691323
0 0.1674641148325359 0.5519203413940256 0.01722488038277512 0.02418207681365576