0 0.5044334975369458 0.3108581436077058 0.008866995073891626 0.02276707530647986
0 0.4911330049261084 0.30297723292469353 0.013793103448275862 0.03502626970227671
0 0.5014778325123153 0.19614711033274956 0.012807881773399015 0.03152364273204904
0 0.47881773399014776 0.20052539404553416 0.009852216748768473 0.024518388791593695
0 0.47881773399014776 0.1295971978984238 0.01083743842364532 0.024518388791593695
0 0.4748768472906404 0.009632224168126095 0.01083743842364532 0.01926444833625219
0 0.4206896551724138 0.15236427320490367 0.07192118226600985 0.13134851138353765
0 0.6059113300492611 0.3073555166374781 0.005911330049261084 0.01576182136602452
0 0.022167487684729065 0.19614711033274956 0.04433497536945813 0.08756567425569177
0 0.025123152709359605 0.48336252189141854 0.02857142857142857 0.0647985989492119
0 0.21182266009852216 0.16112084063047286 0.03940886699507389 0.13134851138353765
0 0.24926108374384237 0.2075306479859895 0.012807881773399015 0.03852889667250438
0 0.287192118226601 0.043782837127845885 0.04433497536945813 0.08756567425569177
0 0.3137931034482759 0.009632224168126095 0.011822660098522168 0.01926444833625219
0 0.3438423645320197 0.03852889667250438 0.014778325123152709 0.024518388791593695
0 0.24482758620689654 0.3572679509632224 0.053201970443349754 0.18914185639229422
0 0.31724137931034485 0.3467600700525394 0.017733990147783252 0.040280210157618214
0 0.22512315270935962 0.9159369527145359 0.07586206896551724 0.1681260945709282
0 0.3374384236453202 0.9816112084063048 0.02561576354679803 0.03677758318739054
0 0.34876847290640395 0.6830122591943958 0.05517241379310345 0.15411558669001751
0 0.49261083743842365 0.7189141856392294 0.011822660098522168 0.02626970227670753
0 0.4975369458128079 0.6418563922942206 0.014778325123152709 0.03327495621716287
0 0.5019704433497537 0.5446584938704028 0.012807881773399015 0.03677758318739054
0 0.6123152709359606 0.4176882661996497 0.007881773399014778 0.01926444833625219
0 0.6206896551724138 0.4001751313485114 0.009852216748768473 0.021015761821366025
0 0.6408866995073892 0.28371278458844135 0.008866995073891626 0.01926444833625219
0 0.48472906403940885 0.39929947460595444 0.007881773399014778 0.024518388791593695
0 0.9009852216748768 0.7092819614711033 0.061083743842364535 0.15761821366024517
0 0.8935960591133005 0.6260945709281961 0.01083743842364532 0.021015761821366025
0 0.994088669950739 0.5936952714535902 0.011822660098522168 0.04203152364273205
0 0.9630541871921182 0.5455341506129597 0.01083743842364532 0.021015761821366025
0 0.9216748768472907 0.48774080560420313 0.06995073891625615 0.1138353765323993
0 0.8118226600985222 0.4343257443082312 0.06995073891625615 0.0893169877408056
0 0.996551724137931 0.2530647985989492 0.006896551724137931 0.03327495621716287
0 0.9975369458128078 0.11295971978984239 0.0049261083743842365 0.06129597197898424
0 0.8773399014778325 0.2548161120840631 0.06995073891625615 0.1085814360770578
0 0.8817733990147784 0.08581436077057793 0.014778325123152709 0.01576182136602452
0 0.7453201970443349 0.1190893169877408 0.0187192118226601 0.02276707530647986
0 0.7083743842364532 0.08231173380035026 0.012807881773399015 0.03327495621716287
0 0.6857142857142857 0.08756567425569177 0.007881773399014778 0.01926444833625219
0 0.6379310344827587 0.06304728546409807 0.009852216748768473 0.017513134851138354
0 0.645320197044335 0.09982486865148861 0.01083743842364532 0.02626970227670753
0 0.6344827586206897 0.1830122591943958 0.006896551724137931 0.01576182136602452
0 0.6541871921182266 0.18563922942206654 0.01083743842364532 0.02276707530647986
0 0.7305418719211823 0.20140105078809106 0.01083743842364532 0.021015761821366025
0 0.6935960591133005 0.287215411558669 0.06403940886699508 0.08581436077057793
0 0.7330049261083744 0.3073555166374781 0.012807881773399015 0.017513134851138354
0 0.7482758620689656 0.3248686514886165 0.019704433497536946 0.03327495621716287
0 0.7497536945812808 0.38003502626970226 0.011822660098522168 0.024518388791593695
0 0.7512315270935961 0.4343257443082312 0.008866995073891626 0.028021015761821366
0 0.6615763546798029 0.4886164623467601 0.011822660098522168 0.028021015761821366
0 0.7216748768472906 0.5586690017513135 0.009852216748768473 0.017513134851138354
0 0.7389162561576355 0.5761821366024519 0.015763546798029555 0.03327495621716287
0 0.7773399014778325 0.6260945709281961 0.012807881773399015 0.02626970227670753
0 0.7226600985221675 0.6129597197898424 0.011822660098522168 0.02276707530647986
0 0.6591133004926109 0.5866900175131349 0.01083743842364532 0.028021015761821366
0 0.625615763546798 0.6392294220665499 0.012807881773399015 0.03502626970227671
0 0.6576354679802956 0.6856392294220666 0.035467980295566505 0.08231173380035026
0 0.6201970443349754 0.7924693520140105 0.01083743842364532 0.02626970227670753
0 0.6103448275862069 0.7556917688266199 0.009852216748768473 0.028021015761821366
0 0.6551724137931034 0.7434325744308231 0.01083743842364532 0.024518388791593695
0 0.7566502463054188 0.7338003502626971 0.011822660098522168 0.0297723292469352
0 0.7103448275862069 0.946584938704028 0.011822660098522168 0.01926444833625219
0 0.7960591133004926 0.9649737302977233 0.014778325123152709 0.028021015761821366
0 0.5236453201970444 0.978108581436077 0.019704433497536946 0.043782837127845885
0 0.42561576354679803 0.9728546409807356 0.013793103448275862 0.028021015761821366
0 0.4689655172413793 0.9124343257443083 0.011822660098522168 0.03152364273204904
0 0.474384236453202 0.8388791593695272 0.017733990147783252 0.0542907180385289
0 0.5315270935960591 0.8021015761821366 0.008866995073891626 0.02626970227670753
1 0.129064039408867 0.9133099824868651 0.08177339901477833 0.1733800350262697
1 0.20886699507389161 0.5560420315236427 0.054187192118226604 0.2031523642732049
1 0.5192118226600986 0.138353765323993 0.030541871921182268 0.08581436077057793
1 0.5108374384236454 0.159369527145359 0.03645320197044335 0.1436077057793345
1 0.5615763546798029 0.1042031523642732 0.02857142857142857 0.1295971978984238
1 0.5679802955665024 0.05604203152364273 0.03940886699507389 0.11208406304728546
1 0.6995073891625616 0.10332749562171628 0.0374384236453202 0.06129597197898424
1 0.803448275862069 0.08581436077057793 0.061083743842364535 0.06129597197898424
1 0.8857142857142857 0.11295971978984239 0.04532019704433497 0.08231173380035026
1 0.6246305418719211 0.27933450087565675 0.04334975369458128 0.10157618213660245
1 0.6246305418719211 0.287215411558669 0.04926108374384237 0.15236427320490367
1 0.5665024630541872 0.3274956217162872 0.041379310344827586 0.18213660245183888
1 0.5211822660098522 0.48248686514886163 0.033497536945812804 0.14185639229422067
1 0.5192118226600986 0.5989492119089317 0.03645320197044335 0.09281961471103327
1 0.5729064039408867 0.712784588441331 0.035467980295566505 0.06304728546409807
1 0.5763546798029556 0.7434325744308231 0.07192118226600985 0.16637478108581435
1 0.6118226600985222 0.851138353765324 0.03152709359605911 0.07355516637478109
1 0.5566502463054187 0.9509632224168126 0.03645320197044335 0.07705779334500876
1 0.5591133004926109 0.87215411558669 0.03940886699507389 0.0840630472854641
0 0.3724137931034483 0.4816112084063047 0.03251231527093596 0.050788091068301226
1 0.5748768472906404 0.8782837127845884 0.06798029556650247 0.11733800350262696
1 0.696551724137931 0.850262697022767 0.061083743842364535 0.07355516637478109
1 0.7896551724137931 0.8432574430823118 0.06699507389162561 0.08231173380035026
1 0.7753694581280788 0.8905429071803853 0.06600985221674877 0.07530647985989491
1 0.9438423645320198 0.9457092819614711 0.07684729064039408 0.07530647985989491
1 0.9472906403940887 0.8388791593695272 0.08571428571428572 0.15586690017513136