0 0.39408866995073893 0.48248686514886163 0.012807881773399015 0.017513134851138354
0 0.38866995073891625 0.5052539404553416 0.020689655172413793 0.02626970227670753
0 0.3295566502463054 0.4816112084063047 0.0187192118226601 0.024518388791593695
0 0.3305418719211823 0.521891418563923 0.014778325123152709 0.01926444833625219
0 0.29064039408866993 0.5183887915936952 0.014778325123152709 0.021015761821366025
0 0.2231527093596059 0.5192644483362522 0.011822660098522168 0.021015761821366025
0 0.30049261083743845 0.6225919439579685 0.07783251231527094 0.13485113835376533
0 0.3975369458128079 0.3021015761821366 0.008866995073891626 0.010507880910683012
0 0.29458128078817736 0.9702276707530648 0.0748768472906404 0.0297723292469352
0 0.3226600985221675 0.9299474605954466 0.022660098522167486 0.024518388791593695
0 0.23251231527093597 0.8537653239929948 0.05123152709359606 0.0840630472854641
0 0.2147783251231527 0.8047285464098074 0.011822660098522168 0.02276707530647986
0 0.23251231527093597 0.7530647985989493 0.014778325123152709 0.028021015761821366
0 0.4064039408866995 0.9448336252189142 0.10935960591133005 0.10507880910683012
0 0.4044334975369458 0.8161120840630472 0.023645320197044337 0.03327495621716287
0 0.7201970443349753 0.968476357267951 0.09655172413793103 0.06304728546409807
0 0.7620689655172413 0.8134851138353766 0.02167487684729064 0.047285464098073555
0 0.5950738916256157 0.7784588441330998 0.0896551724137931 0.10683012259194395
0 0.6226600985221675 0.5245183887915937 0.015763546798029555 0.02276707530647986
0 0.5798029556650246 0.51138353765324 0.019704433497536946 0.028021015761821366
0 0.5251231527093596 0.4991243432574431 0.02167487684729064 0.024518388791593695
0 0.45960591133004924 0.29597197898423816 0.01083743842364532 0.01576182136602452
0 0.45024630541871924 0.28021015761821366 0.012807881773399015 0.01926444833625219
0 0.38571428571428573 0.2381786339754816 0.01083743842364532 0.017513134851138354
0 0.44285714285714284 0.521891418563923 0.013793103448275862 0.01576182136602452
0 0.29901477832512313 0.0446584938704028 0.013793103448275862 0.03502626970227671
0 0.27635467980295564 0.1085814360770578 0.019704433497536946 0.024518388791593695
0 0.27783251231527095 0.14886164623467601 0.01083743842364532 0.01576182136602452
0 0.26157635467980295 0.23204903677758318 0.01083743842364532 0.01926444833625219
0 0.2827586206896552 0.22066549912434325 0.015763546798029555 0.021015761821366025
0 0.32906403940886697 0.24430823117338005 0.008866995073891626 0.012259194395796848
0 0.3315270935960591 0.21015761821366025 0.013793103448275862 0.021015761821366025
0 0.3443349753694581 0.07530647985989491 0.012807881773399015 0.021015761821366025
0 0.39064039408866996 0.14535901926444833 0.05123152709359606 0.11733800350262696
0 0.4039408866995074 0.07618213660245184 0.01083743842364532 0.024518388791593695
0 0.4147783251231527 0.049912434325744305 0.019704433497536946 0.03677758318739054
0 0.4458128078817734 0.050788091068301226 0.014778325123152709 0.02276707530647986
0 0.47635467980295565 0.050788091068301226 0.015763546798029555 0.017513134851138354
0 0.5019704433497537 0.212784588441331 0.016748768472906402 0.02276707530647986
0 0.5443349753694581 0.10945709281961472 0.01083743842364532 0.01926444833625219
0 0.5551724137931034 0.0796847635726795 0.019704433497536946 0.0297723292469352
0 0.5852216748768473 0.01576182136602452 0.015763546798029555 0.01926444833625219
0 0.5748768472906404 0.11033274956217162 0.013793103448275862 0.02276707530647986
0 0.5571428571428572 0.2224168126094571 0.016748768472906402 0.021015761821366025
0 0.5847290640394088 0.28458844133099825 0.020689655172413793 0.024518388791593695
0 0.6123152709359606 0.23029772329246936 0.04827586206896552 0.06654991243432574
0 0.6704433497536946 0.3021015761821366 0.015763546798029555 0.021015761821366025
0 0.6492610837438424 0.3178633975481611 0.016748768472906402 0.01926444833625219
0 0.6448275862068965 0.2373029772329247 0.014778325123152709 0.021015761821366025
0 0.6448275862068965 0.05691768826619965 0.017733990147783252 0.02276707530647986
0 0.7620689655172413 0.14973730297723292 0.011822660098522168 0.02276707530647986
0 0.7699507389162562 0.48336252189141854 0.02561576354679803 0.03677758318739054
0 0.761576354679803 0.6567425569176882 0.016748768472906402 0.02626970227670753
0 0.7300492610837438 0.5770577933450087 0.0187192118226601 0.02276707530647986
0 0.6891625615763547 0.5630472854640981 0.03152709359605911 0.03502626970227671
0 0.6714285714285714 0.45971978984238177 0.014778325123152709 0.017513134851138354
1 0.5167487684729064 0.9824868651488616 0.11527093596059114 0.03502626970227671
1 0.29802955665024633 0.44658493870402804 0.05024630541871921 0.0595446584938704
1 0.30935960591133005 0.46322241681260945 0.08275862068965517 0.07180385288966724
1 0.28078817733990147 0.37040280210157617 0.07389162561576355 0.05779334500875657
1 0.2541871921182266 0.3563922942206655 0.06502463054187192 0.07530647985989491
1 0.2876847290640394 0.12521891418563924 0.03645320197044335 0.07005253940455342
1 0.38275862068965516 0.2670753064798599 0.059113300492610835 0.08231173380035026
1 0.387192118226601 0.2679509632224168 0.08768472906403942 0.09457092819614711
1 0.4064039408866995 0.37302977232924694 0.10443349753694581 0.08231173380035026
1 0.4911330049261084 0.46147110332749564 0.08177339901477833 0.06654991243432574
1 0.5566502463054187 0.4711033274956217 0.054187192118226604 0.07005253940455342
1 0.6231527093596059 0.38178633975481613 0.0374384236453202 0.06654991243432574
1 0.6408866995073892 0.37740805604203154 0.09753694581280788 0.13660245183887915
1 0.7029556650246306 0.31961471103327493 0.04334975369458128 0.0595446584938704
1 0.7561576354679803 0.42294220665499127 0.04532019704433497 0.06830122591943957
1 0.7123152709359606 0.4141856392294221 0.04926108374384237 0.07355516637478109
0 0.4827586206896552 0.7259194395796847 0.030541871921182268 0.0595446584938704
1 0.716256157635468 0.38704028021015763 0.06995073891625615 0.12609457092819615
1 0.7068965517241379 0.1690017513134851 0.04433497536945813 0.11208406304728546
1 0.7068965517241379 0.040280210157618214 0.04729064039408867 0.047285464098073555
1 0.7330049261083744 0.05516637478108581 0.04433497536945813 0.07180385288966724