0 0.92890625 0.06796875 0.140625 0.0734375
0 0.72734375 0.053125 0.0921875 0.0609375
0 0.80078125 0.11484375 0.0828125 0.05625
0 0.790625 0.2515625 0.109375 0.0875
0 0.9328125 0.39296875 0.134375 0.1015625
0 0.696875 0.56171875 0.2015625 0.18125
0 0.3359375 0.803125 0.3109375 0.19375
0 0.559375 0.3359375 0.209375 0.1625
0 0.4125 0.1296875 0.115625 0.0859375
0 0.59296875 0.08125 0.0734375 0.06875
0 0.478125 0.01171875 0.065625 0.0234375
0 0.1609375 0.05234375 0.0953125 0.05625
0 0.21953125 0.19375 0.14375 0.0828125