0 0.07109375 0.93203125 0.140625 0.0734375
0 0.27265625 0.946875 0.0921875 0.0609375
0 0.19921875 0.88515625 0.0828125 0.05625
0 0.209375 0.7484375 0.109375 0.0875
0 0.06640625 0.60546875 0.1328125 0.1015625
0 0.303125 0.43828125 0.2015625 0.18125
0 0.6640625 0.196875 0.3109375 0.19375
0 0.440625 0.6640625 0.209375 0.1625
0 0.5875 0.8703125 0.115625 0.0859375
0 0.40703125 0.91875 0.0734375 0.06875
0 0.521875 0.9875 0.065625 0.025
0 0.8390625 0.94765625 0.0953125 0.05625
0 0.78046875 0.80625 0.14375 0.0828125