0 0.03203125 0.11015625 0.0625 0.1359375
0 0.03515625 0.3125 0.053125 0.0875
0 0.08984375 0.23359375 0.05 0.078125
0 0.22734375 0.23203125 0.078125 0.103125
0 0.35546875 0.0703125 0.0890625 0.140625
0 0.54453125 0.2984375 0.165625 0.1875
0 0.81640625 0.63671875 0.16875 0.296875
0 0.33125 0.45546875 0.1453125 0.196875
0 0.1390625 0.61953125 0.0765625 0.109375
0 0.075 0.44375 0.0625 0.06875
0 0.0125 0.56484375 0.025 0.0640625
0 0.0109375 0.803125 0.021875 0.0640625
0 0.08359375 0.8765625 0.0484375 0.0921875
0 0.21953125 0.80625 0.071875 0.1375