1 0.988562091503268 0.67041015625 0.02287581699346405 0.037109375
0 0.15849673202614378 0.598876953125 0.023965141612200435 0.01416015625
0 0.2380174291938998 0.568603515625 0.0718954248366013 0.03955078125
0 0.17919389978213507 0.50439453125 0.0664488017429194 0.0419921875
0 0.06427015250544663 0.453125 0.05991285403050109 0.02197265625
0 0.02832244008714597 0.458740234375 0.02287581699346405 0.01416015625
0 0.02559912854030501 0.392578125 0.05119825708061002 0.02734375
0 0.15577342047930284 0.412109375 0.04793028322440087 0.021484375
0 0.19498910675381265 0.379150390625 0.02832244008714597 0.01123046875
0 0.2369281045751634 0.36376953125 0.04793028322440087 0.017578125
0 0.24836601307189543 0.32861328125 0.05337690631808279 0.0244140625
0 0.2717864923747277 0.293701171875 0.044662309368191724 0.009765625
0 0.2380174291938998 0.415771484375 0.0392156862745098 0.01806640625
0 0.3213507625272331 0.406982421875 0.0718954248366013 0.0224609375
0 0.36546840958605664 0.41064453125 0.07407407407407407 0.021484375
0 0.394880174291939 0.45703125 0.05010893246187364 0.01708984375
0 0.4150326797385621 0.515380859375 0.05991285403050109 0.02880859375
0 0.48366013071895425 0.478515625 0.02505446623093682 0.01611328125
0 0.5299564270152506 0.50537109375 0.02287581699346405 0.0146484375
0 0.5544662309368191 0.574951171875 0.06209150326797386 0.0478515625
0 0.49564270152505446 0.313720703125 0.044662309368191724 0.02001953125
0 0.5136165577342048 0.39111328125 0.0718954248366013 0.02392578125
0 0.5996732026143791 0.381591796875 0.044662309368191724 0.01708984375
0 0.6443355119825708 0.382080078125 0.06971677559912855 0.03271484375
0 0.7510893246187363 0.361572265625 0.04030501089324619 0.0146484375
0 0.7924836601307189 0.38037109375 0.03159041394335512 0.0107421875
0 0.761437908496732 0.27978515625 0.05119825708061002 0.02294921875
0 0.8823529411764706 0.24365234375 0.037037037037037035 0.005859375
0 0.9025054466230937 0.300048828125 0.06427015250544663 0.03564453125
0 0.11328976034858387 0.75244140625 0.0457516339869281 0.01416015625
0 0.20152505446623092 0.734619140625 0.027233115468409588 0.01708984375
0 0.19389978213507625 0.70751953125 0.04793028322440087 0.02490234375
0 0.22875816993464052 0.6650390625 0.02178649237472767 0.01171875
0 0.33169934640522875 0.6162109375 0.027233115468409588 0.0126953125
0 0.4079520697167756 0.612548828125 0.02505446623093682 0.015625
0 0.46350762527233114 0.609375 0.023965141612200435 0.01416015625
0 0.4035947712418301 0.732666015625 0.02832244008714597 0.0068359375
0 0.5027233115468409 0.664306640625 0.03594771241830065 0.02001953125
0 0.5190631808278867 0.692138671875 0.034858387799564274 0.01904296875
0 0.5245098039215687 0.71923828125 0.05664488017429194 0.0166015625
0 0.5757080610021786 0.662109375 0.05337690631808279 0.033203125
0 0.6546840958605664 0.688232421875 0.0392156862745098 0.0224609375
0 0.6753812636165577 0.642578125 0.09259259259259259 0.037109375
0 0.7450980392156863 0.6103515625 0.027233115468409588 0.01171875
0 0.704248366013072 0.59814453125 0.04139433551198257 0.02099609375
0 0.6808278867102396 0.5400390625 0.04139433551198257 0.0166015625
0 0.7576252723311547 0.508056640625 0.023965141612200435 0.0126953125
0 0.7510893246187363 0.477294921875 0.06209150326797386 0.041015625
0 0.80119825708061 0.489013671875 0.03376906318082789 0.0205078125
0 0.7832244008714597 0.458740234375 0.0457516339869281 0.03076171875
0 0.8856209150326797 0.480712890625 0.1318082788671024 0.0537109375
0 0.9177559912854031 0.437744140625 0.04030501089324619 0.02197265625
0 0.9678649237472767 0.570068359375 0.06209150326797386 0.02392578125
0 0.8877995642701525 0.578369140625 0.03812636165577342 0.02197265625
0 0.9651416122004357 0.63720703125 0.0457516339869281 0.02099609375
0 0.9771241830065359 0.613525390625 0.0457516339869281 0.02197265625
0 0.9842047930283224 0.6865234375 0.018518518518518517 0.00634765625
0 0.9901960784313726 0.662109375 0.0196078431372549 0.03515625