0 0.5664488017429193 0.278564453125 0.0664488017429194 0.017578125
1 0.105119825708061 0.796142578125 0.210239651416122 0.0986328125
1 0.3066448801742919 0.761474609375 0.23311546840958605 0.16650390625
1 0.8028322440087146 0.767333984375 0.11982570806100218 0.04345703125
1 0.6791938997821351 0.6943359375 0.3627450980392157 0.12841796875
1 0.5566448801742919 0.6083984375 0.11764705882352941 0.072265625
1 0.2434640522875817 0.539794921875 0.1830065359477124 0.052734375
1 0.2559912854030501 0.507080078125 0.18518518518518517 0.052734375
1 0.6726579520697168 0.516845703125 0.369281045751634 0.1376953125
1 0.8006535947712419 0.451416015625 0.39869281045751637 0.0927734375
1 0.880718954248366 0.40625 0.238562091503268 0.05029296875
1 0.15577342047930284 0.353515625 0.3115468409586057 0.10302734375
1 0.7505446623093682 0.294677734375 0.1721132897603486 0.06640625
0 0.0593681917211329 0.762451171875 0.0196078431372549 0.01025390625
0 0.9722222222222222 0.820556640625 0.05555555555555555 0.0517578125
0 0.8752723311546841 0.814697265625 0.06971677559912855 0.01513671875
0 0.6290849673202614 0.83935546875 0.02832244008714597 0.01123046875
0 0.7151416122004357 0.79443359375 0.026143790849673203 0.0126953125
0 0.6160130718954249 0.73974609375 0.032679738562091505 0.0107421875
0 0.4918300653594771 0.739990234375 0.0457516339869281 0.01953125
0 0.4542483660130719 0.68017578125 0.05337690631808279 0.0234375
0 0.5729847494553377 0.68310546875 0.044662309368191724 0.01708984375
0 0.8681917211328976 0.713623046875 0.034858387799564274 0.0126953125
0 0.7254901960784313 0.69873046875 0.0718954248366013 0.0322265625
0 0.6361655773420479 0.66943359375 0.042483660130718956 0.01611328125
0 0.5468409586056645 0.619384765625 0.0457516339869281 0.02197265625
0 0.6661220043572985 0.590087890625 0.10348583877995643 0.041015625
0 0.7979302832244008 0.631591796875 0.04357298474945534 0.01953125
0 0.9281045751633987 0.6318359375 0.08714596949891068 0.033203125
0 0.9836601307189542 0.59423828125 0.032679738562091505 0.0244140625
0 0.9640522875816994 0.57958984375 0.04793028322440087 0.0244140625
0 0.9896514161220044 0.559326171875 0.020697167755991286 0.0185546875
0 0.23093681917211328 0.681640625 0.020697167755991286 0.0087890625
0 0.3349673202614379 0.644287109375 0.07625272331154684 0.0498046875
0 0.2173202614379085 0.647705078125 0.09477124183006536 0.0390625
0 0.009259259259259259 0.636474609375 0.018518518518518517 0.0166015625
0 0.32298474945533767 0.61376953125 0.02832244008714597 0.01123046875
0 0.20261437908496732 0.578857421875 0.0664488017429194 0.02734375
0 0.315359477124183 0.57568359375 0.03812636165577342 0.02490234375
0 0.4019607843137255 0.55859375 0.02505446623093682 0.01025390625
0 0.5642701525054467 0.56982421875 0.0392156862745098 0.0185546875
0 0.616557734204793 0.5537109375 0.05337690631808279 0.017578125
0 0.5016339869281046 0.5419921875 0.026143790849673203 0.01318359375
0 0.6519607843137255 0.536865234375 0.027233115468409588 0.01513671875
0 0.6840958605664488 0.50830078125 0.07080610021786492 0.02490234375
0 0.6127450980392157 0.47705078125 0.02178649237472767 0.0224609375
0 0.008169934640522876 0.52587890625 0.016339869281045753 0.02294921875
0 0.04847494553376906 0.486328125 0.04139433551198257 0.015625
0 0.10076252723311546 0.451904296875 0.0392156862745098 0.01513671875
0 0.1840958605664488 0.429443359375 0.04030501089324619 0.01513671875
0 0.21241830065359477 0.41015625 0.04030501089324619 0.015625
0 0.4444444444444444 0.4833984375 0.03376906318082789 0.015625
0 0.5974945533769063 0.422119140625 0.03376906318082789 0.01806640625
0 0.8262527233115469 0.437255859375 0.05664488017429194 0.01513671875
0 0.6971677559912854 0.400390625 0.05555555555555555 0.0234375
0 0.9869281045751634 0.38720703125 0.026143790849673203 0.0126953125
0 0.9504357298474946 0.328369140625 0.09912854030501089 0.02392578125
0 0.909041394335512 0.21826171875 0.07407407407407407 0.03564453125
0 0.3088235294117647 0.3642578125 0.05991285403050109 0.025390625
0 0.47167755991285404 0.380615234375 0.03812636165577342 0.01904296875
0 0.5032679738562091 0.358642578125 0.037037037037037035 0.0166015625
0 0.7080610021786492 0.3583984375 0.07298474945533769 0.037109375
0 0.7418300653594772 0.333984375 0.05228758169934641 0.02392578125
0 0.6345315904139434 0.316650390625 0.05337690631808279 0.0361328125
0 0.03376906318082789 0.2998046875 0.05010893246187364 0.01904296875
0 0.5599128540305011 0.261962890625 0.05228758169934641 0.02587890625
0 0.4417211328976035 0.286865234375 0.12309368191721133 0.04736328125
0 0.0664488017429194 0.3173828125 0.054466230936819175 0.01806640625
0 0.09912854030501089 0.22314453125 0.09368191721132897 0.0224609375
0 0.21459694989106753 0.251953125 0.05664488017429194 0.02587890625
0 0.3055555555555556 0.28759765625 0.05773420479302832 0.02685546875
0 0.3720043572984749 0.324462890625 0.058823529411764705 0.02685546875