0 0.6176470588235294 0.282958984375 0.06971677559912855 0.0205078125
1 0.07679738562091504 0.776123046875 0.15359477124183007 0.10791015625
1 0.24673202614379086 0.7509765625 0.2701525054466231 0.1767578125
1 0.738562091503268 0.780029296875 0.12962962962962962 0.048828125
1 0.6328976034858388 0.70166015625 0.39106753812636164 0.14453125
1 0.5310457516339869 0.6103515625 0.13398692810457516 0.0771484375
1 0.23583877995642702 0.527587890625 0.19389978213507625 0.06103515625
1 0.25544662309368193 0.49560546875 0.19607843137254902 0.06103515625
1 0.6677559912854031 0.52490234375 0.3997821350762527 0.154296875
1 0.8006535947712419 0.465576171875 0.39869281045751637 0.11083984375
1 0.8877995642701525 0.424560546875 0.22440087145969498 0.06103515625
1 0.19172113289760348 0.338134765625 0.3333333333333333 0.1171875
1 0.7968409586056645 0.3076171875 0.18627450980392157 0.07421875
0 0.0054466230936819175 0.740478515625 0.010893246187363835 0.01123046875
0 0.894880174291939 0.8408203125 0.06753812636165578 0.05419921875
0 0.7995642701525054 0.83056640625 0.07298474945533769 0.0185546875
0 0.5490196078431373 0.843505859375 0.030501089324618737 0.0126953125
0 0.6454248366013072 0.802978515625 0.029411764705882353 0.013671875
0 0.559368191721133 0.743896484375 0.034858387799564274 0.01220703125
0 0.4357298474945534 0.73828125 0.05010893246187364 0.021484375
0 0.41230936819172115 0.677001953125 0.058823529411764705 0.02587890625
0 0.5299564270152506 0.685546875 0.04793028322440087 0.01904296875
0 0.8164488017429193 0.729736328125 0.03812636165577342 0.01416015625
0 0.6781045751633987 0.708251953125 0.07952069716775599 0.03564453125
0 0.5958605664488017 0.6748046875 0.0457516339869281 0.01806640625
0 0.5185185185185185 0.620849609375 0.05010893246187364 0.02392578125
0 0.6443355119825708 0.597412109375 0.11220043572984749 0.04541015625
0 0.7657952069716776 0.644775390625 0.04793028322440087 0.021484375
0 0.894880174291939 0.651123046875 0.09477124183006536 0.037109375
0 0.9591503267973857 0.616455078125 0.03812636165577342 0.02587890625
0 0.9428104575163399 0.600830078125 0.05337690631808279 0.0263671875
0 0.9733115468409586 0.58203125 0.02505446623093682 0.01953125
0 0.1900871459694989 0.66796875 0.02287581699346405 0.009765625
0 0.3022875816993464 0.6357421875 0.08714596949891068 0.05322265625
0 0.184640522875817 0.633544921875 0.10348583877995643 0.04345703125
0 0.2973856209150327 0.604736328125 0.030501089324618737 0.0126953125
0 0.18572984749455337 0.564453125 0.07298474945533769 0.0302734375
0 0.2984749455337691 0.566650390625 0.04357298474945534 0.0263671875
0 0.3888888888888889 0.5537109375 0.027233115468409588 0.01123046875
0 0.5473856209150327 0.572509765625 0.04357298474945534 0.0205078125
0 0.6034858387799564 0.558837890625 0.05664488017429194 0.02001953125
0 0.4918300653594771 0.541748046875 0.029411764705882353 0.01416015625
0 0.6427015250544662 0.543701171875 0.030501089324618737 0.01611328125
0 0.6813725490196079 0.516845703125 0.07625272331154684 0.0283203125
0 0.6176470588235294 0.482421875 0.027233115468409588 0.0234375
0 0.007625272331154684 0.50244140625 0.015250544662309368 0.0234375
0 0.05392156862745098 0.46533203125 0.044662309368191724 0.017578125
0 0.11437908496732026 0.433349609375 0.042483660130718956 0.01708984375
0 0.20206971677559912 0.4150390625 0.04357298474945534 0.01708984375
0 0.23474945533769062 0.397216796875 0.04357298474945534 0.017578125
0 0.44880174291938996 0.48095703125 0.037037037037037035 0.01708984375
0 0.6149237472766884 0.427001953125 0.03812636165577342 0.01953125
0 0.8393246187363834 0.452880859375 0.05991285403050109 0.017578125
0 0.7194989106753813 0.41015625 0.06100217864923747 0.02587890625
0 0.9678649237472767 0.35009765625 0.06427015250544663 0.0283203125
0 0.9656862745098039 0.23876953125 0.06862745098039216 0.0390625
0 0.3415032679738562 0.35595703125 0.06535947712418301 0.02783203125
0 0.49945533769063183 0.3798828125 0.042483660130718956 0.0205078125
0 0.5359477124183006 0.359619140625 0.04030501089324619 0.01806640625
0 0.7401960784313726 0.368896484375 0.08169934640522876 0.04052734375
0 0.7794117647058824 0.34619140625 0.05773420479302832 0.0263671875
0 0.6764705882352942 0.323974609375 0.06100217864923747 0.03857421875
0 0.08278867102396514 0.279052734375 0.054466230936819175 0.021484375
0 0.6149237472766884 0.26611328125 0.05773420479302832 0.0283203125
0 0.4918300653594771 0.285400390625 0.13398692810457516 0.052734375
0 0.1116557734204793 0.298095703125 0.058823529411764705 0.0205078125
0 0.1661220043572985 0.205810546875 0.09803921568627451 0.02685546875
0 0.2739651416122004 0.239990234375 0.06209150326797386 0.0283203125
0 0.3562091503267974 0.279541015625 0.06318082788671024 0.029296875
0 0.4133986928104575 0.3193359375 0.06427015250544663 0.029296875