0 0.39923747276688454 0.71875 0.06862745098039216 0.01953125
1 0.9133986928104575 0.217041015625 0.17320261437908496 0.10498046875
1 0.7336601307189542 0.2451171875 0.2581699346405229 0.17333984375
1 0.23965141612200436 0.223876953125 0.12636165577342048 0.046875
1 0.35130718954248363 0.300537109375 0.38235294117647056 0.1396484375
1 0.460239651416122 0.39013671875 0.12854030501089325 0.07568359375
1 0.7619825708061002 0.46826171875 0.1906318082788671 0.05810546875
1 0.7445533769063181 0.50048828125 0.19281045751633988 0.05859375
1 0.33061002178649235 0.477783203125 0.3899782135076253 0.14892578125
1 0.19880174291938998 0.538818359375 0.39760348583877997 0.10498046875
1 0.11437908496732026 0.58154296875 0.22875816993464052 0.0576171875
1 0.8208061002178649 0.656982421875 0.32679738562091504 0.1123046875
1 0.2178649237472767 0.697021484375 0.18191721132897604 0.07177734375
0 0.9803921568627451 0.251953125 0.020697167755991286 0.0107421875
0 0.0789760348583878 0.16552734375 0.06318082788671024 0.05322265625
0 0.17483660130718953 0.17431640625 0.0718954248366013 0.01708984375
0 0.42429193899782136 0.157470703125 0.030501089324618737 0.01220703125
0 0.3311546840958606 0.199462890625 0.02832244008714597 0.013671875
0 0.4215686274509804 0.25732421875 0.03376906318082789 0.01171875
0 0.545751633986928 0.2607421875 0.049019607843137254 0.02099609375
0 0.5735294117647058 0.32177734375 0.05664488017429194 0.02490234375
0 0.45588235294117646 0.31494140625 0.046840958605664486 0.0185546875
0 0.1661220043572985 0.275390625 0.037037037037037035 0.013671875
0 0.30610021786492375 0.294677734375 0.07625272331154684 0.0341796875
0 0.39052287581699346 0.32666015625 0.044662309368191724 0.017578125
0 0.47167755991285404 0.37939453125 0.049019607843137254 0.0234375
0 0.3480392156862745 0.405029296875 0.11002178649237472 0.0439453125
0 0.2233115468409586 0.359375 0.046840958605664486 0.02099609375
0 0.09368191721132897 0.35498046875 0.09259259259259259 0.03564453125
0 0.03213507625272331 0.390869140625 0.03594771241830065 0.025390625
0 0.049564270152505446 0.406005859375 0.05119825708061002 0.02587890625
0 0.020697167755991286 0.425537109375 0.023965141612200435 0.01904296875
0 0.7968409586056645 0.3271484375 0.02178649237472767 0.00927734375
0 0.6868191721132898 0.361328125 0.08387799564270153 0.05224609375
0 0.8050108932461874 0.361572265625 0.10021786492374728 0.0419921875
0 0.6944444444444444 0.39208984375 0.030501089324618737 0.01220703125
0 0.8088235294117647 0.4306640625 0.07080610021786492 0.029296875
0 0.696078431372549 0.43017578125 0.04139433551198257 0.02587890625
0 0.6067538126361656 0.444580078125 0.026143790849673203 0.01123046875
0 0.4466230936819172 0.42822265625 0.042483660130718956 0.01953125
0 0.39215686274509803 0.44287109375 0.05555555555555555 0.01904296875
0 0.5049019607843137 0.4580078125 0.02832244008714597 0.01416015625
0 0.3540305010893246 0.45849609375 0.029411764705882353 0.01611328125
0 0.3175381263616558 0.486083984375 0.07407407407407407 0.02685546875
0 0.3839869281045752 0.519287109375 0.02505446623093682 0.02294921875
0 0.9923747276688453 0.4892578125 0.015250544662309368 0.0234375
0 0.9482570806100218 0.52783203125 0.04357298474945534 0.01708984375
0 0.8905228758169934 0.560546875 0.04139433551198257 0.01611328125
0 0.803921568627451 0.580322265625 0.042483660130718956 0.0166015625
0 0.7728758169934641 0.5986328125 0.042483660130718956 0.01708984375
0 0.5528322440087146 0.518310546875 0.03594771241830065 0.0166015625
0 0.39052287581699346 0.57470703125 0.037037037037037035 0.01904296875
0 0.1650326797385621 0.552490234375 0.058823529411764705 0.01708984375
0 0.2875816993464052 0.59326171875 0.058823529411764705 0.02490234375
0 0.0054466230936819175 0.59716796875 0.010893246187363835 0.013671875
0 0.03758169934640523 0.656982421875 0.07516339869281045 0.02685546875
0 0.04793028322440087 0.768310546875 0.07952069716775599 0.0380859375
0 0.6693899782135077 0.641357421875 0.06318082788671024 0.02734375
0 0.5098039215686274 0.619873046875 0.04139433551198257 0.02001953125
0 0.4749455337690632 0.640869140625 0.0392156862745098 0.017578125
0 0.2701525054466231 0.634765625 0.0784313725490196 0.0390625
0 0.23311546840958605 0.657958984375 0.05555555555555555 0.025390625
0 0.3371459694989107 0.6787109375 0.058823529411764705 0.03759765625
0 0.9340958605664488 0.71435546875 0.05337690631808279 0.0205078125
0 0.40305010893246185 0.735595703125 0.05664488017429194 0.02734375
0 0.5250544662309368 0.71435546875 0.12962962962962962 0.05126953125
0 0.9041394335511983 0.69580078125 0.05664488017429194 0.01953125
0 0.8567538126361656 0.788818359375 0.09694989106753812 0.025390625
0 0.7461873638344226 0.75634765625 0.06100217864923747 0.02734375
0 0.6606753812636166 0.718017578125 0.06209150326797386 0.02880859375
0 0.6002178649237473 0.67919921875 0.06318082788671024 0.02880859375