0 0.20768229166666666 0.560302734375 0.20572916666666666 0.1669921875
0 0.1943359375 0.6689453125 0.287109375 0.130859375
0 0.3580729166666667 0.736328125 0.267578125 0.12109375
0 0.3264973958333333 0.8388671875 0.09375 0.04052734375
0 0.2737630208333333 0.86376953125 0.1171875 0.05078125
0 0.4469401041666667 0.863037109375 0.07356770833333333 0.02978515625
0 0.5784505208333334 0.87939453125 0.08203125 0.03173828125
0 0.5621744791666666 0.916748046875 0.15169270833333334 0.0634765625
0 0.6722005208333334 0.552001953125 0.036458333333333336 0.01025390625
0 0.8844401041666666 0.532958984375 0.06640625 0.11474609375
0 0.8948567708333334 0.651611328125 0.14908854166666666 0.064453125
0 0.20963541666666666 0.45263671875 0.15755208333333334 0.1083984375
0 0.7861328125 0.43896484375 0.027994791666666668 0.02783203125
0 0.4925130208333333 0.38525390625 0.025390625 0.06396484375
0 0.4925130208333333 0.308837890625 0.020182291666666668 0.0537109375
0 0.708984375 0.152587890625 0.06315104166666667 0.0869140625
0 0.5849609375 0.026611328125 0.06315104166666667 0.048828125