0 0.7893880208333334 0.43212890625 0.21354166666666666 0.17236328125
0 0.7975260416666666 0.3232421875 0.29296875 0.13818359375
0 0.630859375 0.260009765625 0.2727864583333333 0.1279296875
0 0.6575520833333334 0.15673828125 0.095703125 0.04296875
0 0.7093098958333334 0.130615234375 0.11979166666666667 0.0537109375
0 0.5361328125 0.1357421875 0.07486979166666667 0.03173828125
0 0.4039713541666667 0.122802734375 0.08333333333333333 0.03369140625
0 0.4186197916666667 0.085205078125 0.154296875 0.0673828125
0 0.3255208333333333 0.45263671875 0.037109375 0.01123046875
0 0.1142578125 0.47705078125 0.07161458333333333 0.1162109375
0 0.09830729166666667 0.35888671875 0.15169270833333334 0.068359375
0 0.7923177083333334 0.539794921875 0.16276041666666666 0.1123046875
0 0.216796875 0.568603515625 0.029296875 0.0283203125
0 0.5126953125 0.614501953125 0.028645833333333332 0.064453125
0 0.5162760416666666 0.69091796875 0.022786458333333332 0.05419921875
0 0.3072916666666667 0.852783203125 0.06705729166666667 0.08837890625
0 0.4368489583333333 0.97509765625 0.06510416666666667 0.0498046875