0 0.2197265625 0.16162109375 0.046875 0.0380859375
0 0.25 0.374267578125 0.16080729166666666 0.09326171875
0 0.6676432291666666 0.73681640625 0.119140625 0.080078125
0 0.6233723958333334 0.794677734375 0.09505208333333333 0.06982421875
0 0.4664713541666667 0.8056640625 0.08268229166666667 0.08056640625
0 0.4176432291666667 0.7041015625 0.10807291666666667 0.09716796875
0 0.2985026041666667 0.661376953125 0.12109375 0.10888671875
0 0.21484375 0.838623046875 0.10416666666666667 0.03466796875
0 0.1064453125 0.152099609375 0.044270833333333336 0.05810546875
0 0.09505208333333333 0.23876953125 0.052083333333333336 0.06787109375
0 0.08919270833333333 0.295166015625 0.045572916666666664 0.05517578125
0 0.10677083333333333 0.39501953125 0.10026041666666667 0.11669921875
0 0.0341796875 0.37060546875 0.046223958333333336 0.08544921875
0 0.2978515625 0.135498046875 0.15559895833333334 0.076171875
0 0.6979166666666666 0.8896484375 0.022135416666666668 0.0146484375
0 0.7877604166666666 0.874267578125 0.041015625 0.0263671875
0 0.8544921875 0.8046875 0.018229166666666668 0.01708984375
0 0.8460286458333334 0.823974609375 0.03125 0.0234375
0 0.9046223958333334 0.65283203125 0.0234375 0.01025390625
0 0.7828776041666666 0.585205078125 0.1484375 0.08837890625
0 0.8603515625 0.312255859375 0.06770833333333333 0.04052734375
0 0.8671875 0.241455078125 0.078125 0.02099609375
0 0.759765625 0.238037109375 0.09375 0.02783203125
0 0.669921875 0.41943359375 0.043619791666666664 0.0244140625
0 0.5250651041666666 0.322509765625 0.020182291666666668 0.02783203125
0 0.5517578125 0.27685546875 0.1015625 0.05859375
0 0.5598958333333334 0.433349609375 0.09765625 0.06005859375
0 0.5328776041666666 0.48974609375 0.16015625 0.0693359375