0 0.5794270833333334 0.807861328125 0.080078125 0.04931640625
0 0.6165364583333334 0.593017578125 0.041666666666666664 0.03125
0 0.6468098958333334 0.617919921875 0.031901041666666664 0.0322265625
0 0.74609375 0.7353515625 0.07291666666666667 0.0615234375
0 0.8271484375 0.569580078125 0.08268229166666667 0.0654296875
0 0.8681640625 0.69677734375 0.061197916666666664 0.05517578125
0 0.7900390625 0.786865234375 0.035807291666666664 0.0302734375
0 0.9554036458333334 0.828857421875 0.034505208333333336 0.05029296875
0 0.4124348958333333 0.12451171875 0.022135416666666668 0.01123046875
1 0.4752604166666667 0.153076171875 0.18294270833333334 0.06982421875
0 0.40625 0.8193359375 0.0625 0.04150390625
0 0.17545572916666666 0.3759765625 0.10026041666666667 0.07275390625
0 0.16666666666666666 0.448486328125 0.10221354166666667 0.06982421875
0 0.0146484375 0.47509765625 0.029296875 0.0751953125
1 0.4166666666666667 0.450927734375 0.3190104166666667 0.1357421875
1 0.4049479166666667 0.575927734375 0.318359375 0.13818359375