0 0.09602864583333333 0.580810546875 0.060546875 0.05712890625
0 0.3844401041666667 0.59375 0.0390625 0.029296875
0 0.353515625 0.6181640625 0.041015625 0.02197265625
0 0.2041015625 0.700439453125 0.07747395833333333 0.05078125
0 0.4303385416666667 0.74951171875 0.08203125 0.05810546875
0 0.2639973958333333 0.7890625 0.06966145833333333 0.04248046875
0 0.138671875 0.737060546875 0.038411458333333336 0.02490234375
0 0.09440104166666667 0.871826171875 0.06510416666666667 0.0380859375
0 0.9931640625 0.408203125 0.013671875 0.01611328125
1 0.9596354166666666 0.457275390625 0.08072916666666667 0.13330078125
0 0.06868489583333333 0.4521484375 0.051432291666666664 0.04443359375
0 0.6422526041666666 0.24853515625 0.09049479166666667 0.07080078125
0 0.5452473958333334 0.2470703125 0.08658854166666667 0.072265625
0 0.4986979166666667 0.1015625 0.09895833333333333 0.083984375
1 0.5595703125 0.434326171875 0.16015625 0.2314453125
1 0.3922526041666667 0.43408203125 0.16341145833333334 0.23095703125