0 0.1044921875 0.601806640625 0.06575520833333333 0.06005859375
0 0.3935546875 0.599609375 0.041666666666666664 0.03125
0 0.3649088541666667 0.62548828125 0.04296875 0.02392578125
0 0.22330729166666666 0.71533203125 0.08203125 0.0546875
0 0.4537760416666667 0.75244140625 0.08723958333333333 0.06201171875
0 0.2913411458333333 0.80078125 0.07356770833333333 0.0458984375
0 0.16145833333333334 0.75537109375 0.040364583333333336 0.02685546875
0 0.1298828125 0.89208984375 0.068359375 0.04150390625
0 0.9833984375 0.382568359375 0.014973958333333334 0.0166015625
1 0.9537760416666666 0.433349609375 0.09244791666666667 0.13720703125
0 0.0654296875 0.474853515625 0.055338541666666664 0.046875
0 0.6184895833333334 0.24169921875 0.09700520833333333 0.0751953125
0 0.521484375 0.245361328125 0.09309895833333333 0.07666015625
0 0.4615885416666667 0.1025390625 0.10677083333333333 0.0888671875
1 0.5533854166666666 0.431396484375 0.18098958333333334 0.2392578125
1 0.3863932291666667 0.43994140625 0.18424479166666666 0.23876953125