0 0.72109375 0.79296875 0.190625 0.21875
0 0.8 0.61015625 0.11875 0.1484375
0 0.84765625 0.375 0.14375 0.15625
0 0.70703125 0.24609375 0.159375 0.14375
0 0.71171875 0.3671875 0.1421875 0.1484375
0 0.74375 0.4875 0.16875 0.16875
0 0.71171875 0.59453125 0.109375 0.115625
0 0.56796875 0.87890625 0.1203125 0.1328125
0 0.4390625 0.82578125 0.0984375 0.1078125
0 0.50546875 0.67109375 0.1625 0.20625
0 0.61953125 0.540625 0.10625 0.1015625
0 0.59453125 0.4359375 0.115625 0.1390625
0 0.5953125 0.3140625 0.1265625 0.134375
0 0.503125 0.371875 0.125 0.1375
0 0.459375 0.290625 0.1296875 0.11875
0 0.39140625 0.44453125 0.1109375 0.128125
0 0.41328125 0.559375 0.11875 0.140625
0 0.35 0.6484375 0.1296875 0.128125
0 0.3703125 0.7453125 0.103125 0.125
0 0.2140625 0.603125 0.1828125 0.184375
0 0.3140625 0.5484375 0.1015625 0.103125
0 0.275 0.4453125 0.1125 0.128125
0 0.1734375 0.46171875 0.128125 0.1671875
0 0.16953125 0.29453125 0.128125 0.1578125
0 0.31328125 0.3078125 0.159375 0.2