0 0.21796875 0.2640625 0.1875 0.215625
0 0.1828125 0.46015625 0.1171875 0.146875
0 0.18984375 0.7 0.1421875 0.1546875
0 0.35546875 0.79375 0.1578125 0.140625
0 0.3234375 0.67734375 0.140625 0.146875
0 0.26484375 0.5671875 0.1671875 0.1671875
0 0.271875 0.45546875 0.1078125 0.1140625
0 0.34921875 0.14609375 0.11875 0.13125
0 0.48671875 0.16875 0.096875 0.1078125
0 0.45625 0.33515625 0.159375 0.2046875
0 0.37421875 0.4875 0.1046875 0.1
0 0.42265625 0.58359375 0.1125 0.1375
0 0.44921875 0.70234375 0.125 0.1328125
0 0.52578125 0.625 0.1234375 0.1359375
0 0.58671875 0.6953125 0.128125 0.115625
0 0.61875 0.52890625 0.1078125 0.1265625
0 0.57109375 0.42265625 0.1171875 0.1390625
0 0.6125 0.321875 0.128125 0.125
0 0.57109375 0.23203125 0.1015625 0.1234375
0 0.75546875 0.33515625 0.18125 0.18125
0 0.6703125 0.4109375 0.1 0.1015625
0 0.73125 0.50234375 0.109375 0.1265625
0 0.8265625 0.4640625 0.125 0.165625
0 0.86796875 0.62578125 0.125 0.15625
0 0.725 0.6453125 0.15625 0.1984375