0 0.7818181818181819 0.9272727272727272 0.06363636363636363 0.04
0 0.4809090909090909 0.9081818181818182 0.07090909090909091 0.05272727272727273
0 0.7227272727272728 0.8959090909090909 0.056363636363636366 0.053636363636363635
0 0.8359090909090909 0.8859090909090909 0.03363636363636364 0.053636363636363635
0 0.15772727272727272 0.8904545454545455 0.06454545454545454 0.06636363636363636
0 0.2609090909090909 0.8859090909090909 0.06181818181818182 0.05909090909090909
0 0.7913636363636364 0.8709090909090909 0.05181818181818182 0.05272727272727273
0 0.5609090909090909 0.8640909090909091 0.07272727272727272 0.06454545454545454
0 0.7518181818181818 0.845 0.05272727272727273 0.04454545454545455
0 0.6877272727272727 0.8454545454545455 0.053636363636363635 0.06181818181818182
0 0.4627272727272727 0.8436363636363636 0.10363636363636364 0.06181818181818182
0 0.20045454545454544 0.835 0.07909090909090909 0.06818181818181818
0 0.8163636363636364 0.8209090909090909 0.05454545454545454 0.04727272727272727
0 0.7263636363636363 0.8013636363636364 0.038181818181818185 0.05181818181818182
0 0.26545454545454544 0.8027272727272727 0.07272727272727272 0.06181818181818182
0 0.14909090909090908 0.8 0.06 0.06181818181818182
0 0.7668181818181818 0.7818181818181819 0.035454545454545454 0.04909090909090909
0 0.7727272727272727 0.6504545454545455 0.10181818181818182 0.09181818181818181
0 0.3431818181818182 0.6477272727272727 0.08636363636363636 0.09
0 0.25227272727272726 0.639090909090909 0.08818181818181818 0.10727272727272727
0 0.665 0.6286363636363637 0.09727272727272727 0.09545454545454546
0 0.395 0.5690909090909091 0.0809090909090909 0.08181818181818182
0 0.3159090909090909 0.5563636363636364 0.08454545454545455 0.08545454545454545
0 0.22636363636363635 0.5490909090909091 0.07636363636363637 0.08363636363636363
0 0.8295454545454546 0.5545454545454546 0.09 0.10181818181818182
0 0.7404545454545455 0.5459090909090909 0.09181818181818181 0.1009090909090909
0 0.65 0.5390909090909091 0.08363636363636363 0.08727272727272728
0 0.7872727272727272 0.4159090909090909 0.15636363636363637 0.08818181818181818
0 0.3245454545454545 0.4036363636363636 0.11090909090909092 0.09818181818181818
0 0.6509090909090909 0.39636363636363636 0.10181818181818182 0.10363636363636364
0 0.1990909090909091 0.40136363636363637 0.11636363636363636 0.11363636363636363
0 0.39590909090909093 0.3281818181818182 0.10818181818181818 0.09636363636363636
0 0.610909090909091 0.3040909090909091 0.11818181818181818 0.06454545454545454
0 0.2731818181818182 0.30863636363636365 0.10636363636363637 0.0809090909090909
0 0.14681818181818182 0.3090909090909091 0.13363636363636364 0.08363636363636363
0 0.8472727272727273 0.30954545454545457 0.10363636363636364 0.11363636363636363
0 0.730909090909091 0.30772727272727274 0.10363636363636364 0.12454545454545454
0 0.49363636363636365 0.11272727272727273 0.27090909090909093 0.14
0 0.8763636363636363 0.11227272727272727 0.19090909090909092 0.14636363636363636
0 0.7068181818181818 0.10727272727272727 0.12090909090909091 0.14181818181818182
0 0.1759090909090909 0.11772727272727272 0.2990909090909091 0.18818181818181817