0 0.21875 0.040625 0.11875 0.059375
0 0.3515625 0.021875 0.0734375 0.0328125
0 0.328125 0.06640625 0.0578125 0.046875
0 0.053125 0.09453125 0.0296875 0.0453125
0 0.13828125 0.1859375 0.2765625 0.23125
0 0.2890625 0.3 0.0734375 0.0765625
0 0.3671875 0.24921875 0.109375 0.0984375
0 0.0171875 0.31796875 0.034375 0.0484375
0 0.01015625 0.37265625 0.0203125 0.0296875
0 0.03046875 0.42265625 0.03125 0.021875
0 0.32421875 0.36171875 0.0359375 0.034375
0 0.45625 0.1265625 0.0578125 0.0609375
0 0.553125 0.0515625 0.0921875 0.096875
0 0.80703125 0.025 0.0640625 0.05
0 0.696875 0.1109375 0.0609375 0.040625
0 0.7328125 0.1703125 0.0609375 0.0453125
0 0.7015625 0.23515625 0.134375 0.128125
0 0.809375 0.28828125 0.028125 0.0296875
0 0.8484375 0.215625 0.059375 0.04375
0 0.94453125 0.21875 0.0859375 0.0546875
0 0.909375 0.3046875 0.028125 0.0265625
0 0.9453125 0.3421875 0.0921875 0.059375
0 0.96953125 0.40078125 0.05625 0.0921875
0 0.86953125 0.39609375 0.09375 0.0453125
0 0.89296875 0.475 0.0671875 0.04375
0 0.9671875 0.58671875 0.065625 0.0609375
0 0.88046875 0.640625 0.1203125 0.103125
0 0.88046875 0.70390625 0.0625 0.0421875
0 0.79296875 0.55078125 0.034375 0.028125
0 0.9796875 0.7578125 0.0375 0.0296875
0 0.9828125 0.78828125 0.034375 0.0578125
0 0.98125 0.890625 0.0375 0.059375
0 0.93359375 0.8890625 0.0546875 0.0609375
0 0.85625 0.8484375 0.071875 0.03125
0 0.8 0.8734375 0.0671875 0.0359375
0 0.76640625 0.74375 0.0546875 0.0703125
0 0.7578125 0.7796875 0.0734375 0.0625
0 0.5640625 0.84296875 0.0328125 0.0234375
0 0.5546875 0.790625 0.0484375 0.021875
0 0.5546875 0.91015625 0.0265625 0.0203125
0 0.59921875 0.915625 0.025 0.0203125
0 0.47578125 0.865625 0.071875 0.0703125
0 0.20703125 0.821875 0.0359375 0.025
0 0.2484375 0.828125 0.0359375 0.025
0 0.1328125 0.8484375 0.05 0.0296875
0 0.1640625 0.871875 0.04375 0.0296875
0 0.11875 0.7515625 0.0765625 0.071875
0 0.040625 0.74453125 0.0578125 0.028125
0 0.03125 0.68984375 0.025 0.0265625
0 0.040625 0.659375 0.028125 0.025
0 0.04375 0.6265625 0.0375 0.0390625
0 0.0765625 0.59375 0.015625 0.0203125
0 0.16484375 0.62890625 0.0265625 0.021875
0 0.18984375 0.55859375 0.0265625 0.034375
0 0.28671875 0.63203125 0.040625 0.0265625
0 0.36796875 0.6 0.059375 0.046875
0 0.3734375 0.559375 0.0515625 0.0359375
0 0.48046875 0.634375 0.09375 0.065625
0 0.50234375 0.590625 0.0609375 0.0484375
0 0.5828125 0.6328125 0.075 0.0609375
0 0.54140625 0.5203125 0.05 0.046875
0 0.5125 0.54765625 0.0328125 0.034375
0 0.690625 0.5109375 0.1265625 0.0875
0 0.72109375 0.46640625 0.0375 0.0421875
0 0.42578125 0.51796875 0.1171875 0.0921875
0 0.23515625 0.484375 0.1078125 0.0671875
0 0.28671875 0.5203125 0.034375 0.0234375
0 0.05078125 0.52734375 0.1015625 0.1046875
0 0.49921875 0.34921875 0.1 0.071875
0 0.5734375 0.296875 0.0921875 0.0609375
0 0.53046875 0.23359375 0.078125 0.1015625
0 0.7171875 0.3390625 0.1640625 0.14375