0 0.8822727272727273 0.8427272727272728 0.17181818181818181 0.14363636363636365
0 0.5913636363636363 0.8486363636363636 0.17909090909090908 0.18636363636363637
0 0.19454545454545455 0.8095454545454546 0.16363636363636364 0.15
0 0.34954545454545455 0.8018181818181818 0.13545454545454547 0.14727272727272728
0 0.735 0.76 0.13363636363636364 0.11636363636363636
0 0.10636363636363637 0.6990909090909091 0.1509090909090909 0.11636363636363636
0 0.4027272727272727 0.6859090909090909 0.14 0.11727272727272728
0 0.6236363636363637 0.685 0.14363636363636365 0.13545454545454547
0 0.255 0.6677272727272727 0.1390909090909091 0.12818181818181817
0 0.8613636363636363 0.6713636363636364 0.12090909090909091 0.14272727272727273
0 0.40045454545454545 0.4868181818181818 0.18272727272727274 0.12272727272727273
0 0.5936363636363636 0.4818181818181818 0.17636363636363636 0.13636363636363635
0 0.3336363636363636 0.37227272727272726 0.12363636363636364 0.12818181818181817
0 0.6122727272727273 0.3609090909090909 0.14636363636363636 0.12363636363636364
0 0.4668181818181818 0.3613636363636364 0.13363636363636364 0.13727272727272727
0 0.20227272727272727 0.255 0.06818181818181818 0.060909090909090906
0 0.125 0.25 0.06818181818181818 0.06727272727272728
0 0.6868181818181818 0.23318181818181818 0.11181818181818182 0.08636363636363636
0 0.2540909090909091 0.22136363636363637 0.07 0.06818181818181818
0 0.795 0.23272727272727273 0.06818181818181818 0.10363636363636364
0 0.17681818181818182 0.21181818181818182 0.07909090909090909 0.06909090909090909
0 0.08318181818181818 0.20954545454545453 0.08818181818181818 0.06454545454545454
0 0.8763636363636363 0.19227272727272726 0.09090909090909091 0.07181818181818182
0 0.27454545454545454 0.16045454545454546 0.06909090909090909 0.05181818181818182
0 0.19954545454545455 0.16272727272727272 0.06636363636363636 0.06727272727272728
0 0.06363636363636363 0.15181818181818182 0.06727272727272728 0.04909090909090909
0 0.7909090909090909 0.14954545454545454 0.09818181818181818 0.05181818181818182
0 0.13136363636363638 0.15227272727272728 0.057272727272727274 0.057272727272727274
0 0.6172727272727273 0.16954545454545455 0.07454545454545454 0.09363636363636364
0 0.6981818181818182 0.15 0.08181818181818182 0.08727272727272728
0 0.2559090909090909 0.11045454545454546 0.06818181818181818 0.046363636363636364
0 0.18136363636363637 0.11272727272727273 0.06272727272727273 0.056363636363636366
0 0.10545454545454545 0.09818181818181818 0.06727272727272728 0.04
0 0.8695454545454545 0.10181818181818182 0.060909090909090906 0.07636363636363637
0 0.6472727272727272 0.09045454545454545 0.07272727272727272 0.06818181818181818
0 0.245 0.0659090909090909 0.05909090909090909 0.04818181818181818
0 0.1290909090909091 0.0659090909090909 0.04909090909090909 0.053636363636363635
0 0.8018181818181818 0.07818181818181819 0.07454545454545454 0.09454545454545454
0 0.715 0.06681818181818182 0.07 0.07363636363636364
0 0.18818181818181817 0.05863636363636364 0.06363636363636363 0.057272727272727274