1 0.6625 0.43896713615023475 0.1325 0.09671361502347418
1 0.1859875 0.2678779342723005 0.27675 0.1504131455399061
1 0.186625 0.35965258215962437 0.2869625 0.14537089201877934
1 0.483125 0.43051643192488265 0.08375 0.06103286384976526
1 0.58155 0.4953521126760563 0.1553875 0.16797183098591548
0 0.76875 0.3586854460093897 0.03 0.05821596244131456
0 0.7680875 0.25539906103286386 0.0987125 0.06948356807511737
1 0.3676 0.44573708920187793 0.0425 0.030985915492957747
0 0.8137375 0.32546478873239437 0.0711625 0.07907981220657277
1 0.19547499999999998 0.38036619718309855 0.22344999999999998 0.060272300469483564
0 0.025 0.14084507042253522 0.04 0.011267605633802818
0 0.02375 0.08215962441314555 0.025 0.014084507042253521
0 0.110625 0.29014084507042254 0.01125 0.011267605633802818
0 0.03125 0.19107981220657277 0.01 0.01784037558685446
0 0.01375 0.207981220657277 0.01 0.01784037558685446
0 0.048125 0.1295774647887324 0.01125 0.018779342723004695
0 0.085625 0.21830985915492956 0.01875 0.010328638497652582
0 0.076875 0.13615023474178403 0.01875 0.011267605633802818
0 0.04625 0.1812206572769953 0.0175 0.011267605633802818
0 0.0225 0.20751173708920187 0.01 0.015023474178403756
0 0.14154999999999998 0.0736244131455399 0.01 0.007511737089201878
0 0.555 0.1056338028169014 0.0275 0.027230046948356807
0 0.475625 0.2568075117370892 0.01125 0.010328638497652582
0 0.586875 0.1699530516431925 0.01375 0.013145539906103286
0 0.69375 0.23286384976525823 0.045 0.024413145539906103
0 0.925 0.28497652582159627 0.03 0.0215962441314554
0 0.909375 0.3023474178403756 0.03125 0.022535211267605635
0 0.733825 0.15909859154929576 0.01 0.008450704225352112
0 0.709375 0.24553990610328638 0.01375 0.010328638497652582
0 0.835625 0.12910798122065728 0.01125 0.014084507042253521
0 0.991875 0.053051643192488264 0.01125 0.008450704225352112
0 0.829375 0.21971830985915494 0.00875 0.013145539906103286
0 0.188125 0.4469483568075117 0.03625 0.03004694835680751
0 0.036875 0.6248826291079812 0.01875 0.012206572769953052
0 0.0125 0.4244131455399061 0.025 0.03380281690140845
0 0.215625 0.42018779342723006 0.02875 0.01971830985915493
0 0.015625 0.4821596244131455 0.03125 0.03474178403755868
0 0.005625 0.44553990610328637 0.01125 0.010328638497652582
0 0.2 0.523943661971831 0.0125 0.016901408450704224
0 0.4475 0.468075117370892 0.035 0.01971830985915493
0 0.43875 0.5084507042253521 0.035 0.0215962441314554
0 0.33558750000000004 0.41455399061032866 0.041325 0.023474178403755867
1 0.410625 0.49107981220657276 0.03875 0.03004694835680751
0 0.5675 0.460093896713615 0.0125 0.011267605633802818
0 0.491875 0.43708920187793426 0.00875 0.008450704225352112
0 0.73625 0.5056338028169014 0.045 0.023474178403755867
0 0.94125 0.5596244131455399 0.03 0.020657276995305163
0 0.878125 0.4563380281690141 0.02125 0.015023474178403756
0 0.759375 0.3971830985915493 0.01625 0.013145539906103286
0 0.76125 0.41737089201877936 0.015 0.012206572769953052
0 0.783125 0.5591549295774648 0.01625 0.006572769953051643
0 0.773125 0.5892018779342723 0.01625 0.006572769953051643
0 0.74625 0.4704225352112676 0.015 0.007511737089201878
0 0.018825 0.04711737089201878 0.010775 0.01483568075117371
0 0.003 0.4810985915492958 0.0060125 0.01023474178403756
0 0.0033625 0.5207793427230047 0.006725 0.015089201877934272
0 0.015175000000000001 0.5547323943661971 0.030350000000000002 0.04421596244131456
0 0.17145 0.5794647887323944 0.010275000000000001 0.015633802816901406
0 0.40907499999999997 0.4840469483568075 0.0060750000000000005 0.004751173708920187
0 0.3554625 0.4339718309859155 0.0124 0.003755868544600939
0 0.24837499999999998 0.3329577464788733 0.0088875 0.009286384976525822