1 0.4025 0.38497652582159625 0.1425 0.10892018779342723
1 0.225625 0.7586854460093897 0.2275 0.22253521126760564
1 0.346875 0.7488262910798122 0.2225 0.2300469483568075
1 0.41 0.5197183098591549 0.09 0.06854460093896714
1 0.485 0.43990610328638496 0.23875 0.13333333333333333
0 0.285 0.31408450704225355 0.08 0.028169014084507043
0 0.148125 0.32535211267605635 0.1025 0.08075117370892018
1 0.441875 0.6046948356807512 0.045 0.03474178403755868
0 0.23625 0.284037558685446 0.11125 0.06103286384976526
1 0.373125 0.739906103286385 0.1025 0.17370892018779344
0 0.074375 0.8924882629107981 0.01875 0.030985915492957747
0 0.263125 0.8126760563380282 0.01625 0.009389671361502348
0 0.14 0.8826291079812206 0.025 0.009389671361502348
0 0.164375 0.8938967136150234 0.025 0.009389671361502348
0 0.059375 0.8755868544600939 0.02 0.010328638497652582
0 0.170625 0.8389671361502348 0.01625 0.015023474178403756
0 0.0625 0.8539906103286385 0.0175 0.015023474178403756
0 0.125625 0.8723004694835681 0.01625 0.014084507042253521
0 0.1625 0.8873239436619719 0.02125 0.009389671361502348
0 0.180625 0.543661971830986 0.015 0.009389671361502348
0 0.05375 0.4694835680751174 0.01875 0.011267605633802818
0 0.12625 0.38309859154929576 0.0375 0.036619718309859155
0 0.170625 0.2051643192488263 0.03125 0.024413145539906103
0 0.195625 0.21502347417840376 0.0325 0.02535211267605634
0 0.024375 0.36103286384976524 0.0125 0.008450704225352112
0 0.14125 0.3699530516431925 0.015 0.011267605633802818
0 0.094375 0.2830985915492958 0.01875 0.007511737089201878
0 0.4625 0.7384976525821596 0.04375 0.03004694835680751
0 0.71375 0.8328638497652582 0.0175 0.015023474178403756
0 0.450625 0.8723004694835681 0.0475 0.022535211267605635
0 0.42375 0.7206572769953051 0.02875 0.023474178403755867
0 0.526875 0.863849765258216 0.04875 0.027230046948356807
0 0.479375 0.8751173708920188 0.015 0.009389671361502348
0 0.563125 0.7215962441314554 0.02375 0.011267605633802818
0 0.463125 0.5427230046948357 0.03 0.028169014084507043
0 0.5175 0.5450704225352113 0.0325 0.028169014084507043
0 0.40375 0.631924882629108 0.035 0.03286384976525822
1 0.4975 0.5676056338028169 0.04375 0.03192488262910798
0 0.44 0.4535211267605634 0.01625 0.010328638497652582
0 0.4175 0.5126760563380282 0.0125 0.007511737089201878
0 0.4825 0.32300469483568073 0.03625 0.03568075117370892
0 0.533125 0.1643192488262911 0.03 0.024413145539906103
0 0.4025 0.2220657276995305 0.0225 0.01784037558685446
0 0.336875 0.31690140845070425 0.01875 0.013145539906103286
0 0.363125 0.3136150234741784 0.0175 0.012206572769953052
0 0.54875 0.2821596244131455 0.01 0.013145539906103286
0 0.589375 0.2868544600938967 0.01 0.013145539906103286
0 0.435 0.3192488262910798 0.01125 0.012206572769953052
0 0.526875 0.8732394366197183 0.01375 0.005633802816901409
0 0.579375 0.8690140845070422 0.02 0.006572769953051643
0 0.623125 0.8568075117370892 0.06125 0.027230046948356807
0 0.639375 0.7370892018779343 0.0225 0.009389671361502348
0 0.488125 0.5694835680751174 0.00625 0.004694835680751174
0 0.4275 0.6145539906103287 0.00625 0.009389671361502348
0 0.305 0.7056338028169014 0.01375 0.007511737089201878