1 0.67125 0.4544600938967136 0.1475 0.107981220657277
1 0.22625 0.24131455399061033 0.29875 0.17464788732394365
1 0.211875 0.33192488262910796 0.30875 0.17089201877934274
1 0.494375 0.4295774647887324 0.0925 0.06854460093896714
1 0.58125 0.5028169014084507 0.18125 0.1812206572769953
0 0.789375 0.3845070422535211 0.03875 0.06009389671361502
0 0.805625 0.28169014084507044 0.10875 0.07793427230046948
1 0.3775 0.43380281690140843 0.0475 0.03474178403755868
0 0.84 0.35539906103286384 0.08375 0.08450704225352113
1 0.2175 0.35352112676056335 0.23125 0.07981220657276995
0 0.086875 0.1 0.04125 0.015023474178403756
0 0.095 0.04178403755868545 0.0275 0.01596244131455399
0 0.1475 0.25586854460093894 0.0125 0.012206572769953052
0 0.085 0.15070422535211267 0.0125 0.018779342723004695
0 0.065 0.16572769953051644 0.0125 0.018779342723004695
0 0.111875 0.09107981220657277 0.01375 0.01971830985915493
0 0.134375 0.18262910798122065 0.02 0.012206572769953052
0 0.13875 0.1 0.02 0.013145539906103286
0 0.10125 0.14225352112676057 0.01875 0.013145539906103286
0 0.07375 0.16619718309859155 0.0125 0.01596244131455399
0 0.213125 0.044131455399061034 0.01125 0.008450704225352112
0 0.61875 0.1136150234741784 0.03125 0.02910798122065728
0 0.515 0.2563380281690141 0.0125 0.011267605633802818
0 0.64 0.18028169014084508 0.01625 0.014084507042253521
0 0.735625 0.25258215962441316 0.04875 0.028169014084507043
0 0.956875 0.32535211267605635 0.03375 0.024413145539906103
0 0.938125 0.34131455399061034 0.035 0.02535211267605634
0 0.7875 0.18309859154929578 0.01125 0.009389671361502348
0 0.749375 0.26666666666666666 0.015 0.011267605633802818
0 0.893125 0.1624413145539906 0.01375 0.015023474178403756
0 0.8725 0.252112676056338 0.01125 0.014084507042253521
0 0.19875 0.4187793427230047 0.04125 0.03286384976525822
0 0.02 0.5816901408450704 0.02 0.014084507042253521
0 0.028125 0.38028169014084506 0.03 0.03568075117370892
0 0.230625 0.3948356807511737 0.03125 0.022535211267605635
0 0.021875 0.43802816901408453 0.03625 0.03755868544600939
0 0.018125 0.4004694835680751 0.0125 0.011267605633802818
0 0.198125 0.4962441314553991 0.015 0.01784037558685446
0 0.453125 0.46338028169014084 0.0375 0.022535211267605635
0 0.438125 0.5028169014084507 0.03875 0.024413145539906103
0 0.350625 0.4 0.045 0.027230046948356807
1 0.4125 0.4830985915492958 0.04375 0.03380281690140845
0 0.57375 0.4666666666666667 0.01375 0.012206572769953052
0 0.501875 0.43661971830985913 0.01 0.009389671361502348
0 0.73375 0.5272300469483568 0.04875 0.027230046948356807
0 0.928125 0.5995305164319249 0.03375 0.023474178403755867
0 0.8825 0.49107981220657276 0.02375 0.016901408450704224
0 0.774375 0.4215962441314554 0.01875 0.014084507042253521
0 0.7725 0.44178403755868545 0.01625 0.013145539906103286
0 0.77125 0.5845070422535211 0.0175 0.008450704225352112
0 0.756875 0.6136150234741784 0.0175 0.008450704225352112
0 0.749375 0.49295774647887325 0.01625 0.008450704225352112
0 0.095625 0.007042253521126761 0.01375 0.014084507042253521
0 0.01 0.4356807511737089 0.0075 0.011267605633802818
0 0.00375 0.4751173708920188 0.0075 0.015023474178403756
0 0.014375 0.5098591549295775 0.02875 0.046948356807511735
0 0.160625 0.5488262910798122 0.0125 0.016901408450704224
0 0.4125 0.476056338028169 0.0075 0.005633802816901409
0 0.3675 0.4211267605633803 0.0125 0.004694835680751174
0 0.276875 0.3112676056338028 0.01 0.010328638497652582