0 0.16625 0.32239925023430177 0.03 0.016869728209934397
0 0.275 0.29896907216494845 0.03375 0.019681349578256794
0 0.3225 0.23945641986879102 0.0375 0.02999062792877226
0 0.275 0.19821930646672914 0.035 0.022492970946579195
0 0.5675 0.2839737582005623 0.02875 0.019681349578256794
0 0.786875 0.2310215557638238 0.02875 0.02155576382380506
0 0.673125 0.302717900656045 0.0225 0.013120899718837863
0 0.926875 0.14620431115276475 0.0275 0.022492970946579195
0 0.270625 0.3669165885660731 0.03375 0.026241799437675725
0 0.213125 0.6532333645735707 0.03375 0.030927835051546393
0 0.116875 0.42970946579194 0.035 0.028116213683223992
0 0.271875 0.45595126522961577 0.03625 0.026241799437675725
0 0.30625 0.6457357075913777 0.02 0.01499531396438613
0 0.240625 0.5679475164011246 0.03875 0.019681349578256794
0 0.11875 0.6466729147141518 0.02 0.013120899718837863
0 0.229375 0.6283973758200563 0.02125 0.016869728209934397
0 0.01125 0.5571696344892221 0.01375 0.016869728209934397
0 0.061875 0.5726335520149953 0.0125 0.013120899718837863
0 0.02875 0.6326148078725399 0.02 0.016869728209934397
0 0.03125 0.5506091846298032 0.0175 0.016869728209934397
0 0.64 0.5740393626991566 0.01375 0.00937207122774133
0 0.9675 0.3889409559512652 0.0375 0.03280224929709466
0 0.671875 0.3149015932521087 0.02875 0.01780693533270853
0 0.8025 0.3697282099343955 0.025 0.01780693533270853
0 0.18625 0.7736644798500468 0.03625 0.02530459231490159
0 0.2025 0.7474226804123711 0.0375 0.026241799437675725
0 0.24875 0.7305529522024368 0.0275 0.02436738519212746
0 0.14125 0.8031865042174321 0.0175 0.013120899718837863
0 0.436875 0.34395501405810686 0.09125 0.07310215557638237
0 0.425625 0.47375820056232426 0.095 0.08528584817244611
1 0.615 0.5384254920337395 0.18125 0.1358950328022493
1 0.691875 0.5028116213683224 0.18375 0.12652296157450796
0 0.501875 0.3036551077788191 0.0875 0.07872539831302718
1 0.684375 0.42127460168697284 0.175 0.09372071227741331
0 0.82 0.46016869728209936 0.1125 0.04592314901593252
0 0.36875 0.5524835988753515 0.07625 0.05248359887535145
0 0.919375 0.2633552014995314 0.04625 0.02999062792877226
0 0.866875 0.11152764761012184 0.045 0.028116213683223992
0 0.1375 0.5585754451733833 0.04 0.02999062792877226
0 0.79625 0.4901593252108716 0.0675 0.038425492033739454
0 0.165 0.5726335520149953 0.03625 0.026241799437675725
1 0.505 0.5745079662605436 0.2425 0.18837863167760074
0 0.19 0.5290534208059982 0.0475 0.059044048734770385
0 0.213125 0.5454545454545454 0.04375 0.05810684161199625
0 0.07125 0.5862230552952202 0.01 0.01218369259606373
0 0.065625 0.6368322399250235 0.0075 0.005623242736644799
0 0.175625 0.25866916588566075 0.03875 0.02999062792877226
0 0.415625 0.1387066541705717 0.03125 0.019681349578256794
0 0.71625 0.1358950328022493 0.02 0.010309278350515464
0 0.715625 0.1471415182755389 0.0275 0.01780693533270853
0 0.56875 0.27413308341143394 0.01625 0.008434864104967198
0 0.5125 0.6223055295220243 0.015 0.011246485473289597
0 0.8875 0.46157450796626054 0.0525 0.04029990627928772
0 0.790625 0.3823805060918463 0.02125 0.01218369259606373
0 0.83125 0.6255857544517338 0.01125 0.008434864104967198
0 0.045 0.6119962511715089 0.0075 0.010309278350515464