0 0.994375 0.5276995305164319 0.01125 0.03004694835680751
0 0.739375 0.6572769953051644 0.0925 0.03286384976525822
0 0.5775 0.5028169014084507 0.05875 0.044131455399061034
0 0.45375 0.43145539906103286 0.10125 0.03755868544600939
0 0.964375 0.25258215962441316 0.0425 0.01596244131455399
0 0.6775 0.6694835680751173 0.04625 0.02910798122065728
0 0.596875 0.292018779342723 0.0425 0.03286384976525822
0 0.80125 0.584037558685446 0.04875 0.036619718309859155
0 0.984375 0.3615023474178404 0.03125 0.024413145539906103
0 0.86875 0.639906103286385 0.05375 0.024413145539906103
0 0.99375 0.7394366197183099 0.0125 0.038497652582159626
0 0.714375 0.5154929577464789 0.05375 0.030985915492957747
0 0.739375 0.5169014084507042 0.06 0.03004694835680751
0 0.849375 0.3370892018779343 0.035 0.023474178403755867
0 0.865625 0.26666666666666666 0.0275 0.01596244131455399
0 0.8175 0.29671361502347415 0.03875 0.01596244131455399
0 0.995625 0.32065727699530516 0.00875 0.023474178403755867
0 0.73625 0.29389671361502345 0.06375 0.01784037558685446
0 0.945 0.4784037558685446 0.03625 0.022535211267605635
0 0.808125 0.4765258215962441 0.035 0.022535211267605635
0 0.873125 0.49953051643192486 0.02 0.010328638497652582
0 0.480625 0.2737089201877934 0.0275 0.022535211267605635
0 0.395 0.3647887323943662 0.02625 0.018779342723004695
0 0.318125 0.2591549295774648 0.0275 0.0215962441314554
0 0.566875 0.31690140845070425 0.03 0.022535211267605635
0 0.373125 0.2793427230046948 0.01 0.009389671361502348
0 0.68 0.2802816901408451 0.04125 0.020657276995305163
0 0.6575 0.1863849765258216 0.01875 0.007511737089201878
0 0.285 0.22629107981220659 0.01125 0.008450704225352112
0 0.720625 0.19014084507042253 0.0225 0.007511737089201878
0 0.3225 0.2352112676056338 0.01125 0.011267605633802818
0 0.463125 0.2812206572769953 0.01 0.011267605633802818
0 0.499375 0.5957746478873239 0.0275 0.020657276995305163
0 0.325 0.612206572769953 0.01875 0.014084507042253521
0 0.53875 0.5140845070422535 0.01875 0.015023474178403756
0 0.623125 0.4953051643192488 0.02 0.015023474178403756
0 0.476875 0.6014084507042253 0.0175 0.009389671361502348
0 0.381875 0.6892018779342723 0.0275 0.01971830985915493
0 0.485625 0.6953051643192488 0.0125 0.013145539906103286
0 0.591875 0.7037558685446009 0.0125 0.013145539906103286
0 0.626875 0.7276995305164319 0.0125 0.008450704225352112
0 0.24375 0.28356807511737087 0.02875 0.0215962441314554
0 0.706875 0.2755868544600939 0.0375 0.016901408450704224
0 0.685625 0.2915492957746479 0.0725 0.018779342723004695
0 0.9175 0.3563380281690141 0.03375 0.023474178403755867
0 0.964375 0.2676056338028169 0.03625 0.01971830985915493
0 0.9175 0.6591549295774648 0.05625 0.02535211267605634
0 0.89 0.6661971830985915 0.06625 0.02910798122065728
0 0.7875 0.6018779342723005 0.01375 0.004694835680751174
0 0.7375 0.6535211267605634 0.015 0.008450704225352112
0 0.66375 0.6544600938967137 0.015 0.003755868544600939
0 0.678125 0.5201877934272301 0.0525 0.02629107981220657
0 0.256875 0.6248826291079812 0.0125 0.008450704225352112
0 0.275 0.4084507042253521 0.01125 0.005633802816901409
0 0.43125 0.24413145539906103 0.0625 0.018779342723004695
0 0.585625 0.25727699530516435 0.02375 0.01596244131455399
0 0.5625 0.26572769953051645 0.07375 0.023474178403755867