0 0.66125 0.6940018744142455 0.0275 0.016869728209934397
0 0.529375 0.9109653233364574 0.025 0.02436738519212746
0 0.30125 0.6565135895032802 0.0225 0.01780693533270853
0 0.50625 0.7835051546391752 0.025 0.019681349578256794
0 0.005 0.7052483598875351 0.01 0.01780693533270853
0 0.9475 0.48406747891283974 0.04 0.029053420805998126
0 0.835 0.4395501405810684 0.0325 0.02155576382380506
0 0.831875 0.6654170571696345 0.0375 0.02717900656044986
0 0.8275 0.5791940018744143 0.02625 0.023430178069353328
0 0.866875 0.5974695407685099 0.01125 0.007497656982193065
0 0.514375 0.4329896907216495 0.02625 0.02155576382380506
0 0.605 0.528116213683224 0.01875 0.013120899718837863
0 0.64125 0.5098406747891284 0.0175 0.013120899718837863
0 0.705625 0.36879100281162136 0.0475 0.028116213683223992
0 0.0425 0.4442361761949391 0.03375 0.020618556701030927
0 0.34875 0.36035613870665417 0.025 0.01874414245548266
0 0.27875 0.5477975632614808 0.025 0.01874414245548266
0 0.33 0.3177132146204311 0.03 0.019681349578256794
0 0.0875 0.34957825679475163 0.0275 0.016869728209934397
0 0.065 0.37066541705716965 0.02625 0.01874414245548266
0 0.03375 0.3739456419868791 0.02625 0.015932521087160263
0 0.89125 0.33505154639175255 0.03 0.022492970946579195
0 0.5825 0.2900656044985942 0.02875 0.02155576382380506
0 0.4125 0.1007497656982193 0.02125 0.015932521087160263
0 0.20625 0.1485473289597001 0.01875 0.013120899718837863
0 0.17 0.5159325210871603 0.09375 0.07872539831302718
0 0.52125 0.6044985941893158 0.0575 0.07685098406747891
0 0.29375 0.92970946579194 0.06375 0.06747891283973759
0 0.265 0.40815370196813494 0.08375 0.05716963448922212
0 0.80375 0.2642924086223055 0.15875 0.11808809746954077
0 0.844375 0.8448922211808809 0.08125 0.061855670103092786
0 0.17 0.2310215557638238 0.07875 0.05716963448922212
0 0.85 0.2408622305529522 0.08875 0.08341143392689784
0 0.785 0.9212746016869728 0.065 0.061855670103092786
0 0.08 0.8931583880037488 0.07 0.056232427366447985
0 0.589375 0.5838800374882849 0.04875 0.07685098406747891
0 0.735 0.6358950328022493 0.05625 0.04592314901593252
0 0.37 0.7239925023430178 0.08 0.11996251171508904
0 0.41375 0.7174320524835989 0.055 0.06654170571696345
0 0.666875 0.6729147141518276 0.06 0.03936269915651359
0 0.96 0.6583880037488284 0.03375 0.044048734770384255
0 0.795 0.7703842549203374 0.03 0.033739456419868794
0 0.921875 0.8397375820056232 0.03 0.028116213683223992
0 0.06375 0.6724461105904405 0.02625 0.02155576382380506
0 0.2125 0.6180880974695407 0.02 0.01780693533270853
0 0.34375 0.5937207122774133 0.02375 0.01499531396438613
0 0.119375 0.038425492033739454 0.015 0.011246485473289597
0 0.39625 0.23336457357075913 0.015 0.010309278350515464
0 0.693125 0.3823805060918463 0.025 0.013120899718837863