0 0.291875 0.6672914714151827 0.02125 0.019681349578256794
0 0.246875 0.3964386129334583 0.02375 0.016869728209934397
0 0.13625 0.5782567947516402 0.02625 0.01780693533270853
0 0.10625 0.19072164948453607 0.0225 0.01499531396438613
0 0.636875 0.8200562324273665 0.0375 0.029053420805998126
0 0.664375 0.7268041237113402 0.0275 0.023430178069353328
0 0.3725 0.7835051546391752 0.035 0.026241799437675725
0 0.4825 0.7577319587628866 0.03 0.01874414245548266
0 0.469375 0.7910028116213683 0.01 0.008434864104967198
0 0.59 0.492970946579194 0.0275 0.01874414245548266
0 0.490625 0.5829428303655108 0.01625 0.013120899718837863
0 0.524375 0.6044985941893158 0.01625 0.01218369259606373
0 0.7225 0.6148078725398313 0.03625 0.03467666354264293
0 0.453125 0.1541705716963449 0.025 0.02436738519212746
0 0.640625 0.3542642924086223 0.02375 0.01874414245548266
0 0.38125 0.351921274601687 0.02375 0.01874414245548266
0 0.69125 0.3294283036551078 0.025 0.02155576382380506
0 0.586875 0.16213683223992503 0.02125 0.019681349578256794
0 0.554375 0.1513589503280225 0.02375 0.019681349578256794
0 0.541875 0.12980318650421743 0.02 0.01874414245548266
0 0.93375 0.8298969072164949 0.0275 0.02155576382380506
0 0.81375 0.7403936269915652 0.02875 0.02155576382380506
0 0.791875 0.5051546391752577 0.0275 0.020618556701030927
0 0.876875 0.19634489222118087 0.01625 0.013120899718837863
0 0.394375 0.26522961574507964 0.10125 0.06654170571696345
0 0.370625 0.5421743205248359 0.10125 0.03936269915651359
0 0.5575 0.30599812558575445 0.0725 0.06091846298031865
0 0.8825 0.6588566073102156 0.15125 0.11433926897844424
0 0.144375 0.8383317713214621 0.08 0.059044048734770385
0 0.760625 0.19165885660731022 0.0725 0.056232427366447985
0 0.924375 0.6865042174320525 0.10875 0.06279287722586692
0 0.054375 0.8130271790065604 0.03125 0.04217432052483599
0 0.415625 0.5862230552952202 0.10125 0.03280224929709466
0 0.385625 0.7057169634489222 0.05875 0.04029990627928772
0 0.1775 0.4639175257731959 0.1575 0.05435801312089972
0 0.1975 0.4939081537019681 0.0875 0.038425492033739454
0 0.32 0.6654170571696345 0.05 0.044048734770384255
0 0.415 0.8744142455482662 0.0575 0.022492970946579195
0 0.228125 0.7835051546391752 0.04375 0.020618556701030927
0 0.171875 0.8931583880037488 0.03625 0.02155576382380506
0 0.165 0.22867853795688847 0.0275 0.01874414245548266
0 0.273125 0.32239925023430177 0.0225 0.01499531396438613
0 0.33875 0.41096532333645736 0.02 0.016869728209934397
0 0.816875 0.3556701030927835 0.0125 0.011246485473289597
0 0.70125 0.6096532333645736 0.01625 0.01874414245548266