1 0.725625 0.5445173383317713 0.355 0.28209934395501407
1 0.33 0.6260543580131209 0.37625 0.21836925960637302
0 0.940625 0.18134957825679476 0.11875 0.06841611996251172
0 0.30125 0.5576382380506092 0.04625 0.03280224929709466
0 0.150625 0.28772258669165884 0.0725 0.05716963448922212
0 0.5075 0.852389878163074 0.06375 0.04311152764761012
0 0.295625 0.32567947516401125 0.06 0.05998125585754452
1 0.4175 0.4948453608247423 0.4675 0.30084348641049674
0 0.669375 0.8411433926897844 0.0475 0.031865042174320526
1 0.1625 0.4592314901593252 0.325 0.232427366447985
0 0.631875 0.8626991565135895 0.0625 0.02436738519212746
0 0.6725 0.6986879100281163 0.09125 0.020618556701030927
0 0.505 0.7286785379568884 0.1475 0.022492970946579195
0 0.905 0.7085285848172446 0.06375 0.04967197750702906
0 0.398125 0.23945641986879102 0.115 0.05060918462980318
0 0.35 0.7806935332708529 0.06625 0.03655107778819119
0 0.835625 0.3149015932521087 0.09 0.01218369259606373
0 0.370625 0.7033739456419869 0.0825 0.056232427366447985
0 0.763125 0.43673851921274603 0.02 0.014058106841611996
0 0.569375 0.32146204311152765 0.0325 0.02530459231490159
0 0.836875 0.46485473289597 0.0225 0.01218369259606373
0 0.835 0.3149015932521087 0.09375 0.010309278350515464
0 0.978125 0.7174320524835989 0.0225 0.016869728209934397
0 0.809375 0.49765698219306465 0.02 0.014058106841611996
0 0.579375 0.5482661668228679 0.02 0.01218369259606373
0 0.728125 0.5154639175257731 0.0425 0.008434864104967198
0 0.0975 0.7849109653233365 0.02375 0.01874414245548266
0 0.201875 0.8608247422680413 0.0325 0.028116213683223992
0 0.329375 0.4611059044048735 0.02 0.014058106841611996
0 0.194375 0.6780693533270853 0.0225 0.03561387066541706
0 0.439375 0.5257731958762887 0.02 0.014058106841611996
0 0.055625 0.40159325210871605 0.0175 0.00937207122774133
0 0.34 0.3598875351452671 0.01875 0.01780693533270853
0 0.1725 0.7174320524835989 0.07125 0.03561387066541706
0 0.391875 0.27507029053420806 0.11625 0.056232427366447985
0 0.35125 0.7525773195876289 0.0725 0.030927835051546393
0 0.88875 0.5018744142455482 0.0225 0.020618556701030927