0 0.153125 0.7661668228678538 0.0175 0.013120899718837863
0 0.098125 0.8350515463917526 0.02875 0.02530459231490159
0 0.035 0.22446110590440488 0.01375 0.01499531396438613
0 0.636875 0.6935332708528584 0.02625 0.02155576382380506
0 0.595625 0.7802249297094658 0.0325 0.02530459231490159
0 0.435 0.8655107778819119 0.01625 0.016869728209934397
0 0.504375 0.40581068416119964 0.0275 0.02155576382380506
0 0.675625 0.6101218369259607 0.02 0.01499531396438613
0 0.483125 0.38753514526710403 0.02 0.01499531396438613
0 0.474375 0.5089034676663543 0.0225 0.016869728209934397
0 0.63625 0.38940955951265227 0.02125 0.01499531396438613
0 0.445625 0.4742268041237113 0.01875 0.014058106841611996
0 0.5625 0.5360824742268041 0.0175 0.014058106841611996
0 0.56125 0.5051546391752577 0.01625 0.01218369259606373
0 0.704375 0.5276476101218369 0.01625 0.015932521087160263
0 0.550625 0.5201499531396439 0.02375 0.01874414245548266
0 0.525625 0.5037488284910965 0.015 0.014058106841611996
0 0.669375 0.4662605435801312 0.01625 0.015932521087160263
0 0.635 0.5726335520149953 0.01875 0.016869728209934397
0 0.6975 0.5074976569821931 0.01625 0.01499531396438613
0 0.53625 0.49812558575445176 0.01625 0.015932521087160263
0 0.46125 0.5084348641049672 0.01375 0.015932521087160263
0 0.3675 0.4971883786316776 0.00875 0.005623242736644799
0 0.695 0.2225866916588566 0.01875 0.01499531396438613
0 0.416875 0.2713214620431115 0.01875 0.01499531396438613
0 0.549375 0.37066541705716965 0.01875 0.014058106841611996
0 0.565 0.35332708528584816 0.01 0.010309278350515464
0 0.599375 0.2802249297094658 0.015 0.01499531396438613
0 0.413125 0.36785379568884724 0.00875 0.005623242736644799
0 0.5175 0.2774133083411434 0.00875 0.007497656982193065
0 0.613125 0.27835051546391754 0.01 0.00937207122774133
0 0.76875 0.6677600749765699 0.01875 0.015932521087160263
0 0.750625 0.6363636363636364 0.01875 0.01499531396438613
0 0.743125 0.6218369259606373 0.01875 0.014058106841611996
0 0.75875 0.6513589503280225 0.01875 0.01499531396438613
0 0.723125 0.7024367385192127 0.02 0.01499531396438613
0 0.9825 0.4465791940018744 0.02375 0.015932521087160263
0 0.73875 0.6068416119962512 0.01875 0.014058106841611996
0 0.779375 0.4062792877225867 0.02 0.03561387066541706
0 0.79 0.23758200562324275 0.02125 0.01499531396438613
0 0.939375 0.13636363636363635 0.01875 0.016869728209934397
0 0.89 0.253514526710403 0.0225 0.015932521087160263
0 0.956875 0.302717900656045 0.07875 0.061855670103092786
0 0.80125 0.8116213683223993 0.11625 0.09840674789128398
0 0.83875 0.1958762886597938 0.06375 0.05060918462980318
0 0.791875 0.19259606373008434 0.0575 0.04592314901593252
0 0.895625 0.6522961574507966 0.06875 0.05154639175257732
0 0.99125 0.711808809746954 0.0175 0.05154639175257732
0 0.82625 0.7314901593252109 0.07625 0.04873477038425492
0 0.883125 0.8486410496719775 0.0625 0.04311152764761012
0 0.835625 0.3786316776007498 0.05875 0.05154639175257732
0 0.105625 0.711808809746954 0.04625 0.02999062792877226
0 0.71 0.7633552014995314 0.075 0.059044048734770385
0 0.453125 0.23477038425492033 0.05375 0.03748828491096532
0 0.205625 0.6757263355201499 0.04375 0.028116213683223992
0 0.864375 0.5262417994376757 0.025 0.061855670103092786
0 0.825625 0.6907216494845361 0.04 0.03655107778819119
0 0.03875 0.33083411433926896 0.04375 0.02717900656044986
1 0.63875 0.13776944704779756 0.09375 0.02999062792877226
0 0.80125 0.38003748828491096 0.035 0.05435801312089972
0 0.163125 0.8612933458294283 0.025 0.013120899718837863
0 0.163125 0.8716026241799437 0.02 0.00937207122774133
0 0.011875 0.5890346766635426 0.01 0.01499531396438613
0 0.054375 0.36176194939081535 0.0075 0.005623242736644799
0 0.025625 0.22352389878163073 0.0075 0.01499531396438613
0 0.765625 0.4053420805998126 0.01125 0.013120899718837863
0 0.833125 0.5895032802249297 0.02125 0.1049671977507029
0 0.814375 0.5604498594189316 0.02125 0.08903467666354264
0 0.7975 0.5595126522961574 0.0175 0.04592314901593252
0 0.739375 0.5074976569821931 0.01125 0.02155576382380506
0 0.728125 0.514526710402999 0.0075 0.01780693533270853
0 0.719375 0.5299906279287723 0.01375 0.03655107778819119
0 0.710625 0.5032802249297095 0.0075 0.020618556701030927
0 0.719375 0.49625117150890347 0.01375 0.028116213683223992
0 0.685 0.46485473289597 0.01 0.00937207122774133
0 0.626875 0.5768509840674789 0.01375 0.01780693533270853
0 0.645625 0.7942830365510778 0.02 0.022492970946579195
1 0.6475 0.8298969072164949 0.10875 0.08716026241799438
0 0.784375 0.8116213683223993 0.0325 0.026241799437675725