0 0.1514125 0.2352389878163074 0.0175 0.013120899718837863
0 0.0597875 0.19327085285848172 0.0332375 0.02155576382380506
0 0.024375 0.09653233364573571 0.03125 0.011246485473289597
0 0.875825 0.15620431115276476 0.019837499999999997 0.009990627928772259
0 0.239375 0.5993439550140581 0.02875 0.019681349578256794
0 0.124375 0.5670103092783505 0.03375 0.02436738519212746
0 0.0136375 0.4445735707591378 0.0227375 0.012446110590440486
0 0.625625 0.5051546391752577 0.02875 0.020618556701030927
0 0.35 0.6298031865042174 0.02 0.01499531396438613
0 0.65 0.48922211808809746 0.02 0.01499531396438613
0 0.48875 0.48078725398313027 0.0225 0.016869728209934397
0 0.645 0.6040299906279287 0.02 0.015932521087160263
0 0.535625 0.4597000937207123 0.01875 0.014058106841611996
0 0.450625 0.5463917525773195 0.01875 0.013120899718837863
0 0.491875 0.5459231490159325 0.01625 0.01218369259606373
0 0.459375 0.6527647610121837 0.02125 0.01218369259606373
0 0.4725 0.5374882849109653 0.025 0.01780693533270853
0 0.494375 0.5192127460168697 0.01875 0.011246485473289597
0 0.541875 0.627460168697282 0.02125 0.01218369259606373
0 0.4007 0.5998687910028115 0.0225 0.014058106841611996
0 0.48625 0.648078725398313 0.02 0.01218369259606373
0 0.501875 0.5271790065604499 0.02125 0.01218369259606373
0 0.489375 0.4709465791940019 0.02125 0.010309278350515464
0 0.50625 0.4006560449859419 0.0075 0.006560449859418931
0 0.86625 0.6508903467666354 0.02 0.014058106841611996
0 0.80625 0.44189315838800375 0.02 0.014058106841611996
0 0.6719875000000001 0.5393626991565136 0.0185125 0.014058106841611996
0 0.694375 0.5510777881911902 0.01375 0.007497656982193065
0 0.79125 0.5782567947516402 0.02 0.011246485473289597
0 0.6775 0.4372071227741331 0.0075 0.006560449859418931
0 0.79625 0.5168697282099344 0.01 0.006560449859418931
0 0.79375 0.5885660731021556 0.0125 0.007497656982193065
0 0.129375 0.8819119025304593 0.02125 0.01874414245548266
0 0.271875 0.6986879100281163 0.02125 0.014058106841611996
0 0.31375 0.6855670103092784 0.02 0.014058106841611996
0 0.333225 0.6799437675726335 0.01895 0.014058106841611996
0 0.29375 0.6911902530459232 0.02 0.014058106841611996
0 0.204375 0.9254920337394564 0.01125 0.019681349578256794
0 0.22625 0.6633645735707591 0.02 0.015107778819119027
0 0.563125 0.8626991565135895 0.02125 0.01780693533270853
0 0.353125 0.6771321462043112 0.01875 0.014058106841611996
0 0.62025 0.7106654170571696 0.04801249999999999 0.014470477975632614
0 0.708125 0.8861293345829429 0.02125 0.01780693533270853
0 0.845 0.7221180880974696 0.02 0.015932521087160263
0 0.9775 0.8355201499531396 0.0225 0.014058106841611996
0 0.821875 0.7966260543580131 0.02125 0.016869728209934397
0 0.80875 0.8969072164948454 0.01 0.007497656982193065
0 0.754375 0.8486410496719775 0.08125 0.06279287722586692
0 0.079375 0.7202436738519212 0.12875 0.08528584817244611
0 0.899375 0.7591377694470478 0.06625 0.046860356138706656
0 0.905 0.7239925023430178 0.06 0.04217432052483599
0 0.29 0.7938144329896907 0.0675 0.05060918462980318
0 0.208125 0.8837863167760075 0.06875 0.04873477038425492
0 0.185625 0.7403936269915652 0.06375 0.056232427366447985
0 0.3625 0.0979381443298969 0.035 0.03467666354264293
0 0.028125 0.7811621368322399 0.05625 0.04592314901593252
0 0.65625 0.753514526710403 0.0675 0.04311152764761012
0 0.224375 0.20056232427366447 0.03875 0.033739456419868794
0 0.145 0.6527647610121837 0.0775 0.05529522024367385
0 0.854375 0.46954076850984067 0.04875 0.03936269915651359
0 0.270625 0.27647610121836924 0.03625 0.031865042174320526
0 0.4589125 0.7728772258669165 0.0821875 0.018097469540768508
0 0.24 0.7408622305529522 0.0475 0.029053420805998126
0 0.7339125 0.1569821930646673 0.0346875 0.03280224929709466
1 0.980625 0.6101218369259607 0.03875 0.06935332708528585
0 0.655 0.7277413308341143 0.0725 0.02530459231490159
0 0.0243125 0.24133083411433928 0.0175875 0.018397375820056232
0 0.0107625 0.24106841611996255 0.0130125 0.014704779756326147
0 0.3899875 0.13267104029990628 0.0200375 0.007853795688847236
0 0.41636249999999997 0.08586691658856607 0.008075 0.007619493908153703
0 0.6916374999999999 0.16813495782567947 0.0070125000000000005 0.005463917525773196
0 0.877025 0.14901593252108716 0.019675 0.0052108716026241795
0 0.6218125 0.7004123711340207 0.017225 0.008144329896907216
0 0.37485 0.7481349578256795 0.1396375 0.013908153701968134
0 0.4139 0.7345548266166823 0.11852499999999999 0.01365510777881912
0 0.4154875 0.7222961574507967 0.061187500000000006 0.012343017806935332
0 0.48566249999999994 0.6792970946579193 0.029175 0.00865042174320525
0 0.47705 0.6705998125585754 0.0231875 0.006007497656982193
0 0.4564625 0.6638706654170572 0.048875 0.008912839737582005
0 0.49200000000000005 0.657938144329897 0.027762500000000002 0.006016869728209934
0 0.5009625 0.6646672914714152 0.0380125 0.008912839737582005
0 0.543875 0.638950328022493 0.0126375 0.007085285848172446
0 0.39490000000000003 0.5935801312089972 0.024249999999999997 0.01076850984067479
0 0.1050375 0.6038612933458295 0.0305875 0.014976569821930647
1 0.0577125 0.6049109653233365 0.115425 0.07930646672914715
0 0.0793625 0.7073851921274601 0.0355125 0.024732895970009373
0 0.33808750000000004 0.9109934395501406 0.008425 0.0073008434864104965