0 0.16375 0.22633552014995315 0.0175 0.013120899718837863
0 0.074375 0.18181818181818182 0.035 0.022492970946579195
0 0.04375 0.08434864104967198 0.03125 0.01218369259606373
0 0.89125 0.16588566073102157 0.02 0.011246485473289597
0 0.235 0.5923149015932521 0.03 0.020618556701030927
0 0.12125 0.5571696344892221 0.035 0.02530459231490159
0 0.016875 0.4320524835988753 0.0225 0.013120899718837863
0 0.625 0.5084348641049672 0.03 0.02155576382380506
0 0.34375 0.6255857544517338 0.02125 0.015932521087160263
0 0.650625 0.492970946579194 0.02125 0.015932521087160263
0 0.489375 0.4803186504217432 0.02375 0.01780693533270853
0 0.64 0.6077788191190253 0.02125 0.016869728209934397
0 0.5375 0.4606373008434864 0.02 0.01499531396438613
0 0.44875 0.5449859418931584 0.01875 0.014058106841611996
0 0.49 0.5454545454545454 0.01625 0.01218369259606373
0 0.4525 0.6518275538894096 0.02125 0.013120899718837863
0 0.470625 0.5365510777881912 0.02625 0.01874414245548266
0 0.49375 0.5192127460168697 0.01875 0.01218369259606373
0 0.535625 0.6283973758200563 0.02125 0.013120899718837863
0 0.39625 0.5970009372071228 0.02375 0.01499531396438613
0 0.479375 0.647610121836926 0.02 0.013120899718837863
0 0.500625 0.5271790065604499 0.02125 0.013120899718837863
0 0.490625 0.4704779756326148 0.02125 0.011246485473289597
0 0.510625 0.4006560449859419 0.0075 0.006560449859418931
0 0.85875 0.6602624179943768 0.02125 0.01499531396438613
0 0.80875 0.4498594189315839 0.02125 0.01499531396438613
0 0.67 0.5440487347703843 0.02 0.01499531396438613
0 0.691875 0.556232427366448 0.01375 0.007497656982193065
0 0.7875 0.5857544517338332 0.02 0.01218369259606373
0 0.680625 0.44189315838800375 0.0075 0.006560449859418931
0 0.795 0.5248359887535146 0.01 0.006560449859418931
0 0.789375 0.5960637300843487 0.0125 0.007497656982193065
0 0.111875 0.8720712277413308 0.0225 0.019681349578256794
0 0.2625 0.6925960637300843 0.0225 0.01499531396438613
0 0.305 0.6804123711340206 0.02125 0.01499531396438613
0 0.325 0.6752577319587629 0.02 0.01499531396438613
0 0.285 0.6855670103092784 0.02125 0.01499531396438613
0 0.185 0.9175257731958762 0.0125 0.019681349578256794
0 0.21875 0.6565135895032802 0.02125 0.015932521087160263
0 0.54625 0.8641049671977507 0.0225 0.01874414245548266
0 0.345 0.6733833177132146 0.02 0.01499531396438613
0 0.61 0.7136832239925024 0.04875 0.01499531396438613
0 0.69 0.8912839737582006 0.0225 0.01874414245548266
0 0.834375 0.7310215557638238 0.02125 0.016869728209934397
0 0.961875 0.8477038425492034 0.02375 0.01499531396438613
0 0.808125 0.8050609184629803 0.0225 0.01780693533270853
0 0.79 0.9048734770384255 0.01 0.007497656982193065
0 0.738125 0.8552014995313965 0.08375 0.06466729147141519
0 0.069375 0.7089971883786317 0.1325 0.08903467666354264
0 0.886875 0.7694470477975632 0.06875 0.04873477038425492
0 0.894375 0.7343017806935332 0.0625 0.044048734770384255
0 0.27625 0.788191190253046 0.07 0.05248359887535145
0 0.190625 0.8758200562324273 0.07125 0.05060918462980318
0 0.174375 0.7319587628865979 0.06625 0.05810684161199625
0 0.38125 0.09465791940018745 0.03625 0.03561387066541706
0 0.0225 0.7680412371134021 0.045 0.04779756326148079
0 0.644375 0.7572633552014996 0.07 0.04498594189315839
0 0.23875 0.19353327085285849 0.04 0.03467666354264293
0 0.138125 0.6433926897844423 0.08 0.05716963448922212
0 0.855625 0.47891283973758203 0.05 0.04029990627928772
0 0.28125 0.2703842549203374 0.0375 0.03280224929709466
0 0.44625 0.7713214620431116 0.08375 0.019681349578256794
0 0.22875 0.7338331771321462 0.04875 0.02999062792877226
0 0.749375 0.16307403936269915 0.03625 0.033739456419868794
1 0.975 0.6227741330834115 0.0425 0.07029053420805999
0 0.644375 0.7314901593252109 0.07375 0.02717900656044986
0 0.036875 0.22914714151827553 0.01875 0.01874414245548266
0 0.023125 0.2282099343955014 0.01375 0.01499531396438613
0 0.406875 0.12980318650421743 0.02 0.008434864104967198
0 0.435625 0.08388003748828492 0.0075 0.007497656982193065
0 0.7075 0.1733833177132146 0.0075 0.005623242736644799
0 0.893125 0.15932521087160262 0.02 0.006560449859418931
0 0.6125 0.703842549203374 0.0175 0.008434864104967198
0 0.36375 0.7450796626054358 0.14 0.01780693533270853
0 0.403125 0.732427366447985 0.11875 0.016869728209934397
0 0.405625 0.7197750702905342 0.06125 0.014058106841611996
0 0.4775 0.6790065604498594 0.02875 0.00937207122774133
0 0.46875 0.6696344892221181 0.02375 0.006560449859418931
0 0.44875 0.662605435801312 0.04875 0.010309278350515464
0 0.484375 0.6574507966260543 0.0275 0.006560449859418931
0 0.49375 0.6644798500468604 0.0375 0.010309278350515464
0 0.5375 0.6401124648547329 0.0125 0.007497656982193065
0 0.390625 0.5909090909090909 0.02375 0.011246485473289597
0 0.100625 0.5937207122774133 0.03125 0.015932521087160263
1 0.05625 0.5932521087160263 0.1125 0.08247422680412371
0 0.07 0.6963448922211809 0.03625 0.02530459231490159
0 0.319375 0.9062792877225867 0.00875 0.007497656982193065