0 0.32615 0.18228678537956888 0.040787500000000004 0.03467666354264293
0 0.485 0.4451733833177132 0.1325 0.06935332708528585
1 0.773125 0.4208059981255858 0.25375 0.26804123711340205
0 0.589375 0.4690721649484536 0.11875 0.08716026241799438
0 0.13225 0.3441986879100281 0.0429875 0.031377694470477974
0 0.08875 0.2169634489222118 0.0425 0.044048734770384255
0 0.2503 0.4498594189315839 0.0718875 0.05435801312089972
0 0.30625 0.6462043111527648 0.055 0.030927835051546393
0 0.219375 0.6855670103092784 0.04125 0.023430178069353328
0 0.694375 0.7558575445173383 0.03875 0.02717900656044986
0 0.8 0.7408622305529522 0.04 0.029053420805998126
1 0.0725125 0.6462043111527648 0.1450375 0.11391752577319587
1 0.630625 0.3650421743205248 0.07875 0.06841611996251172
0 0.518125 0.5187441424554826 0.06625 0.03655107778819119
0 0.17625 0.5393626991565136 0.045 0.03280224929709466
0 0.515 0.6307403936269915 0.0425 0.02436738519212746
0 0.253125 0.7061855670103093 0.04625 0.03655107778819119
0 0.46125 0.5004686035613871 0.0325 0.033739456419868794
0 0.565 0.6921274601686973 0.0475 0.02530459231490159
1 0.5196375 0.2800843486410497 0.044074999999999996 0.03346766635426429
1 0.51635 0.24456419868791002 0.0462625 0.04731021555763824
1 0.518375 0.14222118088097468 0.04845 0.02598875351452671
1 0.45146250000000004 0.11149953139643862 0.056612499999999996 0.017085285848172448
0 0.4780375 0.09146204311152765 0.012175 0.008406747891283975
0 0.9008499999999999 0.08827553889409559 0.0347375 0.008134957825679474
0 0.9909250000000001 0.07898781630740394 0.01635 0.005932521087160262
0 0.9647249999999999 0.25028116213683227 0.0132625 0.008706654170571695
1 0.0415375 0.39563261480787254 0.083075 0.1586129334582943
0 0.115 0.45522024367385194 0.0694375 0.045313964386129335
0 0.184275 0.43350515463917527 0.031925 0.027516401124648548
0 0.1918875 0.4585660731021556 0.038975 0.03028116213683224
0 0.265625 0.49323336457357075 0.061637500000000005 0.03
0 0.2567125 0.520253045923149 0.0475125 0.032933458294283034
1 0.041437499999999995 0.6876382380506092 0.08287499999999999 0.06914714151827554
1 0.3200375 0.4347422680412371 0.2789375 0.10797563261480787
0 0.6475 0.5503467666354265 0.0230125 0.011640112464854732
0 0.7667375 0.593223992502343 0.025975 0.014967197750702906
0 0.8627625000000001 0.5776288659793815 0.023424999999999998 0.01274601686972821
0 0.962675 0.5943392689784442 0.016675 0.01217432052483599
1 0.923675 0.5510684161199625 0.143725 0.18354264292408623
1 0.975125 0.5730552952202437 0.049749999999999996 0.20305529522024368
1 0.98905 0.8358106841611995 0.0218875 0.02401124648547329