0 0.92375 0.3697282099343955 0.04625 0.030927835051546393
0 0.573125 0.4887535145267104 0.0925 0.09934395501405811
1 0.605625 0.7047797563261481 0.3575 0.190253045923149
0 0.54125 0.5670103092783505 0.11625 0.08903467666354264
0 0.7075 0.22446110590440488 0.04125 0.031865042174320526
0 0.8775 0.19165885660731022 0.05875 0.031865042174320526
0 0.566875 0.3125585754451734 0.0725 0.05435801312089972
0 0.305 0.3547328959700094 0.04125 0.041237113402061855
0 0.2525 0.28959700093720714 0.03125 0.030927835051546393
0 0.15875 0.6457357075913777 0.03625 0.029053420805998126
0 0.17875 0.7249297094657919 0.03875 0.02999062792877226
1 0.305 0.1794751640112465 0.1525 0.10871602624179943
1 0.68 0.5979381443298969 0.09125 0.059044048734770385
0 0.475 0.5135895032802249 0.04875 0.04967197750702906
0 0.4475 0.2572633552014995 0.04375 0.033739456419868794
0 0.325625 0.5112464854732895 0.0325 0.031865042174320526
0 0.225 0.3149015932521087 0.04875 0.03467666354264293
0 0.499375 0.4709465791940019 0.045 0.02436738519212746
0 0.24375 0.5487347703842549 0.03375 0.03561387066541706
1 0.793125 0.514526710402999 0.045 0.03280224929709466
1 0.840625 0.5121836925960638 0.0625 0.03467666354264293
1 0.9775 0.5135895032802249 0.035 0.03655107778819119
0 0.833125 0.8486410496719775 0.01125 0.010309278350515464
1 0.639375 0.15604498594189317 0.21125 0.061855670103092786
0 0.56 0.211340206185567 0.06 0.05248359887535145
0 0.58875 0.2633552014995314 0.03625 0.02436738519212746
0 0.555 0.2689784442361762 0.04 0.029053420805998126
0 0.50875 0.32427366447985007 0.04 0.04592314901593252
0 0.473125 0.3177132146204311 0.04375 0.03561387066541706
1 0.25 0.15604498594189317 0.0925 0.061855670103092786
1 0.586875 0.3650421743205248 0.14375 0.20899718837863168
0 0.433125 0.6105904404873477 0.015 0.016869728209934397
0 0.375625 0.7000937207122774 0.02 0.019681349578256794
0 0.39625 0.7717900656044986 0.0175 0.01780693533270853
0 0.374375 0.8467666354264293 0.01625 0.01218369259606373
1 0.431875 0.8177132146204311 0.245 0.1077788191190253
1 0.4025 0.8561387066541706 0.27125 0.03748828491096532
1 0.051875 0.866447985004686 0.0325 0.016869728209934397