0 0.28375 0.14761012183692596 0.03 0.013120899718837863
0 0.0625 0.21883786316776008 0.02125 0.01780693533270853
0 0.550625 0.556232427366448 0.02125 0.01499531396438613
0 0.43125 0.4095595126522962 0.10125 0.09840674789128398
0 0.679375 0.7333645735707591 0.08125 0.06091846298031865
0 0.75625 0.7830365510777882 0.08 0.06279287722586692
0 0.43875 0.7188378631677601 0.06625 0.04592314901593252
0 0.13 0.3294283036551078 0.04375 0.033739456419868794
0 0.71375 0.5955951265229615 0.05625 0.04498594189315839
0 0.295625 0.47891283973758203 0.05375 0.030927835051546393
0 0.191875 0.6293345829428304 0.03625 0.028116213683223992
0 0.060625 0.5534208059981256 0.06625 0.028116213683223992
0 0.130625 0.49203373945641987 0.0475 0.038425492033739454
0 0.235 0.6396438612933458 0.0475 0.030927835051546393
0 0.09125 0.20712277413308341 0.0675 0.03561387066541706
0 0.329375 0.4184629803186504 0.03125 0.03936269915651359
0 0.1325 0.5693533270852859 0.0475 0.03655107778819119
0 0.178125 0.584348641049672 0.04875 0.03467666354264293
0 0.313125 0.44611059044048734 0.04375 0.026241799437675725
0 0.103125 0.2268041237113402 0.035 0.02436738519212746
0 0.304375 0.1724461105904405 0.03625 0.013120899718837863
0 0.27125 0.1738519212746017 0.03125 0.013120899718837863
0 0.26875 0.14620431115276475 0.0225 0.014058106841611996
0 0.02125 0.17432052483598875 0.02875 0.00937207122774133
0 0.019375 0.14479850046860357 0.01625 0.008434864104967198
0 0.368125 0.6841611996251171 0.0375 0.026241799437675725
0 0.37625 0.7989690721649485 0.03375 0.026241799437675725
0 0.34875 0.8008434864104967 0.0275 0.029053420805998126
0 0.135625 0.781630740393627 0.03 0.01499531396438613
0 0.129375 0.7685098406747891 0.01875 0.019681349578256794
0 0.04 0.5613870665417057 0.02625 0.01499531396438613
0 0.59875 0.5374882849109653 0.01375 0.015932521087160263
0 0.5325 0.5609184629803187 0.02 0.013120899718837863
0 0.55375 0.5674789128397376 0.01875 0.008434864104967198
0 0.545 0.5735707591377694 0.02 0.014058106841611996