0 0.203125 0.4301780693533271 0.02125 0.016869728209934397
0 0.31875 0.6494845360824743 0.035 0.026241799437675725
0 0.545 0.48687910028116216 0.04625 0.01780693533270853
1 0.233125 0.619962511715089 0.15375 0.10965323336457357
0 0.606875 0.5595126522961574 0.10625 0.07778819119025304
0 0.2725 0.35098406747891286 0.06875 0.06279287722586692
0 0.44875 0.4498594189315839 0.105 0.1105904404873477
0 0.624375 0.7193064667291471 0.10125 0.08434864104967198
0 0.53125 0.6902530459231491 0.09875 0.08059981255857544
0 0.805625 0.6255857544517338 0.11625 0.08903467666354264
0 0.548125 0.4442361761949391 0.08125 0.06841611996251172
0 0.804375 0.4854732895970009 0.06625 0.041237113402061855
0 0.7325 0.5585754451733833 0.07875 0.053420805998125584
0 0.9375 0.3598875351452671 0.0725 0.04967197750702906
0 0.601875 0.3434864104967198 0.04625 0.038425492033739454
0 0.88625 0.6115276476101218 0.0775 0.04592314901593252
0 0.894375 0.3209934395501406 0.07375 0.05060918462980318
0 0.939375 0.8631677600749765 0.07375 0.03655107778819119
0 0.29875 0.21415182755388942 0.05375 0.03655107778819119
0 0.68375 0.569821930646673 0.05375 0.03748828491096532
0 0.35625 0.6068416119962512 0.04 0.03280224929709466
0 0.838125 0.8092783505154639 0.06 0.04873477038425492
0 0.933125 0.5834114339268979 0.06125 0.030927835051546393
0 0.493125 0.2169634489222118 0.05125 0.03748828491096532
0 0.463125 0.7450796626054358 0.11 0.06935332708528585
0 0.7575 0.20384254920337394 0.06125 0.05248359887535145
0 0.466875 0.7938144329896907 0.0625 0.04498594189315839
1 0.43625 0.6002811621368322 0.11 0.1274601686972821
0 0.1775 0.18556701030927836 0.015 0.0037488284910965324
0 0.34625 0.19634489222118087 0.01625 0.005623242736644799
0 0.5675 0.211340206185567 0.0225 0.005623242736644799
0 0.808125 0.6907216494845361 0.1025 0.05810684161199625
0 0.731875 0.8055295220243673 0.07125 0.04779756326148079
0 0.13875 0.647610121836926 0.01 0.011246485473289597
1 0.211875 0.5037488284910965 0.07625 0.07778819119025304
1 0.26625 0.5688847235238987 0.28625 0.2268041237113402
1 0.018125 0.5290534208059982 0.03625 0.038425492033739454
1 0.01 0.5712277413308341 0.02 0.02155576382380506
1 0.080625 0.5866916588566073 0.16125 0.08247422680412371
0 0.195625 0.42549203373945643 0.015 0.011246485473289597