0 0.81 0.190253045923149 0.02125 0.016869728209934397
0 0.859375 0.1176194939081537 0.01 0.006560449859418931
0 0.794375 0.5501405810684161 0.03375 0.02436738519212746
0 0.763125 0.49109653233364575 0.03125 0.022492970946579195
0 0.76875 0.5862230552952202 0.03375 0.02436738519212746
0 0.745 0.5693533270852859 0.03 0.022492970946579195
0 0.745 0.41940018744142454 0.0375 0.02436738519212746
0 0.849375 0.43673851921274603 0.02125 0.019681349578256794
0 0.909375 0.7577319587628866 0.0325 0.028116213683223992
0 0.339375 0.32005623242736647 0.02 0.016869728209934397
0 0.67125 0.1218369259606373 0.015 0.014058106841611996
0 0.28375 0.2755388940955951 0.0175 0.014058106841611996
0 0.670625 0.16447985004686036 0.015 0.01874414245548266
0 0.409375 0.1850984067478913 0.0125 0.01218369259606373
0 0.633125 0.5112464854732895 0.0325 0.023430178069353328
0 0.459375 0.40253045923149017 0.0175 0.014058106841611996
0 0.504375 0.5332708528584817 0.01125 0.007497656982193065
0 0.45 0.4119025304592315 0.01875 0.016869728209934397
0 0.4525 0.6087160262417994 0.03375 0.016869728209934397
0 0.43375 0.6729147141518276 0.03125 0.029053420805998126
0 0.580625 0.8388003748828491 0.0125 0.015932521087160263
0 0.415 0.8481724461105904 0.0125 0.008434864104967198
0 0.423125 0.7919400187441424 0.0125 0.011246485473289597
0 0.225 0.746954076850984 0.02 0.01874414245548266
0 0.631875 0.21462043111527648 0.09375 0.08247422680412371
0 0.713125 0.232427366447985 0.0875 0.06935332708528585
0 0.896875 0.1344892221180881 0.06875 0.053420805998125584
0 0.58 0.7558575445173383 0.05375 0.06091846298031865
0 0.880625 0.37628865979381443 0.0625 0.03936269915651359
0 0.28 0.7647610121836926 0.0525 0.05810684161199625
1 0.603125 0.4217432052483599 0.09 0.13776944704779756
0 0.45125 0.2633552014995314 0.03875 0.044048734770384255
1 0.3475 0.471883786316776 0.0575 0.05810684161199625
0 0.774375 0.3177132146204311 0.04 0.02717900656044986
0 0.849375 0.6462043111527648 0.03625 0.02999062792877226
0 0.414375 0.8144329896907216 0.0325 0.033739456419868794
1 0.545625 0.4751640112464855 0.10125 0.09465791940018745
0 0.720625 0.4442361761949391 0.04625 0.028116213683223992
1 0.314375 0.4939081537019681 0.09875 0.046860356138706656
1 0.579375 0.35520149953139646 0.10375 0.1274601686972821
1 0.4425 0.8505154639175257 0.0825 0.05998125585754452
0 0.52625 0.1387066541705717 0.03625 0.033739456419868794
0 0.49875 0.13402061855670103 0.025 0.020618556701030927
0 0.479375 0.12933458294283037 0.03 0.010309278350515464
0 0.54625 0.29896907216494845 0.00875 0.011246485473289597
0 0.555625 0.3036551077788191 0.00875 0.010309278350515464
1 0.543125 0.42549203373945643 0.07 0.10684161199625117
0 0.554375 0.5567010309278351 0.07375 0.029053420805998126
0 0.585625 0.563261480787254 0.075 0.03280224929709466
0 0.473125 0.6218369259606373 0.0375 0.016869728209934397
0 0.57375 0.682755388940956 0.02 0.013120899718837863
0 0.734375 0.6996251171508904 0.035 0.02530459231490159
0 0.765 0.7235238987816307 0.11625 0.020618556701030927
0 0.90375 0.8458294283036552 0.03 0.019681349578256794
0 0.291875 0.627460168697282 0.00875 0.006560449859418931
0 0.22625 0.6560449859418932 0.0075 0.005623242736644799
0 0.2775 0.43252108716026244 0.00625 0.0037488284910965324