0 0.060625 0.2893811533052039 0.02875 0.013361462728551337
0 0.29 0.2570323488045007 0.0325 0.013361462728551337
0 0.22125 0.2640646976090014 0.02375 0.009142053445850914
0 0.156875 0.2419127988748242 0.0125 0.005625879043600563
0 0.4775 0.25070323488045004 0.0325 0.014064697609001406
0 0.625625 0.24718706047819972 0.0175 0.009845288326300985
0 0.785625 0.2950070323488045 0.02375 0.009142053445850914
0 0.934375 0.29852320675105487 0.01375 0.009142053445850914
0 0.7225 0.2545710267229255 0.035 0.014064697609001406
0 0.033125 0.45042194092827004 0.01875 0.015471167369901548
0 0.031875 0.35337552742616035 0.0175 0.008438818565400843
0 0.07375 0.3818565400843882 0.0175 0.008438818565400843
0 0.29125 0.6536568213783404 0.0275 0.007735583684950774
0 0.036875 0.5537974683544303 0.015 0.008438818565400843
0 0.04125 0.5309423347398031 0.0175 0.009142053445850914
0 0.3075 0.5889592123769339 0.0225 0.009845288326300985
0 0.003125 0.6068917018284107 0.00625 0.008438818565400843
0 0.00875 0.6149789029535865 0.0125 0.009142053445850914
0 0.634375 0.630098452883263 0.02375 0.009845288326300985
0 0.571875 0.4694092827004219 0.02125 0.010548523206751054
0 0.420625 0.5632911392405063 0.025 0.009845288326300985
0 0.48375 0.6554149085794655 0.015 0.005625879043600563
0 0.494375 0.5341068917018285 0.01625 0.006329113924050633
0 0.61625 0.5059774964838256 0.02 0.011251758087201125
0 0.465625 0.6350210970464135 0.0125 0.004922644163150493
0 0.591875 0.3772855133614627 0.02125 0.004219409282700422
0 0.500625 0.3808016877637131 0.01875 0.013361462728551337
0 0.876875 0.38748241912798875 0.0275 0.02250351617440225
0 0.78125 0.6490857946554149 0.01875 0.009845288326300985
0 0.045 0.729957805907173 0.025 0.0189873417721519
0 0.27 0.7735583684950773 0.03 0.009845288326300985
0 0.595625 0.7524613220815752 0.0125 0.006329113924050633
0 0.565 0.730309423347398 0.01875 0.007735583684950774
0 0.795 0.7250351617440225 0.02375 0.009845288326300985
0 0.771875 0.7577355836849508 0.0175 0.011954992967651195
0 0.690625 0.7985232067510548 0.02 0.016877637130801686
0 0.97875 0.8375527426160337 0.01625 0.015471167369901548
0 0.976875 0.710618846694796 0.01875 0.009845288326300985
0 0.77125 0.47960618846694797 0.10125 0.06258790436005626
0 0.365 0.7637130801687764 0.0825 0.04992967651195499
0 0.350625 0.4170182841068917 0.09125 0.06540084388185655
0 0.678125 0.36954992967651196 0.09 0.06258790436005626
0 0.368125 0.36849507735583686 0.0725 0.04430379746835443
1 0.1325 0.7366385372714487 0.2275 0.15471167369901548
0 0.8 0.5235583684950773 0.0475 0.04922644163150492
0 0.301875 0.49050632911392406 0.0525 0.03234880450070324
0 0.70625 0.570323488045007 0.09 0.023206751054852322
0 0.1875 0.4648382559774965 0.04875 0.026722925457102673
1 0.0125 0.4757383966244726 0.025 0.16244725738396623
1 0.010625 0.5632911392405063 0.02125 0.02250351617440225
0 0.4525 0.30977496483825595 0.02375 0.008438818565400843
0 0.4275 0.31856540084388185 0.015 0.011954992967651195
0 0.439375 0.31962025316455694 0.0125 0.014064697609001406
0 0.453125 0.3189170182841069 0.015 0.012658227848101266
0 0.583125 0.3618143459915612 0.02125 0.0028129395218002813
0 0.58375 0.36533052039381153 0.00875 0.004219409282700422
0 0.59375 0.3818565400843882 0.01125 0.004219409282700422
0 0.513125 0.379746835443038 0.015 0.013361462728551337
0 0.473125 0.39838255977496484 0.0075 0.007735583684950774
0 0.480625 0.40646976090014064 0.01375 0.012658227848101266
0 0.465 0.409634317862166 0.01875 0.014064697609001406
0 0.57125 0.4616736990154712 0.02 0.007735583684950774
0 0.540625 0.5713783403656821 0.03 0.009142053445850914
0 0.544375 0.5787623066104078 0.03 0.004922644163150493
0 0.53125 0.5822784810126582 0.025 0.008438818565400843
0 0.42125 0.6659634317862166 0.0175 0.005625879043600563
0 0.99 0.5988045007032349 0.00625 0.014064697609001406
0 0.949375 0.5668073136427567 0.04 0.0189873417721519
0 0.5725 0.27285513361462727 0.02125 0.005625879043600563