0 0.85125 0.24226441631504922 0.025 0.016877637130801686
0 0.92 0.3691983122362869 0.025 0.0189873417721519
0 0.904375 0.3308720112517581 0.0175 0.013361462728551337
0 0.94 0.29360056258790435 0.01 0.007032348804500703
0 0.94125 0.47433192686357245 0.02625 0.0189873417721519
0 0.955 0.5573136427566807 0.0175 0.009845288326300985
0 0.87875 0.6497890295358649 0.0175 0.013361462728551337
0 0.880625 0.7334739803094233 0.01625 0.007735583684950774
0 0.9475 0.6121659634317862 0.02625 0.020393811533052038
0 0.56375 0.23523206751054854 0.02875 0.011251758087201125
0 0.735625 0.22925457102672292 0.015 0.009845288326300985
0 0.6875 0.2542194092827004 0.015 0.009845288326300985
0 0.21625 0.3909985935302391 0.015 0.015471167369901548
0 0.38 0.24261603375527427 0.015 0.008438818565400843
0 0.42125 0.2440225035161744 0.01625 0.009845288326300985
0 0.3325 0.39627285513361465 0.01875 0.012658227848101266
0 0.284375 0.22573839662447256 0.015 0.005625879043600563
0 0.27 0.229957805907173 0.01625 0.007032348804500703
0 0.27625 0.5822784810126582 0.01875 0.013361462728551337
0 0.558125 0.5386779184247539 0.02 0.012658227848101266
0 0.38375 0.45850914205344584 0.01875 0.014064697609001406
0 0.22375 0.4989451476793249 0.01 0.008438818565400843
0 0.439375 0.49859353023909986 0.01125 0.009142053445850914
0 0.495 0.5654008438818565 0.02125 0.011954992967651195
0 0.25875 0.48769338959212377 0.00875 0.007032348804500703
0 0.723125 0.5453586497890295 0.00875 0.011954992967651195
0 0.711875 0.4940225035161744 0.025 0.011251758087201125
0 0.719375 0.7056962025316456 0.04125 0.015471167369901548
0 0.25 0.6656118143459916 0.01875 0.010548523206751054
0 0.0675 0.25668073136427566 0.035 0.014767932489451477
0 0.005625 0.3853727144866385 0.01125 0.016877637130801686
0 0.056875 0.5671589310829818 0.01125 0.007032348804500703
0 0.094375 0.5485232067510548 0.015 0.010548523206751054
0 0.115625 0.6775668073136427 0.01875 0.013361462728551337
0 0.056875 0.6663150492264416 0.02125 0.010548523206751054
0 0.150625 0.7788326300984529 0.01875 0.010548523206751054
0 0.550625 0.6511954992967651 0.11375 0.057665260196905765
0 0.034375 0.43776371308016876 0.06875 0.047116736990154715
0 0.639375 0.41174402250351616 0.1175 0.052039381153305204
0 0.740625 0.5931786216596343 0.1125 0.051336146272855133
0 0.72625 0.4191279887482419 0.08 0.04149085794655415
1 0.1 0.30520393811533053 0.2 0.12939521800281295
0 0.47375 0.669831223628692 0.0875 0.027426160337552744
0 0.50625 0.3881856540084388 0.0575 0.030239099859353025
0 0.38625 0.6195499296765119 0.0425 0.05063291139240506
0 0.545625 0.32243319268635723 0.0475 0.027426160337552744
1 0.516875 0.22468354430379747 0.28875 0.01828410689170183
1 0.361875 0.22749648382559776 0.04125 0.013361462728551337
0 0.835625 0.46343178621659636 0.01625 0.013361462728551337
0 0.818125 0.44971870604782 0.02125 0.009142053445850914
0 0.816875 0.45639943741209565 0.025 0.007735583684950774
0 0.819375 0.4641350210970464 0.0225 0.009142053445850914
0 0.749375 0.539381153305204 0.00625 0.011954992967651195
0 0.743125 0.539732770745429 0.0075 0.004922644163150493
0 0.715 0.5464135021097046 0.0075 0.006329113924050633
0 0.71375 0.5010548523206751 0.02375 0.009142053445850914
0 0.67875 0.47960618846694797 0.01375 0.004219409282700422
0 0.665 0.48417721518987344 0.0225 0.008438818565400843
0 0.65875 0.4757383966244726 0.02625 0.011251758087201125
0 0.571875 0.5379746835443038 0.015 0.011251758087201125
0 0.375625 0.5267229254571026 0.0175 0.016877637130801686
0 0.3625 0.5291842475386779 0.01 0.016877637130801686
0 0.355625 0.5218002812939522 0.01625 0.014064697609001406
0 0.20125 0.46448663853727146 0.01 0.009845288326300985
0 0.350625 0.7805907172995781 0.025 0.004219409282700422
0 0.405 0.7559774964838256 0.03375 0.023206751054852322
0 0.906875 0.5288326300984529 0.01125 0.011954992967651195