0 0.865 0.2399859451862263 0.0975 0.054111033028812365
0 0.82125 0.747364722417428 0.0875 0.049894588896697116
0 0.050625 0.23401264933239635 0.08125 0.049191848208011243
0 0.60875 0.6932536893886156 0.07 0.05551651440618412
0 0.925625 0.651791988756149 0.08375 0.04848910751932537
0 0.788125 0.865073787772312 0.08625 0.049191848208011243
0 0.475 0.865073787772312 0.0525 0.029515108924806747
0 0.916875 0.29128601546029514 0.05375 0.03302881236823612
0 0.51875 0.7463106113843991 0.0575 0.03232607167955025
0 0.099375 0.49016163035839777 0.08625 0.08784258608573436
0 0.88375 0.46099789177793393 0.0575 0.036542515811665496
0 0.268125 0.19465917076598735 0.07375 0.03232607167955025
0 0.89 0.3460997891777934 0.0375 0.03443429374560787
0 0.961875 0.41988756148981027 0.05625 0.03302881236823612
0 0.491875 0.6591707659873507 0.06375 0.035137034434293744
0 0.615625 0.5228390723822909 0.03875 0.03373155305692199
0 0.535625 0.6331693605059733 0.06375 0.028109627547434995
0 0.436875 0.2122276879831342 0.04875 0.025298664792691498
0 0.836875 0.4585382993675334 0.03375 0.030217849613492623
0 0.71875 0.2477160927617709 0.0475 0.024595924104005622
0 0.0375 0.5080815179198875 0.0725 0.07167955024595925
0 0.6525 0.49226985242445537 0.035 0.03162333099086437
0 0.20625 0.3120168657765285 0.0275 0.014054813773717497
0 0.184375 0.30428671820098385 0.02625 0.014054813773717497
0 0.349375 0.33195361911454674 0.02875 0.04408995080815179
0 0.605625 0.19149683766690093 0.02875 0.011946591707659873
0 0.614375 0.18236120871398454 0.03625 0.013352073085031623
0 0.6125 0.20309205903021785 0.0175 0.012649332396345749
0 0.3957875 0.3288193956430078 0.025924999999999997 0.03782150386507379
0 0.12342499999999999 0.3949402670414617 0.01935 0.016865776528460996
0 0.091875 0.5667603654251581 0.02125 0.013352073085031623
0 0.25875 0.5576247364722418 0.02 0.009135628952916374
0 0.181875 0.6493323963457485 0.03375 0.016865776528460996
0 0.114375 0.3959943780744905 0.01875 0.020379479971890373
0 0.18625 0.6187631763879129 0.0225 0.017568517217146872
0 0.540625 0.5231904427266338 0.01875 0.011946591707659873
0 0.42875 0.5277582572030921 0.02 0.014054813773717497
0 0.58 0.6591707659873507 0.0125 0.011243851018973999
0 0.86625 0.5751932536893886 0.03 0.016163035839775124
0 0.11 0.7283907238229094 0.0225 0.011946591707659873
0 0.235 0.8327477160927618 0.0175 0.014054813773717497
0 0.106875 0.916022487702038 0.01625 0.011946591707659873
0 0.67605 0.8123682361208714 0.0329125 0.011243851018973999
0 0.08428750000000002 0.5293323963457485 0.037375 0.03009838369641602
0 0.013587499999999999 0.451293042867182 0.027174999999999998 0.09641602248770204
0 0.1421375 0.3948981026001406 0.0226625 0.014378074490513001
0 0.3274375 0.33292340126493325 0.0168 0.013956430077301475
0 0.4200875 0.32808151791988754 0.021187499999999998 0.016219255094869992
0 0.596975 0.3036753338018271 0.028537499999999997 0.041110330288123685
0 0.9951375 0.3677160927617709 0.009712499999999999 0.016837666900913564
0 0.1430375 0.6310822206605762 0.0172 0.020140548137737174
0 0.4165 0.5303654251581167 0.0373875 0.03577652846099789
0 0.622125 0.47630358397751227 0.0313375 0.0285523541813071
1 0.9906874999999999 0.7555305692199578 0.018625 0.014975404075895994