0 0.823125 0.2231201686577653 0.105 0.059030217849613494
0 0.858125 0.7308503162333099 0.095 0.054111033028812365
0 0.0275 0.2568517217146873 0.055 0.05270555165144062
0 0.638125 0.6872803935347856 0.07875 0.059030217849613494
0 0.9475 0.6303583977512298 0.09125 0.05270555165144062
0 0.84375 0.8496134926212228 0.09375 0.05340829234012649
0 0.531875 0.865073787772312 0.0575 0.03232607167955025
0 0.883125 0.27160927617709063 0.05875 0.035839775122979624
0 0.556875 0.7445537596626844 0.0625 0.035137034434293744
0 0.099375 0.5098383696416022 0.1 0.09205903021784961
0 0.87625 0.44237526352775824 0.0625 0.03935347856640899
0 0.221875 0.2073085031623331 0.07875 0.035839775122979624
0 0.864375 0.3274771609276177 0.0425 0.035839775122979624
0 0.9475 0.39739985945186224 0.06125 0.035839775122979624
0 0.516875 0.6588193956430077 0.06875 0.03794799718903725
0 0.61875 0.517217146872804 0.04375 0.035839775122979624
0 0.55625 0.6310611384399156 0.0675 0.030920590302178495
0 0.3925 0.21644413211524946 0.0525 0.027406886858749122
0 0.829375 0.44202389318341534 0.03875 0.03162333099086437
0 0.67875 0.23787772312016867 0.05125 0.026704146170063246
0 0.04125 0.5302178496134926 0.0825 0.07519325368938862
0 0.650625 0.4848910751932537 0.04 0.03302881236823612
0 0.178125 0.3271257905832748 0.03 0.015460295151089248
0 0.155 0.320449754040759 0.02875 0.015460295151089248
0 0.32375 0.34012649332396344 0.035 0.04567814476458187
0 0.5575 0.1876317638791286 0.03 0.013352073085031623
0 0.565 0.17779339423752635 0.03875 0.014757554462403373
0 0.56625 0.1988756148981026 0.02 0.013352073085031623
0 0.369375 0.33450456781447646 0.0325 0.03935347856640899
0 0.108125 0.4139142656359803 0.02125 0.017568517217146872
0 0.10375 0.5864371047083626 0.02375 0.014054813773717497
0 0.26875 0.5692199578355587 0.02125 0.009838369641602248
0 0.20625 0.6644413211524948 0.03625 0.018271257905832748
0 0.1 0.41531974701335206 0.02125 0.02108222066057625
0 0.205625 0.6335207308503162 0.025 0.018271257905832748
0 0.544375 0.5210822206605763 0.02 0.012649332396345749
0 0.433125 0.5312719606465214 0.0225 0.014757554462403373
0 0.604375 0.6546029515108924 0.01375 0.011946591707659873
0 0.87625 0.5569219957835558 0.0325 0.017568517217146872
0 0.146875 0.7466619817287421 0.02375 0.013352073085031623
0 0.2875 0.8443429374560787 0.02 0.014757554462403373
0 0.173125 0.9335910049191848 0.0175 0.012649332396345749
0 0.72375 0.8025298664792692 0.03375 0.012649332396345749
0 0.090625 0.5495432185523542 0.0425 0.03162333099086437
0 0.014375 0.47505270555165147 0.02875 0.09697821503865074
0 0.126875 0.4128601546029515 0.025 0.014757554462403373
0 0.3025 0.3422347153900211 0.01875 0.014757554462403373
0 0.39375 0.33274771609276177 0.02375 0.016865776528460996
0 0.56625 0.29971890372452564 0.035 0.0421644413211525
0 0.9725 0.3439915671117358 0.0125 0.017568517217146872
0 0.165 0.6479269149683766 0.02 0.02108222066057625
0 0.42125 0.534082923401265 0.0425 0.03724525650035137
0 0.6175 0.47048489107519326 0.035 0.030217849613492623