0 0.158125 0.08528584817244611 0.03375 0.026241799437675725
0 0.478125 0.1635426429240862 0.01375 0.010309278350515464
0 0.895625 0.3716026241799438 0.01375 0.01780693533270853
0 0.118125 0.4513308341143393 0.09375 0.09104967197750703
0 0.35875 0.5805998125585754 0.0775 0.07029053420805999
1 0.749375 0.49804123711340204 0.23625 0.1594095595126523
0 0.32125 0.6804123711340206 0.0625 0.05998125585754452
0 0.239375 0.42127460168697284 0.08375 0.04967197750702906
1 0.9328375 0.547029053420806 0.1343125 0.1812277413308341
0 0.473125 0.4395501405810684 0.04375 0.03748828491096532
0 0.28375 0.3697282099343955 0.0425 0.07216494845360824
0 0.444375 0.38608247422680414 0.03875 0.0319493908153702
0 0.631875 0.45220243673851923 0.03125 0.03655107778819119
0 0.503125 0.5009840674789128 0.07125 0.07087160262417995
0 0.6134000000000001 0.395107778819119 0.056825 0.03452671040299907
0 0.4725 0.8448922211808809 0.045 0.029053420805998126
1 0.925625 0.4045829428303655 0.12875 0.16552952202436738
0 0.8640375 0.4433833177132146 0.0255625 0.04413308341143393
0 0.200625 0.06466729147141519 0.04375 0.02999062792877226
0 0.034375 0.1547422680412371 0.06875 0.06885660731021556
0 0.975 0.4740018744142455 0.0475 0.060431115276476106
0 0.7598999999999999 0.20835051546391753 0.016825 0.007047797563261481
0 0.715125 0.20074039362699156 0.01175 0.005445173383317713
0 0.7749250000000001 0.46700093720712277 0.0236125 0.011846298031865043
0 0.990125 0.4240862230552952 0.009575 0.011893158388003748
0 0.39975 0.748294283036551 0.0395125 0.024461105904404874
0 0.3220375 0.802136832239925 0.013162499999999999 0.014386129334582942
1 0.0068375 0.6571321462043112 0.013687499999999998 0.015435801312089971
0 0.371575 0.5571227741330834 0.014975 0.009447047797563262
0 0.308175 0.3458762886597938 0.0154375 0.020496719775070293
0 0.33795000000000003 0.24312089971883788 0.0177 0.02223992502343018
0 0.1169125 0.4958950328022493 0.027025 0.011808809746954077