0 0.824375 0.4873477038425492 0.0275 0.01874414245548266
0 0.821875 0.528584817244611 0.01625 0.011246485473289597
0 0.791875 0.5407685098406748 0.015 0.011246485473289597
0 0.845 0.6279287722586692 0.03375 0.02717900656044986
0 0.96125 0.6715089034676663 0.035 0.029053420805998126
0 0.92125 0.6490159325210871 0.03125 0.026241799437675725
0 0.885625 0.6499531396438613 0.035 0.026241799437675725
0 0.403125 0.5093720712277413 0.015 0.00937207122774133
0 0.423125 0.7774133083411434 0.0225 0.01218369259606373
0 0.6675 0.760543580131209 0.0275 0.022492970946579195
0 0.403125 0.8655107778819119 0.03875 0.019681349578256794
0 0.506875 0.6818181818181818 0.03 0.022492970946579195
0 0.445 0.7422680412371134 0.02 0.010309278350515464
0 0.614375 0.7586691658856607 0.0225 0.011246485473289597
0 0.3 0.8163074039362699 0.015 0.013120899718837863
1 0.33 0.3069353327085286 0.23875 0.22399250234301782
0 0.456875 0.830834114339269 0.07875 0.053420805998125584
0 0.505625 0.5585754451733833 0.09 0.04873477038425492
0 0.334375 0.7727272727272727 0.10375 0.04967197750702906
0 0.275625 0.47797563261480785 0.07 0.05716963448922212
0 0.793125 0.6349578256794751 0.03875 0.02999062792877226
0 0.355625 0.555763823805061 0.045 0.029053420805998126
0 0.448125 0.3467666354264292 0.13875 0.07029053420805999
1 0.0575 0.24601686972820994 0.11 0.06935332708528585
0 0.0575 0.24601686972820994 0.11 0.06935332708528585
0 0.990625 0.6668228678537957 0.01875 0.02717900656044986
0 0.828125 0.4985941893158388 0.01875 0.007497656982193065
0 0.7975 0.4901593252108716 0.01625 0.01218369259606373
0 0.775 0.5370196813495782 0.01125 0.008434864104967198
0 0.78375 0.5370196813495782 0.00875 0.008434864104967198
0 0.783125 0.5290534208059982 0.01125 0.00937207122774133
0 0.77375 0.5290534208059982 0.01 0.007497656982193065
0 0.7475 0.46719775070290537 0.015 0.006560449859418931
0 0.73125 0.4287722586691659 0.0125 0.008434864104967198
0 0.719375 0.4287722586691659 0.01 0.010309278350515464
0 0.694375 0.45313964386129335 0.01375 0.01218369259606373
0 0.4925 0.5740393626991566 0.02125 0.01218369259606373
0 0.455 0.5684161199625117 0.01625 0.01874414245548266
0 0.435625 0.6077788191190253 0.01125 0.011246485473289597
0 0.34625 0.485941893158388 0.03 0.026241799437675725
0 0.325 0.5004686035613871 0.01625 0.00937207122774133
0 0.32 0.4854732895970009 0.01875 0.022492970946579195
0 0.36375 0.3865979381443299 0.09375 0.06466729147141519
0 0.449375 0.30880974695407687 0.02125 0.014058106841611996
0 0.373125 0.26288659793814434 0.025 0.022492970946579195
1 0.17875 0.3786316776007498 0.12375 0.1246485473289597
1 0.244375 0.3744142455482662 0.335 0.30927835051546393
1 0.481875 0.6082474226804123 0.15875 0.1274601686972821
1 0.478125 0.5951265229615745 0.2125 0.1696344892221181
0 0.55875 0.5342080599812559 0.43 0.22774133083411435
0 0.3925 0.8772258669165885 0.03875 0.010309278350515464