0 0.528125 0.2572633552014995 0.025 0.020618556701030927
0 0.5825 0.26522961574507964 0.015 0.01218369259606373
0 0.594375 0.28865979381443296 0.015 0.011246485473289597
0 0.716875 0.2614807872539831 0.03625 0.02530459231490159
0 0.79125 0.18134957825679476 0.03875 0.026241799437675725
0 0.82875 0.1274601686972821 0.03625 0.02530459231490159
0 0.755 0.20805998125585753 0.035 0.023430178069353328
0 0.75125 0.23477038425492033 0.035 0.026241799437675725
0 0.49875 0.5731021555763823 0.0125 0.011246485473289597
0 0.855625 0.5955951265229615 0.01625 0.016869728209934397
0 0.8675 0.4119025304592315 0.03 0.020618556701030927
0 0.969375 0.6227741330834115 0.02625 0.029053420805998126
0 0.74125 0.5201499531396439 0.03 0.022492970946579195
0 0.8125 0.5745079662605436 0.01375 0.01499531396438613
0 0.8575 0.45126522961574506 0.015 0.016869728209934397
0 0.89 0.6925960637300843 0.0175 0.011246485473289597
1 0.22125 0.5993439550140581 0.29875 0.1790065604498594
0 0.930625 0.577788191190253 0.07125 0.059044048734770385
0 0.578125 0.5042174320524836 0.065 0.06747891283973759
0 0.836875 0.6607310215557638 0.06625 0.07778819119025304
0 0.439375 0.6635426429240863 0.07625 0.05248359887535145
0 0.71875 0.30084348641049674 0.04 0.029053420805998126
0 0.55375 0.6152764761012184 0.03875 0.033739456419868794
0 0.290625 0.5173383317713215 0.09375 0.10402999062792877
1 0.103125 0.7928772258669166 0.0925 0.08247422680412371
0 0.103125 0.7928772258669166 0.0925 0.08247422680412371
0 0.78875 0.15510777881911902 0.03625 0.02155576382380506
0 0.544375 0.25585754451733833 0.01 0.014058106841611996
0 0.528125 0.2778819119025305 0.01625 0.01218369259606373
0 0.586875 0.3013120899718838 0.01125 0.008434864104967198
0 0.588125 0.29475164011246485 0.01125 0.006560449859418931
0 0.5775 0.29381443298969073 0.0125 0.008434864104967198
0 0.57625 0.3003748828491096 0.01 0.007497656982193065
0 0.49125 0.31162136832239923 0.00875 0.011246485473289597
0 0.438125 0.3181818181818182 0.01125 0.00937207122774133
0 0.43625 0.3270852858481724 0.01375 0.007497656982193065
0 0.465 0.34910965323336457 0.01625 0.010309278350515464
0 0.596875 0.5159325210871603 0.01625 0.015932521087160263
0 0.584375 0.5431115276476102 0.025 0.01218369259606373
0 0.633125 0.5627928772258669 0.015 0.008434864104967198
0 0.46 0.6119962511715089 0.035 0.022492970946579195
0 0.47625 0.6298031865042174 0.0125 0.01218369259606373
0 0.455625 0.6316776007497656 0.03 0.014058106841611996
0 0.33125 0.5857544517338332 0.08625 0.07029053420805999
0 0.24 0.5107778819119025 0.01875 0.015932521087160263
0 0.169375 0.5609184629803187 0.03 0.01874414245548266
1 0.295 0.7216494845360825 0.16625 0.09278350515463918
1 0.29875 0.6719775070290535 0.4125 0.2511715089034677
1 0.64 0.528584817244611 0.17 0.1190253045923149
1 0.6225 0.5295220243673852 0.22625 0.15932521087160262
0 0.553125 0.4611059044048735 0.30375 0.32239925023430177
0 0.983125 0.6326148078725399 0.01375 0.029053420805998126