0 0.058125 0.5539099526066351 0.0375 0.017772511848341232
0 0.03875 0.4727488151658768 0.0375 0.018364928909952605
0 0.059375 0.30479857819905215 0.01625 0.007701421800947867
0 0.598125 0.6007109004739336 0.035 0.02014218009478673
0 0.29625 0.6291469194312796 0.02625 0.01066350710900474
0 0.36125 0.6270734597156398 0.025 0.01066350710900474
0 0.6725 0.6149289099526066 0.0175 0.007701421800947867
0 0.808125 0.5734597156398105 0.0175 0.008293838862559242
0 0.715 0.4840047393364929 0.035 0.020734597156398103
0 0.77 0.41054502369668244 0.01625 0.007701421800947867
0 0.726875 0.5393957345971564 0.01625 0.007701421800947867
0 0.1625 0.465936018957346 0.0125 0.005924170616113744
0 0.53875 0.3575236966824645 0.01375 0.006516587677725118
0 0.24 0.32257109004739337 0.02625 0.010071090047393365
0 0.785 0.3027251184834123 0.0175 0.008293838862559242
0 0.581875 0.3886255924170616 0.01625 0.0071090047393364926
0 0.35125 0.303021327014218 0.015 0.006516587677725118
0 0.474375 0.3791469194312796 0.01375 0.006516587677725118
0 0.205625 0.38240521327014215 0.015 0.0071090047393364926
0 0.644375 0.26451421800947866 0.0175 0.006516587677725118
0 0.4275 0.2837677725118483 0.015 0.005924170616113744
0 0.911875 0.5121445497630331 0.03875 0.018364928909952605
0 0.870625 0.45231042654028436 0.01125 0.005924170616113744
0 0.915625 0.3658175355450237 0.04 0.018957345971563982
0 0.843125 0.26421800947867297 0.01125 0.006516587677725118
1 0.293125 0.5059241706161137 0.15625 0.06990521327014218
0 0.865625 0.3142772511848341 0.04375 0.020734597156398103
0 0.6825 0.3471563981042654 0.03875 0.019549763033175356
1 0.38375 0.4955568720379147 0.17625 0.0924170616113744
1 0.45875 0.44135071090047395 0.1675 0.052725118483412325
1 0.4975 0.5361374407582938 0.11 0.08649289099526067
1 0.176875 0.2953199052132701 0.25125 0.02843601895734597
1 0.366875 0.3027251184834123 0.25375 0.02665876777251185
0 0.418125 0.2852488151658768 0.0075 0.005924170616113744
1 0.5525 0.273696682464455 0.27125 0.029028436018957347
0 0.500625 0.3006516587677725 0.00875 0.005924170616113744
0 0.49375 0.3027251184834123 0.015 0.008886255924170616
0 0.486875 0.30183649289099523 0.01 0.004739336492890996
0 0.301875 0.3747037914691943 0.01125 0.005924170616113744
0 0.24125 0.3960308056872038 0.01625 0.00533175355450237
0 0.0275 0.4265402843601896 0.0375 0.017180094786729858
0 0.014375 0.36048578199052134 0.0125 0.01066350710900474