0 0.9375 0.43868483412322273 0.03875 0.017772511848341232
0 0.963125 0.5195497630331753 0.0375 0.018957345971563982
0 0.954375 0.6877962085308057 0.0175 0.007701421800947867
0 0.394375 0.40077014218009477 0.03625 0.020734597156398103
0 0.69375 0.36759478672985785 0.02625 0.011255924170616114
0 0.629375 0.3705568720379147 0.02625 0.011255924170616114
0 0.319375 0.38773696682464454 0.01875 0.007701421800947867
0 0.18625 0.4318720379146919 0.0175 0.008293838862559242
0 0.28625 0.5195497630331753 0.03625 0.02132701421800948
0 0.236875 0.5938981042654028 0.0175 0.007701421800947867
0 0.270625 0.46445497630331756 0.01625 0.008293838862559242
0 0.84 0.5284360189573459 0.0125 0.005924170616113744
0 0.471875 0.643068720379147 0.015 0.0071090047393364926
0 0.773125 0.6729857819905213 0.02625 0.01066350710900474
0 0.23 0.701718009478673 0.0175 0.008293838862559242
0 0.42625 0.6125592417061612 0.0175 0.0071090047393364926
0 0.663125 0.6946090047393365 0.01625 0.0071090047393364926
0 0.534375 0.6205568720379147 0.015 0.0071090047393364926
0 0.8025 0.6128554502369669 0.01625 0.007701421800947867
0 0.373125 0.7375592417061612 0.0175 0.006516587677725118
0 0.588125 0.715047393364929 0.015 0.006516587677725118
0 0.0875 0.4946682464454976 0.03875 0.018957345971563982
0 0.133125 0.5539099526066351 0.01125 0.005924170616113744
0 0.094375 0.6409952606635071 0.04 0.018957345971563982
0 0.175 0.7414099526066351 0.0125 0.006516587677725118
1 0.70625 0.490521327014218 0.16 0.07168246445497631
0 0.148125 0.6916469194312796 0.045 0.02132701421800948
0 0.32875 0.6558056872037915 0.04 0.02014218009478673
1 0.61625 0.5026658767772512 0.18125 0.09419431279620853
1 0.545625 0.557760663507109 0.17 0.05509478672985782
1 0.5 0.46386255924170616 0.115 0.08767772511848342
1 0.838125 0.6990521327014217 0.25 0.031990521327014215
1 0.6475 0.6949052132701422 0.25375 0.030805687203791468
0 0.5975 0.7132701421800948 0.0075 0.005924170616113744
1 0.46375 0.7271919431279621 0.27 0.03317535545023697
0 0.51375 0.6990521327014217 0.00875 0.005924170616113744
0 0.520625 0.696978672985782 0.015 0.009478672985781991
0 0.528125 0.6975710900473934 0.01 0.004739336492890996
0 0.7075 0.6220379146919431 0.01125 0.005924170616113744
0 0.76625 0.5995260663507109 0.01625 0.00533175355450237
0 0.9775 0.5657582938388626 0.03875 0.017180094786729858
0 0.994375 0.6315165876777251 0.01125 0.01066350710900474