0 0.4225 0.8083411433926898 0.01875 0.020618556701030927
0 0.9925 0.5674789128397376 0.015 0.038425492033739454
1 0.6475 0.6790065604498594 0.24625 0.16776007497656983
1 0.2 0.6087160262417994 0.25625 0.1668228678537957
0 0.13125 0.9447047797563262 0.075 0.04967197750702906
0 0.68875 0.22352389878163073 0.07 0.038425492033739454
0 0.3475 0.5993439550140581 0.08375 0.044048734770384255
1 0.7925 0.34723523898781633 0.0875 0.04029990627928772
0 0.32875 0.4034676663542643 0.04625 0.026241799437675725
0 0.201875 0.9423617619493908 0.07875 0.04967197750702906
0 0.911875 0.5707591377694471 0.06125 0.02717900656044986
0 0.9725 0.3837863167760075 0.04125 0.061855670103092786
0 0.42625 0.6007497656982193 0.08125 0.030927835051546393
0 0.02125 0.5117150890346767 0.0425 0.02999062792877226
0 0.798125 0.4653233364573571 0.08375 0.031865042174320526
1 0.52875 0.2970946579194002 0.23 0.15370196813495782
1 0.345 0.2685098406747891 0.2225 0.15463917525773196
0 0.525 0.30318650421743204 0.1 0.07872539831302718
1 0.6325 0.20759137769447047 0.08625 0.03280224929709466
0 0.936875 0.4006560449859419 0.02875 0.013120899718837863
0 0.93 0.37488284910965325 0.0625 0.038425492033739454
0 0.963125 0.4597000937207123 0.03 0.011246485473289597
0 0.9325 0.4620431115276476 0.03125 0.00937207122774133
0 0.881875 0.507029053420806 0.0325 0.011246485473289597
0 0.643125 0.5009372071227741 0.02875 0.03655107778819119
0 0.615 0.753514526710403 0.02 0.007497656982193065
0 0.364375 0.8542642924086223 0.015 0.019681349578256794
0 0.376875 0.8655107778819119 0.015 0.02155576382380506
0 0.600625 0.8987816307403936 0.01875 0.007497656982193065
0 0.145 0.7811621368322399 0.01875 0.01218369259606373
0 0.1475 0.7853795688847235 0.0175 0.011246485473289597
0 0.30375 0.5834114339268979 0.0175 0.015932521087160263
0 0.18375 0.5398313027179007 0.02125 0.013120899718837863
0 0.01375 0.5609184629803187 0.0225 0.04592314901593252
0 0.068125 0.5731021555763823 0.06875 0.06560449859418932
0 0.47 0.6044985941893158 0.02125 0.01874414245548266
0 0.480625 0.5955951265229615 0.025 0.010309278350515464
0 0.569375 0.6171508903467666 0.01 0.008434864104967198
0 0.71625 0.5852858481724461 0.01875 0.006560449859418931
0 0.7175 0.4119025304592315 0.0825 0.030927835051546393
1 0.72125 0.43580131208997186 0.09375 0.04029990627928772
1 0.805 0.4915651358950328 0.09875 0.04217432052483599