0 0.60625 0.19634489222118087 0.0175 0.019681349578256794
0 0.01 0.40631677600749766 0.02 0.03703842549203374
1 0.369375 0.3133739456419869 0.232775 0.15602624179943766
1 0.809125 0.4070571696344892 0.242175 0.15463917525773196
0 0.909375 0.07544517338331772 0.07125 0.04592314901593252
0 0.28625 0.7661668228678538 0.0675 0.03467666354264293
0 0.66125 0.4090909090909091 0.08 0.04029990627928772
1 0.19375 0.637319587628866 0.085 0.035576382380506096
0 0.661875 0.60543580131209 0.04375 0.02436738519212746
0 0.83875 0.07450796626054358 0.075 0.04592314901593252
0 0.09532500000000001 0.40778819119025306 0.058912500000000007 0.02416119962511715
0 0.018125 0.5913776944704779 0.03625 0.05998125585754452
0 0.583125 0.4034676663542643 0.07875 0.02717900656044986
0 0.979375 0.5135895032802249 0.04125 0.028116213683223992
0 0.199375 0.5192127460168697 0.08125 0.028116213683223992
1 0.4522375 0.7012371134020619 0.21766249999999998 0.14218369259606373
1 0.6333875 0.7392127460168697 0.2095375 0.14419868791002813
0 0.45685000000000003 0.6947328959700093 0.09366250000000001 0.07380506091846298
1 0.3407625 0.7849297094657919 0.08331250000000001 0.02831302717900656
0 0.055212500000000005 0.576269915651359 0.0274125 0.010880974695407684
0 0.0592 0.6019400187441425 0.0589875 0.03599812558575445
0 0.0342875 0.5157825679475164 0.028925 0.009184629803186505
0 0.064725 0.5153608247422681 0.0311875 0.00775070290534208
0 0.12027499999999999 0.47284910965323335 0.0311875 0.009465791940018745
0 0.3575 0.4913776944704779 0.024700000000000003 0.035576382380506096
0 0.408675 0.24105904404873474 0.020525 0.006335520149953139
0 0.6681625 0.1534864104967198 0.013675 0.01888472352389878
0 0.6571375 0.14193064667291472 0.012199999999999999 0.020309278350515464
0 0.43665 0.09700093720712277 0.0186625 0.006888472352389878
0 0.8801000000000001 0.23792877225866918 0.0174875 0.010890346766635426
0 0.8778125 0.23393626991565136 0.0159625 0.010318650421743205
0 0.7035625 0.42705716963448925 0.0159625 0.014910965323336458
0 0.8195999999999999 0.4772446110590441 0.019762500000000002 0.011883786316776007
0 0.9906625 0.46483598875351456 0.018675 0.045248359887535144
0 0.9377375000000001 0.44973758200562325 0.0628125 0.06311152764761012
0 0.5391875 0.39753514526710404 0.0205375 0.01746954076850984
0 0.5279625 0.4058013120899719 0.023975 0.009484536082474225
0 0.4417875 0.37940955951265226 0.0083625 0.008641049671977508
0 0.29243749999999996 0.40365510777881913 0.018625 0.005220243673851922
0 0.27475 0.5762605435801312 0.0798875 0.027441424554826618
1 0.2730375 0.5524554826616682 0.09095 0.035688847235238984
1 0.1950375 0.49239925023430176 0.09475 0.03769447047797563