0 0.80875 0.1330834114339269 0.03125 0.015932521087160263
0 0.834375 0.49203373945641987 0.0225 0.015932521087160263
0 0.86875 0.7417994376757263 0.03125 0.011246485473289597
0 0.36625 0.5993439550140581 0.02375 0.01874414245548266
0 0.508125 0.5609184629803187 0.02 0.01874414245548266
0 0.6575 0.45829428303655106 0.02375 0.019681349578256794
0 0.565625 0.492970946579194 0.03 0.01780693533270853
0 0.70375 0.7061855670103093 0.03125 0.020618556701030927
0 0.581875 0.7596063730084348 0.0175 0.020618556701030927
0 0.023125 0.20384254920337394 0.02125 0.030927835051546393
0 0.059375 0.5885660731021556 0.0175 0.02155576382380506
0 0.01875 0.4090909090909091 0.01625 0.013120899718837863
0 0.413125 0.7924086223055296 0.1075 0.05998125585754452
0 0.56875 0.43673851921274603 0.12125 0.07778819119025304
0 0.22125 0.17104029990627928 0.09625 0.09184629803186505
0 0.44125 0.6743205248359887 0.07375 0.06373008434864105
0 0.704375 0.6358950328022493 0.11625 0.056232427366447985
1 0.45625 0.5529522024367385 0.16875 0.190253045923149
0 0.515625 0.14245548266166824 0.1 0.03467666354264293
1 0.575625 0.8139643861293346 0.23 0.1218369259606373
0 0.595 0.3725398313027179 0.13375 0.07122774133083412
0 0.11875 0.5313964386129335 0.04625 0.03280224929709466
0 0.221875 0.49625117150890347 0.05 0.033739456419868794
0 0.87875 0.7019681349578257 0.03375 0.03280224929709466
0 0.3675 0.2980318650421743 0.03375 0.04967197750702906
0 0.994375 0.6630740393626992 0.01125 0.030927835051546393
0 0.56875 0.3219306466729147 0.04625 0.03561387066541706
0 0.76625 0.4465791940018744 0.10125 0.05435801312089972
0 0.704375 0.6705716963448922 0.05875 0.015932521087160263
0 0.273125 0.13120899718837864 0.04125 0.01218369259606373
0 0.1625 0.4690721649484536 0.01 0.010309278350515464
0 0.15 0.4690721649484536 0.01 0.010309278350515464
0 0.13875 0.46860356138706655 0.01 0.011246485473289597
0 0.128125 0.46719775070290537 0.01 0.00937207122774133
0 0.286875 0.5440487347703843 0.02625 0.026241799437675725
1 0.300625 0.5506091846298032 0.18375 0.19119025304592316
1 0.56125 0.6330834114339269 0.29125 0.2736644798500469