0 0.18125 0.6185567010309279 0.0375 0.016869728209934397
0 0.165 0.5238987816307404 0.0325 0.013120899718837863
0 0.040625 0.4189315838800375 0.06875 0.00937207122774133
0 0.00625 0.5707591377694471 0.0125 0.022492970946579195
0 0.565 0.6063730084348641 0.035 0.020618556701030927
0 0.3341875 0.45126522961574506 0.0241125 0.01780693533270853
0 0.64125 0.6504217432052484 0.0125 0.011246485473289597
0 0.5925 0.4456419868791003 0.0275 0.014058106841611996
0 0.867525 0.6483786316776008 0.0379 0.016429240862230556
0 0.985625 0.6447985004686035 0.02625 0.01874414245548266
0 0.945 0.4133083411433927 0.035 0.020618556701030927
0 0.1013375 0.6965510777881913 0.034825 0.021021555763823804
0 0.65125 0.7164948453608248 0.015 0.010309278350515464
0 0.8266500000000001 0.549671977507029 0.0766875 0.04967197750702906
1 0.6 0.5346766635426429 0.095 0.06841611996251172
1 0.36125 0.7343017806935332 0.07 0.05154639175257732
0 0.90125 0.46055295220243675 0.0875 0.031096532333645736
0 0.791875 0.5037488284910965 0.05875 0.04217432052483599
0 0.32205 0.6988659793814433 0.07125 0.029053420805998126
0 0.085 0.47891283973758203 0.0625 0.022492970946579195
0 0.11375 0.5941893158388004 0.07 0.033739456419868794
1 0.5555375 0.443767572633552 0.1064375 0.06279287722586692
1 0.7000875000000001 0.5740393626991566 0.0966 0.07110590440487348
0 0.405075 0.5603655107778819 0.050300000000000004 0.05716963448922212
0 0.143125 0.5688847235238987 0.06875 0.033739456419868794
0 0.898125 0.6166822867853796 0.07125 0.028116213683223992
0 0.640625 0.40674789128397376 0.05625 0.031865042174320526
1 0.7116125 0.5856232427366448 0.11071249999999999 0.03401124648547329
0 0.02875 0.6040299906279287 0.0575 0.030927835051546393
0 0.43670000000000003 0.42053420805998126 0.1434 0.048200562324273666
1 0.01625 0.47891283973758203 0.0325 0.02999062792877226
0 0.38911250000000003 0.5932146204311153 0.04905 0.07247422680412371
0 0.0384 0.6241799437675727 0.0582125 0.007863167760074978
0 0.054087500000000004 0.6353139643861293 0.061537499999999995 0.010834114339268978
0 0.008100000000000001 0.624892221180881 0.01045 0.008875351452671041
0 0.1944125 0.6322774133083411 0.021375 0.009756326148078726
0 0.1117125 0.6530365510777881 0.0403875 0.023120899718837865
0 0.14427500000000001 0.6888472352389878 0.0380125 0.023833177132146204
0 0.1746875 0.730721649484536 0.0399125 0.024892221180880972
0 0.136675 0.7814995313964386 0.0337375 0.027019681349578255
0 0.2556125 0.7502436738519213 0.0083 0.0022774133083411437
0 0.469025 0.638772258669166 0.0691625 0.07191190253045923
0 0.49979999999999997 0.6429522024367385 0.059875 0.09631677600749765
0 0.555525 0.6528678537956889 0.0443 0.06746016869728211
1 0.589475 0.6160074976569822 0.16797499999999999 0.11970009372071228
1 0.7002875000000001 0.6122680412371133 0.0364875 0.029821930646672917
1 0.7276375 0.6126710402999063 0.0297 0.03330834114339269
0 0.578225 0.5261105904404874 0.022537500000000002 0.01977507029053421
0 0.6749124999999999 0.5087066541705717 0.06431250000000001 0.02790065604498594
0 0.6845625 0.5097750702905341 0.051449999999999996 0.03111527647610122
0 0.68975 0.5139268978444236 0.046799999999999994 0.037816307403936274
0 0.6924250000000001 0.5222399250234302 0.040725 0.04585754451733833
0 0.5272875 0.4498594189315839 0.0279 0.02057169634489222
0 0.30065000000000003 0.4678069353327085 0.0264375 0.014133083411433926
0 0.350875 0.4743767572633552 0.023925000000000002 0.003289597000937207
0 0.3557 0.48347703842549206 0.0342875 0.012239925023430178
0 0.22541250000000002 0.43471415182755385 0.013925 0.005829428303655107
0 0.22845 0.42962511715089036 0.0121375 0.0036925960637300844
0 0.2778 0.5116119962511715 0.01905 0.008078725398313027
0 0.2774125 0.5187535145267104 0.043862500000000006 0.013261480787253983
0 0.2889 0.5289409559512652 0.01775 0.005932521087160262
0 0.28835 0.5892127460168698 0.017 0.005735707591377695
0 0.305875 0.5823617619493908 0.0185375 0.009025304592314902
0 0.3042 0.573767572633552 0.01725 0.007769447047797562
0 0.2859 0.5808153701968135 0.0219125 0.010674789128397377
0 0.4097125 0.5609278350515464 0.02165 0.014835988753514526
0 0.775725 0.7437675726335521 0.022925 0.015407685098406749
0 0.8177249999999999 0.39855670103092783 0.0234375 0.008856607310215557
0 0.943325 0.4017338331771321 0.02785 0.00865042174320525
0 0.08793749999999999 0.40074039362699154 0.0623375 0.007760074976569821