0 0.646875 0.7432052483598875 0.02375 0.029053420805998126
0 0.52 0.7516401124648547 0.01875 0.02436738519212746
0 0.375625 0.8416119962511716 0.015 0.05154639175257732
0 0.576875 0.872539831302718 0.03 0.010309278350515464
0 0.64375 0.4550140581068416 0.02875 0.02717900656044986
0 0.429375 0.6223055295220243 0.025 0.01874414245548266
0 0.705625 0.3992502343017807 0.015 0.00937207122774133
0 0.430625 0.4287722586691659 0.02 0.02155576382380506
0 0.710625 0.2296157450796626 0.02375 0.029053420805998126
0 0.71 0.14104967197750704 0.02625 0.020618556701030927
0 0.4 0.1635426429240862 0.02875 0.02717900656044986
0 0.7475 0.8055295220243673 0.02875 0.02717900656044986
0 0.79375 0.394095595126523 0.01375 0.011246485473289597
0 0.5775 0.25679475164011245 0.06875 0.059044048734770385
1 0.55 0.42642924086223055 0.095 0.07403936269915651
1 0.8075 0.6119962511715089 0.07125 0.05435801312089972
0 0.46125 0.19775070290534208 0.04375 0.06654170571696345
0 0.515 0.281630740393627 0.05875 0.04592314901593252
0 0.75875 0.64058106841612 0.04125 0.05435801312089972
0 0.4575 0.810215557638238 0.0325 0.04779756326148079
0 0.611875 0.7928772258669166 0.0475 0.053420805998125584
1 0.426875 0.4564198687910028 0.0875 0.08153701968134958
1 0.605625 0.3528584817244611 0.09875 0.07497656982193064
0 0.5775 0.5731021555763823 0.0775 0.03936269915651359
0 0.579375 0.7699156513589503 0.0475 0.05248359887535145
0 0.669375 0.2057169634489222 0.04 0.05435801312089972
0 0.380625 0.39128397375820057 0.045 0.04311152764761012
1 0.621875 0.3444236176194939 0.04875 0.08434864104967198
0 0.6225 0.8566073102155577 0.04375 0.044048734770384255
0 0.391875 0.5445173383317713 0.06875 0.10965323336457357
1 0.455 0.8617619493908154 0.04125 0.02530459231490159
0 0.620625 0.5862230552952202 0.0975 0.03936269915651359
0 0.649375 0.8505154639175257 0.0125 0.044048734770384255
0 0.665 0.8388003748828491 0.0175 0.04592314901593252
0 0.649375 0.873008434864105 0.01125 0.007497656982193065
0 0.665625 0.7338331771321462 0.01375 0.015932521087160263
0 0.690625 0.796157450796626 0.0325 0.030927835051546393
0 0.739375 0.7731958762886598 0.0325 0.029053420805998126
0 0.79625 0.7521087160262419 0.035 0.030927835051546393
0 0.8625 0.782099343955014 0.0375 0.026241799437675725
0 0.825 0.6916588566073102 0.0025 0.006560449859418931
0 0.68375 0.528116213683224 0.09875 0.05435801312089972
0 0.690625 0.5051546391752577 0.13125 0.04873477038425492
0 0.705625 0.46344892221180883 0.09125 0.03467666354264293
1 0.658125 0.4372071227741331 0.16625 0.12933458294283037
1 0.656875 0.3542642924086223 0.04125 0.028116213683223992
1 0.658125 0.3336457357075914 0.04625 0.023430178069353328
0 0.5375 0.4423617619493908 0.0275 0.01780693533270853
0 0.518125 0.3692596063730084 0.04 0.04873477038425492
0 0.519375 0.3622305529522024 0.0425 0.03936269915651359
0 0.525625 0.3580131208997188 0.05125 0.03561387066541706
0 0.53625 0.35660731021555764 0.0625 0.03280224929709466
0 0.434375 0.4775070290534208 0.02875 0.02155576382380506
0 0.45 0.648078725398313 0.02 0.020618556701030927
0 0.460625 0.6110590440487348 0.00625 0.01780693533270853
0 0.473125 0.6077788191190253 0.0175 0.02530459231490159
0 0.40375 0.7033739456419869 0.0075 0.010309278350515464
0 0.396875 0.7010309278350515 0.005 0.00937207122774133
0 0.508125 0.6672914714151827 0.0125 0.014058106841611996
0 0.5175 0.6672914714151827 0.01875 0.03280224929709466
0 0.53125 0.6593252108716027 0.0075 0.013120899718837863
0 0.61125 0.6616682286785379 0.0075 0.013120899718837863
0 0.603125 0.6485473289597001 0.01375 0.014058106841611996
0 0.59125 0.6490159325210871 0.01 0.013120899718837863
0 0.6 0.6635426429240863 0.015 0.016869728209934397
0 0.578125 0.5693533270852859 0.02125 0.016869728209934397
0 0.834375 0.30178069353327086 0.02125 0.01780693533270853
0 0.37625 0.25866916588566075 0.0125 0.01780693533270853
0 0.384375 0.16447985004686036 0.0125 0.020618556701030927
0 0.353125 0.8050609184629803 0.0125 0.046860356138706656