0 0.105625 0.7778819119025304 0.025 0.016869728209934397
0 0.048125 0.7671040299906279 0.02375 0.026241799437675725
0 0.075625 0.6649484536082474 0.0175 0.020618556701030927
0 0.0275 0.7066541705716963 0.0125 0.01780693533270853
0 0.22125 0.5168697282099344 0.05 0.020618556701030927
0 0.120625 0.15745079662605435 0.02375 0.01780693533270853
0 0.061875 0.22774133083411435 0.015 0.01218369259606373
0 0.3275 0.880506091846298 0.0375 0.015932521087160263
0 0.58375 0.689784442361762 0.015 0.013120899718837863
0 0.594375 0.5084348641049672 0.0275 0.02717900656044986
0 0.464375 0.6026241799437676 0.02125 0.020618556701030927
0 0.523125 0.225398313027179 0.025 0.01780693533270853
0 0.285625 0.3655107778819119 0.02375 0.01499531396438613
0 0.295625 0.2717900656044986 0.02375 0.016869728209934397
0 0.61625 0.26288659793814434 0.02125 0.014058106841611996
0 0.61875 0.3477038425492034 0.02125 0.01874414245548266
0 0.39875 0.16494845360824742 0.01625 0.01218369259606373
0 0.5375 0.18603561387066542 0.0175 0.014058106841611996
0 0.495625 0.2881911902530459 0.025 0.014058106841611996
0 0.4825 0.29662605435801315 0.0175 0.011246485473289597
0 0.8175 0.8505154639175257 0.02125 0.011246485473289597
0 0.8775 0.6447985004686035 0.02875 0.028116213683223992
0 0.4075 0.6794751640112465 0.1775 0.12558575445173384
1 0.78625 0.25679475164011245 0.27 0.1949390815370197
1 0.553125 0.3294283036551078 0.2425 0.18181818181818182
0 0.57875 0.8327085285848173 0.1 0.08247422680412371
0 0.04125 0.3767572633552015 0.0375 0.02999062792877226
0 0.23375 0.8542642924086223 0.04875 0.02530459231490159
0 0.195 0.2924086223055295 0.0575 0.02436738519212746
0 0.168125 0.323805060918463 0.0575 0.023430178069353328
0 0.85875 0.18603561387066542 0.02125 0.010309278350515464
0 0.4175 0.4329896907216495 0.015 0.01499531396438613
0 0.394375 0.6551077788191191 0.01375 0.016869728209934397
0 0.371875 0.6813495782567948 0.0175 0.016869728209934397
0 0.31 0.8003748828491096 0.0275 0.028116213683223992
0 0.07375 0.19165885660731022 0.01 0.008434864104967198
0 0.94875 0.4414245548266167 0.01375 0.01218369259606373
0 0.6375 0.8462980318650422 0.08 0.046860356138706656