1 0.395625 0.5201499531396439 0.13 0.07966260543580131
1 0.5225 0.4681349578256795 0.19375 0.08809746954076851
1 0.340625 0.5890346766635426 0.09625 0.06091846298031865
1 0.67625 0.3655107778819119 0.10875 0.07029053420805999
0 0.685 0.7338331771321462 0.05625 0.03280224929709466
0 0.471875 0.18837863167760074 0.065 0.05154639175257732
1 0.57625 0.3851921274601687 0.09625 0.06466729147141519
0 0.72 0.761012183692596 0.05625 0.03280224929709466
1 0.955625 0.36597938144329895 0.08875 0.08341143392689784
0 0.806875 0.7830365510777882 0.045 0.031865042174320526
0 0.860625 0.23055295220243674 0.04 0.02530459231490159
0 0.420625 0.14058106841611998 0.0475 0.030927835051546393
0 0.798125 0.2014995313964386 0.0375 0.030927835051546393
0 0.80125 0.5417057169634489 0.04625 0.03280224929709466
0 0.965 0.31958762886597936 0.04125 0.023430178069353328
0 0.328125 0.7085285848172446 0.0625 0.044048734770384255
0 0.658125 0.1682286785379569 0.18 0.08622305529522024
1 0.1575 0.7492970946579194 0.14625 0.07403936269915651
0 0.54375 0.7895970009372071 0.06125 0.028116213683223992
1 0.32 0.7638238050609185 0.195 0.08903467666354264
0 0.129375 0.7338331771321462 0.065 0.04029990627928772
0 0.65875 0.3570759137769447 0.02625 0.014058106841611996
0 0.873125 0.31865042174320524 0.025 0.015932521087160263
0 0.64875 0.25773195876288657 0.03125 0.015932521087160263
0 0.5475 0.39550140581068416 0.03125 0.014058106841611996
0 0.913125 0.47797563261480785 0.025 0.008434864104967198
0 0.746875 0.4709465791940019 0.02 0.00937207122774133
0 0.585625 0.36785379568884724 0.015 0.00937207122774133
0 0.649375 0.4620431115276476 0.0175 0.014058106841611996
0 0.764375 0.7352389878163074 0.0375 0.02436738519212746
0 0.84125 0.5970009372071228 0.03875 0.023430178069353328
0 0.579375 0.6218369259606373 0.0225 0.016869728209934397
0 0.726875 0.4915651358950328 0.025 0.00937207122774133
0 0.764375 0.6776007497656982 0.025 0.014058106841611996
0 0.3925 0.7094657919400188 0.02625 0.01780693533270853
0 0.505 0.7071227741330834 0.02625 0.020618556701030927
0 0.073125 0.6804123711340206 0.015 0.014058106841611996
0 0.135 0.563730084348641 0.01375 0.01499531396438613
0 0.35625 0.6485473289597001 0.02375 0.015932521087160263
0 0.241875 0.4414245548266167 0.0125 0.01218369259606373
0 0.4625 0.4475164011246485 0.02375 0.01874414245548266
0 0.280625 0.4072164948453608 0.0125 0.011246485473289597
0 0.3025 0.5909090909090909 0.01625 0.02436738519212746
0 0.099375 0.28350515463917525 0.0125 0.013120899718837863
0 0.355 0.5337394564198688 0.02375 0.013120899718837863
0 0.395 0.7928772258669166 0.01625 0.01218369259606373
0 0.3925 0.6241799437675727 0.02625 0.02155576382380506
0 0.464375 0.3500468603561387 0.0125 0.011246485473289597
0 0.28375 0.15042174320524837 0.01625 0.013120899718837863
0 0.035 0.169165885660731 0.01875 0.01499531396438613
0 0.364375 0.7507029053420806 0.0225 0.019681349578256794
0 0.294375 0.7891283973758201 0.0175 0.010309278350515464
0 0.04875 0.5576382380506092 0.01 0.006560449859418931
0 0.29375 0.7727272727272727 0.00875 0.006560449859418931
0 0.338125 0.5857544517338332 0.01125 0.007497656982193065
0 0.35 0.5951265229615745 0.0075 0.007497656982193065
0 0.638125 0.5670103092783505 0.03375 0.007497656982193065
0 0.8775 0.47141518275538896 0.01125 0.011246485473289597
0 0.426875 0.2891283973758201 0.02125 0.019681349578256794
0 0.435625 0.28959700093720714 0.01375 0.01499531396438613
0 0.3325 0.3106841611996251 0.01 0.007497656982193065
0 0.498125 0.4629803186504217 0.01625 0.006560449859418931
0 0.586875 0.3889409559512652 0.00625 0.008434864104967198
0 0.258125 0.7717900656044986 0.03875 0.02530459231490159