0 0.288125 0.7755388940955952 0.02125 0.011246485473289597
0 0.174375 0.7788191190253045 0.01875 0.022492970946579195
0 0.23875 0.7647610121836926 0.01875 0.023430178069353328
0 0.16 0.6593252108716027 0.02 0.020618556701030927
0 0.189375 0.6963448922211809 0.0175 0.026241799437675725
0 0.185 0.8706654170571696 0.015 0.01218369259606373
0 0.196875 0.33692596063730085 0.02125 0.022492970946579195
0 0.315625 0.7413308341143393 0.0225 0.011246485473289597
0 0.310625 0.7314901593252109 0.02125 0.010309278350515464
0 0.42625 0.6218369259606373 0.01625 0.020618556701030927
0 0.579375 0.4775070290534208 0.0125 0.011246485473289597
0 0.488125 0.5131208997188379 0.02375 0.011246485473289597
0 0.28375 0.41705716963448924 0.01375 0.00937207122774133
0 0.61375 0.3725398313027179 0.01375 0.013120899718837863
0 0.508125 0.31958762886597936 0.015 0.020618556701030927
0 0.7725 0.42549203373945643 0.02 0.015932521087160263
0 0.78625 0.5773195876288659 0.02125 0.013120899718837863
0 0.83375 0.46251171508903466 0.0175 0.01499531396438613
0 0.793125 0.5885660731021556 0.01375 0.013120899718837863
0 0.86125 0.3149015932521087 0.02 0.015932521087160263
0 0.53375 0.22305529522024367 0.085 0.08059981255857544
1 0.58 0.5365510777881912 0.17375 0.12933458294283037
1 0.484375 0.39737582005623245 0.10625 0.07872539831302718
1 0.74875 0.2549203373945642 0.125 0.08809746954076851
0 0.141875 0.27085285848172447 0.055 0.059044048734770385
0 0.595625 0.16541705716963448 0.055 0.04779756326148079
0 0.534375 0.6855670103092784 0.0375 0.059044048734770385
1 0.254375 0.584817244611059 0.14375 0.10590440487347703
0 0.161875 0.16166822867853795 0.09375 0.044048734770384255
0 0.158125 0.49765698219306465 0.03625 0.04592314901593252
1 0.65125 0.32849109653233366 0.21125 0.13495782567947517
0 0.39125 0.7999062792877226 0.0225 0.026241799437675725
1 0.46625 0.8626991565135895 0.135 0.03655107778819119
0 0.166875 0.8200562324273665 0.0175 0.013120899718837863
0 0.134375 0.5674789128397376 0.00875 0.010309278350515464
1 0.308125 0.5693533270852859 0.145 0.10028116213683223
0 0.293125 0.4639175257731959 0.00875 0.004686035613870665
0 0.290625 0.4095595126522962 0.01125 0.007497656982193065
1 0.11375 0.39456419868791004 0.03625 0.03561387066541706
1 0.574375 0.40581068416119964 0.21625 0.19962511715089035
0 0.638125 0.5356138706654171 0.0175 0.013120899718837863
0 0.86625 0.8120899718837863 0.03125 0.023430178069353328
0 0.61375 0.8181818181818182 0.0375 0.013120899718837863
0 0.57625 0.7122774133083412 0.0275 0.033739456419868794