1 0.23625 0.2934272300469484 0.22875 0.1136150234741784
1 0.268125 0.6347417840375587 0.18375 0.14272300469483568
0 0.95625 0.7394366197183099 0.0775 0.08169014084507042
0 0.5275 0.376056338028169 0.13375 0.05352112676056338
1 0.8325 0.5009389671361503 0.11875 0.08262910798122065
0 0.886875 0.4295774647887324 0.04375 0.038497652582159626
1 0.716875 0.3995305164319249 0.09 0.07042253521126761
0 0.934375 0.43427230046948356 0.06375 0.051643192488262914
0 0.8525 0.37981220657276993 0.04625 0.03943661971830986
0 0.166875 0.5389671361502347 0.0625 0.07042253521126761
0 0.946875 0.6516431924882629 0.0425 0.028169014084507043
0 0.6625 0.4042253521126761 0.04375 0.027230046948356807
1 0.7675 0.5211267605633803 0.07375 0.08544600938967137
1 0.2325 0.5488262910798122 0.11375 0.04976525821596244
0 0.119375 0.41173708920187796 0.07625 0.06572769953051644
0 0.87625 0.3492957746478873 0.0525 0.046948356807511735
1 0.725 0.5830985915492958 0.10875 0.1136150234741784
0 0.9075 0.39154929577464787 0.06125 0.03943661971830986
0 0.42375 0.7643192488262911 0.03125 0.02910798122065728
0 0.505625 0.712206572769953 0.0325 0.028169014084507043
0 0.665625 0.6845070422535211 0.04875 0.01596244131455399
0 0.94625 0.37652582159624415 0.02625 0.01596244131455399
0 0.745 0.42065727699530514 0.0175 0.011267605633802818
0 0.86625 0.5248826291079812 0.015 0.011267605633802818
0 0.995 0.6112676056338028 0.01 0.022535211267605635
0 0.845 0.3107981220657277 0.02625 0.022535211267605635
0 0.636875 0.5661971830985916 0.01625 0.011267605633802818
0 0.55625 0.6370892018779343 0.01625 0.012206572769953052
0 0.643125 0.6276995305164319 0.01625 0.012206572769953052
0 0.665625 0.5863849765258216 0.01875 0.011267605633802818
0 0.2 0.676056338028169 0.0175 0.016901408450704224
0 0.281875 0.4812206572769953 0.01625 0.011267605633802818
0 0.79875 0.24835680751173708 0.03125 0.023474178403755867
0 0.810625 0.26291079812206575 0.0225 0.016901408450704224
0 0.68375 0.25727699530516435 0.03625 0.018779342723004695
0 0.701875 0.27136150234741785 0.01875 0.012206572769953052
0 0.82875 0.24929577464788732 0.01 0.011267605633802818
0 0.04875 0.27136150234741785 0.0225 0.016901408450704224
0 0.710625 0.6971830985915493 0.03125 0.02629107981220657
0 0.888125 0.7276995305164319 0.03 0.028169014084507043
0 0.9925 0.5384976525821596 0.015 0.06854460093896714
0 0.97 0.5403755868544601 0.06 0.08544600938967137
0 0.823125 0.48450704225352115 0.01375 0.008450704225352112
0 0.873125 0.504225352112676 0.005 0.010328638497652582
0 0.751875 0.4990610328638498 0.01 0.010328638497652582
0 0.73125 0.3511737089201878 0.01375 0.011267605633802818
0 0.881875 0.3657276995305164 0.01875 0.0215962441314554
0 0.7775 0.2140845070422535 0.015 0.010328638497652582
0 0.12375 0.4131455399061033 0.01625 0.013145539906103286
0 0.27375 0.4309859154929577 0.01125 0.014084507042253521
0 0.31 0.592018779342723 0.01875 0.008450704225352112
0 0.219375 0.6812206572769953 0.01875 0.015023474178403756
0 0.326875 0.7948356807511737 0.0725 0.030985915492957747