0 0.398125 0.4742268041237113 0.09875 0.06091846298031865
0 0.0375 0.6218369259606373 0.075 0.10402999062792877
0 0.5825 0.38612933458294285 0.11 0.09278350515463918
0 0.896875 0.6387066541705717 0.07125 0.05248359887535145
0 0.243125 0.35520149953139646 0.09375 0.09278350515463918
0 0.90125 0.8284910965323337 0.0625 0.04967197750702906
0 0.92625 0.48922211808809746 0.08 0.09372071227741331
0 0.795 0.1790065604498594 0.0525 0.04217432052483599
0 0.07875 0.19306466729147143 0.0425 0.03280224929709466
0 0.25625 0.7938144329896907 0.05125 0.041237113402061855
0 0.35125 0.12980318650421743 0.05375 0.046860356138706656
0 0.50375 0.8242736644798501 0.04375 0.02999062792877226
0 0.44375 0.8491096532333646 0.0475 0.04311152764761012
0 0.785625 0.2849109653233365 0.0575 0.04592314901593252
0 0.648125 0.38331771321462044 0.08875 0.08059981255857544
0 0.894375 0.9090909090909091 0.07125 0.02717900656044986
0 0.4875 0.18134957825679476 0.045 0.03655107778819119
0 0.181875 0.22446110590440488 0.04375 0.030927835051546393
0 0.890625 0.4386129334582943 0.0475 0.03467666354264293
0 0.395 0.7263355201499532 0.1425 0.06466729147141519
0 0.908125 0.18275538894095594 0.055 0.041237113402061855
0 0.6275 0.7432052483598875 0.05 0.029053420805998126
0 0.4575 0.6522961574507966 0.045 0.02717900656044986
0 0.625 0.4742268041237113 0.09375 0.05529522024367385
0 0.273125 0.604967197750703 0.0975 0.04873477038425492
0 0.4375 0.7066541705716963 0.03875 0.02999062792877226
0 0.145625 0.35754451733833176 0.03375 0.03280224929709466
0 0.159375 0.45032802249297094 0.0375 0.028116213683223992
0 0.121875 0.44611059044048734 0.03875 0.02436738519212746
0 0.00375 0.4967197750702905 0.0075 0.02436738519212746
0 0.276875 0.41424554826616683 0.02625 0.022492970946579195
0 0.063125 0.38144329896907214 0.035 0.02999062792877226
0 0.4125 0.6968134957825679 0.035 0.022492970946579195
0 0.463125 0.7197750702905342 0.0375 0.028116213683223992
0 0.60875 0.6462043111527648 0.0225 0.02155576382380506
0 0.31 0.7671040299906279 0.025 0.023430178069353328
0 0.3625 0.39690721649484534 0.03 0.022492970946579195
0 0.400625 0.40253045923149017 0.0325 0.023430178069353328
0 0.435625 0.40815370196813494 0.0275 0.019681349578256794
0 0.52625 0.5154639175257731 0.02125 0.015932521087160263
0 0.689375 0.5173383317713215 0.0175 0.014058106841611996
0 0.575 0.2872539831302718 0.02625 0.016869728209934397
0 0.411875 0.20759137769447047 0.02875 0.015932521087160263
0 0.863125 0.8500468603561387 0.015 0.013120899718837863
0 0.861875 0.8636363636363636 0.015 0.01218369259606373
0 0.836875 0.7975632614807873 0.02625 0.016869728209934397
0 0.83875 0.7408622305529522 0.01625 0.01218369259606373
0 0.79625 0.49812558575445176 0.0175 0.013120899718837863
0 0.835625 0.47375820056232426 0.01875 0.013120899718837863
0 0.99375 0.4006560449859419 0.0125 0.014058106841611996
0 0.025625 0.5965323336457357 0.045 0.03936269915651359
0 0.24625 0.6134020618556701 0.1025 0.044048734770384255
0 0.2525 0.6316776007497656 0.06625 0.028116213683223992
0 0.39375 0.7399250234301781 0.02 0.008434864104967198
0 0.4525 0.6738519212746017 0.04 0.02436738519212746
0 0.479375 0.668697282099344 0.02875 0.030927835051546393
0 0.466875 0.8509840674789129 0.01875 0.02155576382380506
0 0.635625 0.746485473289597 0.02 0.014058106841611996
0 0.754375 0.5754451733833177 0.0475 0.02717900656044986
0 0.554375 0.39737582005623245 0.01875 0.013120899718837863
0 0.36875 0.4784442361761949 0.11375 0.059044048734770385
0 0.35875 0.49531396438612935 0.11125 0.06373008434864105
0 0.21875 0.1007497656982193 0.0225 0.019681349578256794
0 0.944375 0.17104029990627928 0.035 0.00937207122774133
0 0.72 0.8064667291471416 0.0175 0.01499531396438613