0 0.514375 0.42033739456419866 0.075 0.07029053420805999
0 0.249375 0.17197750702905343 0.1325 0.07122774133083412
0 0.665 0.5388940955951266 0.11625 0.07591377694470477
0 0.39375 0.8186504217432052 0.065 0.04967197750702906
0 0.640625 0.28350515463917525 0.1175 0.06373008434864105
0 0.14625 0.8580131208997188 0.06125 0.04311152764761012
0 0.595625 0.8116213683223993 0.12125 0.05248359887535145
0 0.975 0.6555763823805061 0.05 0.03655107778819119
0 0.821875 0.13120899718837864 0.04125 0.02999062792877226
0 0.06875 0.3767572633552015 0.05125 0.03561387066541706
0 0.95625 0.31958762886597936 0.05875 0.03655107778819119
0 0.07625 0.5646672914714151 0.0375 0.02999062792877226
0 0.0325 0.5253045923149016 0.055 0.031865042174320526
0 0.83625 0.669165885660731 0.0575 0.03936269915651359
0 0.68125 0.5866916588566073 0.10125 0.06091846298031865
0 0.03875 0.8701968134957826 0.03125 0.05435801312089972
0 0.915 0.4301780693533271 0.04625 0.030927835051546393
0 0.8 0.21321462043111528 0.03875 0.02999062792877226
0 0.655 0.7760074976569822 0.04375 0.033739456419868794
0 0.18375 0.46579194001874413 0.075 0.10402999062792877
0 0.98375 0.738987816307404 0.0325 0.038425492033739454
0 0.205625 0.6401124648547329 0.035 0.03561387066541706
0 0.2925 0.49765698219306465 0.03375 0.031865042174320526
0 0.5575 0.5866916588566073 0.0675 0.06747891283973759
0 0.319375 0.35332708528584816 0.0575 0.07029053420805999
0 0.2175 0.49343955014058105 0.0375 0.026241799437675725
0 0.61875 0.21180880974695407 0.04125 0.023430178069353328
0 0.5 0.23992502343017807 0.035 0.026241799437675725
0 0.49875 0.211340206185567 0.02875 0.02717900656044986
0 0.408125 0.12371134020618557 0.0325 0.026241799437675725
0 0.57 0.31958762886597936 0.02875 0.01780693533270853
0 0.571875 0.15604498594189317 0.0375 0.023430178069353328
0 0.225625 0.4732895970009372 0.0275 0.02436738519212746
0 0.205 0.5149953139643861 0.035 0.02530459231490159
0 0.329375 0.6082474226804123 0.0275 0.01499531396438613
0 0.11375 0.41096532333645736 0.03 0.016869728209934397
0 0.60875 0.3795688847235239 0.0275 0.020618556701030927
0 0.60875 0.408622305529522 0.02875 0.022492970946579195
0 0.608125 0.4353327085285848 0.02375 0.019681349578256794
0 0.484375 0.5220243673851921 0.02 0.01499531396438613
0 0.513125 0.6424554826616682 0.0175 0.01218369259606373
0 0.7925 0.5149953139643861 0.02125 0.01874414245548266
0 0.865625 0.3795688847235239 0.01875 0.020618556701030927
0 0.3475 0.9278350515463918 0.025 0.014058106841611996
0 0.110625 0.8341143392689785 0.0175 0.010309278350515464
0 0.093125 0.8355201499531396 0.01625 0.010309278350515464
0 0.174375 0.8045923149015932 0.02125 0.01874414245548266
0 0.24875 0.7952202436738519 0.01625 0.011246485473289597
0 0.55875 0.717900656044986 0.01625 0.01218369259606373
0 0.598125 0.7417994376757263 0.01625 0.013120899718837863
0 0.725 0.8472352389878163 0.0175 0.014058106841611996
0 0.283125 0.169165885660731 0.05 0.030927835051546393
0 0.303125 0.33505154639175255 0.05 0.07497656982193064
0 0.280625 0.3430178069353327 0.0325 0.04779756326148079
0 0.165625 0.4676663542642924 0.01 0.014058106841611996
0 0.263125 0.49812558575445176 0.02875 0.028116213683223992
0 0.275 0.5168697282099344 0.04 0.019681349578256794
0 0.034375 0.542642924086223 0.02875 0.01218369259606373
0 0.203125 0.6466729147141518 0.0175 0.014058106841611996
0 0.449375 0.7014995313964386 0.0325 0.033739456419868794
0 0.645 0.520618556701031 0.01625 0.013120899718837863
0 0.503125 0.3992502343017807 0.07 0.08247422680412371
0 0.47875 0.3950328022492971 0.07625 0.07966260543580131
0 0.96875 0.2169634489222118 0.025 0.015932521087160263
0 0.743125 0.9170571696344892 0.03375 0.026241799437675725
0 0.140625 0.7207122774133083 0.01875 0.01218369259606373