0 0.2475 0.4250234301780694 0.0325 0.02155576382380506
0 0.22625 0.41799437675726336 0.02375 0.022492970946579195
0 0.451875 0.19306466729147143 0.03875 0.026241799437675725
0 0.56875 0.21930646672914714 0.0375 0.019681349578256794
0 0.53625 0.19681349578256796 0.0325 0.026241799437675725
0 0.505 0.24742268041237114 0.01875 0.023430178069353328
0 0.375 0.1077788191190253 0.02 0.00937207122774133
0 0.99125 0.48266166822867856 0.01625 0.01218369259606373
0 0.975 0.34723523898781633 0.025 0.020618556701030927
0 0.87375 0.2924086223055295 0.0225 0.020618556701030927
0 0.843125 0.676663542642924 0.1225 0.08059981255857544
0 0.21625 0.7432052483598875 0.1275 0.06654170571696345
1 0.656875 0.4887535145267104 0.23 0.2802249297094658
0 0.920625 0.7057169634489222 0.09625 0.10028116213683223
0 0.369375 0.7778819119025304 0.11875 0.07685098406747891
1 0.33375 0.8069353327085286 0.42375 0.15370196813495782
0 0.448125 0.8163074039362699 0.02 0.011246485473289597
0 0.86625 0.9142455482661668 0.09125 0.03936269915651359
0 0.554375 0.2685098406747891 0.0525 0.029053420805998126
1 0.561875 0.27835051546391754 0.14625 0.1415182755388941
1 0.526875 0.35941893158388005 0.1975 0.2539831302717901
0 0.69875 0.21087160262417995 0.03125 0.02436738519212746
0 0.740625 0.2047797563261481 0.0325 0.02530459231490159
0 0.776875 0.16026241799437677 0.03125 0.01218369259606373
0 0.9975 0.2839737582005623 0.005 0.020618556701030927
0 0.565625 0.13261480787253982 0.03375 0.013120899718837863
0 0.129375 0.20946579194001874 0.02375 0.01874414245548266
0 0.026875 0.8125585754451734 0.02625 0.014058106841611996