0 0.254375 0.6541705716963448 0.04375 0.030927835051546393
0 0.4125 0.7057169634489222 0.0375 0.031865042174320526
0 0.31375 0.6499531396438613 0.0375 0.033739456419868794
0 0.77625 0.7933458294283037 0.04625 0.03467666354264293
0 0.77125 0.7619493908153702 0.02 0.014058106841611996
0 0.76375 0.7282099343955014 0.01875 0.019681349578256794
0 0.736875 0.6021555763823805 0.02125 0.015932521087160263
0 0.69 0.5749765698219307 0.02 0.016869728209934397
0 0.410625 0.39268978444236174 0.0325 0.01874414245548266
0 0.6575 0.6148078725398313 0.05125 0.03748828491096532
0 0.40125 0.37066541705716965 0.04 0.029053420805998126
0 0.466875 0.3753514526710403 0.04 0.029053420805998126
0 0.78375 0.6283973758200563 0.0175 0.015932521087160263
0 0.971875 0.7638238050609185 0.02125 0.01874414245548266
0 0.944375 0.64058106841612 0.01875 0.01499531396438613
0 0.96125 0.569821930646673 0.05375 0.04498594189315839
0 0.3575 0.6105904404873477 0.0725 0.05435801312089972
0 0.791875 0.4709465791940019 0.08 0.05998125585754452
0 0.699375 0.4835988753514527 0.085 0.061855670103092786
0 0.611875 0.8186504217432052 0.045 0.03748828491096532
0 0.709375 0.4339268978444236 0.07375 0.05529522024367385
0 0.84875 0.7497656982193065 0.0525 0.038425492033739454
0 0.470625 0.7408622305529522 0.04375 0.033739456419868794
0 0.05875 0.5731021555763823 0.065 0.04873477038425492
0 0.464375 0.4053420805998126 0.0475 0.04217432052483599
0 0.68875 0.7713214620431116 0.04 0.03467666354264293
0 0.529375 0.5960637300843487 0.06125 0.03280224929709466
0 0.640625 0.7436738519212746 0.04125 0.03467666354264293
0 0.08 0.2422680412371134 0.0575 0.03561387066541706
0 0.2775 0.19634489222118087 0.05625 0.02999062792877226
0 0.864375 0.7802249297094658 0.05125 0.044048734770384255
0 0.495625 0.6101218369259607 0.065 0.03748828491096532
0 0.731875 0.3898781630740394 0.07 0.05529522024367385
0 0.933125 0.5965323336457357 0.04625 0.030927835051546393
0 0.615625 0.6152764761012184 0.05375 0.044048734770384255
0 0.259375 0.6176194939081537 0.04625 0.030927835051546393
0 0.169375 0.7755388940955952 0.0475 0.04498594189315839
0 0.17875 0.676194939081537 0.0475 0.026241799437675725
0 0.089375 0.6991565135895033 0.05125 0.03936269915651359
0 0.7425 0.5004686035613871 0.0425 0.03936269915651359
0 0.19375 0.7614807872539832 0.04 0.030927835051546393
0 0.21625 0.7408622305529522 0.0425 0.03280224929709466
0 0.614375 0.37488284910965325 0.0175 0.01218369259606373
0 0.355625 0.8223992502343018 0.035 0.03280224929709466
0 0.306875 0.8973758200562324 0.025 0.013120899718837863
0 0.139375 0.851921274601687 0.04125 0.022492970946579195
0 0.193125 0.39878163074039363 0.04375 0.02999062792877226
0 0.41875 0.3003748828491096 0.0575 0.05248359887535145
1 0.32875 0.3650421743205248 0.39125 0.29990627928772257