0 0.33571249999999997 0.29381443298969073 0.034725 0.029053420805998126
0 0.2425 0.4029990627928772 0.0375 0.02436738519212746
0 0.33097499999999996 0.3389409559512652 0.03945 0.023139643861293347
0 0.07 0.6587910028116213 0.04 0.029859418931583878
0 0.1126625 0.6597000937207123 0.01625 0.013120899718837863
0 0.1582625 0.6597656982193065 0.02415 0.01119962511715089
0 0.3282625 0.6594283036551077 0.0187625 0.014254920337394564
0 0.3711875 0.6288659793814433 0.02 0.013120899718837863
0 0.655 0.450796626054358 0.02 0.022492970946579195
0 0.3245375 0.5986972820993439 0.043425000000000005 0.033373945641986875
0 0.685625 0.44704779756326146 0.03375 0.026241799437675725
0 0.669525 0.49490159325210864 0.03345 0.02634489222118088
0 0.2864125 0.6899343955014058 0.01875 0.011152764761012185
0 0.07875 0.808509840674789 0.0225 0.013120899718837863
0 0.2457875 0.806813495782568 0.0175 0.01218369259606373
0 0.3356625 0.830834114339269 0.053825000000000005 0.03467666354264293
0 0.2081625 0.8913308341143392 0.020274999999999998 0.011246485473289597
0 0.04375 0.8920243673851921 0.0225 0.013120899718837863
0 0.376875 0.37722586691658855 0.06375 0.04779756326148079
0 0.448125 0.9409559512652296 0.06875 0.05060918462980318
0 0.4925 0.7207122774133083 0.07 0.05248359887535145
0 0.490625 0.6504217432052484 0.07125 0.056232427366447985
0 0.736975 0.096485473289597 0.0510375 0.05256794751640113
0 0.0625 0.5328022492970946 0.045 0.029053420805998126
0 0.554375 0.6654170571696345 0.06375 0.04873477038425492
0 0.116175 0.7193064667291471 0.0451375 0.03467666354264293
0 0.1875 0.44048734770384257 0.04 0.028116213683223992
0 0.4725 0.16166822867853795 0.0575 0.04217432052483599
0 0.63 0.48828491096532334 0.05 0.02999062792877226
0 0.113125 0.5974695407685099 0.04125 0.02530459231490159
0 0.36875 0.506560449859419 0.035 0.04217432052483599
0 0.156875 0.5660731021555764 0.04125 0.026241799437675725
0 0.905 0.22914714151827553 0.04 0.038425492033739454
0 0.935 0.3828491096532334 0.0325 0.038425492033739454
0 0.073975 0.7258669165885661 0.052962499999999996 0.03280224929709466
0 0.355625 0.4793814432989691 0.04125 0.044048734770384255
0 0.60875 0.6888472352389878 0.065 0.04498594189315839
0 0.305 0.8055295220243673 0.035 0.030927835051546393
0 0.33 0.5674789128397376 0.0525 0.03467666354264293
0 0.3825 0.30318650421743204 0.035 0.030927835051546393
0 0.18875 0.21227741330834116 0.055 0.029053420805998126
0 0.318125 0.23477038425492033 0.02875 0.03280224929709466
0 0.3018125 0.16494845360824742 0.046375 0.033739456419868794
0 0.46155 0.6795501405810684 0.046900000000000004 0.026382380506091846
0 0.203125 0.232427366447985 0.03625 0.026241799437675725
0 0.22717500000000002 0.25189315838800375 0.0388 0.02794751640112465
0 0.6468125 0.6040674789128397 0.013825 0.011227741330834115
0 0.098375 0.342680412371134 0.039975000000000004 0.022014995313964385
0 0.00695 0.2947610121836926 0.0139 0.017432052483598876
0 0.0926375 0.17802249297094658 0.0253125 0.027938144329896906
0 0.68105 0.2888191190253046 0.033225 0.028706654170571694
0 0.7758125 0.4708434864104967 0.063675 0.036260543580131206
1 0.7043874999999999 0.39397375820056235 0.35135 0.25467666354264296