0 0.0875 0.823805060918463 0.03 0.030927835051546393
0 0.1725 0.9428303655107779 0.02875 0.04311152764761012
0 0.77625 0.4189315838800375 0.02875 0.02530459231490159
0 0.9025 0.31630740393626994 0.02625 0.022492970946579195
0 0.77125 0.3191190253045923 0.035 0.026241799437675725
0 0.885625 0.4761012183692596 0.03375 0.023430178069353328
0 0.458125 0.47141518275538896 0.0375 0.022492970946579195
0 0.51125 0.8252108716026242 0.1 0.08997188378631678
0 0.355625 0.1991565135895033 0.14625 0.1021555763823805
0 0.521875 0.5328022492970946 0.095 0.07966260543580131
0 0.94875 0.5370196813495782 0.1025 0.08809746954076851
1 0.26125 0.8209934395501406 0.275 0.3580131208997188
0 0.24875 0.9095595126522962 0.07875 0.061855670103092786
0 0.505625 0.20337394564198688 0.125 0.07778819119025304
0 0.750625 0.7258669165885661 0.07875 0.056232427366447985
0 0.6325 0.33973758200562326 0.115 0.08903467666354264
0 0.591875 0.9001874414245549 0.07625 0.059044048734770385
0 0.11 0.22164948453608246 0.09625 0.08622305529522024
0 0.721875 0.3430178069353327 0.09625 0.07685098406747891
0 0.469375 0.40815370196813494 0.07375 0.05248359887535145
0 0.7 0.5937207122774133 0.0725 0.05060918462980318
0 0.809375 0.7600749765698219 0.0525 0.038425492033739454
0 0.826875 0.569821930646673 0.0575 0.033739456419868794
0 0.89125 0.8289597000937207 0.06125 0.04217432052483599
0 0.80875 0.619493908153702 0.05625 0.04498594189315839
0 0.9725 0.8486410496719775 0.055 0.05154639175257732
0 0.816875 0.5313964386129335 0.0475 0.03561387066541706
0 0.83 0.4465791940018744 0.0425 0.033739456419868794
0 0.61625 0.274601686972821 0.0475 0.030927835051546393
0 0.09625 0.6059044048734771 0.0375 0.03655107778819119
0 0.221875 0.06466729147141519 0.07125 0.05060918462980318
0 0.029375 0.5646672914714151 0.05875 0.11152764761012184
0 0.54125 0.41377694470477977 0.0675 0.05435801312089972
0 0.225 0.520618556701031 0.02375 0.020618556701030927
0 0.014375 0.4133083411433927 0.02375 0.02436738519212746
0 0.01125 0.3936269915651359 0.0225 0.022492970946579195
1 0.018125 0.45220243673851923 0.03625 0.1640112464854733
0 0.06625 0.20618556701030927 0.00875 0.014058106841611996
0 0.38125 0.08106841611996252 0.0375 0.022492970946579195
0 0.478125 0.11996251171508904 0.04 0.02530459231490159
0 0.5525 0.169165885660731 0.04375 0.028116213683223992
0 0.701875 0.09044048734770384 0.01875 0.010309278350515464
0 0.716875 0.1232427366447985 0.02 0.013120899718837863
0 0.725625 0.15557638238050608 0.0175 0.010309278350515464
0 0.908125 0.1635426429240862 0.0425 0.02999062792877226
1 0.889375 0.28256794751640113 0.19375 0.22399250234301782
1 0.976875 0.3978444236176195 0.0325 0.07122774133083412
0 0.55125 0.3570759137769447 0.0575 0.022492970946579195
0 0.575 0.3865979381443299 0.0725 0.056232427366447985
0 0.99375 0.5276476101218369 0.0125 0.07122774133083412
0 0.11125 0.8364573570759137 0.04 0.030927835051546393
0 0.0925 0.7647610121836926 0.0275 0.028116213683223992
1 0.07625 0.7014995313964386 0.14375 0.3158388003748828
0 0.32375 0.302717900656045 0.02875 0.02717900656044986