0 0.225625 0.21790065604498593 0.03125 0.01780693533270853
0 0.028125 0.18978444236176195 0.03625 0.01780693533270853
0 0.09625 0.3106841611996251 0.015 0.010309278350515464
0 0.4725 0.17057169634489222 0.0425 0.01499531396438613
0 0.5925 0.25023430178069356 0.0425 0.020618556701030927
0 0.619375 0.15932521087160262 0.02625 0.016869728209934397
0 0.6175 0.2530459231490159 0.01 0.013120899718837863
0 0.833125 0.30178069353327086 0.03375 0.022492970946579195
0 0.75625 0.27835051546391754 0.0275 0.016869728209934397
0 0.675425 0.20712277413308341 0.0279625 0.016869728209934397
0 0.9925 0.24039362699156513 0.0125 0.01780693533270853
0 0.25375 0.5421743205248359 0.03 0.02155576382380506
0 0.2425 0.4690721649484536 0.015 0.008434864104967198
0 0.21125 0.6241799437675727 0.015 0.00937207122774133
0 0.12875 0.49109653233364575 0.015 0.007497656982193065
0 0.1925 0.3978444236176195 0.0325 0.015932521087160263
0 0.046875 0.5618556701030928 0.01625 0.01218369259606373
0 0.205 0.5135895032802249 0.0125 0.007497656982193065
0 0.209375 0.3739456419868791 0.03375 0.01874414245548266
0 0.003125 0.4044048734770384 0.00625 0.03467666354264293
0 0.331575 0.5318650421743205 0.023137500000000002 0.006560449859418931
0 0.00375 0.5918462980318651 0.0075 0.010309278350515464
0 0.59125 0.35660731021555764 0.0225 0.03467666354264293
0 0.61015 0.34101218369259606 0.0178 0.026513589503280224
0 0.34875 0.6447985004686035 0.015 0.00937207122774133
0 0.46 0.6223055295220243 0.0125 0.00937207122774133
0 0.55 0.5313964386129335 0.0125 0.013120899718837863
0 0.56625 0.5581068416119962 0.01 0.008434864104967198
0 0.65 0.5379568884723523 0.015 0.013120899718837863
0 0.55125 0.44798500468603564 0.0125 0.00937207122774133
0 0.87625 0.40815370196813494 0.0325 0.023430178069353328
0 0.7707999999999999 0.3650421743205248 0.026600000000000002 0.02717900656044986
0 0.876875 0.5342080599812559 0.03625 0.02436738519212746
0 0.689375 0.6176194939081537 0.02875 0.02436738519212746
0 0.855 0.5979381443298969 0.03 0.020618556701030927
0 0.916875 0.64058106841612 0.01625 0.008434864104967198
0 0.8397374999999999 0.47375820056232426 0.031974999999999996 0.023430178069353328
0 0.7254 0.34307403936269915 0.038587500000000004 0.014423617619493909
0 0.676875 0.5121836925960638 0.01375 0.01780693533270853
0 0.69125 0.3580131208997188 0.02 0.011246485473289597
0 0.6905 0.3673851921274602 0.0215 0.00937207122774133
0 0.2625 0.7127460168697282 0.015 0.010309278350515464
0 0.375625 0.6902530459231491 0.01125 0.010309278350515464
0 0.403125 0.7352389878163074 0.01125 0.010309278350515464
0 0.466875 0.6982193064667291 0.01375 0.007497656982193065
0 0.815 0.7567947516401125 0.0125 0.010309278350515464
0 0.866875 0.6869728209934396 0.01625 0.00937207122774133
0 0.8975 0.7097750702905342 0.0175 0.00937207122774133
1 0.45087499999999997 0.3678725398313027 0.16635000000000003 0.11966260543580132
0 0.154375 0.1626054358013121 0.10625 0.059044048734770385
0 0.064375 0.41518275538894095 0.04875 0.05060918462980318
1 0.3052375 0.41371134020618555 0.15625 0.131630740393627
1 0.28645 0.302427366447985 0.15435000000000001 0.11866916588566073
0 0.89875 0.4948453608247423 0.0375 0.026241799437675725
0 0.370625 0.15557638238050608 0.06125 0.04311152764761012
0 0.15625 0.528116213683224 0.0375 0.044048734770384255
0 0.527 0.1569821930646673 0.039 0.030927835051546393
0 0.82375 0.5768509840674789 0.0425 0.02155576382380506
0 0.7142125 0.33194939081537017 0.0296125 0.008294283036551078
0 0.472575 0.427788191190253 0.0363625 0.006907216494845361
0 0.6020375 0.2651358950328022 0.022225 0.00986879100281162
0 0.7191625 0.34731021555763825 0.020724999999999997 0.008284910965323336
0 0.1088875 0.3201405810684161 0.014424999999999999 0.008950328022492971
0 0.124825 0.28014058106841616 0.015025 0.005229615745079663
0 0.124825 0.2884723523898782 0.0222375 0.010093720712277413
0 0.20420000000000002 0.35588566073102157 0.012012499999999999 0.013701968134957825
0 0.3647875 0.41281162136832245 0.0052625 0.010440487347703843
0 0.1266 0.3471696344892221 0.0319125 0.028294283036551078
0 0.17575 0.5110402999062793 0.009225 0.01338331771321462
0 0.345725 0.5264761012183693 0.026025 0.005201499531396438
0 0.6596375000000001 0.5202717900656045 0.018187500000000002 0.029756326148078726
0 0.374075 0.41236176194939084 0.0060750000000000005 0.011705716963448923