0 0.79375 0.7708528584817245 0.0325 0.01874414245548266
0 0.986875 0.7910028116213683 0.02625 0.01874414245548266
0 0.91625 0.6733833177132146 0.01625 0.011246485473289597
0 0.550625 0.8280224929709465 0.04375 0.016869728209934397
0 0.425 0.753045923149016 0.04375 0.022492970946579195
0 0.404375 0.8448922211808809 0.0275 0.01780693533270853
0 0.4 0.7511715089034676 0.01125 0.013120899718837863
0 0.18125 0.7108716026241799 0.035 0.023430178069353328
0 0.259375 0.7314901593252109 0.02875 0.01780693533270853
0 0.345 0.7994376757263355 0.02875 0.01780693533270853
0 0.02625 0.7783505154639175 0.01375 0.01780693533270853
0 0.743125 0.4484536082474227 0.03125 0.022492970946579195
0 0.759375 0.520618556701031 0.015 0.00937207122774133
0 0.779375 0.36457357075913777 0.01625 0.010309278350515464
0 0.87125 0.4943767572633552 0.015 0.008434864104967198
0 0.814375 0.5899718837863168 0.03375 0.016869728209934397
0 0.948125 0.42033739456419866 0.0175 0.013120899718837863
0 0.79375 0.4746954076850984 0.0125 0.008434864104967198
0 0.79875 0.6143392689784443 0.035 0.019681349578256794
0 0.665625 0.46157450796626054 0.02375 0.007497656982193065
0 0.989375 0.3889409559512652 0.00875 0.010309278350515464
0 0.41875 0.6466729147141518 0.025 0.03561387066541706
0 0.40125 0.6630740393626992 0.01875 0.02717900656044986
0 0.640625 0.34957825679475163 0.01625 0.010309278350515464
0 0.53125 0.37628865979381443 0.01375 0.010309278350515464
0 0.448125 0.4704779756326148 0.01375 0.014058106841611996
0 0.43 0.44470477975632616 0.01 0.008434864104967198
0 0.3475 0.4681349578256795 0.01625 0.014058106841611996
0 0.4525 0.5538894095595126 0.01375 0.010309278350515464
0 0.130625 0.6063730084348641 0.03375 0.02436738519212746
0 0.239375 0.6452671040299907 0.0275 0.028116213683223992
0 0.12125 0.48078725398313027 0.0375 0.02530459231490159
0 0.3025 0.3898781630740394 0.03 0.02530459231490159
0 0.13875 0.41611996251171507 0.03125 0.02155576382380506
0 0.07375 0.37582005623242737 0.01625 0.00937207122774133
0 0.1625 0.5393626991565136 0.03375 0.02436738519212746
0 0.285625 0.6654170571696345 0.04 0.015932521087160263
0 0.3225 0.4948453608247423 0.015 0.01874414245548266
0 0.31875 0.6494845360824743 0.02125 0.01218369259606373
0 0.31875 0.6401124648547329 0.0225 0.010309278350515464
0 0.7225 0.27835051546391754 0.01625 0.011246485473289597
0 0.610625 0.30506091846298033 0.0125 0.010309278350515464
0 0.580625 0.2614807872539831 0.0125 0.010309278350515464
0 0.519375 0.30084348641049674 0.01375 0.008434864104967198
0 0.1675 0.25585754451733833 0.01375 0.011246485473289597
0 0.120625 0.32755388940955954 0.0175 0.010309278350515464
0 0.088125 0.30599812558575445 0.01875 0.010309278350515464
1 0.55875 0.6298031865042174 0.175 0.12652296157450796
0 0.86875 0.823336457357076 0.11 0.06279287722586692
0 0.94125 0.5674789128397376 0.0525 0.05248359887535145
1 0.700625 0.5782567947516402 0.165 0.13683223992502344
1 0.7275 0.6893158388003748 0.16125 0.1246485473289597
0 0.101875 0.520618556701031 0.03875 0.028116213683223992
0 0.653125 0.8388003748828491 0.06375 0.04592314901593252
0 0.84125 0.45829428303655106 0.04 0.04592314901593252
0 0.496875 0.8434864104967198 0.04125 0.03280224929709466
0 0.17125 0.43580131208997186 0.04375 0.023430178069353328
0 0.2975 0.676194939081537 0.03 0.00937207122774133
0 0.5325 0.5707591377694471 0.03625 0.008434864104967198
0 0.414375 0.7385192127460168 0.02375 0.011246485473289597
0 0.291875 0.6611996251171509 0.02125 0.00937207122774133
0 0.903125 0.6644798500468604 0.01625 0.010309278350515464
0 0.89 0.7047797563261481 0.015 0.006560449859418931
0 0.889375 0.6963448922211809 0.02375 0.011246485473289597
0 0.805 0.6326148078725399 0.01375 0.01499531396438613
0 0.640625 0.5815370196813496 0.00625 0.010309278350515464
0 0.883125 0.6377694470477976 0.035 0.029053420805998126
0 0.823125 0.4761012183692596 0.01 0.013120899718837863
0 0.6525 0.46719775070290537 0.02625 0.006560449859418931
0 0.339375 0.485941893158388 0.02125 0.030927835051546393
0 0.631875 0.5824742268041238 0.0075 0.011246485473289597