0 0.181875 0.2450796626054358 0.03375 0.020618556701030927
0 0.06875 0.34910965323336457 0.01625 0.011246485473289597
0 0.419375 0.17572633552014996 0.045 0.01874414245548266
0 0.55125 0.2436738519212746 0.045 0.02436738519212746
0 0.563125 0.15089034676663543 0.02875 0.01874414245548266
0 0.57625 0.24414245548266167 0.0125 0.014058106841611996
0 0.798125 0.2727272727272727 0.0375 0.02530459231490159
0 0.718125 0.25679475164011245 0.03 0.019681349578256794
0 0.626875 0.19306466729147143 0.03 0.019681349578256794
0 0.946875 0.19728209934395502 0.015 0.01874414245548266
0 0.2625 0.5641986879100281 0.03375 0.02436738519212746
0 0.239375 0.492970946579194 0.01625 0.00937207122774133
0 0.23375 0.6494845360824743 0.01625 0.010309278350515464
0 0.13 0.5253045923149016 0.01625 0.008434864104967198
0 0.178125 0.4268978444236176 0.035 0.01874414245548266
0 0.06 0.6026241799437676 0.0175 0.013120899718837863
0 0.209375 0.5402999062792877 0.01375 0.008434864104967198
0 0.19125 0.40159325210871605 0.03625 0.02155576382380506
0 0.338125 0.5468603561387066 0.025 0.008434864104967198
0 0.0225 0.6363636363636364 0.00875 0.011246485473289597
0 0.5675 0.34910965323336457 0.0275 0.03655107778819119
0 0.583125 0.3322399250234302 0.02125 0.02717900656044986
0 0.373125 0.6574507966260543 0.01625 0.010309278350515464
0 0.48 0.6251171508903468 0.01375 0.010309278350515464
0 0.555 0.5267104029990628 0.015 0.014058106841611996
0 0.575 0.5515463917525774 0.01125 0.00937207122774133
0 0.655 0.5238987816307404 0.0175 0.014058106841611996
0 0.5425 0.443767572633552 0.01375 0.010309278350515464
0 0.85875 0.3744142455482662 0.03625 0.026241799437675725
0 0.746875 0.34114339268978444 0.03 0.029053420805998126
0 0.879375 0.49953139643861294 0.04 0.02717900656044986
0 0.706875 0.5993439550140581 0.0325 0.02717900656044986
0 0.868125 0.5646672914714151 0.03375 0.023430178069353328
0 0.936875 0.6012183692596064 0.0175 0.010309278350515464
0 0.833125 0.44283036551077787 0.03625 0.026241799437675725
0 0.698125 0.323805060918463 0.04125 0.01780693533270853
0 0.6775 0.4957825679475164 0.01625 0.01874414245548266
0 0.666875 0.3416119962511715 0.02125 0.013120899718837863
0 0.6675 0.35098406747891286 0.0225 0.011246485473289597
0 0.29875 0.7328959700093721 0.01625 0.011246485473289597
0 0.4075 0.7000937207122774 0.0125 0.011246485473289597
0 0.441875 0.7422680412371134 0.0125 0.011246485473289597
0 0.499375 0.6996251171508904 0.015 0.008434864104967198
0 0.854375 0.7258669165885661 0.01375 0.011246485473289597
0 0.894375 0.6518275538894096 0.0175 0.011246485473289597
0 0.92875 0.6719775070290535 0.01875 0.011246485473289597
1 0.429375 0.373477038425492 0.185 0.13402061855670103
0 0.101875 0.19681349578256796 0.115 0.06841611996251172
0 0.05375 0.4554826616682287 0.05625 0.05435801312089972
1 0.2925 0.4320524835988753 0.17625 0.14432989690721648
1 0.255625 0.3233364573570759 0.1725 0.13214620431115276
0 0.895 0.45829428303655106 0.04125 0.029053420805998126
0 0.315625 0.17010309278350516 0.0675 0.04873477038425492
0 0.163125 0.5595126522961574 0.045 0.046860356138706656
0 0.470625 0.1569821930646673 0.04375 0.03467666354264293
0 0.83375 0.5468603561387066 0.04625 0.02530459231490159
0 0.685625 0.3134957825679475 0.03125 0.011246485473289597
0 0.46125 0.4311152764761012 0.0375 0.00937207122774133
0 0.563125 0.25773195876288657 0.02375 0.01218369259606373
0 0.693125 0.32849109653233366 0.0225 0.010309278350515464
0 0.0825 0.3570759137769447 0.01625 0.010309278350515464
0 0.091875 0.31630740393626994 0.01625 0.006560449859418931
0 0.09375 0.32427366447985007 0.02375 0.01218369259606373
0 0.183125 0.3837863167760075 0.015 0.01499531396438613
0 0.351875 0.4259606373008435 0.00625 0.010309278350515464
0 0.105 0.3823805060918463 0.03625 0.030927835051546393
0 0.18 0.5407685098406748 0.01125 0.014058106841611996
0 0.35125 0.5407685098406748 0.0275 0.008434864104967198
0 0.66125 0.5056232427366448 0.02375 0.031865042174320526
0 0.36125 0.4245548266166823 0.0075 0.01218369259606373