0 0.87625 0.24554826616682288 0.03 0.01874414245548266
0 0.7525 0.5253045923149016 0.0275 0.01780693533270853
0 0.9875 0.626991565135895 0.025 0.01874414245548266
0 0.365 0.8411433926897844 0.02 0.016869728209934397
0 0.084375 0.7895970009372071 0.02125 0.013120899718837863
0 0.09875 0.8181818181818182 0.01375 0.011246485473289597
0 0.4825 0.4873477038425492 0.075 0.05810684161199625
0 0.73375 0.2703842549203374 0.08125 0.05529522024367385
0 0.54625 0.8552014995313965 0.09375 0.03936269915651359
0 0.9625 0.5979381443298969 0.075 0.056232427366447985
0 0.69375 0.316776007497657 0.05375 0.03936269915651359
0 0.2825 0.5567010309278351 0.1125 0.06654170571696345
0 0.683125 0.6860356138706654 0.0525 0.06560449859418932
0 0.23 0.8008434864104967 0.07125 0.030927835051546393
0 0.735 0.7347703842549204 0.03875 0.031865042174320526
0 0.863125 0.6982193064667291 0.04 0.031865042174320526
0 0.971875 0.13355201499531397 0.04 0.030927835051546393
0 0.400625 0.8622305529522024 0.0575 0.029053420805998126
0 0.324375 0.4451733833177132 0.09375 0.07591377694470477
0 0.64625 0.6682286785379569 0.06375 0.12089971883786317
0 0.528125 0.6597938144329897 0.0875 0.09653233364573571
0 0.3275 0.6654170571696345 0.025 0.013120899718837863
0 0.35 0.485941893158388 0.08875 0.07122774133083412
0 0.501875 0.6644798500468604 0.0275 0.026241799437675725
0 0.560625 0.6776007497656982 0.1275 0.1134020618556701
0 0.755625 0.8617619493908154 0.0575 0.020618556701030927
0 0.798125 0.8645735707591378 0.0275 0.013120899718837863
0 0.9775 0.6180880974695407 0.03875 0.008434864104967198
0 0.79375 0.5267104029990628 0.02625 0.019681349578256794
0 0.809375 0.5201499531396439 0.0175 0.013120899718837863
0 0.880625 0.23570759137769448 0.02375 0.014058106841611996
0 0.896875 0.23711340206185566 0.0125 0.01874414245548266
0 0.855 0.13964386129334583 0.015 0.01780693533270853
0 0.749375 0.2563261480787254 0.0225 0.01874414245548266
0 0.701875 0.3209934395501406 0.015 0.010309278350515464
0 0.494375 0.3078725398313027 0.01625 0.01218369259606373
0 0.51625 0.29475164011246485 0.0175 0.014058106841611996
0 0.50125 0.2952202436738519 0.02 0.01218369259606373
0 0.49375 0.15745079662605435 0.1025 0.06560449859418932
0 0.095 0.8481724461105904 0.02 0.013120899718837863
0 0.20875 0.8350515463917526 0.02625 0.015932521087160263
0 0.27625 0.8500468603561387 0.05125 0.01874414245548266
0 0.231875 0.8467666354264293 0.02 0.014058106841611996
0 0.48625 0.47797563261480785 0.015 0.01499531396438613