0 0.57375 0.4629803186504217 0.11375 0.07685098406747891
0 0.43875 0.6021555763823805 0.10125 0.08622305529522024
0 0.5875 0.4006560449859419 0.15 0.09934395501405811
0 0.445 0.7296157450796626 0.125 0.08997188378631678
0 0.25875 0.43767572633552015 0.09125 0.08716026241799438
0 0.6275 0.08762886597938144 0.0975 0.061855670103092786
0 0.338125 0.4287722586691659 0.0875 0.10402999062792877
0 0.573125 0.7924086223055296 0.17875 0.15089034676663543
0 0.27 0.32755388940955954 0.0775 0.1049671977507029
1 0.92 0.6358950328022493 0.14625 0.1162136832239925
0 0.396875 0.556232427366448 0.04875 0.03936269915651359
1 0.983125 0.4268978444236176 0.03375 0.07216494845360824
1 0.97 0.36597938144329895 0.06 0.1846298031865042
0 0.6225 0.2647610121836926 0.04 0.02717900656044986
0 0.615625 0.25164011246485474 0.025 0.01874414245548266
0 0.616875 0.10028116213683223 0.02 0.013120899718837863
0 0.479375 0.6138706654170571 0.025 0.029053420805998126
1 0.06375 0.07731958762886598 0.0575 0.07403936269915651