1 0.035 0.4465791940018744 0.07 0.15651358950328023
0 0.530625 0.44095595126522963 0.075 0.05810684161199625
0 0.42625 0.542642924086223 0.05875 0.038425492033739454
0 0.420625 0.5074976569821931 0.0625 0.03936269915651359
0 0.790625 0.4854732895970009 0.0425 0.033739456419868794
0 0.67125 0.45126522961574506 0.035 0.02999062792877226
1 0.66 0.633552014995314 0.19 0.14807872539831302
0 0.2575 0.12699156513589505 0.135 0.020618556701030927
1 0.439375 0.5365510777881912 0.14375 0.12558575445173384
0 0.650625 0.8697282099343955 0.065 0.020618556701030927
0 0.445 0.8481724461105904 0.07625 0.05060918462980318
0 0.886875 0.5627928772258669 0.11 0.09840674789128398
0 0.385 0.1316776007497657 0.08625 0.02155576382380506
0 0.155625 0.8327085285848173 0.0525 0.03561387066541706
0 0.8275 0.7567947516401125 0.02875 0.02999062792877226
0 0.706875 0.6068416119962512 0.03625 0.02155576382380506
0 0.555 0.5721649484536082 0.01375 0.013120899718837863
0 0.620625 0.5253045923149016 0.03375 0.020618556701030927
0 0.644375 0.7863167760074976 0.0275 0.028116213683223992
0 0.306875 0.8603561387066542 0.05 0.01874414245548266
0 0.5175 0.8598875351452671 0.02875 0.02999062792877226
0 0.14375 0.30318650421743204 0.02 0.015932521087160263
0 0.19375 0.42970946579194 0.02375 0.01499531396438613
0 0.200625 0.43908153701968133 0.0275 0.011246485473289597
0 0.131875 0.7638238050609185 0.03875 0.020618556701030927
0 0.08625 0.8214620431115276 0.04 0.020618556701030927
0 0.0275 0.7268041237113402 0.02125 0.01780693533270853
0 0.114375 0.7408622305529522 0.02125 0.01874414245548266
0 0.005 0.7867853795688847 0.01 0.01780693533270853
0 0.159375 0.7375820056232427 0.02125 0.015932521087160263
0 0.030625 0.7666354264292409 0.0175 0.01218369259606373
0 0.259375 0.8088097469540768 0.02 0.029053420805998126
0 0.005625 0.8270852858481724 0.01125 0.01218369259606373
0 0.09 0.7764761012183693 0.02125 0.01874414245548266
0 0.230625 0.8481724461105904 0.02375 0.02155576382380506
0 0.184375 0.85941893158388 0.0225 0.015932521087160263
0 0.068125 0.8388003748828491 0.015 0.010309278350515464
0 0.18375 0.5304592314901593 0.01375 0.006560449859418931
0 0.196875 0.34910965323336457 0.03625 0.029053420805998126
0 0.215625 0.31443298969072164 0.04375 0.03467666354264293
0 0.07 0.8612933458294283 0.01375 0.004686035613870665
0 0.150625 0.8388003748828491 0.01625 0.01218369259606373
0 0.135 0.8364573570759137 0.0275 0.03936269915651359
0 0.131875 0.8603561387066542 0.0525 0.011246485473289597
0 0.175625 0.7736644798500468 0.0725 0.05435801312089972
0 0.194375 0.7685098406747891 0.01 0.010309278350515464
0 0.215 0.7492970946579194 0.02125 0.02436738519212746
0 0.213125 0.7942830365510778 0.0375 0.06091846298031865
0 0.2075 0.8495782567947516 0.025 0.03655107778819119
0 0.243125 0.7839737582005624 0.02125 0.06091846298031865
0 0.235625 0.8247422680412371 0.02375 0.02436738519212746
0 0.250625 0.8242736644798501 0.0075 0.011246485473289597
0 0.25125 0.8514526710402999 0.03625 0.03561387066541706
0 0.291875 0.7638238050609185 0.0125 0.013120899718837863
0 0.289375 0.7905342080599812 0.0775 0.044048734770384255
0 0.281875 0.8242736644798501 0.02875 0.05154639175257732
0 0.269375 0.866447985004686 0.02625 0.006560449859418931
0 0.334375 0.8537956888472352 0.01125 0.011246485473289597
0 0.34375 0.8439550140581068 0.01625 0.02436738519212746
0 0.310625 0.8294283036551078 0.04375 0.044048734770384255
0 0.323125 0.782099343955014 0.0525 0.05060918462980318
0 0.378125 0.8645735707591378 0.01875 0.01499531396438613
0 0.3675 0.8425492033739457 0.0225 0.01874414245548266
0 0.365625 0.810215557638238 0.01 0.01499531396438613
0 0.40125 0.8200562324273665 0.015 0.015932521087160263
0 0.421875 0.8045923149015932 0.05125 0.04498594189315839
0 0.48875 0.8711340206185567 0.01 0.007497656982193065
0 0.550625 0.8608247422680413 0.0425 0.031865042174320526
0 0.59125 0.6911902530459232 0.01375 0.013120899718837863
0 0.5825 0.7010309278350515 0.02 0.02436738519212746
0 0.546875 0.5791940018744143 0.01625 0.01780693533270853
1 0.641875 0.7694470477975632 0.2525 0.22024367385192128
1 0.36 0.8298969072164949 0.0675 0.08528584817244611
0 0.380625 0.506560449859419 0.01375 0.01780693533270853
0 0.37625 0.5154639175257731 0.01125 0.014058106841611996
1 0.5625 0.44892221180880976 0.2175 0.19400187441424555