0 0.6575 0.169165885660731 0.095 0.08716026241799438
0 0.510625 0.49109653233364575 0.05625 0.05810684161199625
0 0.844375 0.23336457357075913 0.13875 0.07310215557638237
1 0.091875 0.7301218369259606 0.18375 0.1358950328022493
0 0.493125 0.3069353327085286 0.04375 0.02530459231490159
0 0.96125 0.4184629803186504 0.0775 0.12089971883786317
1 0.040625 0.5716963448922212 0.08125 0.11808809746954077
0 0.63125 0.6021555763823805 0.0475 0.044048734770384255
1 0.788125 0.7825679475164011 0.08125 0.06747891283973759
0 0.608125 0.5360824742268041 0.04125 0.031865042174320526
1 0.18761250000000002 0.5182755388940956 0.20625 0.07497656982193064
0 0.711875 0.3261480787253983 0.06375 0.1105904404873477
0 0.61375 0.5646672914714151 0.045 0.02717900656044986
0 0.44375 0.7399250234301781 0.0425 0.02530459231490159
0 0.505625 0.3992502343017807 0.02625 0.06373008434864105
1 0.761875 0.6391752577319587 0.15375 0.14058106841611998
1 0.071025 0.474058106841612 0.0642 0.12268978444236175
1 0.1821 0.39967197750702904 0.14908749999999998 0.05955014058106842
1 0.1825 0.1668228678537957 0.145 0.05248359887535145
0 0.476875 0.40548266166822866 0.02625 0.02182755388940956
0 0.57375 0.46954076850984067 0.0225 0.01874414245548266
0 0.391875 0.6288659793814433 0.02625 0.01874414245548266
0 0.581875 0.7314901593252109 0.01625 0.01780693533270853
0 0.4475 0.5534208059981256 0.015 0.01218369259606373
0 0.4175 0.48828491096532334 0.015 0.011246485473289597
0 0.33625 0.7614807872539832 0.015 0.01218369259606373
0 0.465 0.6143392689784443 0.0275 0.019681349578256794
0 0.2075 0.7703842549203374 0.0175 0.013120899718837863
0 0.36625 0.6077788191190253 0.025 0.01218369259606373
0 0.471875 0.7202436738519212 0.03375 0.023430178069353328
0 0.505625 0.619962511715089 0.02625 0.015932521087160263
0 0.306875 0.7633552014995314 0.01625 0.01218369259606373
0 0.6313875 0.6991565135895033 0.039587500000000005 0.03594189315838801
0 0.600625 0.6630740393626992 0.01375 0.008434864104967198
0 0.049475 0.18364573570759138 0.0350125 0.02936269915651359
0 0.6865625 0.42043111527647614 0.0127875 0.02246485473289597
0 0.681925 0.29549203373945643 0.0529125 0.06253983130271791
0 0.7519 0.6264104967197751 0.0345125 0.0448078725398313
0 0.2703 0.6295782567947517 0.043775 0.02768509840674789
0 0.534675 0.5526335520149953 0.038625 0.05141518275538894
0 0.5524125 0.6112371134020619 0.041725000000000005 0.029756326148078726
0 0.6466249999999999 0.658369259606373 0.0159 0.010402999062792876
1 0.0964625 0.7328397375820057 0.08385 0.061143392689784436
1 0.049537500000000005 0.6527928772258669 0.09907500000000001 0.07622305529522025
1 0.067425 0.6605342080599812 0.13485 0.07741330834114339
1 0.044187500000000005 0.5535520149953139 0.0325625 0.02208997188378632
1 0.0773875 0.4502811621368322 0.037725 0.029531396438612936
1 0.0843375 0.3337394564198688 0.048462500000000006 0.10940955951265229
0 0.16802499999999998 0.15508903467666355 0.056412500000000004 0.015951265229615746