0 0.9225 0.6518275538894096 0.125 0.07966260543580131
0 0.510625 0.5089034676663543 0.0825 0.04779756326148079
0 0.8175 0.7844423617619494 0.11125 0.11152764761012184
1 0.2375 0.17150890346766634 0.2 0.15089034676663543
0 0.756875 0.5149953139643861 0.03875 0.03561387066541706
0 0.56 0.852389878163074 0.16875 0.07029053420805999
1 0.453125 0.14995313964386128 0.165 0.07310215557638237
0 0.350625 0.5871602624179943 0.06375 0.04029990627928772
1 0.095 0.6850984067478912 0.0975 0.06747891283973759
0 0.440625 0.5768509840674789 0.04625 0.033739456419868794
1 0.508125 0.26522961574507964 0.12125 0.16119962511715089
0 0.70875 0.676194939081537 0.15375 0.059044048734770385
0 0.4025 0.5782567947516402 0.04125 0.03655107778819119
0 0.1875 0.4329896907216495 0.0375 0.03467666354264293
0 0.633125 0.514526710402999 0.0875 0.026241799437675725
1 0.288125 0.6808809746954076 0.2025 0.12933458294283037
1 0.57875 0.18322399250234303 0.17 0.05998125585754452
1 0.66625 0.27319587628865977 0.095 0.11715089034676664
1 0.96625 0.29756326148078727 0.0675 0.1134020618556701
0 0.628125 0.49250234301780693 0.03125 0.02155576382380506
0 0.5325 0.5581068416119962 0.0275 0.01874414245548266
0 0.340625 0.40581068416119964 0.0275 0.02155576382380506
0 0.184375 0.5370196813495782 0.025 0.014058106841611996
0 0.434375 0.4554826616682287 0.0175 0.01218369259606373
0 0.524375 0.4395501405810684 0.01625 0.01218369259606373
0 0.17 0.35051546391752575 0.0175 0.01218369259606373
0 0.351875 0.4620431115276476 0.02875 0.022492970946579195
0 0.171875 0.253514526710403 0.01875 0.014058106841611996
0 0.37125 0.3889409559512652 0.01875 0.019681349578256794
0 0.210625 0.45595126522961577 0.035 0.02717900656044986
0 0.34 0.4915651358950328 0.02375 0.02155576382380506
0 0.170625 0.32849109653233366 0.0175 0.013120899718837863
0 0.221875 0.5768509840674789 0.05125 0.033739456419868794
0 0.273125 0.5581068416119962 0.0125 0.011246485473289597
0 0.966875 0.19728209934395502 0.0425 0.029053420805998126
0 0.58625 0.647610121836926 0.03125 0.011246485473289597
0 0.751875 0.6569821930646673 0.08875 0.04592314901593252
0 0.305625 0.6747891283973758 0.06375 0.030927835051546393
0 0.351875 0.3149015932521087 0.04125 0.03561387066541706
0 0.426875 0.5201499531396439 0.0725 0.03467666354264293
0 0.3475 0.5276476101218369 0.04375 0.033739456419868794
0 0.274375 0.5927835051546392 0.015 0.013120899718837863
1 0.233125 0.17478912839737581 0.09 0.06841611996251172
1 0.344375 0.14807872539831302 0.11125 0.08153701968134958
1 0.331875 0.16073102155576383 0.1175 0.10871602624179943
1 0.476875 0.15463917525773196 0.03375 0.026241799437675725
1 0.61 0.190253045923149 0.04375 0.030927835051546393
1 0.764375 0.20759137769447047 0.15 0.04779756326148079
0 0.98875 0.2881911902530459 0.0225 0.044048734770384255