1 0.335625 0.6525821596244131 0.2725 0.2
1 0.275 0.2507042253521127 0.41 0.3539906103286385
0 0.299375 0.25539906103286386 0.10125 0.06572769953051644
0 0.415625 0.22347417840375586 0.06 0.04788732394366197
0 0.55 0.7596244131455399 0.0675 0.05727699530516432
0 0.60375 0.8314553990610328 0.04625 0.04131455399061033
1 0.664375 0.12065727699530517 0.53375 0.24131455399061033
0 0.31875 0.671830985915493 0.05875 0.0431924882629108
0 0.46625 0.8826291079812206 0.05125 0.03192488262910798
0 0.675 0.1295774647887324 0.04 0.030985915492957747
0 0.055 0.7126760563380282 0.03375 0.051643192488262914
0 0.485 0.6009389671361502 0.05875 0.051643192488262914
0 0.234375 0.36901408450704226 0.04375 0.03286384976525822
0 0.02 0.5098591549295775 0.04 0.04131455399061033
0 0.01875 0.5352112676056338 0.0375 0.03380281690140845
0 0.5175 0.7164319248826291 0.03125 0.022535211267605635
0 0.305625 0.9103286384976526 0.02625 0.01971830985915493
0 0.406875 0.9056338028169014 0.055 0.027230046948356807
0 0.63125 0.5084507042253521 0.0225 0.016901408450704224
0 0.396875 0.6596244131455399 0.03125 0.023474178403755867
0 0.35125 0.4488262910798122 0.01625 0.013145539906103286
0 0.05125 0.4244131455399061 0.03875 0.028169014084507043
0 0.04125 0.5427230046948357 0.02625 0.024413145539906103
0 0.14375 0.43990610328638496 0.01875 0.015023474178403756
0 0.023125 0.5793427230046948 0.03 0.03380281690140845
0 0.6375 0.06384976525821597 0.05125 0.024413145539906103
0 0.706875 0.2347417840375587 0.02 0.013145539906103286
0 0.653125 0.06854460093896714 0.02375 0.016901408450704224
0 0.534375 0.08262910798122065 0.0225 0.01784037558685446
0 0.48 0.06666666666666667 0.035 0.0215962441314554
0 0.221875 0.29014084507042254 0.025 0.018779342723004695
0 0.040625 0.3220657276995305 0.02625 0.01971830985915493
0 0.4775 0.4413145539906103 0.01625 0.012206572769953052
0 0.488125 0.6328638497652582 0.07 0.06291079812206572
0 0.48625 0.6460093896713615 0.0625 0.046948356807511735
0 0.47 0.6492957746478873 0.025 0.015023474178403756
0 0.508125 0.6849765258215963 0.075 0.05352112676056338
0 0.51125 0.7004694835680751 0.06625 0.046009389671361506
0 0.273125 0.6356807511737089 0.01375 0.013145539906103286
0 0.325625 0.8535211267605634 0.0175 0.015023474178403756
0 0.036875 0.6788732394366197 0.01 0.024413145539906103
0 0.02125 0.5572769953051643 0.035 0.02910798122065728
0 0.004375 0.5051643192488263 0.00875 0.016901408450704224
0 0.1375 0.4652582159624413 0.03125 0.027230046948356807
1 0.109375 0.284037558685446 0.21875 0.2
1 0.08125 0.2962441314553991 0.1625 0.1812206572769953
1 0.095 0.20375586854460093 0.19 0.15774647887323945
0 0.669375 0.09107981220657277 0.04875 0.02629107981220657
0 0.648125 0.2784037558685446 0.02375 0.013145539906103286