1 0.71625 0.3901408450704225 0.2625 0.19248826291079812
1 0.618125 0.787793427230047 0.39125 0.3427230046948357
0 0.596875 0.7779342723004695 0.09875 0.061971830985915494
0 0.473125 0.7830985915492957 0.0575 0.046948356807511735
0 0.553125 0.2403755868544601 0.06375 0.05539906103286385
0 0.53 0.160093896713615 0.045 0.03943661971830986
1 0.221875 0.8539906103286385 0.44375 0.28262910798122065
0 0.74 0.3755868544600939 0.05625 0.04131455399061033
0 0.68125 0.14178403755868543 0.05 0.03004694835680751
0 0.188125 0.8154929577464789 0.0375 0.03004694835680751
0 0.99625 0.3938967136150235 0.0075 0.051643192488262914
0 0.55375 0.40657276995305164 0.05625 0.04976525821596244
0 0.703125 0.6835680751173709 0.04125 0.030985915492957747
0 0.966875 0.5971830985915493 0.0475 0.04037558685446009
0 0.975 0.572300469483568 0.03875 0.03286384976525822
0 0.5675 0.2892018779342723 0.03 0.0215962441314554
0 0.845625 0.15023474178403756 0.025 0.018779342723004695
0 0.746875 0.1323943661971831 0.05375 0.02535211267605634
0 0.3775 0.46338028169014084 0.0225 0.01596244131455399
0 0.66125 0.3699530516431925 0.03 0.022535211267605635
0 0.621875 0.5816901408450704 0.015 0.012206572769953052
0 0.899375 0.6708920187793427 0.0375 0.027230046948356807
0 0.955625 0.560093896713615 0.025 0.023474178403755867
0 0.8175 0.6356807511737089 0.01875 0.014084507042253521
0 0.98625 0.528169014084507 0.0275 0.03286384976525822
0 0.19875 0.8868544600938967 0.05 0.022535211267605635
0 0.19875 0.7084507042253522 0.01875 0.013145539906103286
0 0.185625 0.8788732394366198 0.02375 0.01596244131455399
0 0.304375 0.8915492957746479 0.02125 0.01784037558685446
0 0.350625 0.9183098591549296 0.03375 0.020657276995305163
0 0.684375 0.7619718309859155 0.02375 0.01784037558685446
0 0.934375 0.784037558685446 0.025 0.01784037558685446
0 0.87 0.7708920187793428 0.025 0.018779342723004695
0 0.49875 0.5610328638497653 0.015 0.011267605633802818
0 0.563125 0.3755868544600939 0.06625 0.06103286384976526
0 0.57 0.36384976525821594 0.06 0.04507042253521127
0 0.586875 0.36384976525821594 0.02375 0.014084507042253521
0 0.564375 0.3215962441314554 0.0725 0.051643192488262914
0 0.566875 0.3056338028169014 0.06375 0.044131455399061034
0 0.77 0.4197183098591549 0.01375 0.013145539906103286
0 0.80375 0.20046948356807512 0.0175 0.014084507042253521
0 0.980625 0.5502347417840375 0.03375 0.028169014084507043
0 0.98 0.604225352112676 0.01625 0.01596244131455399
0 0.833125 0.6131455399061033 0.03 0.02629107981220657
1 0.796875 0.7943661971830986 0.22625 0.19342723004694837
1 0.855 0.7948356807511737 0.22375 0.17464788732394365
1 0.924375 0.8023474178403756 0.0675 0.056338028169014086
1 0.811875 0.8812206572769953 0.26625 0.14929577464788732
0 0.17875 0.8539906103286385 0.0475 0.024413145539906103
0 0.2725 0.6793427230046948 0.0225 0.012206572769953052