1 0.6969249999999999 0.3713615023474178 0.23614999999999997 0.17183098591549295
1 0.66375 0.7746478873239436 0.3425 0.3136150234741784
0 0.64125 0.7671361502347418 0.09 0.054460093896713614
0 0.519375 0.7835680751173709 0.05125 0.04225352112676056
0 0.5104625 0.2375586854460094 0.05625 0.05070422535211268
0 0.474375 0.160093896713615 0.03875 0.036619718309859155
1 0.2430125 0.8804788732394366 0.486025 0.23904225352112676
0 0.718125 0.3544600938967136 0.05125 0.036619718309859155
0 0.621875 0.12769953051643193 0.04625 0.02629107981220657
0 0.241875 0.8417840375586855 0.03375 0.027230046948356807
0 0.9875 0.3488262910798122 0.0225 0.04976525821596244
0 0.538125 0.4023474178403756 0.04875 0.046009389671361506
0 0.73125 0.6638497652582159 0.0375 0.028169014084507043
0 0.9794499999999999 0.5535774647887324 0.0410875 0.036497652582159625
0 0.983125 0.5281971830985915 0.03375 0.03004694835680751
0 0.5325 0.28450704225352114 0.0275 0.018779342723004695
0 0.78625 0.12112676056338029 0.0225 0.016901408450704224
0 0.685325 0.11267605633802817 0.05184999999999999 0.020657276995305163
0 0.3725 0.47464788732394364 0.02 0.014084507042253521
0 0.63875 0.3563380281690141 0.0275 0.01971830985915493
0 0.634375 0.5699530516431925 0.01375 0.011267605633802818
0 0.924375 0.6328638497652582 0.03375 0.024413145539906103
0 0.961875 0.5178403755868545 0.02125 0.0215962441314554
0 0.836875 0.6056338028169014 0.01625 0.013145539906103286
0 0.988125 0.48415962441314553 0.02375 0.030610328638497653
0 0.26375 0.9117370892018779 0.0475 0.018779342723004695
0 0.235 0.7342723004694836 0.0175 0.011267605633802818
0 0.249375 0.9046948356807512 0.02125 0.014084507042253521
0 0.369375 0.9065727699530517 0.01875 0.01596244131455399
0 0.419375 0.9291079812206573 0.03125 0.01784037558685446
0 0.725625 0.7431924882629108 0.02125 0.01596244131455399
0 0.9775 0.7422535211267606 0.0225 0.01596244131455399
0 0.91125 0.7352112676056338 0.0225 0.016901408450704224
0 0.508975 0.5605164319248827 0.0133375 0.01012206572769953
0 0.5423875 0.37103286384976525 0.0575 0.05675117370892019
0 0.5477375 0.35835680751173704 0.054162499999999995 0.04043192488262911
0 0.5644375 0.35659154929577463 0.022087500000000003 0.012328638497652583
0 0.534875 0.31668544600938964 0.0645125 0.045962441314553994
0 0.534875 0.3007511737089202 0.05783750000000001 0.039183098591549295
0 0.7550749999999999 0.39574647887323944 0.01165 0.011849765258215962
0 0.7532375 0.1748638497652582 0.014737499999999999 0.012826291079812207
0 0.9975875000000001 0.38394366197183094 0.0048125 0.0243943661971831
0 0.984725 0.5061877934272301 0.03055 0.02539906103286385
0 0.993075 0.5596525821596244 0.0138375 0.01536150234741784
0 0.8489749999999999 0.5816150234741784 0.025699999999999997 0.024140845070422537
1 0.8424625 0.7646478873239437 0.19815000000000002 0.17695774647887325
1 0.8998 0.759981220657277 0.2004 0.15784976525821598
1 0.969925 0.7608544600938967 0.060149999999999995 0.0511924882629108
1 0.87115 0.8499718309859156 0.2472625 0.12810328638497653
0 0.2384875 0.8809577464788733 0.0453 0.020685446009389673
0 0.303 0.6992769953051643 0.0210625 0.009934272300469484