0 0.72375 0.7078059071729957 0.13625 0.07876230661040788
0 0.570625 0.33544303797468356 0.05375 0.03305203938115331
0 0.325 0.3917018284106892 0.06375 0.03938115330520394
0 0.47625 0.2823488045007032 0.05875 0.03656821378340366
0 0.986875 0.7521097046413502 0.02625 0.026019690576652602
0 0.291875 0.45042194092827004 0.12 0.02461322081575246
0 0.33375 0.42264416315049225 0.12125 0.02461322081575246
0 0.97375 0.6863572433192686 0.015 0.008438818565400843
0 0.9825 0.7039381153305204 0.025 0.011954992967651195
0 0.63 0.3656821378340366 0.02125 0.009845288326300985
0 0.34 0.6395921237693389 0.0225 0.008438818565400843
0 0.260625 0.5770042194092827 0.0275 0.012658227848101266
0 0.325625 0.43037974683544306 0.01375 0.004219409282700422
0 0.635625 0.42158931082981715 0.00875 0.0035161744022503515
0 0.64375 0.4184247538677918 0.00625 0.004219409282700422
0 0.76625 0.2563291139240506 0.02125 0.009845288326300985
0 0.9375 0.2338255977496484 0.01125 0.011251758087201125
0 0.945625 0.23417721518987342 0.01 0.011251758087201125
0 0.80125 0.7187060478199718 0.02 0.008438818565400843
1 0.59875 0.7204641350210971 0.20875 0.07876230661040788
1 0.366875 0.7461322081575246 0.29125 0.08720112517580872