0 0.8806625 0.3848523206751055 0.13315 0.07306610407876231
0 0.211875 0.4518284106891702 0.05625 0.028832630098452883
0 0.29872499999999996 0.5928691983122363 0.0675625 0.03367088607594937
0 0.1125 0.5021097046413502 0.0625 0.030942334739803096
0 0.974375 0.2320675105485232 0.04375 0.02812939521800281
0 0.4009625 0.6143037974683544 0.038087499999999996 0.06675808720112518
0 0.35375 0.5893108298171589 0.0375 0.06751054852320675
0 0.855625 0.24367088607594936 0.01375 0.007735583684950774
0 0.8875 0.23945147679324894 0.02 0.013361462728551337
0 0.268125 0.41983122362869196 0.01625 0.011251758087201125
0 0.7391875 0.5970112517580872 0.01345 0.011983122362869197
0 0.6242 0.6385794655414908 0.021475 0.014493670886075949
0 0.36745 0.5942686357243319 0.0058875 0.007749648382559774
0 0.36795 0.4197960618846695 0.0060875 0.004732770745428974
0 0.362525 0.4147819971870605 0.0069875 0.0034106891701828406
0 0.081225 0.33749648382559777 0.0161375 0.01130098452883263
0 0.050575 0.24028832630098454 0.019762500000000002 0.005654008438818565
0 0.05122499999999999 0.23575949367088608 0.0195 0.005210970464135021
0 0.9039499999999999 0.3420182841068917 0.0142125 0.010274261603375526
1 0.896225 0.4561673699015471 0.1301875 0.11386075949367089
1 0.930225 0.5876863572433193 0.13953749999999998 0.15963431786216598