0 0.781875 0.8969072164948454 0.03625 0.02999062792877226
0 0.605625 0.8462980318650422 0.0425 0.026241799437675725
0 0.581875 0.7642924086223055 0.0425 0.026241799437675725
0 0.6 0.6968134957825679 0.025 0.01780693533270853
0 0.694375 0.5670103092783505 0.025 0.016869728209934397
0 0.88375 0.514058106841612 0.0375 0.029053420805998126
0 0.853125 0.6002811621368322 0.0175 0.01780693533270853
0 0.905625 0.4343955014058107 0.01375 0.013120899718837863
0 0.539375 0.3392689784442362 0.03625 0.02155576382380506
0 0.88 0.25866916588566075 0.025 0.01874414245548266
0 0.586875 0.24835988753514526 0.03625 0.022492970946579195
0 0.625625 0.5918462980318651 0.14625 0.10590440487347703
0 0.15125 0.3106841611996251 0.10875 0.09746954076850985
0 0.21625 0.7300843486410497 0.12375 0.1021555763823805
0 0.274375 0.7914714151827554 0.09875 0.08434864104967198
0 0.471875 0.4301780693533271 0.04375 0.04873477038425492
0 0.90625 0.5346766635426429 0.02875 0.010309278350515464
0 0.71375 0.6171508903467666 0.02125 0.01218369259606373
0 0.90375 0.41611996251171507 0.01375 0.01218369259606373
0 0.9125 0.41611996251171507 0.01125 0.01499531396438613
0 0.91375 0.4339268978444236 0.00875 0.013120899718837863
0 0.780625 0.4119025304592315 0.025 0.019681349578256794
0 0.651875 0.41658856607310213 0.015 0.01218369259606373
0 0.415625 0.3036551077788191 0.015 0.010309278350515464
0 0.6375 0.253514526710403 0.015 0.015932521087160263
0 0.648125 0.2511715089034677 0.015 0.01780693533270853
0 0.81125 0.1415182755388941 0.01875 0.014058106841611996
0 0.40625 0.13542642924086223 0.03 0.01874414245548266
0 0.215625 0.16635426429240863 0.0225 0.016869728209934397
0 0.244375 0.4597000937207123 0.02 0.011246485473289597
0 0.2575 0.46344892221180883 0.0125 0.014058106841611996
0 0.27125 0.471883786316776 0.0175 0.01499531396438613
0 0.268125 0.4878163074039363 0.015 0.01499531396438613
0 0.28375 0.4835988753514527 0.01625 0.01218369259606373
0 0.048125 0.6208997188378632 0.02375 0.013120899718837863
0 0.410625 0.6391752577319587 0.0125 0.01218369259606373
0 0.55875 0.8008434864104967 0.025 0.019681349578256794
0 0.158125 0.9704779756326148 0.0175 0.01499531396438613
0 0.270625 0.8673851921274601 0.015 0.01218369259606373
0 0.283125 0.8683223992502344 0.01625 0.01218369259606373
0 0.280625 0.8776944704779757 0.01625 0.011246485473289597
0 0.331875 0.753514526710403 0.01875 0.01218369259606373
0 0.345 0.7488284910965324 0.01875 0.015932521087160263
1 0.885625 0.48922211808809746 0.14375 0.19212746016869728
1 0.790625 0.5731021555763823 0.2575 0.11246485473289597
1 0.634375 0.6865042174320525 0.22375 0.1330834114339269
0 0.914375 0.9170571696344892 0.0175 0.01218369259606373