0 0.761875 0.19962511715089035 0.01625 0.014058106841611996
0 0.820625 0.45220243673851923 0.035 0.026241799437675725
0 0.55125 0.2985004686035614 0.03125 0.02436738519212746
0 0.356875 0.33786316776007497 0.02 0.013120899718837863
0 0.39125 0.2872539831302718 0.02125 0.022492970946579195
0 0.458125 0.6579194001874414 0.025 0.01780693533270853
0 0.09625 0.3106841611996251 0.10875 0.07122774133083412
0 0.918125 0.7413308341143393 0.1225 0.08997188378631678
1 0.711875 0.5679475164011246 0.1725 0.22211808809746955
0 0.609375 0.17478912839737581 0.0825 0.07685098406747891
0 0.465625 0.49765698219306465 0.04 0.03280224929709466
0 0.506875 0.408622305529522 0.0375 0.02717900656044986
0 0.42 0.6204311152764761 0.04375 0.038425492033739454
1 0.681875 0.37488284910965325 0.15 0.20899718837863168
0 0.793125 0.15370196813495782 0.04 0.02717900656044986
0 0.92 0.1471415182755389 0.03125 0.03561387066541706
1 0.570625 0.7249297094657919 0.23625 0.15932521087160262
1 0.4925 0.711340206185567 0.2575 0.1893158388003749
0 0.3525 0.5946579194001874 0.02375 0.01499531396438613
0 0.219375 0.7905342080599812 0.0325 0.03561387066541706
0 0.083125 0.8589503280224929 0.095 0.031865042174320526
0 0.1 0.7914714151827554 0.01 0.01218369259606373
0 0.130625 0.7905342080599812 0.01375 0.014058106841611996
0 0.215625 0.6649484536082474 0.015 0.014058106841611996
0 0.1775 0.41424554826616683 0.02 0.019681349578256794
0 0.208125 0.2839737582005623 0.01625 0.01780693533270853
0 0.375 0.14198687910028115 0.02125 0.033739456419868794
0 0.45625 0.27225866916588565 0.02125 0.026241799437675725
0 0.4575 0.24461105904404873 0.025 0.028116213683223992
0 0.649375 0.13214620431115276 0.0275 0.014058106841611996
0 0.880625 0.2478912839737582 0.00875 0.014058106841611996
0 0.8925 0.24414245548266167 0.02 0.026241799437675725
0 0.921875 0.1850984067478913 0.02125 0.026241799437675725