0 0.11875 0.2830365510777882 0.02 0.013120899718837863
0 0.45875 0.25679475164011245 0.0375 0.028116213683223992
0 0.235625 0.4475164011246485 0.035 0.02530459231490159
0 0.274375 0.5955951265229615 0.01875 0.015932521087160263
0 0.209375 0.5665417057169635 0.03125 0.01780693533270853
0 0.7075 0.5421743205248359 0.025 0.019681349578256794
0 0.22 0.788659793814433 0.1025 0.08622305529522024
0 0.85 0.204311152764761 0.12875 0.09746954076850985
1 0.605 0.34629803186504216 0.3075 0.14432989690721648
0 0.075 0.39550140581068416 0.1075 0.06747891283973759
0 0.494375 0.5257731958762887 0.04625 0.031865042174320526
0 0.37875 0.48828491096532334 0.03875 0.02999062792877226
0 0.654375 0.5684161199625117 0.05375 0.03561387066541706
1 0.34625 0.35520149953139646 0.28875 0.12652296157450796
0 0.06 0.25679475164011245 0.03875 0.031865042174320526
0 0.06 0.16119962511715089 0.05 0.026241799437675725
1 0.804375 0.4629803186504217 0.22875 0.18744142455482662
1 0.780625 0.5201499531396439 0.27 0.20618556701030927
0 0.615625 0.6171508903467666 0.02125 0.01874414245548266
0 0.866875 0.7300843486410497 0.05 0.02717900656044986
0 0.94875 0.8369259606373008 0.04875 0.07310215557638237
0 0.86 0.8195876288659794 0.0175 0.008434864104967198
0 0.860625 0.7966260543580131 0.02 0.011246485473289597
0 0.699375 0.7239925023430178 0.02 0.01218369259606373
0 0.363125 0.7352389878163074 0.0275 0.015932521087160263
0 0.1925 0.7033739456419869 0.025 0.013120899718837863
0 0.01875 0.5684161199625117 0.0375 0.01780693533270853
0 0.19375 0.5168697282099344 0.03625 0.01780693533270853
0 0.1575 0.514058106841612 0.03875 0.020618556701030927
0 0.02125 0.3626991565135895 0.02 0.02155576382380506
0 0.19125 0.19775070290534208 0.01875 0.007497656982193065
0 0.186875 0.18837863167760074 0.03625 0.016869728209934397
0 0.110625 0.1626054358013121 0.03625 0.01780693533270853
0 0.798125 0.12699156513589505 0.025 0.00937207122774133