0 0.341875 0.2928772258669166 0.03125 0.02155576382380506
0 0.48375 0.2338331771321462 0.0175 0.013120899718837863
0 0.365 0.5 0.03 0.02530459231490159
0 0.330625 0.5402999062792877 0.03125 0.026241799437675725
0 0.550625 0.872539831302718 0.02125 0.016869728209934397
0 0.615625 0.46251171508903466 0.155 0.08809746954076851
0 0.6575 0.4044048734770384 0.13625 0.06654170571696345
0 0.759375 0.3692596063730084 0.08375 0.061855670103092786
0 0.0975 0.08575445173383317 0.0575 0.03280224929709466
0 0.434375 0.7066541705716963 0.0825 0.07403936269915651
0 0.466875 0.7666354264292409 0.075 0.046860356138706656
1 0.940625 0.07122774133083412 0.11875 0.1330834114339269
0 0.47625 0.4001874414245548 0.05125 0.04873477038425492
0 0.89625 0.4414245548266167 0.065 0.12371134020618557
0 0.37625 0.1260543580131209 0.04375 0.031865042174320526
0 0.263125 0.4175257731958763 0.05375 0.03467666354264293
0 0.28 0.4587628865979381 0.05 0.031865042174320526
0 0.2625 0.3795688847235239 0.05125 0.041237113402061855
0 0.34875 0.6030927835051546 0.06375 0.05810684161199625
0 0.6075 0.5402999062792877 0.055 0.03467666354264293
0 0.625625 0.005623242736644799 0.04 0.00937207122774133
0 0.335 0.704311152764761 0.015 0.010309278350515464
0 0.100625 0.7980318650421743 0.03125 0.03280224929709466
0 0.991875 0.5482661668228679 0.01375 0.02436738519212746