0 0.75875 0.36035613870665417 0.03125 0.02530459231490159
0 0.85125 0.4606373008434864 0.01875 0.014058106841611996
0 0.485625 0.3992502343017807 0.03625 0.02436738519212746
0 0.42875 0.3781630740393627 0.0375 0.02530459231490159
0 0.014375 0.5759137769447048 0.01625 0.016869728209934397
0 0.561875 0.5824742268041238 0.1275 0.1218369259606373
0 0.643125 0.6073102155576382 0.0975 0.10684161199625117
0 0.700625 0.6799437675726335 0.08875 0.06654170571696345
0 0.21875 0.47282099343955014 0.10375 0.06747891283973759
0 0.1425 0.5032802249297095 0.0675 0.059044048734770385
0 0.63 0.471883786316776 0.0675 0.041237113402061855
0 0.619375 0.7895970009372071 0.16875 0.05716963448922212
0 0.97375 0.36879100281162136 0.02875 0.033739456419868794
0 0.584375 0.3149015932521087 0.05 0.04217432052483599
0 0.531875 0.33177132146204313 0.045 0.03936269915651359
0 0.635 0.3106841611996251 0.0575 0.041237113402061855
0 0.3475 0.3978444236176195 0.08125 0.05154639175257732
0 0.4575 0.584348641049672 0.05 0.04311152764761012
0 0.21125 0.3983130271790066 0.015 0.01218369259606373
0 0.063125 0.23336457357075913 0.04625 0.02530459231490159
0 0.4875 0.8720712277413308 0.03375 0.01218369259606373