0 0.3369375 0.29475164011246485 0.031125 0.02155576382380506
0 0.4778125 0.23430178069353327 0.018125 0.01358950328022493
0 0.365 0.5018744142455482 0.03 0.02530459231490159
0 0.3318 0.542642924086223 0.031400000000000004 0.026241799437675725
0 0.559375 0.8716026241799437 0.02125 0.016869728209934397
0 0.615 0.4611059044048735 0.1525 0.08622305529522024
0 0.655 0.40253045923149017 0.135 0.06466729147141519
0 0.75625 0.36597938144329895 0.0825 0.06091846298031865
0 0.088125 0.09090909090909091 0.05625 0.031865042174320526
0 0.439375 0.7075913776944704 0.08125 0.07310215557638237
0 0.473125 0.7671040299906279 0.07375 0.04592314901593252
1 0.935625 0.06560449859418932 0.12625 0.13120899718837864
0 0.47375 0.4006560449859419 0.05 0.04779756326148079
0 0.8947875000000001 0.436485473289597 0.0620625 0.12321462043111528
0 0.3675 0.12792877225866917 0.0425 0.030927835051546393
0 0.26125 0.4208059981255858 0.0525 0.033739456419868794
0 0.279375 0.46157450796626054 0.04875 0.030927835051546393
0 0.26 0.3828491096532334 0.05 0.04029990627928772
0 0.35125 0.604967197750703 0.0625 0.05716963448922212
0 0.608125 0.5388940955951266 0.05375 0.033739456419868794
0 0.6145499999999999 0.004236176194939081 0.039425 0.008472352389878162
0 0.339775 0.7068228678537957 0.015625 0.009943767572633551
0 0.10758749999999999 0.8030178069353328 0.030287500000000002 0.033055295220243676
0 0.9932500000000001 0.5418744142455482 0.013500000000000002 0.023898781630740395