0 0.874375 0.31162136832239923 0.15375 0.12277413308341144
0 0.34 0.11152764761012184 0.085 0.07310215557638237
0 0.0475 0.11808809746954077 0.095 0.1218369259606373
0 0.17125 0.14526710402999063 0.0825 0.07310215557638237
0 0.30875 0.7244611059044048 0.0875 0.09184629803186505
0 0.206875 0.35660731021555764 0.10625 0.05716963448922212
1 0.863125 0.6040299906279287 0.14875 0.1415182755388941
1 0.882825 0.503842549203374 0.18815 0.11920337394564198
0 0.520625 0.29568884723523897 0.05625 0.05716963448922212
0 0.57125 0.11949390815370196 0.2025 0.22774133083411435
0 0.23 0.22399250234301782 0.065 0.05998125585754452
0 0.115 0.4343955014058107 0.065 0.04592314901593252
0 0.43125 0.7375820056232427 0.0475 0.056232427366447985
1 0.513125 0.4329896907216495 0.18875 0.1330834114339269
0 0.536875 0.4240862230552952 0.06875 0.06091846298031865
0 0.79875 0.12277413308341144 0.0325 0.09746954076850985
1 0.881875 0.5014058106841612 0.18625 0.11808809746954077
1 0.211875 0.5051546391752577 0.23625 0.1330834114339269
0 0.415625 0.604967197750703 0.04375 0.04592314901593252
1 0.45965000000000006 0.8059231490159324 0.0381 0.11553889409559513
1 0.051075 0.31272727272727274 0.1021625 0.09063730084348641
0 0.021875 0.19400187441424555 0.04375 0.028116213683223992
1 0.323525 0.7741611996251171 0.18375 0.16776007497656983
0 0.89375 0.8894095595126523 0.03 0.016869728209934397
0 0.74125 0.8669165885660731 0.0325 0.01499531396438613
0 0.93375 0.7343017806935332 0.025 0.014058106841611996
0 0.820625 0.8861293345829429 0.03375 0.015932521087160263
0 0.504125 0.7312746016869728 0.01925 0.029053420805998126
0 0.505625 0.6279287722586692 0.02375 0.020618556701030927
0 0.933125 0.8041237113402062 0.03625 0.020618556701030927
0 0.486875 0.6738519212746017 0.01625 0.016869728209934397
0 0.465 0.5965323336457357 0.0225 0.023430178069353328
0 0.7675 0.7553889409559512 0.0325 0.01874414245548266
0 0.8592375 0.7910309278350515 0.0240375 0.01681349578256795
0 0.006875 0.7797563261480788 0.01375 0.01874414245548266
0 0.234375 0.5042174320524836 0.03625 0.01874414245548266
0 0.99375 0.9025304592314901 0.01 0.016869728209934397
0 0.7825 0.7656982193064668 0.0275 0.02436738519212746
0 0.504375 0.8495782567947516 0.01375 0.010309278350515464
0 0.8466750000000001 0.7832052483598875 0.0308125 0.01751640112464855
0 0.5271875 0.7715370196813496 0.0219625 0.016532333645735708
0 0.511625 0.7898406747891283 0.017687500000000002 0.013758200562324274
0 0.5176124999999999 0.6919775070290535 0.018825 0.01973758200562324
0 0.4257875 0.8165135895032802 0.013387500000000002 0.011387066541705718
0 0.47676250000000003 0.8865417057169634 0.0142375 0.009259606373008435
0 0.5276124999999999 0.9170477975632615 0.011375 0.011630740393626991
0 0.4147875 0.8867572633552014 0.01425 0.010543580131208997
0 0.3919375 0.9034582942830366 0.018875 0.024686035613870665
0 0.978575 0.7025866916588566 0.0428625 0.03104967197750703
0 0.5056499999999999 0.48604498594189316 0.0223 0.012483598875351453
0 0.7629250000000001 0.39029990627928773 0.0222375 0.01671040299906279