0 0.4275 0.34976525821596244 0.0975 0.1107981220657277
0 0.82875 0.6929577464788732 0.13625 0.10140845070422536
0 0.605 0.6183098591549295 0.18375 0.08732394366197183
0 0.426875 0.6262910798122066 0.15625 0.10892018779342723
0 0.515 0.5192488262910798 0.1975 0.10704225352112676
0 0.719375 0.4220657276995305 0.06125 0.0431924882629108
0 0.31 0.7093896713615023 0.11125 0.06103286384976526
0 0.381875 0.284037558685446 0.0575 0.04037558685446009
0 0.279375 0.5530516431924882 0.07875 0.07981220657276995
0 0.600625 0.43427230046948356 0.04625 0.03568075117370892
0 0.31125 0.7671361502347418 0.09875 0.048826291079812206
0 0.356875 0.8093896713615023 0.065 0.04507042253521127
0 0.878125 0.503755868544601 0.0925 0.030985915492957747
0 0.91125 0.8629107981220657 0.0725 0.05070422535211268
0 0.7975 0.5769953051643193 0.08125 0.03474178403755868
0 0.1825 0.8338028169014085 0.035 0.03380281690140845
0 0.33125 0.8605633802816901 0.035 0.03286384976525822
0 0.794375 0.6201877934272301 0.05375 0.03568075117370892
0 0.16125 0.5023474178403756 0.05625 0.03474178403755868
0 0.154375 0.4582159624413146 0.115 0.07511737089201878
0 0.174375 0.4413145539906103 0.05875 0.04225352112676056
0 0.01 0.7525821596244131 0.02 0.05539906103286385
0 0.925625 0.747887323943662 0.04375 0.03568075117370892
0 0.044375 0.31220657276995306 0.0375 0.03568075117370892
0 0.63875 0.5647887323943662 0.11 0.07511737089201878
0 0.02875 0.42065727699530514 0.045 0.046948356807511735
0 0.091875 0.5389671361502347 0.0525 0.06666666666666667
0 0.355 0.576056338028169 0.13125 0.09483568075117371
0 0.710625 0.4849765258215962 0.04625 0.03380281690140845
0 0.718125 0.7544600938967136 0.04125 0.036619718309859155
0 0.11875 0.5422535211267606 0.0325 0.046009389671361506
0 0.1025 0.7225352112676057 0.05125 0.038497652582159626
0 0.795 0.8469483568075117 0.04125 0.03755868544600939
0 0.059375 0.5732394366197183 0.0525 0.06009389671361502
0 0.5675 0.4962441314553991 0.15375 0.10610328638497653
0 0.748125 0.5178403755868545 0.06625 0.022535211267605635
0 0.053125 0.607981220657277 0.105 0.08826291079812207
0 0.200625 0.5859154929577465 0.045 0.04131455399061033
0 0.42375 0.6868544600938967 0.05375 0.07793427230046948
0 0.573125 0.6981220657276995 0.07125 0.02910798122065728
0 0.633125 0.5488262910798122 0.0375 0.03286384976525822
0 0.1375 0.6408450704225352 0.03375 0.04225352112676056
0 0.31 0.8323943661971831 0.01625 0.015023474178403756
0 0.445 0.6901408450704225 0.02 0.016901408450704224
0 0.37875 0.8544600938967136 0.02375 0.016901408450704224
0 0.380625 0.8427230046948356 0.0125 0.011267605633802818
0 0.075 0.3464788732394366 0.035 0.02629107981220657
0 0.10625 0.35070422535211265 0.03625 0.02535211267605634
0 0.11375 0.3276995305164319 0.035 0.023474178403755867
0 0.093125 0.307981220657277 0.03625 0.027230046948356807
0 0.193125 0.568075117370892 0.025 0.01784037558685446
0 0.78625 0.3117370892018779 0.03875 0.028169014084507043
0 0.110625 0.26948356807511736 0.03625 0.02535211267605634
0 0.039375 0.2676056338028169 0.01125 0.027230046948356807
0 0.68625 0.7779342723004695 0.035 0.013145539906103286
0 0.65375 0.7694835680751174 0.03625 0.015023474178403756
0 0.66875 0.7657276995305164 0.06875 0.023474178403755867
0 0.56125 0.7061032863849765 0.03125 0.010328638497652582
0 0.414375 0.8342723004694835 0.0425 0.01784037558685446
0 0.4575 0.8173708920187793 0.085 0.0676056338028169
0 0.49 0.7990610328638498 0.01875 0.013145539906103286
0 0.06875 0.8136150234741784 0.03375 0.03004694835680751
0 0.0375 0.7023474178403756 0.03375 0.02910798122065728
0 0.264375 0.6145539906103287 0.12625 0.11924882629107982
0 0.278125 0.6502347417840375 0.0175 0.014084507042253521
0 0.239375 0.5953051643192488 0.01625 0.014084507042253521
0 0.22625 0.5497652582159624 0.0175 0.013145539906103286
0 0.2775 0.5338028169014084 0.01 0.011267605633802818
0 0.3875 0.5427230046948357 0.01625 0.009389671361502348
0 0.390625 0.5103286384976525 0.0125 0.011267605633802818
0 0.4425 0.5582159624413146 0.02 0.015023474178403756
0 0.4875 0.5446009389671361 0.035 0.018779342723004695
0 0.749375 0.5051643192488263 0.06625 0.014084507042253521
0 0.883125 0.515962441314554 0.01875 0.004694835680751174
0 0.63375 0.33098591549295775 0.015 0.008450704225352112
0 0.323125 0.4267605633802817 0.03875 0.03474178403755868
0 0.274375 0.431924882629108 0.0425 0.02629107981220657
0 0.305 0.43661971830985913 0.00625 0.005633802816901409
0 0.300625 0.43333333333333335 0.02875 0.06948356807511737
1 0.00625 0.5352112676056338 0.0125 0.03568075117370892
0 0.995625 0.5154929577464789 0.00875 0.016901408450704224
0 0.558125 0.4737089201877934 0.01375 0.010328638497652582
0 0.4775 0.49107981220657276 0.01375 0.010328638497652582
0 0.39875 0.34225352112676055 0.00875 0.007511737089201878
0 0.325625 0.6967136150234742 0.01625 0.012206572769953052