0 0.428125 0.8514526710402999 0.02625 0.01780693533270853
0 0.501875 0.774601686972821 0.04875 0.019681349578256794
0 0.885625 0.3191190253045923 0.04125 0.02717900656044986
0 0.955625 0.3669165885660731 0.04625 0.02717900656044986
0 0.981875 0.4732895970009372 0.03625 0.026241799437675725
0 0.946875 0.34817244611059045 0.03125 0.023430178069353328
0 0.919375 0.3280224929709466 0.0375 0.02436738519212746
0 0.544375 0.520618556701031 0.03 0.02436738519212746
0 0.475625 0.47282099343955014 0.03375 0.023430178069353328
0 0.28 0.6504217432052484 0.0375 0.01780693533270853
0 0.33125 0.5060918462980318 0.02125 0.019681349578256794
0 0.029375 0.633552014995314 0.01875 0.033739456419868794
0 0.79125 0.2839737582005623 0.0375 0.020618556701030927
0 0.774375 0.2155576382380506 0.0375 0.01874414245548266
1 0.8375 0.5768509840674789 0.29625 0.14995313964386128
0 0.04125 0.2900656044985942 0.0825 0.07778819119025304
1 0.609375 0.5182755388940956 0.31375 0.22586691658856609
1 0.204375 0.39737582005623245 0.3625 0.17057169634489222
0 0.909375 0.4311152764761012 0.04375 0.046860356138706656
0 0.23875 0.8345829428303655 0.0325 0.016869728209934397
0 0.370625 0.8636363636363636 0.0225 0.01499531396438613
0 0.31375 0.8744142455482662 0.03 0.015932521087160263
0 0.22 0.8940955951265229 0.03 0.01499531396438613
0 0.15875 0.9076850984067479 0.02125 0.011246485473289597
0 0.10125 0.9194001874414246 0.02125 0.01218369259606373
0 0.23125 0.48641049671977504 0.03625 0.033739456419868794
0 0.2125 0.25538894095595127 0.09875 0.06654170571696345
0 0.9525 0.450796626054358 0.06 0.04498594189315839
0 0.905625 0.39550140581068416 0.0425 0.02530459231490159
0 0.93125 0.3809746954076851 0.04375 0.02436738519212746
0 0.946875 0.3289597000937207 0.02875 0.02530459231490159
0 0.83125 0.2900656044985942 0.0525 0.026241799437675725
0 0.764375 0.23008434864104968 0.02375 0.013120899718837863
0 0.77875 0.2422680412371134 0.03125 0.016869728209934397
0 0.7675 0.25585754451733833 0.02875 0.014058106841611996
0 0.775 0.26991565135895035 0.0175 0.01874414245548266
1 0.388125 0.41611996251171507 0.3125 0.15745079662605435
0 0.53125 0.7736644798500468 0.03125 0.008434864104967198
0 0.52 0.7811621368322399 0.01875 0.007497656982193065
0 0.690625 0.7399250234301781 0.02625 0.007497656982193065