0 0.0725 0.34536082474226804 0.0225 0.01874414245548266
0 0.14875 0.4208059981255858 0.02375 0.03655107778819119
0 0.618125 0.8294283036551078 0.03375 0.02999062792877226
0 0.53625 0.8655107778819119 0.035 0.033739456419868794
0 0.3925 0.8547328959700093 0.0325 0.029053420805998126
0 0.563125 0.8645735707591378 0.03125 0.023430178069353328
0 0.596875 0.8509840674789129 0.03125 0.02717900656044986
0 0.460625 0.5257731958762887 0.03125 0.02155576382380506
0 0.541875 0.4906279287722587 0.03 0.02436738519212746
0 0.3725 0.2985004686035614 0.02125 0.02717900656044986
0 0.54125 0.37722586691658855 0.02625 0.01499531396438613
0 0.4675 0.12371134020618557 0.045 0.01218369259606373
0 0.690625 0.7717900656044986 0.02625 0.02717900656044986
0 0.783125 0.7802249297094658 0.0225 0.028116213683223992
1 0.30375 0.7193064667291471 0.1875 0.21743205248359887
0 0.91 0.21274601686972822 0.09875 0.10028116213683223
1 0.444375 0.5731021555763823 0.28875 0.2268041237113402
1 0.7175 0.3181818181818182 0.21125 0.26710402999062793
0 0.468125 0.8139643861293346 0.06125 0.02999062792877226
0 0.15 0.21462043111527648 0.02125 0.02436738519212746
0 0.074375 0.30084348641049674 0.01875 0.015932521087160263
0 0.076875 0.2572633552014995 0.02 0.02155576382380506
0 0.079375 0.18416119962511715 0.01875 0.02155576382380506
0 0.08 0.1358950328022493 0.015 0.01499531396438613
0 0.08125 0.09137769447047797 0.015 0.015932521087160263
0 0.595625 0.31162136832239923 0.04375 0.026241799437675725
0 0.89625 0.3655107778819119 0.085 0.07216494845360824
0 0.430625 0.8388003748828491 0.0575 0.044048734770384255
0 0.515 0.8214620431115276 0.0325 0.030927835051546393
0 0.525625 0.8439550140581068 0.03125 0.031865042174320526
0 0.5875 0.8701968134957826 0.0325 0.020618556701030927
0 0.670625 0.7989690721649485 0.03375 0.038425492033739454
0 0.766875 0.7685098406747891 0.01625 0.016869728209934397
0 0.746875 0.7755388940955952 0.02125 0.023430178069353328
0 0.733125 0.7633552014995314 0.0175 0.020618556701030927
0 0.713125 0.7647610121836926 0.02375 0.01218369259606373
1 0.639375 0.4442361761949391 0.19625 0.2296157450796626
0 0.141875 0.4423617619493908 0.01 0.023430178069353328
0 0.135625 0.4320524835988753 0.01 0.014058106841611996
0 0.138125 0.5665417057169635 0.00875 0.019681349578256794