0 0.09625 0.14432989690721648 0.035 0.022492970946579195
0 0.220625 0.15229615745079664 0.0325 0.01780693533270853
0 0.61375 0.2872539831302718 0.025 0.03561387066541706
0 0.704375 0.30318650421743204 0.015 0.013120899718837863
0 0.686875 0.20852858481724462 0.02 0.01874414245548266
0 0.193125 0.5759137769447048 0.015 0.013120899718837863
0 0.236875 0.4700093720712277 0.015 0.013120899718837863
0 0.1625 0.5918462980318651 0.0125 0.00937207122774133
0 0.596875 0.35098406747891286 0.0275 0.02717900656044986
0 0.656875 0.6251171508903468 0.015 0.013120899718837863
0 0.7025 0.3486410496719775 0.03375 0.020618556701030927
0 0.025625 0.8153701968134958 0.01 0.020618556701030927
0 0.85125 0.7122774133083412 0.01625 0.013120899718837863
0 0.719375 0.6916588566073102 0.01625 0.01218369259606373
0 0.709375 0.7830365510777882 0.015 0.01218369259606373
0 0.97375 0.7830365510777882 0.01625 0.01218369259606373
0 0.91 0.35332708528584816 0.10375 0.06935332708528585
0 0.930625 0.4353327085285848 0.1075 0.08528584817244611
0 0.38875 0.6771321462043112 0.08875 0.08434864104967198
1 0.08375 0.36082474226804123 0.1675 0.14432989690721648
0 0.693125 0.5299906279287723 0.13875 0.06654170571696345
0 0.2975 0.5965323336457357 0.0825 0.07778819119025304
0 0.238125 0.7127460168697282 0.0825 0.07778819119025304
0 0.291875 0.8041237113402062 0.085 0.08434864104967198
0 0.660625 0.577788191190253 0.11375 0.06279287722586692
0 0.876875 0.13917525773195877 0.06 0.046860356138706656
0 0.426875 0.823805060918463 0.0425 0.03280224929709466
0 0.110625 0.5440487347703843 0.03375 0.04217432052483599
0 0.954375 0.15651358950328023 0.045 0.03467666354264293
0 0.9225 0.5159325210871603 0.04875 0.041237113402061855
1 0.035 0.48078725398313027 0.07 0.1387066541705717
0 0.445625 0.3252108716026242 0.1475 0.10309278350515463
0 0.80625 0.18181818181818182 0.01375 0.010309278350515464
0 0.57875 0.09653233364573571 0.00875 0.006560449859418931
0 0.46 0.11574507966260543 0.01625 0.007497656982193065
0 0.330625 0.13495782567947517 0.02875 0.02155576382380506
0 0.203125 0.612464854732896 0.015 0.014058106841611996
0 0.841875 0.4475164011246485 0.02 0.01499531396438613
0 0.828125 0.44798500468603564 0.01125 0.008434864104967198
0 0.766875 0.5398313027179007 0.01625 0.011246485473289597
0 0.77375 0.5342080599812559 0.0275 0.01218369259606373
0 0.54375 0.5449859418931584 0.01625 0.01780693533270853
0 0.55125 0.5581068416119962 0.02 0.01874414245548266
0 0.8875 0.634020618556701 0.015 0.013120899718837863
0 0.8475 0.7685098406747891 0.015 0.01499531396438613
0 0.84625 0.7989690721649485 0.01625 0.013120899718837863