0 0.749375 0.2928772258669166 0.025 0.01218369259606373
0 0.941875 0.457825679475164 0.025 0.022492970946579195
0 0.771875 0.48406747891283974 0.03375 0.01499531396438613
0 0.841875 0.5731021555763823 0.02375 0.022492970946579195
0 0.918125 0.394095595126523 0.0175 0.022492970946579195
0 0.745625 0.3922211808809747 0.0225 0.01218369259606373
0 0.774375 0.6522961574507966 0.0225 0.02155576382380506
0 0.7925 0.7375820056232427 0.02 0.015932521087160263
0 0.774375 0.788191190253046 0.0125 0.01499531396438613
0 0.361875 0.30880974695407687 0.01625 0.01499531396438613
0 0.346875 0.25960637300843487 0.01875 0.019681349578256794
0 0.460625 0.2839737582005623 0.035 0.016869728209934397
0 0.55125 0.3055295220243674 0.025 0.01499531396438613
0 0.69375 0.5960637300843487 0.02375 0.022492970946579195
0 0.299375 0.38706654170571697 0.015 0.01780693533270853
0 0.481875 0.4133083411433927 0.015 0.01780693533270853
0 0.286875 0.5388940955951266 0.0175 0.015932521087160263
0 0.491875 0.507029053420806 0.0125 0.014058106841611996
0 0.44875 0.3898781630740394 0.01625 0.01499531396438613
0 0.54625 0.5224929709465792 0.03 0.014058106841611996
0 0.34125 0.7164948453608248 0.03375 0.026241799437675725
0 0.65375 0.8111527647610122 0.02625 0.007497656982193065
0 0.318125 0.7333645735707591 0.035 0.02717900656044986
0 0.563125 0.7155576382380506 0.025 0.00937207122774133
0 0.436875 0.7399250234301781 0.01375 0.00937207122774133
0 0.23875 0.35660731021555764 0.0175 0.01780693533270853
0 0.150625 0.3598875351452671 0.01625 0.014058106841611996
0 0.026875 0.12230552952202436 0.03 0.006560449859418931
0 0.13875 0.3486410496719775 0.01875 0.014058106841611996
0 0.120625 0.4526710402999063 0.015 0.016869728209934397
0 0.14375 0.5346766635426429 0.02 0.020618556701030927
0 0.014375 0.5946579194001874 0.02 0.013120899718837863
0 0.10625 0.5112464854732895 0.0225 0.019681349578256794
0 0.003125 0.5576382380506092 0.00625 0.01874414245548266
0 0.23625 0.4817244611059044 0.0175 0.016869728209934397
0 0.273125 0.46485473289597 0.01375 0.014058106841611996
0 0.226875 0.8041237113402062 0.0325 0.02717900656044986
0 0.15125 0.6658856607310215 0.01625 0.011246485473289597
0 0.2225 0.7024367385192127 0.01625 0.00937207122774133
0 0.178125 0.725398313027179 0.015 0.00937207122774133
0 0.24875 0.6841611996251171 0.015 0.011246485473289597
0 0.08125 0.7347703842549204 0.015 0.010309278350515464
0 0.40125 0.7872539831302718 0.08375 0.059044048734770385
0 0.299375 0.6265229615745079 0.055 0.056232427366447985
0 0.524375 0.6499531396438613 0.16375 0.053420805998125584
0 0.33875 0.6068416119962512 0.06 0.05529522024367385
0 0.885 0.528584817244611 0.02375 0.03936269915651359
0 0.3975 0.563261480787254 0.06125 0.09372071227741331
0 0.34125 0.5182755388940956 0.03875 0.056232427366447985
0 0.36 0.5290534208059982 0.02625 0.05998125585754452
0 0.64 0.506560449859419 0.015 0.01499531396438613
0 0.655625 0.4906279287722587 0.015 0.01499531396438613
0 0.714375 0.4062792877225867 0.0125 0.013120899718837863
0 0.774375 0.4906279287722587 0.03125 0.01499531396438613
0 0.7275 0.32239925023430177 0.025 0.00937207122774133
0 0.726875 0.3139643861293346 0.02375 0.01499531396438613
0 0.751875 0.30178069353327086 0.0225 0.011246485473289597
0 0.85125 0.2492970946579194 0.0125 0.014058106841611996
0 0.915625 0.373477038425492 0.01375 0.010309278350515464
0 0.896875 0.5262417994376757 0.02 0.031865042174320526
0 0.78125 0.7877225866916588 0.0125 0.01499531396438613
0 0.654375 0.8177132146204311 0.02375 0.006560449859418931
0 0.434375 0.42736644798500467 0.0125 0.01499531396438613
0 0.42875 0.44611059044048734 0.0625 0.023430178069353328
0 0.40625 0.443767572633552 0.06375 0.026241799437675725
0 0.549375 0.528116213683224 0.02875 0.01499531396438613
0 0.54125 0.31724461105904406 0.045 0.020618556701030927
0 0.45875 0.2760074976569822 0.03125 0.014058106841611996
0 0.446875 0.21415182755388942 0.06 0.08809746954076851
0 0.460625 0.20665417057169636 0.06 0.08809746954076851
0 0.495 0.2872539831302718 0.04875 0.07966260543580131
0 0.490625 0.23945641986879102 0.08625 0.16588566073102157
0 0.651875 0.20665417057169636 0.01875 0.011246485473289597
0 0.3375 0.32567947516401125 0.0125 0.013120899718837863