0 0.079375 0.407981220657277 0.14875 0.09953051643192488
0 0.63375 0.42769953051643195 0.13625 0.10046948356807511
0 0.646875 0.4990610328638498 0.13125 0.09295774647887324
0 0.27625 0.46338028169014084 0.14 0.09859154929577464
0 0.270625 0.6286384976525822 0.10875 0.13145539906103287
0 0.574375 0.7948356807511737 0.10125 0.09014084507042254
1 0.503125 0.6370892018779343 0.25625 0.17652582159624414
0 0.361875 0.447887323943662 0.11125 0.14272300469483568
0 0.503125 0.739906103286385 0.0775 0.06009389671361502
0 0.44375 0.3333333333333333 0.08125 0.059154929577464786
0 0.86875 0.6957746478873239 0.12 0.046948356807511735
0 0.94875 0.41173708920187796 0.1025 0.04976525821596244
0 0.79 0.8098591549295775 0.17625 0.0676056338028169
0 0.80125 0.8685446009389671 0.11125 0.05539906103286385
1 0.50375 0.7286384976525822 0.31625 0.215962441314554
0 0.75625 0.1704225352112676 0.0775 0.07699530516431925
0 0.24375 0.8192488262910798 0.04875 0.03004694835680751
0 0.373125 0.11455399061032864 0.05 0.04507042253521127
0 0.526875 0.3455399061032864 0.04375 0.03474178403755868
0 0.9 0.6422535211267606 0.135 0.046948356807511735
0 0.303125 0.11690140845070422 0.0425 0.04507042253521127
0 0.485625 0.1835680751173709 0.0575 0.03004694835680751
0 0.815 0.4924882629107981 0.105 0.04037558685446009
0 0.979375 0.27887323943661974 0.04125 0.03004694835680751
0 0.9875 0.25586854460093894 0.025 0.02910798122065728
0 0.676875 0.2347417840375587 0.04625 0.04131455399061033
1 0.8625 0.560093896713615 0.17375 0.10140845070422536
1 0.961875 0.6056338028169014 0.05875 0.07136150234741784
0 0.06875 0.23286384976525823 0.02625 0.024413145539906103
0 0.391875 0.1624413145539906 0.03125 0.0215962441314554
0 0.873125 0.1563380281690141 0.0225 0.011267605633802818
0 0.81375 0.1676056338028169 0.03625 0.015023474178403756
0 0.3775 0.3314553990610329 0.03125 0.024413145539906103
0 0.251875 0.6953051643192488 0.035 0.02535211267605634
0 0.8825 0.492018779342723 0.0325 0.013145539906103286
0 0.821875 0.48544600938967136 0.0175 0.006572769953051643
1 0.06875 0.44741784037558685 0.1325 0.051643192488262914
1 0.463125 0.603755868544601 0.12125 0.09107981220657277
0 0.86125 0.5953051643192488 0.0575 0.0215962441314554
1 0.88625 0.5605633802816902 0.105 0.07417840375586854
1 0.86 0.4859154929577465 0.28 0.12112676056338029