0 0.36625 0.11627014581734459 0.03625 0.023023791250959325
0 0.3125 0.34036838066001535 0.03375 0.035303146584804296
0 0.448125 0.3085188027628549 0.03125 0.023023791250959325
0 0.513125 0.2544128933231005 0.0275 0.023023791250959325
0 0.12625 0.39984650805832694 0.035 0.024558710667689946
0 0.180625 0.5959324635456639 0.04 0.01918649270913277
0 0.116875 0.37106676899462776 0.045 0.02532617037605526
0 0.14375 0.4923254029163469 0.04125 0.019953952417498082
0 0.089375 0.4623944742900998 0.03625 0.024558710667689946
0 0.121875 0.577897160399079 0.035 0.017651573292402148
0 0.506875 0.514581734458941 0.0275 0.024558710667689946
0 0.456875 0.4750575594781274 0.03 0.01841903300076746
0 0.444375 0.4896392939370683 0.0275 0.014581734458940905
0 0.433125 0.4750575594781274 0.025 0.01688411358403684
0 0.94125 0.47544128933231006 0.02 0.010744435917114352
0 0.169375 0.8315425940138143 0.0225 0.013046815042210284
0 0.106875 0.760552570990023 0.02375 0.012279355333844973
0 0.389375 0.8656945510360706 0.02 0.013814274750575594
0 0.2375 0.7751343054489639 0.02 0.011511895625479662
0 0.25875 0.8495778971603991 0.02125 0.011511895625479662
0 0.258125 0.6964696853415195 0.02375 0.010744435917114352
0 0.285 0.7970069071373753 0.02 0.010744435917114352
0 0.1525 0.9071373752877974 0.025 0.013814274750575594
1 0.691875 0.37106676899462776 0.195 0.12279355333844973
1 0.85625 0.7597851112816577 0.1825 0.10744435917114352
0 0.34 0.6907137375287797 0.0825 0.056792018419033
0 0.619375 0.1557943207981581 0.0825 0.06293169608595549
1 0.773125 0.24865694551036072 0.2 0.13123561013046814
0 0.824375 0.1335379892555641 0.06 0.03376822716807368
0 0.1475 0.2705295471987721 0.075 0.03453568687643899
0 0.1675 0.6788181120491175 0.1025 0.03453568687643899
1 0.890625 0.20452801227935533 0.10875 0.07981580966999233
1 0.79 0.5667689946277821 0.1825 0.11588641596316193
0 0.239375 0.19992325402916347 0.06375 0.03453568687643899
0 0.3425 0.5533384497313891 0.04625 0.024558710667689946
1 0.66375 0.4873369148119724 0.17875 0.11895625479662318
0 0.24875 0.5341519570222564 0.04625 0.023791250959324637
0 0.48375 0.1419800460475825 0.05 0.02916346891788181
0 0.414375 0.6281657712970069 0.07125 0.024558710667689946
0 0.053125 0.6788181120491175 0.04 0.03223330775134305
0 0.77 0.5518035303146585 0.08125 0.03376822716807368
1 0.908125 0.6262471220260937 0.18375 0.18572524942440521
0 0.76875 0.2521105141980046 0.0175 0.0061396776669224865
0 0.814375 0.25364543361473524 0.02 0.0061396776669224865
0 0.26625 0.4347659247889486 0.03875 0.029930928626247123
0 0.2425 0.46508058326937834 0.04 0.02762854950115119
0 0.108125 0.8860322333077514 0.04 0.023791250959324637
0 0.024375 0.5947812739831159 0.01625 0.00920951650038373
0 0.396875 0.7382962394474291 0.02125 0.013046815042210284
0 0.713125 0.4658480429777437 0.00875 0.006907137375287797