0 0.454375 0.10859554873369148 0.03125 0.02072141212586339
0 0.350625 0.32563315425940137 0.02625 0.03269378357636224
0 0.491875 0.30583269378357636 0.02625 0.02072141212586339
0 0.56875 0.2578664620107444 0.0225 0.021488871834228703
0 0.1525 0.36876438986953186 0.03 0.022256331542594012
0 0.161875 0.5675364543361473 0.03625 0.016116653875671526
0 0.15 0.33974673829623947 0.04 0.021964696853415195
0 0.14875 0.4620107444359171 0.0375 0.01688411358403684
0 0.10212500000000001 0.4278587874136608 0.0317625 0.022256331542594012
0 0.108125 0.5448963929393706 0.03125 0.015349194167306216
0 0.006875 0.3273138910207214 0.01375 0.02841135840368381
0 0.50375 0.5149654643131235 0.0225 0.023023791250959325
0 0.463125 0.4716039907904835 0.02625 0.016116653875671526
0 0.4475 0.48503453568687643 0.025 0.012279355333844973
0 0.439375 0.4696853415195702 0.02125 0.015349194167306216
0 0.9425 0.513430544896393 0.0175 0.00920951650038373
0 0.0975 0.8000767459708366 0.02 0.011511895625479662
0 0.051875 0.7244819646968534 0.02125 0.010744435917114352
0 0.3075 0.8526477359938603 0.0175 0.012279355333844973
0 0.1775 0.7501918649270913 0.0175 0.009976976208749041
0 0.181875 0.8254029163468918 0.01875 0.009976976208749041
0 0.21625 0.6738296239447429 0.0225 0.00920951650038373
0 0.22 0.7759017651573292 0.0175 0.00920951650038373
0 0.06375 0.8733691481197237 0.0225 0.012279355333844973
1 0.7195625 0.38877973906369917 0.1725 0.10871066768994628
1 0.7937875 0.7877590176515733 0.16242499999999999 0.09431312356101305
0 0.298125 0.6749808135072909 0.07125 0.051419800460475826
0 0.69625 0.16922486569455103 0.07 0.05755947812739831
1 0.8271999999999999 0.2742133537989256 0.175 0.11719109746738296
0 0.904375 0.16500383729854182 0.05375 0.02916346891788181
0 0.203125 0.24251726784343822 0.06875 0.02916346891788181
0 0.13 0.6485034535686877 0.0975 0.026093630084420567
1 0.95375 0.24059861857252493 0.0925 0.07290867229470453
1 0.771875 0.5909439754412893 0.16125 0.10283960092095165
0 0.31 0.1807367613200307 0.0575 0.029930928626247123
0 0.331875 0.5395241749808135 0.04125 0.021488871834228703
1 0.6651874999999999 0.5013814274750575 0.155975 0.10682271680736762
0 0.24375 0.5122793553338449 0.0425 0.02072141212586339
0 0.565 0.14389869531849578 0.045 0.02532617037605526
0 0.38625 0.6197237145049885 0.0675 0.01918649270913277
0 0.017124999999999998 0.6389025326170377 0.0342625 0.02994627782041443
0 0.755775 0.5745203376822717 0.0758125 0.02787413660782809
0 0.0325 0.11089792785878741 0.0425 0.04067536454336147
1 0.9011374999999999 0.6620414428242517 0.1977375 0.17019186492709132
0 0.9848 0.6532156561780507 0.0092 0.008848810437452033
0 0.822325 0.2775364543361474 0.0158 0.00478894858019954
0 0.8669625000000001 0.28266308518802763 0.018875 0.00478894858019954
0 0.01895 0.12108979278587874 0.0307875 0.02515732924021489
0 0.283225 0.41575594781273983 0.0325125 0.02761320030698388
0 0.2533125 0.44356868764389873 0.03515 0.02491174213353799
0 0.02445 0.848672294704528 0.0365125 0.020867229470452803
0 0.0073 0.5533231005372218 0.014525 0.007336914811972372
0 0.34345 0.7271066768994627 0.0191375 0.01133537989255564
0 0.9841249999999999 0.8647889485801995 0.03175 0.034397544128933234
0 0.7188875 0.4844512663085188 0.0074875 0.006385264773599387