0 0.236875 0.612432847275518 0.05625 0.019953952417498082
0 0.186875 0.5287797390636991 0.03625 0.01841903300076746
0 0.1 0.487720644666155 0.0375 0.016116653875671526
0 0.33 0.7279355333844973 0.04 0.02072141212586339
0 0.650625 0.6980046047582502 0.03 0.023791250959324637
0 0.283125 0.7329240214888718 0.04125 0.02686108979278588
0 0.48125 0.7187260168841136 0.03125 0.024558710667689946
0 0.431875 0.7513430544896393 0.04 0.021488871834228703
0 0.620625 0.7333077513430545 0.02875 0.02072141212586339
0 0.28125 0.8215656178050652 0.0475 0.011511895625479662
0 0.52375 0.4957789716039908 0.04 0.01688411358403684
0 0.45875 0.5260936300844206 0.02875 0.017651573292402148
0 0.4825 0.5337682271680737 0.0225 0.01688411358403684
0 0.458125 0.5406753645433615 0.0275 0.014581734458940905
0 0.4675 0.22870299309286263 0.0175 0.011511895625479662
0 0.9175 0.7455871066768994 0.02 0.014581734458940905
0 0.94375 0.6661550268610897 0.01875 0.011511895625479662
0 0.815625 0.6515732924021489 0.0175 0.014581734458940905
0 0.98 0.6369915579432079 0.0175 0.011511895625479662
1 0.293125 0.37989255564082886 0.1975 0.11818879508825787
1 0.90625 0.2874136607828089 0.1275 0.10744435917114352
0 0.8075 0.6016884113584037 0.09125 0.0498848810437452
1 0.100625 0.32770529547198773 0.20125 0.12125863392171911
0 0.12 0.7122026093630084 0.055 0.04528012279355334
0 0.785 0.7072141212586339 0.05375 0.06293169608595549
1 0.045 0.25518035303146586 0.09 0.06523407521105141
1 0.61375 0.3231005372217959 0.18625 0.11051419800460476
0 0.584375 0.5974673829623944 0.04 0.02762854950115119
1 0.4825 0.3990790483499616 0.19125 0.10821181887950883
0 0.55125 0.6546431312356101 0.03875 0.0283960092095165
0 0.7075 0.5548733691481197 0.03875 0.043745203376822715
0 0.78375 0.7774366845740599 0.0525 0.024558710667689946
0 0.589375 0.33499616270145816 0.05375 0.0498848810437452
1 0.713125 0.2356101304681504 0.3 0.14121258633921718
0 0.688125 0.18572524942440521 0.01625 0.0061396776669224865
0 0.100625 0.33077513430544897 0.01 0.010744435917114352
0 0.104375 0.3027628549501151 0.01 0.012279355333844973
0 0.39 0.6423637759017652 0.04875 0.023023791250959325
0 0.43875 0.6573292402148887 0.04375 0.024558710667689946
0 0.64625 0.7935533384497314 0.01375 0.009976976208749041
0 0.88625 0.5675364543361473 0.02125 0.013046815042210284
0 0.448125 0.36876438986953186 0.01125 0.005372217958557176