0 0.809375 0.7094657919400188 0.10125 0.07310215557638237
0 0.60125 0.6846298031865042 0.17625 0.1105904404873477
0 0.29 0.45407685098406747 0.1725 0.08528584817244611
0 0.625625 0.3673851921274602 0.1125 0.05154639175257732
0 0.429375 0.598875351452671 0.1625 0.10028116213683223
0 0.405 0.7853795688847235 0.10875 0.07872539831302718
0 0.08375 0.16307403936269915 0.05 0.030927835051546393
0 0.603125 0.8472352389878163 0.1775 0.06747891283973759
0 0.28375 0.15182755388940955 0.10625 0.03936269915651359
0 0.129375 0.17572633552014996 0.05125 0.02999062792877226
0 0.1925 0.19540768509840675 0.05 0.03655107778819119
0 0.188125 0.5393626991565136 0.07375 0.07216494845360824
0 0.2425 0.5459231490159325 0.095 0.053420805998125584
0 0.3375 0.24695407685098406 0.04875 0.03936269915651359
0 0.524375 0.23289597000937207 0.08375 0.028116213683223992
0 0.134375 0.4639175257731959 0.04125 0.06466729147141519
0 0.465625 0.8589503280224929 0.09125 0.031865042174320526
0 0.755625 0.3331771321462043 0.025 0.022492970946579195
0 0.775625 0.30740393626991563 0.02125 0.014058106841611996
0 0.754375 0.3158388003748828 0.0225 0.015932521087160263
0 0.775 0.27928772258669166 0.02125 0.01499531396438613
0 0.69 0.2155576382380506 0.03 0.019681349578256794
0 0.438125 0.3191190253045923 0.03125 0.02155576382380506
0 0.3925 0.28116213683223995 0.03 0.02436738519212746
0 0.348125 0.19306466729147143 0.02625 0.01874414245548266
0 0.34 0.14901593252108716 0.02875 0.01874414245548266
0 0.310625 0.2582005623242737 0.03 0.022492970946579195
0 0.60875 0.1668228678537957 0.03625 0.01874414245548266
0 0.508125 0.36597938144329895 0.03625 0.020618556701030927
0 0.666875 0.17853795688847235 0.02625 0.020618556701030927
0 0.648125 0.14245548266166824 0.03625 0.02530459231490159
0 0.638125 0.22586691658856609 0.0275 0.02155576382380506
0 0.575625 0.2380506091846298 0.0325 0.022492970946579195
0 0.580625 0.17291471415182755 0.025 0.014058106841611996
0 0.38125 0.24273664479850046 0.0225 0.014058106841611996
0 0.41 0.34114339268978444 0.0225 0.016869728209934397
0 0.4675 0.3683223992502343 0.02125 0.01780693533270853
0 0.371875 0.29756326148078727 0.02375 0.016869728209934397
0 0.66875 0.24976569821930647 0.01375 0.007497656982193065
0 0.395 0.12371134020618557 0.03375 0.007497656982193065
0 0.660625 0.25538894095595127 0.01875 0.011246485473289597
0 0.52375 0.21368322399250234 0.03 0.02155576382380506
0 0.555625 0.12933458294283037 0.0375 0.006560449859418931
0 0.45625 0.45735707591377694 0.02625 0.01874414245548266
0 0.5 0.41799437675726336 0.03125 0.022492970946579195
0 0.470625 0.41705716963448924 0.0225 0.015932521087160263
0 0.64625 0.3983130271790066 0.0375 0.019681349578256794
0 0.4275 0.4568884723523899 0.01625 0.010309278350515464
0 0.619375 0.4175257731958763 0.0225 0.015932521087160263
0 0.3925 0.48266166822867856 0.02 0.01780693533270853
0 0.6625 0.4044048734770384 0.01625 0.011246485473289597
0 0.2725 0.8552014995313965 0.0275 0.02155576382380506
0 0.035625 0.14386129334582942 0.02375 0.026241799437675725
0 0.263125 0.23055295220243674 0.03125 0.02155576382380506
0 0.0325 0.1148078725398313 0.01375 0.01780693533270853
0 0.05125 0.19634489222118087 0.01375 0.010309278350515464
0 0.02125 0.22914714151827553 0.0075 0.00937207122774133
0 0.265 0.13261480787253982 0.0275 0.00937207122774133
0 0.266875 0.25023430178069356 0.0125 0.010309278350515464
0 0.27625 0.2530459231490159 0.015 0.008434864104967198
0 0.129375 0.3631677600749766 0.0175 0.00937207122774133
0 0.194375 0.38753514526710403 0.01875 0.01218369259606373
0 0.039375 0.8284910965323337 0.0125 0.00937207122774133
0 0.0075 0.8477038425492034 0.015 0.014058106841611996
0 0.0525 0.845360824742268 0.01375 0.007497656982193065
0 0.0375 0.8444236176194939 0.01 0.006560449859418931
0 0.140625 0.788191190253046 0.00875 0.011246485473289597
0 0.189375 0.5998125585754451 0.085 0.061855670103092786
0 0.216875 0.4967197750702905 0.01625 0.011246485473289597
0 0.319375 0.15042174320524837 0.03125 0.016869728209934397
0 0.610625 0.42924086223055297 0.0125 0.011246485473289597
0 0.315 0.619493908153702 0.01625 0.013120899718837863
1 0.2575 0.12089971883786317 0.03 0.01218369259606373
0 0.398125 0.6935332708528584 0.01375 0.010309278350515464