0 0.7625 0.2572633552014995 0.0925 0.07216494845360824
0 0.740625 0.4147141518275539 0.13875 0.12652296157450796
0 0.45 0.6597938144329897 0.105 0.12558575445173384
0 0.316875 0.41283973758200565 0.06375 0.08153701968134958
0 0.635625 0.5477975632614808 0.12625 0.11715089034676664
0 0.885 0.556232427366448 0.1 0.07778819119025304
0 0.073125 0.8294283036551078 0.03875 0.03561387066541706
0 0.956875 0.4044048734770384 0.08125 0.1302717900656045
0 0.0475 0.6799437675726335 0.0475 0.07778819119025304
0 0.0875 0.7942830365510778 0.0375 0.03655107778819119
0 0.110625 0.7460168697282099 0.04625 0.03561387066541706
0 0.56875 0.7314901593252109 0.0925 0.05154639175257732
0 0.574375 0.6902530459231491 0.06625 0.06841611996251172
0 0.17125 0.6349578256794751 0.05 0.03467666354264293
0 0.143125 0.4957825679475164 0.03375 0.061855670103092786
0 0.47125 0.7755388940955952 0.085 0.02717900656044986
0 0.98 0.507029053420806 0.0375 0.06747891283973759
0 0.264375 0.31724461105904406 0.02875 0.01780693533270853
0 0.22875 0.3036551077788191 0.0175 0.01499531396438613
0 0.24125 0.3191190253045923 0.02 0.015932521087160263
0 0.191875 0.3055295220243674 0.01875 0.01499531396438613
0 0.11125 0.3725398313027179 0.025 0.02155576382380506
0 0.2625 0.555763823805061 0.0275 0.022492970946579195
0 0.214375 0.5918462980318651 0.03125 0.02155576382380506
0 0.099375 0.6298031865042174 0.02375 0.01874414245548266
0 0.040625 0.6382380506091846 0.02375 0.020618556701030927
0 0.188125 0.654639175257732 0.02875 0.02155576382380506
0 0.050625 0.43580131208997186 0.02375 0.026241799437675725
0 0.32097499999999995 0.5009278350515464 0.02625 0.026241799437675725
0 0.063125 0.3917525773195876 0.02625 0.01874414245548266
0 0.01625 0.4076850984067479 0.0325 0.026241799437675725
0 0.1275 0.41096532333645736 0.0275 0.019681349578256794
0 0.146875 0.4568884723523899 0.02875 0.023430178069353328
0 0.06 0.4568884723523899 0.0175 0.01780693533270853
0 0.16375 0.6021555763823805 0.0175 0.015932521087160263
0 0.293125 0.5759137769447048 0.02125 0.015932521087160263
0 0.3260125 0.5315276476101218 0.022037499999999998 0.015257731958762887
0 0.236875 0.6063730084348641 0.02125 0.016869728209934397
0 0.158125 0.3865979381443299 0.00875 0.010309278350515464
0 0.004375 0.598406747891284 0.00875 0.02530459231490159
0 0.165625 0.39268978444236174 0.01375 0.013120899718837863
0 0.1175 0.4971883786316776 0.0275 0.02155576382380506
0 0.003125 0.47794751640112465 0.00625 0.02820993439550141
0 0.445625 0.53514526710403 0.02375 0.01874414245548266
0 0.390625 0.5042174320524836 0.02875 0.022492970946579195
0 0.39125 0.5262417994376757 0.02 0.015932521087160263
0 0.35678750000000004 0.3959700093720712 0.025 0.02717900656044986
0 0.44625 0.5567010309278351 0.0125 0.011246485473289597
0 0.38375 0.4147141518275539 0.02 0.015932521087160263
0 0.4825 0.5817150890346767 0.0225 0.014498594189315839
0 0.364375 0.38331771321462044 0.01375 0.011246485473289597
0 0.985 0.6518275538894096 0.0275 0.019681349578256794
0 0.050625 0.8711340206185567 0.03375 0.02717900656044986
0 0.15375 0.6916588566073102 0.0275 0.022492970946579195
0 0.011875 0.8795688847235239 0.02375 0.029053420805998126
0 0.11875 0.851921274601687 0.0125 0.00937207122774133
0 0.165 0.8753514526710403 0.0125 0.011246485473289597
0 0.023125 0.6954076850984068 0.01125 0.020618556701030927
0 0.179375 0.6874414245548266 0.01375 0.008434864104967198
0 0.1825 0.6804123711340206 0.01 0.011246485473289597
0 0.33659999999999995 0.784639175257732 0.0117875 0.012717900656044986
0 0.36625 0.7347703842549204 0.015 0.013120899718837863
0 0.961875 0.8275538894095595 0.01125 0.00937207122774133
0 0.99 0.8584817244611059 0.0175 0.026241799437675725
0 0.9828749999999999 0.8166541705716963 0.0086625 0.010515463917525773
0 0.9831749999999999 0.8285660731021556 0.009250000000000001 0.0071883786316776005
0 0.9023749999999999 0.7537488284910965 0.014525 0.005801312089971884
0 0.6495624999999999 0.7273289597000937 0.0788875 0.060777881911902525
0 0.510925 0.712427366447985 0.0133625 0.011030927835051546
0 0.04403749999999999 0.6538519212746017 0.0213125 0.022211808809746953
0 0.40026249999999997 0.42094657919400186 0.0149625 0.008631677600749767
0 0.6685 0.6319493908153702 0.0165125 0.01098406747891284
1 0.0074125 0.701705716963449 0.014825 0.02193064667291471
0 0.7631874999999999 0.5659512652296157 0.0125625 0.009409559512652295