0 0.893125 0.29896907216494845 0.01875 0.016869728209934397
0 0.76875 0.43673851921274603 0.035 0.02436738519212746
0 0.8354250000000001 0.5344611059044049 0.03625 0.021846298031865042
0 0.8051375000000001 0.5094845360824742 0.03625 0.022492970946579195
0 0.728125 0.358950328022493 0.02375 0.022492970946579195
0 0.850625 0.4268978444236176 0.01625 0.015932521087160263
0 0.9825 0.35098406747891286 0.015 0.015932521087160263
0 0.810625 0.6668509840674789 0.03375 0.023364573570759137
1 0.513125 0.8755295220243674 0.19125 0.10835051546391752
0 0.811875 0.2614807872539831 0.08875 0.05435801312089972
0 0.89375 0.7830365510777882 0.04 0.02530459231490159
1 0.926875 0.49812558575445176 0.14625 0.1415182755388941
1 0.57375 0.5056232427366448 0.1675 0.08341143392689784
0 0.151875 0.3964386129334583 0.09875 0.08247422680412371
0 0.8775 0.7450796626054358 0.0425 0.026241799437675725
0 0.40167499999999995 0.10431115276476101 0.06483749999999999 0.04928772258669166
0 0.10375 0.4329896907216495 0.065 0.08809746954076851
0 0.7441374999999999 0.5888191190253046 0.047125 0.02487347703842549
0 0.31375 0.24414245548266167 0.07 0.06091846298031865
0 0.81125 0.6893158388003748 0.06 0.030927835051546393
0 0.6575 0.44329896907216493 0.0675 0.05435801312089972
1 0.052300000000000006 0.9085098406747891 0.1046125 0.09731958762886599
0 0.982125 0.19502343017806936 0.0357375 0.0364386129334583
0 0.856875 0.8575445173383318 0.06375 0.031865042174320526
0 0.883125 0.5885660731021556 0.04125 0.02436738519212746
0 0.6028125 0.13998125585754453 0.046875 0.02181818181818182
0 0.2643125 0.2787441424554827 0.0333 0.06265229615745078
0 0.8901375 0.6120337394564198 0.0425875 0.02415182755388941
0 0.1382125 0.8336738519212745 0.067375 0.08631677600749765
0 0.1736 0.7786316776007497 0.0274125 0.026016869728209935
0 0.9058625 0.6298875351452672 0.038 0.018837863167760076
0 0.9928374999999999 0.41350515463917525 0.014337500000000001 0.04139643861293346
0 0.9127 0.22597938144329896 0.030674999999999997 0.020815370196813496
0 0.7241124999999999 0.2119962511715089 0.0312625 0.023898781630740395
0 0.6469625000000001 0.16513589503280224 0.0324375 0.030328022492970945
0 0.4664625 0.2517713214620431 0.0148625 0.006373008434864105
0 0.47633749999999997 0.26214620431115276 0.011012500000000001 0.011302717900656045
0 0.47365 0.2784817244611059 0.009725000000000001 0.01013120899718838
0 0.47428750000000003 0.2932895970009372 0.0105 0.010890346766635426
0 0.46159999999999995 0.3035707591377695 0.0138375 0.008003748828491095
0 0.4642875 0.27772258669165883 0.01155 0.0467572633552015
0 0.23157499999999998 0.30262417994376756 0.0364 0.06270852858481724
0 0.012962499999999998 0.502858481724461 0.025924999999999997 0.027919400187441424
0 0.2172125 0.6317713214620432 0.0148625 0.009268978444236176
0 0.48829999999999996 0.5546579194001875 0.011087499999999998 0.007769447047797562
1 0.50095 0.47358013120899717 0.059000000000000004 0.051396438612933464
0 0.92925 0.3473851921274602 0.0236625 0.015688847235238987