0 0.296875 0.17760074976569823 0.025 0.016869728209934397
0 0.45875 0.2910028116213683 0.0375 0.02999062792877226
0 0.598125 0.25679475164011245 0.03375 0.02999062792877226
0 0.56 0.2755388940955951 0.035 0.02999062792877226
0 0.35 0.30880974695407687 0.03375 0.02155576382380506
0 0.45875 0.22914714151827553 0.02375 0.014058106841611996
0 0.379375 0.11949390815370196 0.02375 0.014058106841611996
0 0.768125 0.29615745079662603 0.03625 0.029053420805998126
1 0.954375 0.5435801312089972 0.09125 0.14995313964386128
0 0.234375 0.23195876288659795 0.085 0.07403936269915651
0 0.934375 0.25257731958762886 0.04 0.033739456419868794
1 0.564375 0.1836925960637301 0.20875 0.1302717900656045
1 0.51875 0.44611059044048734 0.13625 0.13683223992502344
0 0.309375 0.7417994376757263 0.12375 0.08622305529522024
0 0.881875 0.25866916588566075 0.04125 0.03561387066541706
0 0.35 0.7830365510777882 0.12625 0.061855670103092786
0 0.655625 0.3331771321462043 0.04125 0.03936269915651359
0 0.13375 0.5979381443298969 0.09125 0.06091846298031865
0 0.798125 0.29896907216494845 0.05 0.04967197750702906
0 0.45 0.3744142455482662 0.0825 0.05810684161199625
0 0.17375 0.09559512652296158 0.05375 0.03280224929709466
0 0.676875 0.23008434864104968 0.03875 0.03467666354264293
0 0.041875 0.3673851921274602 0.03625 0.038425492033739454
0 0.171875 0.6401124648547329 0.0875 0.03467666354264293
0 0.70875 0.22867853795688847 0.03875 0.03561387066541706
0 0.881875 0.8200562324273665 0.12125 0.06279287722586692
0 0.81625 0.7853795688847235 0.03875 0.02436738519212746
0 0.734375 0.2197750702905342 0.03 0.030927835051546393
0 0.463125 0.12136832239925023 0.05625 0.016869728209934397
0 0.203125 0.15182755388940955 0.0325 0.026241799437675725
0 0.155625 0.28865979381443296 0.0375 0.02717900656044986
0 0.081875 0.3388003748828491 0.045 0.029053420805998126
0 0.1675 0.485941893158388 0.01125 0.01218369259606373
0 0.1825 0.4803186504217432 0.01625 0.010309278350515464
0 0.20375 0.4845360824742268 0.015 0.00937207122774133
0 0.22375 0.48687910028116216 0.01625 0.00937207122774133
0 0.235625 0.49765698219306465 0.01375 0.011246485473289597
0 0.201875 0.4915651358950328 0.06375 0.015932521087160263
0 0.198125 0.6677600749765699 0.08875 0.03655107778819119
0 0.4275 0.8608247422680413 0.04125 0.023430178069353328
0 0.629375 0.7296157450796626 0.015 0.01218369259606373
0 0.570625 0.5173383317713215 0.01125 0.00937207122774133
1 0.465625 0.4948453608247423 0.0775 0.05154639175257732
0 0.365625 0.1579194001874414 0.025 0.019681349578256794