0 0.14954545454545454 0.06681818181818182 0.04363636363636364 0.034545454545454546
0 0.11954545454545455 0.09227272727272727 0.03909090909090909 0.038181818181818185
0 0.11272727272727273 0.13045454545454546 0.03909090909090909 0.03909090909090909
0 0.12272727272727273 0.1668181818181818 0.05272727272727273 0.03
0 0.18636363636363637 0.07772727272727273 0.03090909090909091 0.035454545454545454
0 0.15272727272727274 0.10272727272727272 0.04090909090909091 0.03272727272727273
0 0.15136363636363637 0.13545454545454547 0.04727272727272727 0.03
0 0.16590909090909092 0.1709090909090909 0.035454545454545454 0.03727272727272727
0 0.18454545454545454 0.11227272727272727 0.034545454545454546 0.031818181818181815
0 0.20045454545454544 0.14227272727272727 0.04363636363636364 0.028181818181818183
0 0.21136363636363636 0.1709090909090909 0.04909090909090909 0.038181818181818185
0 0.22590909090909092 0.07181818181818182 0.03727272727272727 0.023636363636363636
0 0.22045454545454546 0.10545454545454545 0.03272727272727273 0.03727272727272727
0 0.25727272727272726 0.10363636363636364 0.034545454545454546 0.03727272727272727
0 0.24454545454545454 0.14454545454545453 0.04181818181818182 0.03636363636363636
0 0.45545454545454545 0.056363636363636366 0.05818181818181818 0.04363636363636364
0 0.41409090909090907 0.07590909090909091 0.060909090909090906 0.04454545454545455
0 0.39590909090909093 0.1190909090909091 0.07090909090909091 0.046363636363636364
0 0.4022727272727273 0.16318181818181818 0.05181818181818182 0.05454545454545454
0 0.4690909090909091 0.10545454545454545 0.06454545454545454 0.04454545454545455
0 0.4540909090909091 0.16318181818181818 0.045454545454545456 0.06636363636363636
0 0.5040909090909091 0.16318181818181818 0.04727272727272727 0.06727272727272728
0 0.514090909090909 0.057727272727272724 0.05909090909090909 0.042727272727272725
0 0.5259090909090909 0.09954545454545455 0.05818181818181818 0.04363636363636364
0 0.55 0.1440909090909091 0.06272727272727273 0.042727272727272725
0 0.6940909090909091 0.06636363636363636 0.09272727272727273 0.06636363636363636
0 0.6995454545454546 0.12636363636363637 0.12818181818181817 0.04727272727272727
0 0.7781818181818182 0.085 0.07090909090909091 0.11090909090909092
0 0.8613636363636363 0.06272727272727273 0.10545454545454545 0.06181818181818182
0 0.8618181818181818 0.1190909090909091 0.12 0.06272727272727273
0 0.0740909090909091 0.3195454545454545 0.08818181818181818 0.2009090909090909
0 0.21545454545454545 0.265 0.17727272727272728 0.11545454545454545
0 0.22636363636363635 0.3659090909090909 0.20909090909090908 0.13363636363636364
0 0.39045454545454544 0.3286363636363636 0.16090909090909092 0.1990909090909091
0 0.44 0.3059090909090909 0.16727272727272727 0.1990909090909091
0 0.639090909090909 0.3390909090909091 0.22727272727272727 0.2718181818181818
0 0.835 0.33545454545454545 0.26636363636363636 0.2409090909090909
0 0.13954545454545456 0.5768181818181818 0.22090909090909092 0.28
0 0.3386363636363636 0.5572727272727273 0.16272727272727272 0.2190909090909091
0 0.49772727272727274 0.5804545454545454 0.22363636363636363 0.2727272727272727
0 0.7890909090909091 0.5640909090909091 0.36727272727272725 0.19545454545454546
0 0.2545454545454545 0.8336363636363636 0.4318181818181818 0.2309090909090909
0 0.7213636363636363 0.8195454545454546 0.5109090909090909 0.2963636363636364