0 0.1572727272727273 0.060909090909090906 0.042727272727272725 0.03363636363636364
0 0.12681818181818183 0.08590909090909091 0.038181818181818185 0.03727272727272727
0 0.1190909090909091 0.12363636363636364 0.038181818181818185 0.038181818181818185
0 0.12863636363636363 0.16045454545454546 0.05181818181818182 0.02909090909090909
0 0.19363636363636363 0.07227272727272727 0.03 0.034545454545454546
0 0.15954545454545455 0.09681818181818182 0.04 0.031818181818181815
0 0.15772727272727272 0.12954545454545455 0.046363636363636364 0.02909090909090909
0 0.17181818181818181 0.165 0.034545454545454546 0.03636363636363636
0 0.19136363636363637 0.10681818181818181 0.03363636363636364 0.03090909090909091
0 0.20681818181818182 0.13727272727272727 0.042727272727272725 0.02727272727272727
0 0.21727272727272728 0.16590909090909092 0.04818181818181818 0.03727272727272727
0 0.23363636363636364 0.06727272727272728 0.03727272727272727 0.022727272727272728
0 0.22727272727272727 0.10045454545454545 0.031818181818181815 0.03636363636363636
0 0.2640909090909091 0.09954545454545455 0.03363636363636364 0.03636363636363636
0 0.2509090909090909 0.14 0.04090909090909091 0.035454545454545454
0 0.4631818181818182 0.05545454545454546 0.057272727272727274 0.042727272727272725
0 0.4213636363636364 0.07454545454545454 0.06 0.04363636363636364
0 0.4027272727272727 0.11727272727272728 0.07 0.045454545454545456
0 0.4081818181818182 0.16136363636363638 0.05090909090909091 0.053636363636363635
0 0.4759090909090909 0.105 0.06363636363636363 0.04363636363636364
0 0.46 0.16227272727272726 0.04454545454545455 0.06545454545454546
0 0.51 0.16318181818181818 0.046363636363636364 0.06636363636363636
0 0.5218181818181818 0.05818181818181818 0.05818181818181818 0.04181818181818182
0 0.5327272727272727 0.1 0.057272727272727274 0.042727272727272725
0 0.5563636363636364 0.145 0.06181818181818182 0.04181818181818182
0 0.7018181818181818 0.07 0.09181818181818181 0.06454545454545454
0 0.7059090909090909 0.13 0.12727272727272726 0.045454545454545456
0 0.7854545454545454 0.09 0.06909090909090909 0.11
0 0.8690909090909091 0.06909090909090909 0.10454545454545454 0.06
0 0.8686363636363637 0.12545454545454546 0.1190909090909091 0.060909090909090906
0 0.07727272727272727 0.31227272727272726 0.08454545454545455 0.1990909090909091
0 0.21954545454545454 0.26 0.17545454545454545 0.11272727272727273
0 0.22863636363636364 0.3613636363636364 0.20727272727272728 0.13
0 0.3936363636363636 0.32681818181818184 0.1572727272727273 0.19636363636363635
0 0.4431818181818182 0.305 0.16363636363636364 0.19636363636363635
0 0.6418181818181818 0.34136363636363637 0.22272727272727272 0.2681818181818182
0 0.8377272727272728 0.34136363636363637 0.26272727272727275 0.23636363636363636
0 0.13818181818181818 0.5704545454545454 0.21636363636363637 0.27636363636363637
0 0.3377272727272727 0.5545454545454546 0.1590909090909091 0.21636363636363637
0 0.49636363636363634 0.5804545454545454 0.2190909090909091 0.2690909090909091
0 0.7877272727272727 0.5690909090909091 0.36363636363636365 0.1890909090909091
0 0.24863636363636363 0.8290909090909091 0.42818181818181816 0.22363636363636363
0 0.7159090909090909 0.8231818181818182 0.5063636363636363 0.2872727272727273