0 0.7864768683274022 0.08477970627503338 0.13167259786476868 0.09879839786381843
0 0.7651245551601423 0.0020026702269692926 0.060498220640569395 0.004005340453938585
0 0.2597864768683274 0.2650200267022697 0.13167259786476868 0.06542056074766354
0 0.06494661921708185 0.13951935914552738 0.1298932384341637 0.1588785046728972
0 0.10765124555160142 0.016688918558077435 0.03914590747330961 0.0053404539385847796
0 0.3683274021352313 0.06675567423230974 0.05516014234875445 0.04138851802403204
1 0.44483985765124556 0.8117489986648865 0.33629893238434166 0.26702269692923897
1 0.7348754448398577 0.5607476635514018 0.3202846975088968 0.22296395193591456
1 0.23576512455516013 0.23965287049399198 0.298932384341637 0.23230974632843793
0 0.9172597864768683 0.34512683578104136 0.11921708185053381 0.0774365821094793
0 0.6476868327402135 0.33978638184245663 0.08896797153024912 0.07343124165554073
0 0.9688612099644128 0.8998664886515354 0.06227758007117438 0.09879839786381843
0 0.4190391459074733 0.897196261682243 0.13167259786476868 0.08544726301735647
0 0.045373665480427046 0.6041388518024032 0.08362989323843416 0.09345794392523364