0 0.648993288590604 0.312 0.08322147651006712 0.04133333333333333
0 0.016107382550335572 0.20133333333333334 0.032214765100671144 0.2786666666666667
0 0.11409395973154363 0.086 0.05906040268456376 0.05466666666666667
0 0.23288590604026846 0.12666666666666668 0.040268456375838924 0.037333333333333336
0 0.06375838926174497 0.358 0.07516778523489932 0.068
0 0.021476510067114093 0.5233333333333333 0.042953020134228186 0.04533333333333334
0 0.2771812080536913 0.48333333333333334 0.053691275167785234 0.050666666666666665
0 0.35503355704697986 0.42733333333333334 0.07114093959731543 0.05466666666666667
0 0.3724832214765101 0.556 0.13288590604026845 0.104
0 0.5442953020134228 0.568 0.15302013422818792 0.148
0 0.24496644295302014 0.7793333333333333 0.06711409395973154 0.08133333333333333
0 0.15167785234899328 0.7173333333333334 0.04563758389261745 0.050666666666666665
0 0.046308724832214765 0.742 0.09261744966442953 0.104
0 0.018120805369127517 0.9726666666666667 0.036241610738255034 0.05466666666666667
0 0.5 0.956 0.0738255033557047 0.08666666666666667
0 0.5020134228187919 0.844 0.08993288590604027 0.06533333333333333
0 0.8557046979865772 0.8393333333333334 0.07248322147651007 0.07466666666666667
0 0.7067114093959731 0.634 0.15436241610738255 0.13466666666666666
0 0.8134228187919463 0.43333333333333335 0.07651006711409396 0.05733333333333333
0 0.7691275167785235 0.23333333333333334 0.1221476510067114 0.11333333333333333
1 0.21006711409395973 0.774 0.28993288590604027 0.268
1 0.7040268456375839 0.18866666666666668 0.3073825503355705 0.296
0 0.5187919463087248 0.16133333333333333 0.10469798657718121 0.10666666666666667
0 0.4483221476510067 0.36666666666666664 0.06577181208053691 0.07866666666666666