0 0.6946308724832215 0.6413333333333333 0.04429530201342282 0.084
0 0.7838926174496644 0.014666666666666666 0.28187919463087246 0.029333333333333333
0 0.9033557046979865 0.10266666666666667 0.05771812080536913 0.06
0 0.8664429530201342 0.222 0.038926174496644296 0.04133333333333333
0 0.62751677852349 0.062 0.07114093959731543 0.07733333333333334
0 0.4597315436241611 0.026 0.04697986577181208 0.044
0 0.508724832214765 0.278 0.052348993288590606 0.05466666666666667
0 0.5677852348993289 0.35333333333333333 0.05771812080536913 0.072
0 0.4389261744966443 0.37533333333333335 0.1087248322147651 0.136
0 0.43288590604026844 0.5466666666666666 0.15436241610738255 0.15733333333333333
0 0.21006711409395973 0.25666666666666665 0.08456375838926175 0.06933333333333333
0 0.2691275167785235 0.162 0.052348993288590606 0.04666666666666667
0 0.24093959731543624 0.058 0.10738255033557047 0.096
0 0.0174496644295302 0.037333333333333336 0.0348993288590604 0.037333333333333336
0 0.042953020134228186 0.5153333333333333 0.08590604026845637 0.076
0 0.15369127516778525 0.514 0.06845637583892618 0.092
0 0.17114093959731544 0.8646666666666667 0.07785234899328859 0.07466666666666667
0 0.3724832214765101 0.71 0.14093959731543623 0.15733333333333333
0 0.5778523489932886 0.8086666666666666 0.06040268456375839 0.07733333333333334
0 0.7778523489932886 0.758 0.11812080536912752 0.12533333333333332
1 0.21409395973154363 0.222 0.2791946308724832 0.29733333333333334
1 0.8201342281879195 0.692 0.3087248322147651 0.316
0 0.8416107382550335 0.5066666666666667 0.11140939597315436 0.108
0 0.6322147651006711 0.444 0.08187919463087248 0.068