1 0.4420572916666667 0.33125 0.13151041666666666 0.140625
0 0.19986979166666666 0.9296875 0.049479166666666664 0.046875
0 0.3854166666666667 0.8145833333333333 0.009114583333333334 0.010416666666666666
0 0.3424479166666667 0.7234375 0.03515625 0.041666666666666664
0 0.1640625 0.6015625 0.037760416666666664 0.03125
0 0.46875 0.3223958333333333 0.07291666666666667 0.04791666666666667
0 0.5716145833333334 0.057291666666666664 0.049479166666666664 0.04375
0 0.8294270833333334 0.3380208333333333 0.036458333333333336 0.03854166666666667
0 0.8763020833333334 0.36614583333333334 0.014322916666666666 0.011458333333333333
0 0.7376302083333334 0.5151041666666667 0.010416666666666666 0.011458333333333333
1 0.9407552083333334 0.0609375 0.11848958333333333 0.121875
1 0.4264322916666667 0.8026041666666667 0.11979166666666667 0.10520833333333333
1 0.7734375 0.5145833333333333 0.14973958333333334 0.115625
1 0.892578125 0.3927083333333333 0.21484375 0.20729166666666668