1 0.24674479166666666 0.46510416666666665 0.17708333333333334 0.36770833333333336
1 0.2734375 0.0140625 0.12109375 0.028125
1 0.4375 0.09166666666666666 0.19791666666666666 0.18333333333333332
1 0.26953125 0.146875 0.13151041666666666 0.24583333333333332
1 0.2526041666666667 0.32395833333333335 0.16145833333333334 0.21458333333333332
1 0.4401041666666667 0.3229166666666667 0.20442708333333334 0.2635416666666667
1 0.4778645833333333 0.4786458333333333 0.2721354166666667 0.265625
1 0.4563802083333333 0.6692708333333334 0.22786458333333334 0.3854166666666667
1 0.2649739583333333 0.803125 0.14973958333333334 0.3020833333333333
0 0.008463541666666666 0.9390625 0.016927083333333332 0.03125
0 0.08203125 0.8723958333333334 0.044270833333333336 0.05
0 0.010416666666666666 0.7666666666666667 0.020833333333333332 0.03333333333333333
0 0.17447916666666666 0.7244791666666667 0.21354166666666666 0.3104166666666667
0 0.013020833333333334 0.6166666666666667 0.026041666666666668 0.0375
0 0.2610677083333333 0.46145833333333336 0.11588541666666667 0.12291666666666666
0 0.10091145833333333 0.4979166666666667 0.045572916666666664 0.042708333333333334
0 0.030598958333333332 0.4588541666666667 0.028645833333333332 0.03333333333333333
0 0.11263020833333333 0.3875 0.07161458333333333 0.1375
0 0.025390625 0.390625 0.05078125 0.04583333333333333
0 0.18684895833333334 0.2604166666666667 0.036458333333333336 0.08020833333333334
0 0.10481770833333333 0.2859375 0.04296875 0.04375
0 0.03515625 0.21197916666666666 0.029947916666666668 0.041666666666666664
0 0.11328125 0.07864583333333333 0.0390625 0.05625
0 0.6295572916666666 0.034895833333333334 0.0546875 0.04479166666666667
0 0.6692708333333334 0.1734375 0.061197916666666664 0.07291666666666667
0 0.8372395833333334 0.44375 0.10416666666666667 0.15
0 0.802734375 0.46875 0.08463541666666667 0.09583333333333334
0 0.8971354166666666 0.8104166666666667 0.07552083333333333 0.08333333333333333