1 0.7506510416666666 0.5453125 0.20052083333333334 0.375
1 0.6940104166666666 0.9890625 0.12239583333333333 0.021875
1 0.5358072916666666 0.9072916666666667 0.20963541666666666 0.18541666666666667
1 0.70703125 0.8625 0.14713541666666666 0.25104166666666666
1 0.7356770833333334 0.6859375 0.17578125 0.22083333333333333
1 0.5481770833333334 0.6791666666666667 0.22135416666666666 0.271875
1 0.5208333333333334 0.5223958333333333 0.2890625 0.27708333333333335
1 0.5546875 0.3328125 0.2526041666666667 0.39479166666666665
1 0.7545572916666666 0.20729166666666668 0.16927083333333334 0.30833333333333335
0 0.9420572916666666 0.14583333333333334 0.046875 0.052083333333333336
0 0.9973958333333334 0.25364583333333335 0.005208333333333333 0.034375
0 0.83984375 0.28958333333333336 0.23307291666666666 0.31875
0 0.9895833333333334 0.4036458333333333 0.020833333333333332 0.03854166666666667
0 0.736328125 0.5484375 0.12369791666666667 0.12708333333333333
0 0.8984375 0.51875 0.048177083333333336 0.04479166666666667
0 0.9661458333333334 0.5609375 0.03125 0.034375
0 0.8795572916666666 0.6286458333333333 0.08072916666666667 0.140625
0 0.966796875 0.6291666666666667 0.053385416666666664 0.04791666666666667
0 0.796875 0.7526041666666666 0.041666666666666664 0.08125
0 0.880859375 0.7302083333333333 0.045572916666666664 0.04583333333333333
0 0.9453125 0.8072916666666666 0.032552083333333336 0.042708333333333334
0 0.8587239583333334 0.9369791666666667 0.04296875 0.057291666666666664
0 0.3404947916666667 0.9588541666666667 0.057291666666666664 0.046875
0 0.3098958333333333 0.8192708333333333 0.06640625 0.075
0 0.15950520833333334 0.5421875 0.11328125 0.15416666666666667
0 0.1953125 0.51875 0.09114583333333333 0.09895833333333333
0 0.12369791666666667 0.1734375 0.08072916666666667 0.08645833333333333