1 0.786875 0.5623242736644799 0.09875 0.06935332708528585
1 0.461875 0.5173383317713215 0.09625 0.061855670103092786
0 0.413125 0.3416119962511715 0.08375 0.02530459231490159
1 0.304375 0.8017806935332709 0.20375 0.16213683223992503
0 0.226875 0.5946579194001874 0.06875 0.03655107778819119
0 0.258125 0.5524835988753515 0.05375 0.04029990627928772
0 0.315 0.6635426429240863 0.0625 0.061855670103092786
0 0.52 0.7553889409559512 0.045 0.028116213683223992
0 0.851875 0.45220243673851923 0.07125 0.03280224929709466
0 0.70875 0.7694470477975632 0.05 0.033739456419868794
0 0.760625 0.816776007497657 0.04375 0.030927835051546393
0 0.160625 0.6640112464854733 0.05125 0.04592314901593252
0 0.543125 0.5229615745079662 0.07875 0.03748828491096532
0 0.6275 0.5763823805060918 0.035 0.056232427366447985
1 0.359375 0.676194939081537 0.09375 0.1021555763823805
1 0.72875 0.6504217432052484 0.075 0.10121836925960637
0 0.5025 0.45126522961574506 0.0825 0.03467666354264293
0 0.8346625 0.3837582005623243 0.040662500000000004 0.029109653233364573
0 0.533125 0.6358950328022493 0.03375 0.04217432052483599
0 0.605 0.4775070290534208 0.0375 0.05716963448922212
1 0.50875 0.4620431115276476 0.22 0.08997188378631678
0 0.9225 0.528116213683224 0.0725 0.04029990627928772
0 0.11875 0.6541705716963448 0.0275 0.020618556701030927
0 0.305625 0.41283973758200565 0.02625 0.015932521087160263
0 0.1475 0.5056232427366448 0.0275 0.02155576382380506
0 0.110625 0.5248359887535146 0.04125 0.02999062792877226
0 0.196875 0.3856607310215558 0.02625 0.023430178069353328
0 0.296875 0.49203373945641987 0.02875 0.016869728209934397
0 0.303125 0.5215557638238051 0.03625 0.01780693533270853
0 0.3 0.5182755388940956 0.0375 0.01874414245548266
0 0.50625 0.35332708528584816 0.03 0.020618556701030927
0 0.373125 0.6002811621368322 0.04625 0.02155576382380506
0 0.63625 0.43345829428303656 0.03 0.029053420805998126
0 0.38875 0.4550140581068416 0.02 0.029053420805998126
0 0.633125 0.3716026241799438 0.02625 0.015932521087160263
0 0.545 0.60543580131209 0.0225 0.016869728209934397
0 0.54625 0.619493908153702 0.015 0.011246485473289597
0 0.835625 0.3556701030927835 0.04125 0.02717900656044986
0 0.72125 0.5431115276476102 0.025 0.019681349578256794
0 0.750625 0.5009372071227741 0.03875 0.029053420805998126
0 0.926875 0.351921274601687 0.02625 0.019681349578256794
0 0.694375 0.5834114339268979 0.02625 0.02155576382380506
0 0.741875 0.43158388003748827 0.02625 0.015932521087160263
0 0.73125 0.3725398313027179 0.0125 0.010309278350515464
0 0.1625 0.7417994376757263 0.0175 0.008434864104967198
0 0.1875 0.7033739456419869 0.0175 0.006560449859418931
0 0.215 0.7347703842549204 0.01 0.00937207122774133
0 0.519375 0.8031865042174321 0.04125 0.026241799437675725
0 0.704375 0.8420805998125586 0.03875 0.014058106841611996
0 0.7299625000000001 0.6765042174320525 0.0224125 0.030309278350515466
0 0.7993625 0.6962792877225866 0.09759999999999999 0.058669165885660735
0 0.814225 0.6873851921274602 0.0705375 0.0739456419868791
0 0.8391124999999999 0.6681068416119963 0.0682 0.11350515463917525
0 0.8915625 0.6693626991565136 0.0801375 0.11149953139643862
0 0.8979125 0.6912652296157451 0.0908375 0.06768509840674788
0 0.7863249999999999 0.6452952202436738 0.0401375 0.028341143392689783
0 0.886225 0.49535145267104025 0.044825 0.026082474226804122