0 0.071875 0.38853727144866385 0.13 0.06751054852320675
0 0.505 0.35232067510548526 0.17875 0.07946554149085795
0 0.59875 0.7229254571026723 0.1525 0.10618846694796062
0 0.30625 0.5390295358649789 0.1025 0.058368495077355836
0 0.206875 0.5386779184247539 0.095 0.04922644163150492
0 0.825625 0.6329113924050633 0.07875 0.03867791842475387
0 0.77875 0.5931786216596343 0.09 0.04992967651195499
0 0.22125 0.2879746835443038 0.09375 0.03164556962025317
0 0.743125 0.40822784810126583 0.04875 0.030239099859353025
0 0.01 0.48066104078762306 0.02 0.04289732770745429
0 0.1075 0.34739803094233473 0.08625 0.02180028129395218
0 0.038125 0.5777074542897328 0.055 0.028832630098452883
0 0.133125 0.6075949367088608 0.04 0.02390998593530239
0 0.081875 0.5886075949367089 0.04375 0.023206751054852322
0 0.108125 0.5981012658227848 0.0425 0.02461322081575246
0 0.03625 0.22433192686357242 0.02375 0.017580872011251757
0 0.61625 0.6406469760900141 0.03875 0.02180028129395218
0 0.21625 0.6561181434599156 0.035 0.02390998593530239
0 0.34375 0.7545710267229254 0.01125 0.01969057665260197
0 0.475625 0.4869901547116737 0.02875 0.02812939521800281
0 0.5275 0.5059774964838256 0.03375 0.02531645569620253
0 0.686875 0.4328410689170183 0.065 0.02180028129395218
0 0.789375 0.4184247538677918 0.02125 0.013361462728551337
0 0.63625 0.43143459915611815 0.02375 0.013361462728551337
0 0.504375 0.22855133614627285 0.0275 0.014064697609001406
0 0.543125 0.3670886075949367 0.02 0.014064697609001406
0 0.6425 0.2289029535864979 0.0675 0.011954992967651195
0 0.320625 0.3769338959212377 0.01375 0.006329113924050633
0 0.49 0.7144866385372715 0.04 0.02390998593530239
1 0.3825 0.7482419127988749 0.11625 0.06329113924050633
1 0.384375 0.7362869198312236 0.135 0.08720112517580872
1 0.499375 0.720112517580872 0.13125 0.12658227848101267