0 0.22125 0.28732394366197184 0.10125 0.07887323943661972
0 0.325625 0.2802816901408451 0.10875 0.09014084507042254
0 0.916875 0.5140845070422535 0.10625 0.0863849765258216
0 0.016875 0.5075117370892018 0.03375 0.07417840375586854
0 0.409375 0.292018779342723 0.09375 0.07417840375586854
1 0.83125 0.30657276995305166 0.205 0.1352112676056338
0 0.234375 0.7140845070422536 0.08375 0.061971830985915494
0 0.558125 0.43896713615023475 0.0525 0.030985915492957747
0 0.71875 0.6075117370892019 0.0625 0.04037558685446009
0 0.948125 0.44366197183098594 0.05625 0.036619718309859155
0 0.296875 0.3845070422535211 0.0525 0.03943661971830986
1 0.89125 0.3460093896713615 0.20125 0.19342723004694837
0 0.27375 0.7929577464788733 0.03625 0.030985915492957747
0 0.155625 0.8028169014084507 0.04375 0.03192488262910798
0 0.323125 0.45492957746478874 0.0925 0.04131455399061033
0 0.241875 0.4971830985915493 0.1775 0.06572769953051644
0 0.1725 0.32065727699530516 0.045 0.04131455399061033
1 0.59 0.6957746478873239 0.215 0.23661971830985915
0 0.380625 0.4431924882629108 0.06625 0.03286384976525822
0 0.173125 0.6985915492957746 0.08375 0.03568075117370892
0 0.91375 0.3643192488262911 0.0425 0.03192488262910798
0 0.338125 0.3568075117370892 0.04375 0.04976525821596244
0 0.484375 0.8572769953051643 0.0475 0.04131455399061033
0 0.204375 0.6028169014084507 0.11125 0.04507042253521127
0 0.630625 0.7577464788732394 0.06 0.04976525821596244
0 0.843125 0.8361502347417841 0.05375 0.02535211267605634
0 0.459375 0.13990610328638498 0.18875 0.046009389671361506
0 0.620625 0.29389671361502345 0.085 0.03004694835680751
0 0.666875 0.8 0.055 0.03755868544600939
0 0.379375 0.6953051643192488 0.06 0.06291079812206572
0 0.489375 0.6647887323943662 0.12 0.14460093896713616
0 0.115 0.604225352112676 0.105 0.038497652582159626
0 0.38125 0.3619718309859155 0.07 0.036619718309859155
0 0.396875 0.3854460093896714 0.05375 0.03755868544600939
0 0.060625 0.8671361502347418 0.01 0.010328638497652582
0 0.091875 0.4539906103286385 0.0175 0.022535211267605635
0 0.110625 0.4004694835680751 0.025 0.020657276995305163
0 0.19125 0.3323943661971831 0.0225 0.01596244131455399
0 0.41375 0.7225352112676057 0.03375 0.02535211267605634
0 0.3825 0.7835680751173709 0.0325 0.028169014084507043
0 0.479375 0.7469483568075117 0.03125 0.028169014084507043
0 0.770625 0.8455399061032863 0.01625 0.015023474178403756
0 0.511875 0.868075117370892 0.0325 0.0215962441314554
0 0.573125 0.5370892018779343 0.02125 0.01596244131455399
0 0.594375 0.32253521126760565 0.02125 0.01971830985915493
0 0.780625 0.5830985915492958 0.035 0.030985915492957747
0 0.808125 0.28169014084507044 0.02 0.012206572769953052
0 0.584375 0.8591549295774648 0.05125 0.02629107981220657
0 0.54875 0.8417840375586855 0.04875 0.04131455399061033
0 0.233125 0.5596244131455399 0.08375 0.020657276995305163
0 0.219375 0.5741784037558686 0.07 0.0215962441314554
0 0.25125 0.5009389671361503 0.07375 0.02910798122065728
0 0.393125 0.3788732394366197 0.02625 0.011267605633802818
0 0.373125 0.3643192488262911 0.01625 0.01596244131455399
0 0.54375 0.3126760563380282 0.085 0.024413145539906103
0 0.865625 0.2671361502347418 0.08 0.056338028169014086
0 0.8925 0.6539906103286385 0.01125 0.011267605633802818
0 0.695 0.776056338028169 0.0325 0.02535211267605634
0 0.546875 0.5967136150234742 0.01625 0.01784037558685446
0 0.53875 0.612206572769953 0.02 0.018779342723004695
0 0.43375 0.6492957746478873 0.0875 0.10422535211267606