0 0.290625 0.45829428303655106 0.10125 0.06841611996251172
0 0.603125 0.3078725398313027 0.10125 0.07216494845360824
1 0.653125 0.20196813495782567 0.23625 0.1358950328022493
1 0.181875 0.4709465791940019 0.23875 0.16119962511715089
0 0.543125 0.19962511715089035 0.08125 0.08341143392689784
0 0.72125 0.6888472352389878 0.0675 0.04779756326148079
0 0.3875 0.47563261480787256 0.045 0.033739456419868794
0 0.640625 0.648078725398313 0.04375 0.030927835051546393
0 0.51125 0.8088097469540768 0.04125 0.02999062792877226
0 0.734375 0.1316776007497657 0.04 0.026241799437675725
0 0.898125 0.13636363636363635 0.02875 0.02530459231490159
0 0.77125 0.1991565135895033 0.0275 0.01780693533270853
0 0.94875 0.23570759137769448 0.03625 0.026241799437675725
0 0.971875 0.3992502343017807 0.02625 0.01218369259606373
0 0.974375 0.3711340206185567 0.015 0.010309278350515464
0 0.520625 0.15463917525773196 0.03625 0.019681349578256794
0 0.330625 0.19681349578256796 0.02625 0.020618556701030927
0 0.38875 0.29990627928772257 0.02375 0.01780693533270853
0 0.445 0.25257731958762886 0.025 0.028116213683223992
0 0.275 0.29475164011246485 0.02125 0.01874414245548266
0 0.5475 0.2755388940955951 0.0325 0.026241799437675725
0 0.659375 0.3252108716026242 0.025 0.01874414245548266
0 0.456875 0.17010309278350516 0.0125 0.01499531396438613
0 0.57875 0.6007497656982193 0.03 0.03467666354264293
0 0.513125 0.37582005623242737 0.01875 0.013120899718837863
0 0.52 0.5515463917525774 0.02 0.01218369259606373
0 0.321875 0.42361761949390814 0.0175 0.010309278350515464
0 0.385 0.7600749765698219 0.025 0.023430178069353328
0 0.66375 0.823336457357076 0.0225 0.02717900656044986
0 0.1525 0.24179943767572634 0.0225 0.020618556701030927
0 0.180625 0.17291471415182755 0.01375 0.01218369259606373
0 0.271875 0.6860356138706654 0.02 0.016869728209934397
0 0.245625 0.6996251171508904 0.01875 0.01499531396438613
0 0.2325 0.8669165885660731 0.0175 0.010309278350515464
0 0.749375 0.682755388940956 0.04 0.038425492033739454
0 0.655625 0.7905342080599812 0.02125 0.028116213683223992
0 0.630625 0.7089971883786317 0.0475 0.10402999062792877
0 0.61375 0.6415182755388941 0.015 0.006560449859418931
0 0.3675 0.8833177132146204 0.0125 0.00937207122774133
0 0.2375 0.6865042174320525 0.0175 0.00937207122774133
0 0.265 0.14339268978444236 0.01125 0.004686035613870665
0 0.675 0.21508903467666354 0.13875 0.056232427366447985
1 0.6925 0.7408622305529522 0.18125 0.22586691658856609