0 0.17875 0.6935332708528584 0.085 0.08059981255857544
1 0.489375 0.5149953139643861 0.12625 0.10965323336457357
0 0.679375 0.6949390815370197 0.11125 0.08341143392689784
1 0.750625 0.4006560449859419 0.13625 0.11527647610121837
1 0.339375 0.34957825679475163 0.12625 0.10309278350515463
1 0.6175 0.4620431115276476 0.1325 0.1105904404873477
0 0.4525 0.24039362699156513 0.0775 0.07966260543580131
0 0.24375 0.23711340206185566 0.0875 0.06373008434864105
0 0.779375 0.6190253045923149 0.10125 0.06841611996251172
0 0.7375 0.662136832239925 0.12 0.07778819119025304
0 0.655 0.2619493908153702 0.0525 0.03655107778819119
0 0.228125 0.42642924086223055 0.10375 0.05810684161199625
0 0.021875 0.26569821930646675 0.04375 0.04592314901593252
0 0.890625 0.8088097469540768 0.06875 0.09746954076850985
0 0.95375 0.6471415182755389 0.0925 0.06279287722586692
0 0.71875 0.32755388940955954 0.0525 0.03655107778819119
0 0.634375 0.5149953139643861 0.05375 0.03655107778819119
0 0.8625 0.6354264292408622 0.0425 0.03748828491096532
0 0.591875 0.1991565135895033 0.04875 0.029053420805998126
0 0.339375 0.4311152764761012 0.04125 0.031865042174320526
0 0.87 0.18744142455482662 0.1075 0.046860356138706656
0 0.289375 0.46860356138706655 0.03625 0.026241799437675725
0 0.145625 0.24414245548266167 0.05875 0.023430178069353328
1 0.383125 0.5838800374882849 0.05625 0.07122774133083412
0 0.01375 0.32989690721649484 0.0275 0.056232427366447985
0 0.03375 0.3847235238987816 0.0375 0.04029990627928772
0 0.290625 0.46954076850984067 0.03625 0.026241799437675725
0 0.1475 0.4029990627928772 0.0125 0.011246485473289597
0 0.23 0.281630740393627 0.0325 0.02155576382380506
0 0.04 0.3055295220243674 0.025 0.022492970946579195
0 0.155 0.3247422680412371 0.02 0.01780693533270853
0 0.398125 0.3036551077788191 0.02875 0.01874414245548266
0 0.355625 0.3809746954076851 0.02375 0.014058106841611996
0 0.325 0.4606373008434864 0.015 0.010309278350515464
0 0.066875 0.49109653233364575 0.01625 0.016869728209934397
0 0.099375 0.27647610121836924 0.02625 0.022492970946579195
0 0.615625 0.3181818181818182 0.02375 0.019681349578256794
0 0.575 0.4104967197750703 0.0225 0.013120899718837863
0 0.83 0.443767572633552 0.02 0.029053420805998126
0 0.709375 0.17994376757263356 0.02875 0.02436738519212746
0 0.98125 0.18978444236176195 0.0325 0.029053420805998126
0 0.17 0.6012183692596064 0.025 0.019681349578256794
0 0.22125 0.6457357075913777 0.035 0.026241799437675725
0 0.841875 0.6935332708528584 0.01625 0.01499531396438613
0 0.088125 0.6227741330834115 0.01875 0.015932521087160263
0 0.089375 0.5951265229615745 0.02125 0.01874414245548266
0 0.625 0.7994376757263355 0.0125 0.011246485473289597
0 0.10125 0.7221180880974696 0.0225 0.01780693533270853
0 0.480625 0.6157450796626054 0.01125 0.011246485473289597
0 0.07125 0.5543580131208997 0.0225 0.01780693533270853
0 0.039375 0.6513589503280225 0.01875 0.01499531396438613
0 0.103125 0.6663542642924086 0.01875 0.01874414245548266
0 0.498125 0.7225866916588566 0.01375 0.00937207122774133
0 0.093125 0.5060918462980318 0.03375 0.01874414245548266
0 0.09375 0.7975632614807873 0.025 0.016869728209934397
0 0.090625 0.5684161199625117 0.02625 0.019681349578256794
0 0.063125 0.7516401124648547 0.02125 0.01874414245548266
0 0.00875 0.5707591377694471 0.0175 0.02999062792877226
0 0.119375 0.6513589503280225 0.01625 0.013120899718837863
0 0.010625 0.6208997188378632 0.02125 0.03280224929709466
0 0.289375 0.492970946579194 0.02875 0.020618556701030927
0 0.335 0.6551077788191191 0.0125 0.00937207122774133
0 0.1077375 0.4492783505154639 0.010375 0.011593252108716026
0 0.0343625 0.5265510777881912 0.049625 0.04726335520149953
0 0.0316875 0.48435801312089966 0.046025 0.04611996251171509
0 0.0309375 0.44214620431115276 0.0481 0.048144329896907215
0 0.5792625 0.633223992502343 0.0121875 0.009578256794751642
0 0.620775 0.6643392689784443 0.012475 0.009381443298969071
0 0.39887500000000004 0.6818088097469541 0.0101 0.010018744142455483
0 0.3146875 0.7249765698219306 0.010674999999999999 0.010018744142455483
0 0.0172375 0.8040487347703842 0.0344875 0.027600749765698217
0 0.0153625 0.749278350515464 0.030725 0.02520149953139644
0 0.0133375 0.7096813495782568 0.026675 0.021518275538894096
0 0.0134875 0.6767291471415183 0.0269625 0.03927835051546391
0 0.06586249999999999 0.6950515463917526 0.017675 0.018687910028116216
0 0.9921875 0.766916588566073 0.015625 0.012914714151827553