1 0.3636875 0.43772258669165887 0.3956875 0.3174882849109653
1 0.715625 0.5749765698219307 0.34375 0.24273664479850046
0 0.941875 0.48922211808809746 0.09375 0.061855670103092786
0 0.07625 0.1738519212746017 0.0625 0.04967197750702906
0 0.05875 0.30318650421743204 0.0775 0.06091846298031865
0 0.258125 0.08153701968134958 0.07875 0.05998125585754452
0 0.134375 0.3467666354264292 0.08625 0.05998125585754452
0 0.618125 0.21930646672914714 0.08875 0.07685098406747891
0 0.285 0.7450796626054358 0.095 0.07685098406747891
0 0.873125 0.10918462980318651 0.05875 0.04592314901593252
0 0.311875 0.5552952202436738 0.12375 0.07778819119025304
0 0.690625 0.1190253045923149 0.11875 0.06747891283973759
0 0.81625 0.14198687910028115 0.0475 0.04217432052483599
0 0.361875 0.6452671040299907 0.11625 0.06466729147141519
0 0.190625 0.6232427366447985 0.09875 0.09934395501405811
0 0.79875 0.28116213683223995 0.0375 0.028116213683223992
0 0.86 0.23758200562324275 0.0375 0.029053420805998126
0 0.810625 0.5895032802249297 0.08625 0.056232427366447985
0 0.0575 0.6682286785379569 0.085 0.061855670103092786
0 0.330625 0.06513589503280225 0.08875 0.03467666354264293
0 0.203125 0.8603561387066542 0.04375 0.033739456419868794
0 0.97375 0.2717900656044986 0.0475 0.03936269915651359
1 0.584375 0.19728209934395502 0.41125 0.3045923149015933
0 0.023125 0.5121836925960638 0.04625 0.04217432052483599
0 0.068125 0.1302717900656045 0.04625 0.041237113402061855
0 0.195 0.4217432052483599 0.0475 0.061855670103092786
0 0.965625 0.06841611996251172 0.06875 0.05810684161199625
0 0.586875 0.8795688847235239 0.04625 0.03655107778819119
0 0.23625 0.711808809746954 0.045 0.030927835051546393
0 0.87875 0.8701968134957826 0.035 0.02717900656044986
0 0.78875 0.9072164948453608 0.035 0.026241799437675725
1 0.352375 0.6987253983130272 0.3091375 0.230543580131209
0 0.3175 0.09044048734770384 0.0125 0.010309278350515464
0 0.22875 0.4784442361761949 0.0175 0.01780693533270853
0 0.406875 0.2197750702905342 0.01125 0.02155576382380506
0 0.711875 0.25023430178069356 0.03125 0.026241799437675725
0 0.583125 0.5810684161199625 0.03125 0.02999062792877226
0 0.073125 0.8922211808809747 0.01625 0.013120899718837863
0 0.160625 0.4943767572633552 0.01375 0.02155576382380506
0 0.62 0.5838800374882849 0.015 0.011246485473289597
0 0.734375 0.5787253983130272 0.01875 0.01218369259606373
0 0.14875 0.5670103092783505 0.0175 0.01499531396438613
0 0.3134125 0.4581068416119963 0.0109 0.00844423617619494
0 0.337575 0.4722867853795689 0.0116125 0.010028116213683224