1 0.594375 0.4034676663542643 0.45625 0.3233364573570759
1 0.381875 0.654639175257732 0.3525 0.27835051546391754
0 0.475625 0.830834114339269 0.09 0.07497656982193064
0 0.966875 0.21180880974695407 0.06625 0.05060918462980318
0 0.8 0.18744142455482662 0.0875 0.06279287722586692
0 0.735625 0.24039362699156513 0.0875 0.06935332708528585
0 0.8625 0.612464854732896 0.11 0.07310215557638237
0 0.193125 0.3181818181818182 0.11 0.07778819119025304
0 0.443125 0.3547328959700094 0.11375 0.09934395501405811
0 0.963125 0.6733833177132146 0.0475 0.09090909090909091
0 0.945 0.7666354264292409 0.055 0.038425492033739454
0 0.31875 0.38425492033739456 0.09625 0.09278350515463918
0 0.363125 0.2582005623242737 0.14 0.08247422680412371
0 0.765 0.7422680412371134 0.04125 0.030927835051546393
0 0.8175 0.7919400187441424 0.04125 0.030927835051546393
0 0.35375 0.7239925023430178 0.0825 0.06935332708528585
0 0.315 0.15463917525773196 0.09 0.06841611996251172
0 0.048125 0.246485473289597 0.045 0.03561387066541706
0 0.761875 0.8739456419868791 0.05625 0.03936269915651359
1 0.836875 0.5852858481724461 0.32625 0.3270852858481724
0 0.525625 0.1429240862230553 0.06 0.038425492033739454
0 0.630625 0.2788191190253046 0.08625 0.041237113402061855
0 0.006875 0.5323336457357076 0.01375 0.03561387066541706
0 0.24125 0.28444236176194937 0.045 0.03655107778819119
1 0.24875 0.3725398313027179 0.33375 0.2511715089034677
0 0.5525 0.2994376757263355 0.025 0.01499531396438613
0 0.880625 0.4550140581068416 0.03 0.010309278350515464
0 0.813125 0.6799437675726335 0.0375 0.02530459231490159
0 0.385 0.5548266166822868 0.0425 0.026241799437675725
0 0.536875 0.24695407685098406 0.03 0.01218369259606373
0 0.378125 0.5824742268041238 0.01625 0.01218369259606373
0 0.375 0.6682286785379569 0.0175 0.01499531396438613
0 0.441875 0.23195876288659795 0.02125 0.014058106841611996
0 0.571875 0.3641049671977507 0.0125 0.00937207122774133
0 0.550625 0.3809746954076851 0.015 0.00937207122774133