1 0.568125 0.3917525773195876 0.4625 0.3289597000937207
1 0.423125 0.668697282099344 0.3575 0.28209934395501407
0 0.560625 0.8284910965323337 0.09125 0.07591377694470477
0 0.888125 0.14995313964386128 0.0725 0.05154639175257732
0 0.715 0.15042174320524837 0.08875 0.06373008434864105
0 0.665 0.211340206185567 0.08875 0.07029053420805999
0 0.884375 0.5585754451733833 0.11125 0.07403936269915651
0 0.1525 0.3655107778819119 0.11125 0.07872539831302718
0 0.406875 0.3655107778819119 0.11625 0.10028116213683223
0 0.986875 0.6035613870665417 0.02625 0.09184629803186505
0 0.988125 0.6982193064667291 0.02375 0.03936269915651359
0 0.293125 0.41237113402061853 0.0975 0.09372071227741331
0 0.304375 0.28209934395501407 0.1425 0.08434864104967198
0 0.82125 0.7000937207122774 0.04125 0.030927835051546393
0 0.885625 0.7408622305529522 0.0425 0.030927835051546393
0 0.41375 0.7408622305529522 0.08375 0.07029053420805999
0 0.230625 0.18744142455482662 0.09125 0.07029053420805999
0 0.006875 0.3158388003748828 0.01375 0.03561387066541706
0 0.8525 0.8294283036551078 0.0575 0.03936269915651359
1 0.843125 0.53514526710403 0.31375 0.32989690721649484
0 0.43375 0.1457357075913777 0.06125 0.03936269915651359
0 0.934375 0.13964386129334583 0.04 0.03748828491096532
0 0.571875 0.2642924086223055 0.0875 0.04217432052483599
0 0.020625 0.6026241799437676 0.0225 0.03561387066541706
0 0.19125 0.32567947516401125 0.04625 0.03655107778819119
0 0.054375 0.8200562324273665 0.0275 0.028116213683223992
1 0.22125 0.41096532333645736 0.3375 0.2539831302717901
0 0.5 0.29568884723523897 0.025 0.01499531396438613
0 0.861875 0.40112464854732893 0.03 0.010309278350515464
0 0.85375 0.6316776007497656 0.0375 0.026241799437675725
0 0.40125 0.57029053420806 0.0425 0.026241799437675725
0 0.471875 0.246485473289597 0.03 0.01218369259606373
0 0.40125 0.598406747891284 0.01625 0.01218369259606373
0 0.42 0.683223992502343 0.0175 0.01499531396438613
0 0.374375 0.2450796626054358 0.02125 0.01499531396438613
0 0.535625 0.3561387066541706 0.0125 0.00937207122774133
0 0.519375 0.37582005623242737 0.015 0.00937207122774133