0 0.22625 0.3280224929709466 0.0725 0.05060918462980318
0 0.0725 0.3294283036551078 0.05875 0.04873477038425492
0 0.155 0.316776007497657 0.06375 0.05435801312089972
0 0.835 0.22633552014995315 0.0475 0.033739456419868794
0 0.670625 0.2619493908153702 0.045 0.038425492033739454
0 0.938125 0.41799437675726336 0.04125 0.04592314901593252
1 0.639375 0.5121836925960638 0.39875 0.38425492033739456
0 0.016875 0.38191190253045926 0.03375 0.06654170571696345
0 0.540625 0.7333645735707591 0.09 0.12839737582005623
0 0.4525 0.41377694470477977 0.065 0.053420805998125584
0 0.55875 0.3612933458294283 0.08875 0.046860356138706656
0 0.46625 0.37582005623242737 0.0675 0.03936269915651359
0 0.92 0.5257731958762887 0.02 0.02155576382380506
0 0.375 0.26101218369259604 0.04 0.02436738519212746
0 0.22625 0.4493908153701968 0.02375 0.01780693533270853
0 0.09 0.5787253983130272 0.02125 0.016869728209934397
0 0.480625 0.4568884723523899 0.10125 0.12089971883786317
0 0.90125 0.3828491096532334 0.045 0.046860356138706656
0 0.925625 0.5365510777881912 0.0225 0.028116213683223992
0 0.755625 0.7399250234301781 0.045 0.04873477038425492
0 0.838125 0.6251171508903468 0.16375 0.2014995313964386
0 0.560625 0.7427366447985004 0.085 0.11152764761012184
1 0.484375 0.8748828491096532 0.02375 0.010309278350515464
1 0.65375 0.8125585754451734 0.185 0.1162136832239925
1 0.7325 0.6541705716963448 0.30375 0.3064667291471415
1 0.8325 0.4006560449859419 0.30625 0.2970946579194002