0 0.369375 0.915651358950328 0.06625 0.056232427366447985
0 0.22125 0.0895032802249297 0.0425 0.04029990627928772
0 0.23875 0.682755388940956 0.06 0.04967197750702906
0 0.221875 0.7975632614807873 0.05875 0.03936269915651359
0 0.215625 0.7343017806935332 0.06625 0.04217432052483599
0 0.17875 0.21743205248359887 0.04 0.031865042174320526
0 0.205625 0.34395501405810686 0.04625 0.02999062792877226
0 0.445 0.1640112464854733 0.0575 0.026241799437675725
1 0.533125 0.3978444236176195 0.47375 0.25773195876288657
0 0.2838 0.8641049671977507 0.08241250000000001 0.05810684161199625
0 0.8139125 0.4979475164011246 0.16344999999999998 0.05260543580131209
0 0.38 0.5248359887535146 0.065 0.04311152764761012
0 0.32375 0.4395501405810684 0.0525 0.061855670103092786
0 0.33125 0.5098406747891284 0.045 0.046860356138706656
0 0.4525 0.08997188378631678 0.0825 0.041237113402061855
0 0.311875 0.08247422680412371 0.03625 0.02436738519212746
0 0.5225 0.09559512652296158 0.04 0.01874414245548266
0 0.585 0.19072164948453607 0.0275 0.01218369259606373
0 0.168125 0.563730084348641 0.02875 0.02717900656044986
0 0.440625 0.9123711340206185 0.03125 0.02530459231490159
0 0.399375 0.6977507029053421 0.02125 0.015932521087160263
0 0.5545875 0.8147235238987816 0.020375 0.01365510777881912
0 0.44077500000000003 0.5095876288659794 0.152075 0.06244611059044048
0 0.3936125 0.1868041237113402 0.058575 0.027666354264292408
0 0.599725 0.1877132146204311 0.0350125 0.014264292408622306
0 0.8485375000000001 0.3387441424554827 0.0618375 0.027975632614807875
0 0.7070875 0.2637394564198688 0.2536625 0.09997188378631677
0 0.8286625 0.4846298031865042 0.141125 0.051555763823805056
1 0.9945125 0.5570759137769447 0.010974999999999999 0.01683223992502343
1 0.9326125000000001 0.42343017806935335 0.13477499999999998 0.12725398313027178
1 0.7322875000000001 0.3460074976569822 0.38042499999999996 0.19430178069353327
1 0.40846249999999995 0.24042174320524834 0.3663 0.19807872539831303