0 0.6675 0.563261480787254 0.1175 0.10965323336457357
0 0.295625 0.28631677600749766 0.13875 0.09653233364573571
0 0.40625 0.837394564198688 0.0925 0.07216494845360824
0 0.278125 0.6204311152764761 0.08 0.1246485473289597
1 0.4 0.31208997188378634 0.11375 0.06747891283973759
1 0.37 0.4353327085285848 0.10625 0.06560449859418932
0 0.466875 0.23195876288659795 0.095 0.05529522024367385
0 0.169375 0.7460168697282099 0.04125 0.03561387066541706
1 0.515 0.6518275538894096 0.29125 0.190253045923149
0 0.368125 0.9306466729147141 0.04 0.038425492033739454
0 0.78 0.05154639175257732 0.0625 0.05154639175257732
1 0.525625 0.7994376757263355 0.20625 0.1387066541705717
0 0.086875 0.8350515463917526 0.04125 0.03748828491096532
0 0.23375 0.6982193064667291 0.045 0.05248359887535145
0 0.840625 0.14198687910028115 0.06125 0.04779756326148079
0 0.793125 0.4442361761949391 0.0725 0.03655107778819119
0 0.249375 0.8402061855670103 0.04125 0.03655107778819119
0 0.89 0.4287722586691659 0.0525 0.029053420805998126
0 0.908125 0.1077788191190253 0.03625 0.02717900656044986
0 0.44875 0.9409559512652296 0.04625 0.033739456419868794
0 0.4425 0.7033739456419869 0.04625 0.03561387066541706
0 0.48875 0.7211808809746955 0.04875 0.03936269915651359
0 0.960625 0.7671040299906279 0.025 0.02999062792877226
0 0.979375 0.8861293345829429 0.02125 0.01780693533270853
0 0.475625 0.9498594189315839 0.015 0.016869728209934397
0 0.85 0.4240862230552952 0.01875 0.01218369259606373
0 0.025 0.39737582005623245 0.0225 0.01780693533270853
0 0.81125 0.4597000937207123 0.01875 0.00937207122774133
0 0.67 0.6330834114339269 0.01875 0.033739456419868794
0 0.556875 0.6119962511715089 0.02625 0.01780693533270853
1 0.4875 0.6012183692596064 0.29125 0.18650421743205248