0 0.33125 0.43908153701968133 0.115 0.1077788191190253
0 0.709375 0.7108716026241799 0.13625 0.09465791940018745
0 0.585625 0.16119962511715089 0.09125 0.07122774133083412
0 0.71875 0.3767572633552015 0.0775 0.12371134020618557
1 0.604375 0.6865042174320525 0.1125 0.06560449859418932
1 0.63125 0.5627928772258669 0.105 0.06466729147141519
0 0.539375 0.767572633552015 0.09375 0.05435801312089972
0 0.825 0.24976569821930647 0.04 0.03467666354264293
1 0.48125 0.34817244611059045 0.2875 0.18650421743205248
0 0.621875 0.06747891283973759 0.03875 0.03748828491096532
0 0.230625 0.9522024367385192 0.06125 0.05060918462980318
1 0.4675 0.20103092783505155 0.2025 0.1358950328022493
0 0.905 0.15979381443298968 0.04 0.03655107778819119
0 0.761875 0.2985004686035614 0.04375 0.05154639175257732
0 0.1675 0.8622305529522024 0.06 0.046860356138706656
0 0.208125 0.5595126522961574 0.07125 0.03561387066541706
0 0.7425 0.15651358950328023 0.04 0.03561387066541706
0 0.111875 0.5763823805060918 0.05125 0.028116213683223992
0 0.10125 0.8973758200562324 0.035 0.02717900656044986
0 0.54125 0.05857544517338332 0.045 0.03280224929709466
0 0.5525 0.29568884723523897 0.045 0.03467666354264293
0 0.50625 0.2788191190253046 0.0475 0.038425492033739454
0 0.033125 0.23898781630740393 0.02375 0.02999062792877226
0 0.011875 0.1204311152764761 0.02125 0.01780693533270853
0 0.51375 0.04967197750702906 0.015 0.016869728209934397
0 0.151875 0.5805998125585754 0.01875 0.01218369259606373
0 0.9775 0.5965323336457357 0.0225 0.01780693533270853
0 0.19 0.5445173383317713 0.01875 0.00937207122774133
0 0.326875 0.3692596063730084 0.0175 0.033739456419868794
0 0.440625 0.3889409559512652 0.02625 0.01780693533270853
1 0.51 0.39878163074039363 0.2875 0.18275538894095594