0 0.9325 0.20055295220243674 0.1225 0.09186504217432052
0 0.948125 0.7478912839737581 0.10125 0.08434864104967198
1 0.4941875 0.46561387066541704 0.43433750000000004 0.18808809746954078
0 0.73625 0.14807872539831302 0.0325 0.02999062792877226
0 0.6025 0.520618556701031 0.06 0.03655107778819119
1 0.84875 0.5164011246485474 0.155 0.07685098406747891
1 0.4575 0.28350515463917525 0.1875 0.27085285848172447
0 0.3475 0.11527647610121837 0.0325 0.02999062792877226
0 0.368125 0.37207122774133083 0.05375 0.046860356138706656
0 0.4475 0.3416119962511715 0.05 0.04217432052483599
0 0.26375 0.19119025304592316 0.0325 0.02999062792877226
0 0.859375 0.22727272727272727 0.03125 0.030927835051546393
0 0.8424375000000001 0.5315182755388941 0.067625 0.032099343955014056
0 0.4429 0.39395501405810684 0.0492 0.04057169634489222
0 0.964375 0.849784442361762 0.07125 0.06599812558575445
0 0.42625 0.10168697282099344 0.075 0.030927835051546393
0 0.979375 0.29568884723523897 0.04125 0.029053420805998126
0 0.9735625 0.6188003748828491 0.052887500000000004 0.1567104029990628
0 0.473125 0.19072164948453607 0.02375 0.02155576382380506
0 0.63875 0.12511715089034678 0.03 0.01780693533270853
0 0.815625 0.20712277413308341 0.02875 0.016869728209934397
0 0.6925 0.13495782567947517 0.025 0.026241799437675725
0 0.703125 0.3125585754451734 0.02125 0.014058106841611996
0 0.369375 0.7436738519212746 0.03375 0.02717900656044986
0 0.375625 0.5571696344892221 0.02375 0.015932521087160263
0 0.955625 0.4985941893158388 0.02125 0.01499531396438613
0 0.276875 0.6265229615745079 0.01875 0.02155576382380506
0 0.041449999999999994 0.5644329896907216 0.03415 0.051321462043111526
0 0.1300375 0.4273758200562324 0.036324999999999996 0.03050609184629803
0 0.03115 0.5721462043111528 0.00975 0.010037488284910965
0 0.182 0.3625585754451734 0.0323875 0.028612933458294285
0 0.0410125 0.12754451733833178 0.04195 0.02111527647610122
0 0.9689749999999999 0.16599812558575447 0.06205 0.0319493908153702
0 0.9439624999999999 0.8287160262417994 0.0177125 0.014283036551077788
0 0.5529125 0.5377881911902531 0.045774999999999996 0.024611059044048735
1 0.512475 0.6531865042174321 0.37717500000000004 0.246447985004686
1 0.47495 0.664742268041237 0.43189999999999995 0.31663542642924086