0 0.614375 0.38144329896907214 0.12375 0.08997188378631678
0 0.555 0.18791002811621368 0.1075 0.06841611996251172
0 0.68125 0.3125585754451734 0.1075 0.07029053420805999
0 0.156875 0.14761012183692596 0.09625 0.06279287722586692
0 0.43375 0.619962511715089 0.12 0.05154639175257732
0 0.534375 0.7432052483598875 0.09875 0.04873477038425492
1 0.2075 0.5815370196813496 0.0775 0.1021555763823805
0 0.545 0.5773195876288659 0.075 0.05060918462980318
0 0.5375 0.6452671040299907 0.0925 0.03467666354264293
0 0.578125 0.5955951265229615 0.06125 0.06654170571696345
0 0.495 0.33411433926897843 0.045 0.029053420805998126
0 0.86 0.28256794751640113 0.0425 0.02155576382380506
0 0.754375 0.7680412371134021 0.04125 0.02530459231490159
0 0.344375 0.21930646672914714 0.04625 0.02436738519212746
0 0.6275 0.4400187441424555 0.045 0.030927835051546393
0 0.82355 0.6040018744142456 0.09452500000000001 0.1339643861293346
0 0.224375 0.4034676663542643 0.08625 0.038425492033739454
0 0.76125 0.7920805998125585 0.0475 0.025951265229615748
1 0.9518125000000001 0.6800281162136833 0.09637499999999999 0.2517713214620431
0 0.4054625 0.29067478912839734 0.0259125 0.04906279287722587
1 0.9265875 0.4280693533270853 0.1468375 0.27114339268978443
0 0.039375 0.1850984067478913 0.03625 0.019681349578256794
0 0.01375 0.1836925960637301 0.0275 0.016869728209934397
0 0.705625 0.12558575445173384 0.04125 0.020618556701030927
0 0.85875 0.08106841611996252 0.02 0.02530459231490159
0 0.799375 0.12089971883786317 0.02625 0.016869728209934397
0 0.8932625000000001 0.057788191190253045 0.018475 0.008144329896907216
0 0.441875 0.48641049671977504 0.03875 0.013120899718837863
0 0.895625 0.6063730084348641 0.02375 0.028116213683223992
0 0.675625 0.6466729147141518 0.01875 0.013120899718837863
0 0.920625 0.4967197750702905 0.03125 0.020618556701030927
0 0.211875 0.7839737582005624 0.02375 0.014058106841611996
0 0.48625 0.8364573570759137 0.0225 0.01218369259606373
0 0.625 0.7432052483598875 0.03 0.011246485473289597
0 0.439375 0.7446110590440488 0.02375 0.014058106841611996
0 0.06825 0.27674789128397376 0.13651249999999998 0.14184629803186505
0 0.41835 0.2952577319587629 0.034325 0.06067478912839737
0 0.5544625 0.24152764761012183 0.0280375 0.020093720712277413
0 0.45945 0.09331771321462043 0.0628125 0.030927835051546393
0 0.4675125 0.08061855670103092 0.05745 0.030937207122774132
0 0.95765 0.3338331771321462 0.0296875 0.010271790065604499
0 0.952075 0.44162136832239923 0.008625 0.007685098406747891
0 0.9858625000000001 0.4543205248359887 0.028275 0.051049671977507025
0 0.9987125 0.6391658856607311 0.0025624999999999997 0.008238050609184628
0 0.9966750000000001 0.6605998125585755 0.0066500000000000005 0.00808809746954077
0 0.95825 0.7251921274601687 0.0074125 0.006522961574507966