0 0.705625 0.30880974695407687 0.11625 0.08247422680412371
0 0.560625 0.7680412371134021 0.1075 0.09090909090909091
0 0.453125 0.8097469540768509 0.105 0.09090909090909091
0 0.084375 0.44329896907216493 0.14 0.10590440487347703
0 0.614375 0.6368322399250235 0.11875 0.06654170571696345
0 0.140625 0.3631677600749766 0.11 0.1190253045923149
0 0.181875 0.7717900656044986 0.07375 0.06279287722586692
0 0.2675 0.7408622305529522 0.04125 0.03561387066541706
0 0.208125 0.6119962511715089 0.04125 0.03467666354264293
0 0.173125 0.14667291471415184 0.06625 0.04967197750702906
0 0.8175 0.8617619493908154 0.0525 0.05154639175257732
0 0.0625 0.3233364573570759 0.0875 0.11527647610121837
0 0.930625 0.2600749765698219 0.05375 0.04967197750702906
0 0.0525 0.6040299906279287 0.05625 0.044048734770384255
0 0.9525 0.42361761949390814 0.07125 0.046860356138706656
0 0.159375 0.6968134957825679 0.05625 0.03561387066541706
0 0.1775 0.3247422680412371 0.06125 0.04873477038425492
0 0.279375 0.837863167760075 0.0425 0.028116213683223992
0 0.256875 0.3776944704779756 0.04 0.029053420805998126
0 0.98625 0.43908153701968133 0.0275 0.05154639175257732
0 0.934375 0.7830365510777882 0.04125 0.03936269915651359
0 0.151875 0.457825679475164 0.0575 0.038425492033739454
1 0.425625 0.4761012183692596 0.34875 0.1218369259606373
0 0.204375 0.697282099343955 0.04 0.031865042174320526
0 0.125 0.6630740393626992 0.045 0.030927835051546393
0 0.093125 0.18322399250234303 0.04125 0.02999062792877226
1 0.5025 0.2539831302717901 0.115 0.21462043111527648
0 0.944375 0.7539831302717901 0.03 0.028116213683223992
0 0.29875 0.35238987816307404 0.0325 0.023430178069353328
0 0.950625 0.10028116213683223 0.02125 0.013120899718837863
0 0.51 0.309746954076851 0.02875 0.02717900656044986
0 0.0575 0.225398313027179 0.02625 0.04592314901593252
0 0.986875 0.5590440487347704 0.02 0.03748828491096532
0 0.08875 0.6298031865042174 0.03375 0.02155576382380506
0 0.495625 0.16776007497656983 0.015 0.014058106841611996
1 0.49875 0.2450796626054358 0.11875 0.2155576382380506