0 0.928125 0.7999062792877226 0.06125 0.03936269915651359
0 0.93375 0.17994376757263356 0.0475 0.031865042174320526
0 0.960625 0.25257731958762886 0.0175 0.01499531396438613
0 0.734375 0.15370196813495782 0.02125 0.015932521087160263
0 0.930625 0.09653233364573571 0.01125 0.010309278350515464
0 0.964375 0.2736644798500469 0.00875 0.007497656982193065
0 0.8175 0.42783505154639173 0.05125 0.01499531396438613
0 0.790625 0.45220243673851923 0.01625 0.013120899718837863
0 0.810625 0.507029053420806 0.01625 0.013120899718837863
0 0.8825 0.5716963448922212 0.04625 0.016869728209934397
0 0.821875 0.5360824742268041 0.0175 0.014058106841611996
0 0.51 0.28116213683223995 0.01625 0.013120899718837863
0 0.543125 0.25585754451733833 0.02125 0.010309278350515464
0 0.650625 0.25538894095595127 0.02 0.00937207122774133
0 0.4125 0.3711340206185567 0.01 0.008434864104967198
0 0.39625 0.528584817244611 0.03 0.02155576382380506
0 0.399375 0.5501405810684161 0.025 0.020618556701030927
0 0.545 0.42830365510777885 0.06 0.01874414245548266
0 0.32625 0.4765698219306467 0.0425 0.020618556701030927
0 0.31125 0.4990627928772259 0.02 0.014058106841611996
0 0.7025 0.42924086223055297 0.0175 0.01218369259606373
0 0.061875 0.33411433926897843 0.02875 0.019681349578256794
0 0.06125 0.37300843486410495 0.0125 0.00937207122774133
0 0.10125 0.5712277413308341 0.0225 0.014058106841611996
0 0.101875 0.443767572633552 0.01125 0.008434864104967198
0 0.573125 0.4536082474226804 0.03 0.00937207122774133
0 0.4925 0.44611059044048734 0.09125 0.02155576382380506
0 0.453125 0.46016869728209936 0.0475 0.020618556701030927
0 0.445625 0.4554826616682287 0.01875 0.01218369259606373
0 0.433125 0.4732895970009372 0.09375 0.046860356138706656
0 0.37375 0.46860356138706655 0.085 0.04029990627928772
0 0.50875 0.6869728209934396 0.0125 0.011246485473289597