0 0.9425 0.21227741330834116 0.0475 0.04217432052483599
0 0.120625 0.1429240862230553 0.03875 0.03280224929709466
0 0.220625 0.12792877225866917 0.01875 0.015932521087160263
0 0.065 0.2891283973758201 0.02 0.014058106841611996
0 0.01 0.13683223992502344 0.0125 0.007497656982193065
0 0.248125 0.1302717900656045 0.00875 0.005623242736644799
0 0.4375 0.25585754451733833 0.015 0.03748828491096532
0 0.466875 0.27835051546391754 0.01625 0.011246485473289597
0 0.541875 0.2689784442361762 0.01625 0.011246485473289597
0 0.635 0.22211808809746955 0.0175 0.033739456419868794
0 0.58125 0.26382380506091846 0.0175 0.01218369259606373
0 0.210625 0.46954076850984067 0.01625 0.011246485473289597
0 0.180625 0.4423617619493908 0.01125 0.01499531396438613
0 0.19125 0.3622305529522024 0.01 0.014058106841611996
0 0.32 0.5515463917525774 0.01 0.006560449859418931
0 0.526875 0.5801312089971884 0.02625 0.020618556701030927
0 0.55625 0.5801312089971884 0.025 0.016869728209934397
0 0.409375 0.4587628865979381 0.01875 0.044048734770384255
0 0.450625 0.626991565135895 0.02375 0.02999062792877226
0 0.47875 0.64058106841612 0.0175 0.014058106841611996
0 0.4275 0.3416119962511715 0.015 0.01218369259606373
0 0.234375 0.8092783505154639 0.02375 0.019681349578256794
0 0.285625 0.8139643861293346 0.01125 0.008434864104967198
0 0.553125 0.8045923149015932 0.01625 0.015932521087160263
0 0.38375 0.7910028116213683 0.01 0.007497656982193065
0 0.850125 0.10119025304592315 0.013774999999999999 0.020684161199625118
0 0.4464125 0.4403936269915651 0.00995 0.02161199625117151
0 0.42722499999999997 0.49976569821930644 0.01955 0.06722586691658856
0 0.4424125 0.5307872539831303 0.02275 0.033795688847235245
0 0.434825 0.5358856607310215 0.01555 0.012811621368322399
0 0.45740000000000003 0.5469634489222118 0.053525 0.06618556701030928
0 0.44481250000000006 0.5907310215557637 0.0467375 0.06018744142455482
0 0.7488625 0.5129522024367386 0.013162499999999999 0.007975632614807873