0 0.4225 0.5056232427366448 0.09125 0.06466729147141519
0 0.0975 0.2797563261480787 0.06 0.04873477038425492
0 0.419375 0.46251171508903466 0.0875 0.06935332708528585
0 0.354375 0.33598875351452673 0.1525 0.07497656982193064
0 0.534375 0.4775070290534208 0.115 0.07403936269915651
0 0.485625 0.42830365510777885 0.1025 0.056232427366447985
0 0.884375 0.5552952202436738 0.0725 0.02999062792877226
0 0.37375 0.18041237113402062 0.04625 0.03280224929709466
0 0.248125 0.2169634489222118 0.0525 0.03561387066541706
0 0.19375 0.09372071227741331 0.09625 0.03655107778819119
0 0.1825 0.1204311152764761 0.05375 0.03280224929709466
0 0.85125 0.5290534208059982 0.095 0.04592314901593252
0 0.628125 0.37300843486410495 0.07125 0.02717900656044986
0 0.14125 0.7938144329896907 0.04875 0.02436738519212746
0 0.10875 0.3753514526710403 0.0425 0.06841611996251172
0 0.813125 0.555763823805061 0.07 0.03655107778819119
0 0.188125 0.4198687910028116 0.0475 0.03467666354264293
0 0.6675 0.36597938144329895 0.075 0.026241799437675725
0 0.940625 0.5084348641049672 0.06375 0.03467666354264293
0 0.744375 0.3809746954076851 0.0825 0.028116213683223992
0 0.895625 0.5060918462980318 0.09125 0.03655107778819119
0 0.545625 0.3556701030927835 0.10375 0.03748828491096532
0 0.559375 0.9161199625117151 0.025 0.05154639175257732
0 0.899375 0.42549203373945643 0.11 0.029053420805998126
0 0.8675 0.8228678537956888 0.02 0.01874414245548266
0 0.965 0.8074039362699157 0.01625 0.01499531396438613
0 0.9425 0.8055295220243673 0.02125 0.014058106841611996
0 0.81 0.7371134020618557 0.01875 0.011246485473289597
0 0.89 0.8833177132146204 0.03125 0.010309278350515464
0 0.91875 0.8814432989690721 0.02 0.010309278350515464
0 0.59875 0.7685098406747891 0.01875 0.01780693533270853
0 0.473125 0.738987816307404 0.02 0.01499531396438613
0 0.47875 0.7094657919400188 0.0175 0.01499531396438613
0 0.60125 0.7521087160262419 0.0175 0.01218369259606373
0 0.23625 0.8247422680412371 0.03125 0.02436738519212746
0 0.091875 0.703842549203374 0.035 0.022492970946579195
0 0.125 0.6541705716963448 0.03125 0.01218369259606373
0 0.1875 0.8472352389878163 0.01875 0.007497656982193065
0 0.87375 0.6738519212746017 0.02125 0.01874414245548266
0 0.3975 0.6387066541705717 0.02 0.014058106841611996
0 0.300625 0.5599812558575445 0.04125 0.02530459231490159
0 0.09 0.6091846298031866 0.0375 0.02530459231490159
0 0.253125 0.5506091846298032 0.03875 0.026241799437675725
0 0.18125 0.5852858481724461 0.03875 0.016869728209934397
0 0.163125 0.28959700093720714 0.03375 0.02530459231490159
0 0.2175 0.29662605435801315 0.045 0.01874414245548266
0 0.110625 0.20618556701030927 0.045 0.015932521087160263
0 0.243125 0.2924086223055295 0.0325 0.01874414245548266
0 0.14625 0.45032802249297094 0.065 0.04592314901593252
0 0.288125 0.3261480787253983 0.08 0.05060918462980318
0 0.40625 0.3795688847235239 0.105 0.04873477038425492
0 0.380625 0.41424554826616683 0.0875 0.05248359887535145
0 0.25375 0.6101218369259607 0.01875 0.015932521087160263
0 0.269375 0.6110590440487348 0.02 0.014058106841611996
0 0.23875 0.7642924086223055 0.0175 0.014058106841611996
0 0.9025 0.8734770384254921 0.0175 0.01218369259606373
0 0.951875 0.48500468603561386 0.09625 0.03280224929709466
0 0.969375 0.46672914714151825 0.06125 0.026241799437675725
0 0.95125 0.44611059044048734 0.08125 0.02155576382380506
0 0.82 0.4217432052483599 0.05875 0.022492970946579195
0 0.741875 0.40815370196813494 0.03875 0.011246485473289597
0 0.53875 0.3669165885660731 0.04125 0.014058106841611996
0 0.698125 0.3856607310215558 0.05875 0.022492970946579195
0 0.775 0.4001874414245548 0.105 0.02999062792877226
0 0.851875 0.4062792877225867 0.1075 0.029053420805998126
0 0.565625 0.6176194939081537 0.04875 0.07216494845360824
0 0.58125 0.6836925960637301 0.04375 0.06373008434864105
0 0.5875 0.7385192127460168 0.02 0.05810684161199625
0 0.610625 0.7441424554826617 0.0175 0.01499531396438613