1 0.490625 0.3683223992502343 0.2125 0.1836925960637301
1 0.285 0.45454545454545453 0.27 0.19868791002811623
0 0.325 0.8045923149015932 0.07875 0.056232427366447985
0 0.460625 0.6110590440487348 0.04875 0.031865042174320526
0 0.71875 0.12277413308341144 0.07625 0.03561387066541706
0 0.741875 0.28256794751640113 0.055 0.06373008434864105
0 0.79875 0.47563261480787256 0.04375 0.03936269915651359
0 0.644375 0.662605435801312 0.10625 0.06935332708528585
0 0.536875 0.5023430178069354 0.05125 0.029053420805998126
0 0.62 0.13120899718837864 0.035 0.030927835051546393
0 0.6025 0.2572633552014995 0.04625 0.03748828491096532
0 0.781875 0.4076850984067479 0.0425 0.033739456419868794
0 0.25375 0.25960637300843487 0.0375 0.03748828491096532
0 0.436875 0.5234301780693533 0.06375 0.038425492033739454
0 0.559375 0.46344892221180883 0.0525 0.03280224929709466
0 0.783125 0.5716963448922212 0.045 0.03655107778819119
0 0.106875 0.3364573570759138 0.0375 0.04217432052483599
0 0.91125 0.2633552014995314 0.05375 0.09465791940018745
0 0.0475 0.6232427366447985 0.0325 0.046860356138706656
0 0.713125 0.44798500468603564 0.05 0.1218369259606373
0 0.589375 0.6522961574507966 0.0375 0.029053420805998126
0 0.559375 0.7029053420805998 0.04625 0.02999062792877226
0 0.735 0.7108716026241799 0.03375 0.020618556701030927
0 0.769375 0.6677600749765699 0.01875 0.02155576382380506
0 0.24125 0.7933458294283037 0.025 0.016869728209934397
0 0.031875 0.6977507029053421 0.03125 0.033739456419868794
0 0.868125 0.4076850984067479 0.025 0.015932521087160263
0 0.709375 0.6508903467666354 0.03125 0.01874414245548266
0 0.95125 0.33411433926897843 0.035 0.01874414245548266
0 0.88 0.5538894095595126 0.0175 0.015932521087160263
0 0.690625 0.35098406747891286 0.02375 0.016869728209934397
0 0.981875 0.3739456419868791 0.01625 0.01218369259606373
0 0.948125 0.5187441424554826 0.01375 0.01874414245548266
0 0.908125 0.47282099343955014 0.01125 0.007497656982193065
0 0.966875 0.5552952202436738 0.0225 0.016869728209934397
0 0.900625 0.6321462043111528 0.02875 0.020618556701030927
0 0.528125 0.3692596063730084 0.01875 0.01218369259606373
0 0.581875 0.3908153701968135 0.02375 0.03280224929709466
0 0.57125 0.4339268978444236 0.02125 0.014058106841611996
0 0.669375 0.5309278350515464 0.01875 0.015932521087160263
0 0.519375 0.3514526710402999 0.03125 0.008434864104967198
0 0.158125 0.4076850984067479 0.03 0.03280224929709466
0 0.278125 0.4690721649484536 0.02125 0.02155576382380506
0 0.11875 0.6804123711340206 0.025 0.020618556701030927
0 0.20875 0.41237113402061853 0.0175 0.03280224929709466
0 0.165 0.351921274601687 0.02625 0.02717900656044986
0 0.0425 0.36457357075913777 0.035 0.023430178069353328
0 0.963125 0.2872539831302718 0.03125 0.02999062792877226
0 0.810625 0.2914714151827554 0.025 0.02155576382380506
0 0.793125 0.20103092783505155 0.025 0.022492970946579195
0 0.9375 0.08481724461105905 0.01375 0.01218369259606373
0 0.796875 0.10449859418931584 0.015 0.014058106841611996
0 0.671875 0.2760074976569822 0.01625 0.013120899718837863
0 0.896875 0.09090909090909091 0.0175 0.015932521087160263
0 0.94125 0.10684161199625117 0.02125 0.01499531396438613
0 0.9675 0.24133083411433928 0.02 0.020618556701030927
0 0.579375 0.12371134020618557 0.0275 0.020618556701030927
0 0.5675 0.20056232427366447 0.02625 0.020618556701030927
0 0.580625 0.3252108716026242 0.02625 0.029053420805998126
0 0.385 0.28865979381443296 0.01875 0.014058106841611996
0 0.175625 0.5674789128397376 0.0475 0.029053420805998126
0 0.070625 0.5060918462980318 0.05 0.038425492033739454
0 0.07125 0.47703842549203374 0.04875 0.03561387066541706
0 0.07125 0.45407685098406747 0.03875 0.028116213683223992
0 0.201875 0.34395501405810686 0.0175 0.026241799437675725
0 0.025 0.3083411433926898 0.01 0.008434864104967198
0 0.069375 0.19400187441424555 0.02125 0.011246485473289597
0 0.544375 0.35051546391752575 0.0125 0.007497656982193065
0 0.945 0.5805998125585754 0.0175 0.013120899718837863
0 0.9775 0.6312089971883786 0.0225 0.01780693533270853
0 0.83 0.6808809746954076 0.05625 0.030927835051546393
0 0.465 0.6668228678537957 0.0175 0.013120899718837863
0 0.450625 0.6733833177132146 0.02 0.013120899718837863
0 0.2225 0.7947516401124649 0.0275 0.01874414245548266
1 0.036875 0.5759137769447048 0.07375 0.18837863167760074
1 0.10125 0.5932521087160263 0.19125 0.19306466729147143
1 0.04375 0.41940018744142454 0.0875 0.14526710402999063
1 0.106875 0.2727272727272727 0.21375 0.2380506091846298