0 0.72 0.39690721649484534 0.07 0.06279287722586692
0 0.156875 0.41377694470477977 0.09375 0.1134020618556701
1 0.59125 0.7502343017806935 0.1325 0.1077788191190253
0 0.8025 0.5028116213683224 0.075 0.06841611996251172
0 0.044375 0.3561387066541706 0.08875 0.06747891283973759
0 0.17010000000000003 0.6316776007497656 0.0772875 0.06560449859418932
0 0.083125 0.6883786316776007 0.09375 0.08716026241799438
0 0.228125 0.5763823805060918 0.06625 0.09184629803186505
0 0.973125 0.5979381443298969 0.05375 0.056232427366447985
0 0.27375 0.5089034676663543 0.1425 0.07497656982193064
0 0.96 0.5023430178069354 0.0775 0.05435801312089972
1 0.700625 0.6869728209934396 0.14375 0.10684161199625117
0 0.56875 0.38706654170571697 0.04 0.02999062792877226
0 0.57125 0.6499531396438613 0.04 0.030927835051546393
0 0.24125 0.866447985004686 0.035 0.02717900656044986
0 0.58875 0.4948453608247423 0.06 0.041237113402061855
0 0.668125 0.4901593252108716 0.05625 0.033739456419868794
0 0.828125 0.5955951265229615 0.04375 0.044048734770384255
0 0.170625 0.8472352389878163 0.04875 0.03936269915651359
0 0.64375 0.514526710402999 0.0425 0.02436738519212746
0 0.874375 0.6176194939081537 0.05625 0.06935332708528585
0 0.7975 0.4090909090909091 0.04 0.053420805998125584
0 0.591875 0.5604498594189316 0.03875 0.033739456419868794
0 0.829375 0.5656044985941893 0.04375 0.04592314901593252
0 0.394375 0.4329896907216495 0.06625 0.061855670103092786
0 0.011875 0.563261480787254 0.02375 0.05060918462980318
0 0.304875 0.32375820056232424 0.028825 0.011593252108716026
0 0.5993375000000001 0.30403936269915655 0.013675 0.01013120899718838
0 0.866875 0.3013120899718838 0.02875 0.01780693533270853
0 0.754375 0.32052483598875353 0.02875 0.01874414245548266
0 0.931875 0.30412371134020616 0.01375 0.010309278350515464
0 0.931875 0.2952202436738519 0.01625 0.007497656982193065
0 0.831875 0.3247422680412371 0.01125 0.014058106841611996
0 0.04125 0.5627928772258669 0.01 0.010309278350515464
0 0.650625 0.5801312089971884 0.02875 0.022492970946579195
0 0.536875 0.60543580131209 0.03375 0.02436738519212746
0 0.494375 0.48125585754451733 0.02125 0.015932521087160263
0 0.564375 0.584817244611059 0.02375 0.013120899718837863
0 0.46625 0.584348641049672 0.015 0.01218369259606373
0 0.435 0.6396438612933458 0.0075 0.004686035613870665
0 0.88875 0.5445173383317713 0.015 0.011246485473289597
0 0.20125 0.7277413308341143 0.0275 0.01780693533270853
0 0.20625 0.866447985004686 0.0175 0.015932521087160263
0 0.23 0.6743205248359887 0.0125 0.010309278350515464
0 0.190625 0.7371134020618557 0.02375 0.01780693533270853
0 0.12625 0.816776007497657 0.01 0.006560449859418931
0 0.534375 0.8266166822867854 0.02875 0.022492970946579195
0 0.60125 0.9147141518275539 0.03 0.02436738519212746
0 0.551875 0.7150890346766635 0.02375 0.028116213683223992
0 0.389375 0.7010309278350515 0.02375 0.020618556701030927
0 0.493125 0.6968134957825679 0.02625 0.01218369259606373
0 0.575 0.9381443298969072 0.025 0.016869728209934397
0 0.59625 0.8720712277413308 0.025 0.01780693533270853
0 0.52 0.6954076850984068 0.0175 0.01874414245548266
0 0.550625 0.8022492970946579 0.01625 0.01499531396438613
0 0.57 0.8097469540768509 0.02 0.01499531396438613
0 0.678125 0.781630740393627 0.02375 0.022492970946579195
0 0.6775 0.6916588566073102 0.015 0.013120899718837863
0 0.988125 0.711340206185567 0.01625 0.00937207122774133
0 0.303825 0.3141237113402062 0.0229625 0.007994376757263355
0 0.27931249999999996 0.5342830365510778 0.01685 0.013420805998125587
0 0.32323749999999996 0.5640487347703843 0.014025000000000001 0.012408622305529523
0 0.14205 0.6291940018744143 0.0371625 0.023692596063730087
0 0.054762500000000006 0.577282099343955 0.02825 0.016391752577319587
0 0.03525 0.579165885660731 0.030875 0.017385192127460168
0 0.3900875 0.488912839737582 0.0533125 0.047619493908153704
0 0.96235 0.6618650421743205 0.0160625 0.010224929709465792
1 0.9441124999999999 0.4927647610121837 0.111775 0.12949390815370196
0 0.818775 0.4314151827553889 0.0138625 0.013364573570759137