0 0.695625 0.3725398313027179 0.0825 0.07029053420805999
0 0.143125 0.4550140581068416 0.11625 0.12277413308341144
1 0.6425 0.7366447985004686 0.15375 0.1218369259606373
0 0.799375 0.46719775070290537 0.08875 0.07591377694470477
0 0.035 0.4114339268978444 0.07 0.07685098406747891
0 0.20125 0.668697282099344 0.09 0.07403936269915651
0 0.1275 0.7347703842549204 0.11125 0.09746954076850985
0 0.2475 0.6073102155576382 0.085 0.09840674789128398
0 0.9775 0.5407685098406748 0.045 0.061855670103092786
0 0.278125 0.53514526710403 0.15625 0.09090909090909091
0 0.955 0.4484536082474227 0.0875 0.06279287722586692
1 0.736875 0.6611996251171509 0.16375 0.12277413308341144
0 0.544375 0.380506091846298 0.04625 0.03467666354264293
0 0.601875 0.6396438612933458 0.04625 0.03561387066541706
0 0.320625 0.8922211808809747 0.04 0.030927835051546393
0 0.586875 0.4845360824742268 0.0675 0.04779756326148079
0 0.66375 0.4704779756326148 0.0625 0.04029990627928772
0 0.84375 0.555763823805061 0.0525 0.04873477038425492
0 0.246875 0.8814432989690721 0.05625 0.04498594189315839
0 0.645 0.49765698219306465 0.0475 0.029053420805998126
0 0.894375 0.5721649484536082 0.07 0.07497656982193064
0 0.775 0.3753514526710403 0.05125 0.05716963448922212
0 0.603125 0.5487347703842549 0.045 0.03748828491096532
0 0.83875 0.5262417994376757 0.0525 0.05060918462980318
0 0.381875 0.44611059044048734 0.07875 0.06841611996251172
0 0.03125 0.619962511715089 0.03375 0.05248359887535145
0 0.270625 0.3486410496719775 0.03125 0.014058106841611996
0 0.5575 0.29475164011246485 0.01625 0.01218369259606373
0 0.820625 0.260543580131209 0.0325 0.020618556701030927
0 0.71375 0.2928772258669166 0.0325 0.02155576382380506
0 0.885625 0.25585754451733833 0.01625 0.01218369259606373
0 0.88375 0.24695407685098406 0.0175 0.00937207122774133
0 0.79125 0.2881911902530459 0.01375 0.01499531396438613
0 0.06 0.6157450796626054 0.0125 0.011246485473289597
0 0.665625 0.5613870665417057 0.0325 0.02530459231490159
0 0.558125 0.5998125585754451 0.03875 0.028116213683223992
0 0.490625 0.48219306466729145 0.02375 0.01780693533270853
0 0.58125 0.5763823805060918 0.02625 0.015932521087160263
0 0.484375 0.5871602624179943 0.0175 0.014058106841611996
0 0.465 0.6457357075913777 0.00875 0.005623242736644799
0 0.893125 0.4985941893158388 0.0175 0.013120899718837863
0 0.2525 0.7600749765698219 0.03125 0.020618556701030927
0 0.28625 0.8964386129334583 0.02 0.01780693533270853
0 0.27 0.703842549203374 0.015 0.011246485473289597
0 0.24375 0.7703842549203374 0.0275 0.020618556701030927
0 0.196875 0.8566073102155577 0.01125 0.007497656982193065
0 0.601875 0.8186504217432052 0.0325 0.02530459231490159
0 0.68625 0.8978444236176195 0.035 0.02717900656044986
0 0.59625 0.7061855670103093 0.02875 0.030927835051546393
0 0.4325 0.711340206185567 0.0275 0.023430178069353328
0 0.534375 0.6954076850984068 0.02875 0.01499531396438613
0 0.665625 0.9240862230552952 0.02875 0.019681349578256794
0 0.6725 0.8561387066541706 0.02875 0.020618556701030927
0 0.560625 0.6907216494845361 0.02125 0.020618556701030927
0 0.613125 0.7924086223055296 0.01875 0.016869728209934397
0 0.63375 0.7975632614807873 0.0225 0.016869728209934397
0 0.735 0.7572633552014996 0.02875 0.02530459231490159
0 0.715 0.668697282099344 0.0175 0.01499531396438613
0 0.2675 0.3392689784442362 0.02375 0.011246485473289597
0 0.289375 0.5595126522961574 0.01875 0.01499531396438613
0 0.33875 0.584348641049672 0.01625 0.014058106841611996
0 0.173125 0.6696344892221181 0.0425 0.02717900656044986
0 0.076875 0.6283973758200563 0.03125 0.01874414245548266
0 0.0575 0.6326148078725399 0.035 0.02155576382380506
0 0.38875 0.5018744142455482 0.0625 0.053420805998125584
0 0.990625 0.60543580131209 0.01875 0.01218369259606373
1 0.934375 0.44048734770384257 0.13125 0.14058106841611998
0 0.800625 0.3950328022492971 0.01625 0.01499531396438613