0 0.728125 0.3739456419868791 0.09125 0.07122774133083412
0 0.455625 0.3406747891283974 0.10375 0.1077788191190253
0 0.2975 0.232427366447985 0.1125 0.11246485473289597
0 0.66375 0.3444236176194939 0.0975 0.06466729147141519
0 0.840625 0.5079662605435802 0.08625 0.06373008434864105
0 0.206875 0.492970946579194 0.07625 0.056232427366447985
0 0.31625 0.5093720712277413 0.095 0.07403936269915651
0 0.179375 0.22024367385192128 0.08375 0.05810684161199625
0 0.711875 0.48641049671977504 0.06625 0.04498594189315839
0 0.7775 0.23851921274601687 0.075 0.053420805998125584
0 0.353125 0.6850984067478912 0.08125 0.10684161199625117
0 0.39 0.13261480787253982 0.0775 0.04779756326148079
0 0.29875 0.6607310215557638 0.0725 0.06747891283973759
0 0.93875 0.5913776944704779 0.04 0.02999062792877226
0 0.1675 0.2727272727272727 0.06 0.046860356138706656
0 0.675625 0.4217432052483599 0.02875 0.031865042174320526
0 0.76945 0.6302717900656045 0.0439125 0.03655107778819119
0 0.710625 0.6780693533270853 0.04375 0.03280224929709466
0 0.879375 0.44470477975632616 0.04125 0.03280224929709466
0 0.876875 0.7680412371134021 0.03875 0.030927835051546393
0 0.73 0.23711340206185566 0.065 0.04498594189315839
0 0.79375 0.18697282099343954 0.075 0.05529522024367385
0 0.01625 0.5923149015932521 0.0325 0.03936269915651359
0 0.666875 0.15370196813495782 0.08375 0.01874414245548266
0 0.23 0.09981255857544517 0.06 0.08903467666354264
0 0.775625 0.1738519212746017 0.08375 0.059044048734770385
0 0.98125 0.35520149953139646 0.035 0.03936269915651359
0 0.941875 0.25866916588566075 0.05625 0.03748828491096532
0 0.014375 0.4072164948453608 0.02875 0.04029990627928772
0 0.6603 0.4639175257731959 0.0330875 0.026241799437675725
0 0.583 0.5646672914714151 0.015 0.010309278350515464
0 0.85875 0.4653233364573571 0.03 0.019681349578256794
0 0.683125 0.5918462980318651 0.02125 0.010309278350515464
0 0.31375 0.8847235238987816 0.0125 0.00937207122774133
0 0.621875 0.8392689784442362 0.02125 0.010309278350515464
0 0.3574125 0.8993814432989691 0.022324999999999998 0.013795688847235239
0 0.4675 0.7947516401124649 0.02 0.00937207122774133
0 0.575625 0.7235238987816307 0.02125 0.00937207122774133
0 0.68 0.8031865042174321 0.0275 0.02436738519212746
0 0.984375 0.7052483598875351 0.02875 0.029053420805998126
0 0.769375 0.8969072164948454 0.01875 0.016869728209934397
0 0.44165 0.3320243673851921 0.0355625 0.028369259606373008
0 0.6006125 0.22538894095595127 0.040225 0.02301780693533271
0 0.7009125 0.08462043111527648 0.0209375 0.01696344892221181
0 0.6148250000000001 0.4942080599812559 0.037512500000000004 0.02556701030927835
0 0.539575 0.4830459231490159 0.017625 0.01289597000937207
0 0.5563875 0.5680131208997189 0.0118375 0.0073758200562324275
0 0.48845 0.6388472352389878 0.077125 0.012380506091846299
0 0.32315 0.7920899718837863 0.010974999999999999 0.013439550140581069
0 0.0018124999999999999 0.7683505154639175 0.0036249999999999998 0.016344892221180882
1 0.34223750000000003 0.5566354264292408 0.1662375 0.14088097469540767
1 0.5510375 0.4371227741330834 0.21271249999999997 0.12595126522961572
1 0.5568375 0.44893158388003745 0.2096375 0.12520149953139645