0 0.7025 0.3514526710402999 0.10375 0.07966260543580131
0 0.42625 0.3467666354264292 0.1225 0.11715089034676664
0 0.25 0.2563261480787254 0.1325 0.12277413308341144
0 0.633125 0.3289597000937207 0.10875 0.07403936269915651
0 0.83875 0.4723523898781631 0.0975 0.07216494845360824
0 0.208125 0.5234301780693533 0.08625 0.06373008434864105
0 0.32 0.528584817244611 0.1075 0.08341143392689784
0 0.130625 0.2563261480787254 0.09375 0.06654170571696345
0 0.7075 0.46438612933458295 0.07375 0.05154639175257732
0 0.72625 0.21227741330834116 0.08375 0.06091846298031865
0 0.38875 0.6986879100281163 0.1 0.11433926897844424
0 0.323125 0.14761012183692596 0.085 0.05529522024367385
0 0.330625 0.6799437675726335 0.08375 0.07403936269915651
0 0.95125 0.5445173383317713 0.045 0.033739456419868794
0 0.12875 0.309746954076851 0.0675 0.05248359887535145
0 0.659375 0.4044048734770384 0.035 0.03467666354264293
0 0.790625 0.6007497656982193 0.05 0.04029990627928772
0 0.741875 0.6541705716963448 0.05 0.03748828491096532
0 0.865625 0.40581068416119964 0.0475 0.03655107778819119
0 0.923125 0.7263355201499532 0.04375 0.03467666354264293
0 0.67875 0.2155576382380506 0.0725 0.05154639175257732
0 0.7325 0.15932521087160262 0.085 0.06279287722586692
0 0.038125 0.6419868791002812 0.04 0.04217432052483599
0 0.60125 0.13964386129334583 0.08625 0.02717900656044986
0 0.158125 0.1316776007497657 0.07625 0.09465791940018745
0 0.7125 0.14807872539831302 0.09375 0.06747891283973759
0 0.95 0.3064667291471415 0.0425 0.04217432052483599
0 0.8925 0.21508903467666354 0.0625 0.04311152764761012
0 0.01 0.45829428303655106 0.02 0.04311152764761012
0 0.651875 0.4475164011246485 0.0375 0.029053420805998126
0 0.594375 0.5552952202436738 0.01625 0.01218369259606373
0 0.84875 0.42830365510777885 0.03375 0.022492970946579195
0 0.698125 0.5716963448922212 0.0225 0.01218369259606373
0 0.386875 0.9001874414245549 0.01375 0.010309278350515464
0 0.68375 0.823336457357076 0.0225 0.01218369259606373
0 0.433125 0.9100281162136832 0.025 0.015932521087160263
0 0.5225 0.7952202436738519 0.02125 0.011246485473289597
0 0.61625 0.7136832239925024 0.0225 0.011246485473289597
0 0.734375 0.781630740393627 0.03125 0.02717900656044986
0 0.840625 0.8650421743205249 0.02125 0.01874414245548266
0 0.41125 0.33973758200562326 0.04 0.031865042174320526
0 0.54875 0.21743205248359887 0.04375 0.02717900656044986
0 0.621875 0.06794751640112465 0.02375 0.01874414245548266
0 0.613125 0.48266166822867856 0.04125 0.029053420805998126
0 0.535625 0.4793814432989691 0.02 0.01499531396438613
0 0.568125 0.5613870665417057 0.0125 0.008434864104967198
0 0.514375 0.6387066541705717 0.07875 0.020618556701030927
0 0.37875 0.8074039362699157 0.01375 0.014058106841611996
0 0.056875 0.8177132146204311 0.00625 0.015932521087160263
1 0.354375 0.5726335520149953 0.19125 0.15651358950328023
1 0.539375 0.43252108716026244 0.23375 0.14620431115276475
1 0.546875 0.44329896907216493 0.23125 0.14620431115276475