0 0.466875 0.42300469483568076 0.16125 0.08544600938967137
0 0.013125 0.6948356807511737 0.02625 0.06572769953051644
0 0.32125 0.5197183098591549 0.14 0.11455399061032864
0 0.391875 0.4868544600938967 0.13875 0.10610328638497653
0 0.101875 0.6859154929577465 0.19 0.09389671361502347
0 0.23125 0.44553990610328637 0.075 0.059154929577464786
0 0.07125 0.5201877934272301 0.06375 0.04788732394366197
1 0.051875 0.2943661971830986 0.08375 0.2140845070422535
0 0.810625 0.5619718309859155 0.07625 0.06291079812206572
0 0.2225 0.6915492957746479 0.075 0.046948356807511735
0 0.855 0.46431924882629105 0.05875 0.03755868544600939
0 0.173125 0.4896713615023474 0.0625 0.046948356807511735
0 0.618125 0.8652582159624413 0.06 0.04037558685446009
0 0.98 0.6323943661971831 0.01625 0.03380281690140845
0 0.16875 0.5605633802816902 0.05875 0.0431924882629108
0 0.764375 0.42582159624413146 0.0425 0.036619718309859155
0 0.161875 0.3671361502347418 0.0475 0.03943661971830986
0 0.750625 0.6347417840375587 0.24 0.051643192488262914
0 0.531875 0.6032863849765259 0.19 0.048826291079812206
0 0.9075 0.6685446009389672 0.0625 0.023474178403755867
0 0.38875 0.5793427230046948 0.06 0.06384976525821597
0 0.80625 0.6032863849765259 0.095 0.02629107981220657
0 0.639375 0.5450704225352113 0.08 0.02910798122065728
0 0.6875 0.8652582159624413 0.1 0.03004694835680751
0 0.148125 0.3103286384976526 0.04 0.036619718309859155
0 0.716875 0.423943661971831 0.04875 0.04037558685446009
1 0.119375 0.19812206572769953 0.19375 0.2112676056338028
0 0.60875 0.47746478873239434 0.0375 0.027230046948356807
0 0.6125 0.5272300469483568 0.0275 0.018779342723004695
0 0.559375 0.24553990610328638 0.02875 0.023474178403755867
0 0.4625 0.18262910798122065 0.16125 0.13333333333333333
0 0.4325 0.4830985915492958 0.025 0.016901408450704224
0 0.623125 0.6136150234741784 0.055 0.01971830985915493
0 0.23125 0.13380281690140844 0.02375 0.020657276995305163
1 0.750625 0.231924882629108 0.2125 0.19624413145539907
0 0.685625 0.2671361502347418 0.01 0.011267605633802818
0 0.294375 0.85962441314554 0.14375 0.016901408450704224