1 0.430625 0.1991565135895033 0.30625 0.16776007497656983
1 0.8125 0.3767572633552015 0.32625 0.21930646672914714
0 0.16875 0.3402061855670103 0.075 0.056232427366447985
0 0.4125 0.7272727272727273 0.1 0.07216494845360824
0 0.29125 0.4606373008434864 0.10375 0.10402999062792877
0 0.2425 0.3931583880037488 0.08625 0.05435801312089972
0 0.34625 0.5834114339268979 0.08375 0.10684161199625117
0 0.24125 0.8500468603561387 0.04875 0.02999062792877226
0 0.481875 0.7661668228678538 0.0675 0.038425492033739454
0 0.048125 0.6396438612933458 0.06375 0.04873477038425492
0 0.17625 0.18791002811621368 0.085 0.04873477038425492
0 0.38875 0.30178069353327086 0.2125 0.08622305529522024
0 0.895 0.31443298969072164 0.0575 0.026241799437675725
1 0.444375 0.42221180880974696 0.315 0.16494845360824742
0 0.029375 0.5421743205248359 0.05125 0.03280224929709466
0 0.565 0.8008434864104967 0.03625 0.020618556701030927
0 0.65625 0.831302717900656 0.02875 0.013120899718837863
0 0.14 0.7839737582005624 0.04 0.023430178069353328
0 0.6625 0.35238987816307404 0.01875 0.023430178069353328
0 0.7375 0.5135895032802249 0.0175 0.014058106841611996
0 0.6525 0.3701968134957826 0.01375 0.023430178069353328
0 0.55 0.6105904404873477 0.01375 0.020618556701030927
0 0.545625 0.6251171508903468 0.0125 0.020618556701030927
0 0.36375 0.39737582005623245 0.02 0.01780693533270853
0 0.38625 0.42783505154639173 0.025 0.01499531396438613
0 0.115625 0.5402999062792877 0.0375 0.028116213683223992
0 0.143125 0.5215557638238051 0.03625 0.02999062792877226
0 0.1925 0.6419868791002812 0.0325 0.029053420805998126
0 0.021875 0.5641986879100281 0.0325 0.031865042174320526
0 0.66875 0.15089034676663543 0.0225 0.013120899718837863
0 0.68375 0.1415182755388941 0.02375 0.01499531396438613
0 0.59625 0.037019681349578254 0.02375 0.015932521087160263
0 0.615 0.2619493908153702 0.0225 0.014058106841611996
0 0.014375 0.3158388003748828 0.02875 0.022492970946579195
0 0.144375 0.2436738519212746 0.0225 0.019681349578256794
0 0.416875 0.5576382380506092 0.0175 0.008434864104967198
0 0.361875 0.5046860356138707 0.01375 0.00937207122774133
0 0.278125 0.5740393626991566 0.04 0.02717900656044986
0 0.269375 0.6860356138706654 0.08625 0.05529522024367385
0 0.421875 0.6790065604498594 0.025 0.04217432052483599
0 0.43375 0.6658856607310215 0.02125 0.038425492033739454
0 0.0575 0.8481724461105904 0.01125 0.01874414245548266
0 0.40125 0.4184629803186504 0.015 0.010309278350515464
0 0.43875 0.39456419868791004 0.15625 0.05716963448922212
0 0.513125 0.1162136832239925 0.115 0.1733833177132146
0 0.869375 0.38331771321462044 0.0175 0.00937207122774133
0 0.995625 0.5238987816307404 0.00875 0.022492970946579195
0 0.956875 0.528584817244611 0.01875 0.01874414245548266
1 0.945 0.5651358950328023 0.11 0.16307403936269915