1 0.905625 0.4845360824742268 0.18875 0.21368322399250234
1 0.625 0.7474226804123711 0.25875 0.22305529522024367
0 0.751875 0.27319587628865977 0.0675 0.05060918462980318
0 0.21 0.4072164948453608 0.08625 0.06747891283973759
0 0.5775 0.34957825679475163 0.12875 0.06654170571696345
0 0.6725 0.32146204311152765 0.06375 0.059044048734770385
0 0.408125 0.3753514526710403 0.135 0.05060918462980318
0 0.068125 0.2647610121836926 0.035 0.033739456419868794
0 0.15 0.45407685098406747 0.04375 0.046860356138706656
0 0.37 0.14667291471415184 0.05875 0.04311152764761012
0 0.9525 0.2970946579194002 0.05625 0.059044048734770385
0 0.77625 0.4414245548266167 0.09125 0.15182755388940955
0 0.6975 0.816776007497657 0.02875 0.041237113402061855
1 0.61 0.4681349578256795 0.185 0.2211808809746954
0 0.50125 0.14479850046860357 0.03875 0.03561387066541706
0 0.09375 0.5117150890346767 0.02375 0.02530459231490159
0 0.0425 0.5759137769447048 0.01375 0.020618556701030927
0 0.168125 0.19728209934395502 0.0275 0.028116213683223992
0 0.675625 0.6387066541705717 0.03 0.011246485473289597
0 0.453125 0.6752577319587629 0.0175 0.011246485473289597
0 0.653125 0.6293345829428304 0.03 0.007497656982193065
0 0.3475 0.5238987816307404 0.02625 0.008434864104967198
0 0.32875 0.5187441424554826 0.02625 0.007497656982193065
0 0.6525 0.41096532333645736 0.02125 0.013120899718837863
0 0.609375 0.4240862230552952 0.0175 0.016869728209934397
0 0.49375 0.20899718837863168 0.03375 0.02530459231490159
0 0.515 0.23195876288659795 0.03625 0.02436738519212746
0 0.349375 0.2539831302717901 0.035 0.02155576382380506
0 0.473125 0.13636363636363635 0.04 0.020618556701030927
0 0.941875 0.6682286785379569 0.015 0.015932521087160263
0 0.951875 0.6804123711340206 0.0175 0.015932521087160263
0 0.80125 0.6148078725398313 0.01625 0.015932521087160263
0 0.803125 0.16119962511715089 0.0275 0.019681349578256794
0 0.8825 0.2666354264292409 0.02375 0.01499531396438613
0 0.43375 0.4311152764761012 0.00875 0.01218369259606373
0 0.510625 0.3964386129334583 0.01125 0.00937207122774133
0 0.42875 0.32567947516401125 0.0325 0.02717900656044986
0 0.281875 0.3055295220243674 0.065 0.059044048734770385
0 0.2725 0.4198687910028116 0.05375 0.014058106841611996
0 0.28875 0.43064667291471415 0.05 0.011246485473289597
0 0.093125 0.12839737582005623 0.02375 0.006560449859418931
0 0.62 0.436269915651359 0.0125 0.010309278350515464
0 0.646875 0.46719775070290537 0.05875 0.11246485473289597
0 0.9475 0.556232427366448 0.105 0.06654170571696345
0 0.609375 0.7891283973758201 0.01 0.01218369259606373
0 0.406875 0.8697282099343955 0.02875 0.010309278350515464
0 0.40625 0.8364573570759137 0.02375 0.01218369259606373
1 0.358125 0.8331771321462043 0.205 0.08341143392689784