1 0.6032407407407407 0.8726851851851852 0.3333333333333333 0.2101851851851852
0 0.4898148148148148 0.7069444444444445 0.019444444444444445 0.017592592592592594
0 0.3453703703703704 0.6425925925925926 0.020370370370370372 0.017592592592592594
0 0.45601851851851855 0.5550925925925926 0.014814814814814815 0.012037037037037037
1 0.5171296296296296 0.7037037037037037 0.17777777777777778 0.1685185185185185
1 0.6467592592592593 0.6157407407407407 0.12222222222222222 0.17037037037037037
1 0.5939814814814814 0.6134259259259259 0.1925925925925926 0.2675925925925926
1 0.4601851851851852 0.45555555555555555 0.16574074074074074 0.1425925925925926
1 0.6518518518518519 0.4203703703703704 0.2564814814814815 0.2212962962962963
1 0.3537037037037037 0.6337962962962963 0.1712962962962963 0.14537037037037037
1 0.2162037037037037 0.5439814814814815 0.0962962962962963 0.15833333333333333
1 0.24074074074074073 0.4912037037037037 0.13240740740740742 0.2574074074074074
1 0.38055555555555554 0.3337962962962963 0.15185185185185185 0.24722222222222223
1 0.33935185185185185 0.175 0.17037037037037037 0.2037037037037037