1 0.5166666666666667 0.8865740740740741 0.3175925925925926 0.17407407407407408
0 0.44351851851851853 0.6990740740740741 0.017592592592592594 0.01574074074074074
0 0.3175925925925926 0.6041666666666666 0.019444444444444445 0.01574074074074074
0 0.4449074074074074 0.5439814814814815 0.013888888888888888 0.011111111111111112
1 0.4708333333333333 0.7023148148148148 0.16296296296296298 0.15185185185185185
1 0.6171296296296296 0.6458333333333334 0.10462962962962963 0.16111111111111112
1 0.5657407407407408 0.6314814814814815 0.1648148148148148 0.25277777777777777
1 0.47129629629629627 0.44814814814814813 0.1527777777777778 0.1259259259259259
1 0.6657407407407407 0.45694444444444443 0.23703703703703705 0.1962962962962963
1 0.32731481481481484 0.5976851851851852 0.15925925925925927 0.12777777777777777
1 0.21388888888888888 0.4791666666666667 0.0787037037037037 0.15185185185185185
1 0.24953703703703703 0.43287037037037035 0.1037037037037037 0.25
1 0.42083333333333334 0.3111111111111111 0.125 0.23703703703703705
1 0.4166666666666667 0.14722222222222223 0.15 0.18981481481481483