0 0.60205078125 0.9228515625 0.0380859375 0.05078125
0 0.29296875 0.9251302083333334 0.02294921875 0.028645833333333332
0 0.387451171875 0.8346354166666666 0.05908203125 0.056640625
0 0.37255859375 0.7405598958333334 0.060546875 0.07096354166666667
0 0.571533203125 0.7545572916666666 0.0380859375 0.044921875
0 0.462646484375 0.6669921875 0.0400390625 0.047526041666666664
0 0.2939453125 0.5777994791666666 0.0859375 0.11328125
0 0.50341796875 0.5048828125 0.17919921875 0.19010416666666666
0 0.58056640625 0.5745442708333334 0.1630859375 0.177734375
0 0.657958984375 0.474609375 0.0185546875 0.03125
0 0.52587890625 0.3307291666666667 0.0888671875 0.17122395833333334
0 0.410888671875 0.3421223958333333 0.03125 0.045572916666666664
0 0.255859375 0.341796875 0.04296875 0.064453125
0 0.236083984375 0.2731119791666667 0.01513671875 0.061848958333333336
0 0.31884765625 0.14029947916666666 0.05810546875 0.053385416666666664
0 0.462890625 0.19759114583333334 0.02294921875 0.028645833333333332
0 0.421630859375 0.048177083333333336 0.021484375 0.027994791666666668
0 0.542724609375 0.08430989583333333 0.01904296875 0.026041666666666668
0 0.759033203125 0.012369791666666666 0.03271484375 0.024739583333333332
0 0.84326171875 0.004231770833333333 0.0361328125 0.008463541666666666
0 0.942138671875 0.0673828125 0.03857421875 0.037109375
0 0.9140625 0.0380859375 0.0810546875 0.076171875
0 0.751708984375 0.13541666666666666 0.09228515625 0.076171875
0 0.92041015625 0.23307291666666666 0.08642578125 0.10481770833333333
0 0.9501953125 0.1875 0.02197265625 0.01953125
0 0.968017578125 0.13509114583333334 0.0126953125 0.01953125
0 0.889892578125 0.3151041666666667 0.04541015625 0.06966145833333333
0 0.862548828125 0.2893880208333333 0.01513671875 0.022135416666666668
0 0.980712890625 0.3522135416666667 0.0205078125 0.03125
0 0.990966796875 0.4625651041666667 0.01806640625 0.10091145833333333
0 0.87939453125 0.4547526041666667 0.01708984375 0.032552083333333336
0 0.89013671875 0.6953125 0.103515625 0.2565104166666667
0 0.989013671875 0.6585286458333334 0.02197265625 0.057942708333333336
1 0.66357421875 0.3834635416666667 0.15966796875 0.2740885416666667
1 0.640869140625 0.16276041666666666 0.21142578125 0.244140625
1 0.39892578125 0.23274739583333334 0.3037109375 0.3111979166666667
1 0.7392578125 0.030924479166666668 0.0908203125 0.061848958333333336
1 0.70166015625 0.2858072916666667 0.4208984375 0.5716145833333334