0 0.431640625 0.06510416666666667 0.03466796875 0.046223958333333336
0 0.7392578125 0.10611979166666667 0.02099609375 0.026041666666666668
0 0.63818359375 0.18294270833333334 0.0556640625 0.049479166666666664
0 0.6455078125 0.2786458333333333 0.0556640625 0.06380208333333333
0 0.44873046875 0.23697916666666666 0.03515625 0.040364583333333336
0 0.55029296875 0.3391927083333333 0.037109375 0.042317708333333336
0 0.7109375 0.451171875 0.078125 0.10286458333333333
0 0.4970703125 0.4947916666666667 0.1669921875 0.16796875
0 0.42578125 0.4147135416666667 0.1513671875 0.15755208333333334
0 0.3408203125 0.5032552083333334 0.01611328125 0.029296875
0 0.4609375 0.6647135416666666 0.07666015625 0.16145833333333334
0 0.576171875 0.6692708333333334 0.0283203125 0.041666666666666664
0 0.73046875 0.69140625 0.03857421875 0.059244791666666664
0 0.74462890625 0.7623697916666666 0.01025390625 0.060546875
0 0.65185546875 0.8828125 0.0546875 0.046223958333333336
0 0.51318359375 0.8059895833333334 0.02099609375 0.026041666666666668
0 0.54248046875 0.9602864583333334 0.01953125 0.025390625
0 0.4248046875 0.9075520833333334 0.01708984375 0.024088541666666668
0 0.202392578125 0.96875 0.02783203125 0.0625
0 0.163330078125 0.9827473958333334 0.04541015625 0.034505208333333336
0 0.11865234375 0.9583333333333334 0.03369140625 0.030598958333333332
0 0.0263671875 0.8684895833333334 0.0361328125 0.032552083333333336
0 0.05126953125 0.908203125 0.0751953125 0.080078125
0 0.003173828125 0.9967447916666666 0.00634765625 0.006510416666666667
0 0.22119140625 0.8274739583333334 0.087890625 0.064453125
0 0.06103515625 0.70703125 0.07958984375 0.09440104166666667
0 0.02783203125 0.748046875 0.02099609375 0.016927083333333332
0 0.005859375 0.7975260416666666 0.01123046875 0.018229166666666668
0 0.09765625 0.6295572916666666 0.04052734375 0.064453125
0 0.123046875 0.6588541666666666 0.013671875 0.020182291666666668
0 0.01025390625 0.580078125 0.0185546875 0.028645833333333332
0 0.0068359375 0.4680989583333333 0.013671875 0.099609375
0 0.119140625 0.4921875 0.0146484375 0.030598958333333332
0 0.12744140625 0.2513020833333333 0.08447265625 0.24609375
0 0.02099609375 0.2734375 0.02783203125 0.0546875
1 0.328125 0.5930989583333334 0.14013671875 0.255859375
1 0.33349609375 0.8157552083333334 0.1953125 0.21809895833333334
1 0.57958984375 0.7799479166666666 0.28369140625 0.2734375
1 0.2236328125 0.9537760416666666 0.083984375 0.09244791666666667
1 0.2822265625 0.6907552083333334 0.38134765625 0.5338541666666666