0 0.14833333333333334 0.7955974842767296 0.0625 0.06792452830188679
0 0.29083333333333333 0.8132075471698114 0.03916666666666667 0.06037735849056604
0 0.47291666666666665 0.9842767295597484 0.030833333333333334 0.031446540880503145
0 0.09333333333333334 0.3289308176100629 0.03333333333333333 0.04025157232704402
0 0.24666666666666667 0.2811320754716981 0.03166666666666667 0.0389937106918239
0 0.38958333333333334 0.24779874213836478 0.029166666666666667 0.05911949685534591
0 0.6116666666666667 0.590566037735849 0.013333333333333334 0.026415094339622643
0 0.6045833333333334 0.5616352201257861 0.013333333333333334 0.03018867924528302
1 0.5816666666666667 0.5867924528301887 0.0775 0.1119496855345912
1 0.6979166666666666 0.9729559748427673 0.05583333333333333 0.027672955974842768
1 0.09666666666666666 0.33081761006289306 0.08 0.12327044025157233
1 0.16666666666666666 0.23144654088050315 0.07416666666666667 0.06666666666666667
1 0.24791666666666667 0.28679245283018867 0.0775 0.11823899371069183
1 0.31625 0.189937106918239 0.07333333333333333 0.06415094339622641
1 0.39375 0.2440251572327044 0.07666666666666666 0.1220125786163522
1 0.22708333333333333 0.3169811320754717 0.45416666666666666 0.2993710691823899
0 0.43666666666666665 0.24276729559748428 0.07916666666666666 0.15849056603773584
1 0.2704166666666667 0.7679245283018868 0.5375 0.4641509433962264