0 0.418125 0.23898781630740393 0.09625 0.08809746954076851
0 0.059375 0.8739456419868791 0.10875 0.13402061855670103
0 0.120625 0.7717900656044986 0.07375 0.05154639175257732
0 0.57725 0.580074976569822 0.07125 0.05154639175257732
0 0.178125 0.6522961574507966 0.06875 0.05060918462980318
1 0.2425 0.6059044048734771 0.07 0.053420805998125584
0 0.778125 0.2661668228678538 0.06875 0.03748828491096532
0 0.330625 0.27085285848172447 0.09125 0.06747891283973759
1 0.62125 0.3528584817244611 0.1475 0.22024367385192128
0 0.915625 0.492970946579194 0.07375 0.03561387066541706
0 0.69875 0.5941893158388004 0.0425 0.031865042174320526
0 0.073125 0.5670103092783505 0.06375 0.08059981255857544
0 0.065625 0.6326148078725399 0.06125 0.08247422680412371
0 0.79125 0.9058106841611996 0.0425 0.03467666354264293
1 0.636875 0.46251171508903466 0.12375 0.23711340206185566
0 0.865 0.36785379568884724 0.035 0.038425492033739454
0 0.79625 0.11544517338331772 0.075 0.018416119962511714
1 0.042037500000000005 0.6371696344892221 0.08407500000000001 0.2380693533270853
0 0.26375 0.24601686972820994 0.0425 0.029053420805998126
0 0.136875 0.2830365510777882 0.04125 0.022492970946579195
0 0.2675 0.32286785379568883 0.015 0.015932521087160263
0 0.555625 0.037019681349578254 0.02875 0.02530459231490159
0 0.728125 0.13776944704779756 0.02875 0.026241799437675725
0 0.78875 0.22867853795688847 0.03 0.03748828491096532
0 0.804375 0.2338331771321462 0.02375 0.03467666354264293
0 0.09125 0.37582005623242737 0.0425 0.02436738519212746
0 0.249375 0.3697282099343955 0.01625 0.014058106841611996
0 0.63125 0.5238987816307404 0.015 0.013120899718837863
0 0.645 0.5267104029990628 0.0125 0.011246485473289597
0 0.9725 0.5074976569821931 0.04 0.02530459231490159
0 0.874375 0.46344892221180883 0.02625 0.01780693533270853
0 0.74375 0.6618369259606373 0.035 0.024695407685098408
0 0.98375 0.4704779756326148 0.03 0.03561387066541706
0 0.78375 0.5313964386129335 0.0175 0.01499531396438613
0 0.8425 0.3786316776007498 0.02 0.01499531396438613
0 0.990625 0.5323336457357076 0.01625 0.033739456419868794
0 0.9675 0.3837863167760075 0.0625 0.019681349578256794
0 0.98875 0.5857544517338332 0.02 0.01499531396438613
0 0.590625 0.6841611996251171 0.01375 0.011246485473289597
0 0.925 0.8008434864104967 0.035 0.02717900656044986
0 0.7 0.8345829428303655 0.0325 0.02530459231490159
0 0.78675 0.7314432989690722 0.0400125 0.03227741330834114
0 0.5689625 0.5820056232427366 0.011825 0.009718837863167759
0 0.9684625 0.366485473289597 0.06306250000000001 0.018256794751640115
0 0.6079875 0.4065885660731021 0.0198125 0.014001874414245549
0 0.6719499999999999 0.2771415182755389 0.009925 0.015426429240862231