0 0.0425 0.25305164319248824 0.05625 0.03943661971830986
0 0.47875 0.831924882629108 0.085 0.06384976525821597
0 0.23 0.24694835680751173 0.09 0.08169014084507042
0 0.28 0.21737089201877935 0.07125 0.06666666666666667
0 0.191875 0.26901408450704223 0.05 0.03755868544600939
0 0.233125 0.5755868544600939 0.07125 0.06291079812206572
1 0.550625 0.14225352112676057 0.1325 0.07042253521126761
0 0.81125 0.4859154929577465 0.045 0.08826291079812207
0 0.315 0.5403755868544601 0.09625 0.027230046948356807
0 0.1375 0.6845070422535211 0.0275 0.022535211267605635
0 0.149375 0.7009389671361502 0.02875 0.022535211267605635
0 0.246875 0.5258215962441315 0.025 0.016901408450704224
0 0.03625 0.40093896713615024 0.02375 0.01596244131455399
0 0.0875 0.39154929577464787 0.04125 0.018779342723004695
0 0.014375 0.39061032863849765 0.02 0.015023474178403756
0 0.0175 0.41737089201877936 0.01125 0.009389671361502348
0 0.634375 0.45774647887323944 0.04375 0.03286384976525822
0 0.541875 0.6145539906103287 0.02125 0.01784037558685446
0 0.574375 0.5521126760563381 0.0225 0.018779342723004695
0 0.57125 0.515962441314554 0.02375 0.01971830985915493
0 0.609375 0.48544600938967136 0.0325 0.024413145539906103
0 0.286875 0.5295774647887324 0.08 0.024413145539906103
0 0.42625 0.5826291079812207 0.01 0.007511737089201878
0 0.350625 0.4924882629107981 0.01625 0.012206572769953052
0 0.355 0.5591549295774648 0.0175 0.02535211267605634
0 0.58875 0.4990610328638498 0.0275 0.01784037558685446
0 0.34125 0.5150234741784038 0.055 0.01784037558685446
0 0.585 0.5093896713615024 0.0125 0.011267605633802818
0 0.373125 0.14976525821596245 0.03375 0.02629107981220657
0 0.40125 0.36384976525821594 0.02625 0.020657276995305163
0 0.545625 0.12253521126760564 0.03125 0.016901408450704224
0 0.396875 0.3244131455399061 0.0175 0.014084507042253521
0 0.385 0.3455399061032864 0.01 0.008450704225352112
0 0.508125 0.12535211267605634 0.03625 0.015023474178403756
0 0.406875 0.30985915492957744 0.01 0.009389671361502348
0 0.928125 0.8112676056338028 0.0375 0.03004694835680751
0 0.824375 0.4291079812206573 0.02375 0.014084507042253521
0 0.785625 0.39342723004694835 0.01125 0.007511737089201878
0 0.62 0.4755868544600939 0.01375 0.006572769953051643
0 0.58625 0.44460093896713615 0.0125 0.030985915492957747
0 0.571875 0.44084507042253523 0.03375 0.06009389671361502
0 0.59875 0.43661971830985913 0.035 0.059154929577464786
0 0.815625 0.4830985915492958 0.01375 0.02910798122065728
0 0.955 0.3704225352112676 0.01 0.009389671361502348
0 0.924375 0.39436619718309857 0.00875 0.007511737089201878
0 0.9175 0.392018779342723 0.00875 0.006572769953051643
0 0.715625 0.09624413145539906 0.02375 0.007511737089201878
0 0.356875 0.5244131455399061 0.0325 0.013145539906103286