0 0.135625 0.17746478873239438 0.05375 0.036619718309859155
0 0.3725 0.8183098591549296 0.08 0.06009389671361502
0 0.32 0.2051643192488263 0.085 0.07793427230046948
0 0.378125 0.18544600938967137 0.06625 0.06384976525821597
0 0.275625 0.21971830985915494 0.0475 0.03568075117370892
0 0.216875 0.5248826291079812 0.06625 0.06009389671361502
1 0.664375 0.1619718309859155 0.12875 0.06384976525821597
0 0.806875 0.5427230046948357 0.0375 0.08826291079812207
0 0.3075 0.5056338028169014 0.095 0.0215962441314554
0 0.089375 0.6131455399061033 0.02625 0.0215962441314554
0 0.095 0.6314553990610329 0.0275 0.0215962441314554
0 0.245625 0.4788732394366197 0.02375 0.01596244131455399
0 0.081875 0.3192488262910798 0.0225 0.015023474178403756
0 0.134375 0.32018779342723 0.04 0.016901408450704224
0 0.06375 0.3056338028169014 0.01875 0.014084507042253521
0 0.05875 0.33192488262910796 0.01125 0.009389671361502348
0 0.64375 0.4835680751173709 0.0425 0.03192488262910798
0 0.50375 0.6183098591549295 0.02 0.016901408450704224
0 0.555 0.563849765258216 0.02125 0.01784037558685446
0 0.56375 0.528169014084507 0.0225 0.018779342723004695
0 0.61125 0.5061032863849765 0.03125 0.023474178403755867
0 0.28375 0.49014084507042255 0.07875 0.020657276995305163
0 0.401875 0.5666666666666667 0.01 0.007511737089201878
0 0.3575 0.46572769953051646 0.015 0.011267605633802818
0 0.34 0.5309859154929577 0.015 0.02535211267605634
0 0.586875 0.5150234741784038 0.02625 0.016901408450704224
0 0.34125 0.4859154929577465 0.055 0.015023474178403756
0 0.579375 0.5244131455399061 0.01125 0.011267605633802818
0 0.489375 0.13708920187793427 0.03125 0.02535211267605634
0 0.448125 0.3502347417840376 0.025 0.018779342723004695
0 0.665625 0.14178403755868543 0.03 0.01596244131455399
0 0.45625 0.3107981220657277 0.01625 0.013145539906103286
0 0.438125 0.32910798122065726 0.01 0.008450704225352112
0 0.62875 0.13802816901408452 0.035 0.013145539906103286
0 0.470625 0.29859154929577464 0.01 0.009389671361502348
0 0.815 0.8798122065727699 0.035 0.028169014084507043
0 0.8375 0.49014084507042255 0.0225 0.012206572769953052
0 0.81125 0.44835680751173707 0.01125 0.007511737089201878
0 0.624375 0.4981220657276995 0.0125 0.006572769953051643
0 0.601875 0.4619718309859155 0.01 0.030985915492957747
0 0.58875 0.45539906103286387 0.02875 0.059154929577464786
0 0.61625 0.4563380281690141 0.03 0.05821596244131456
0 0.81125 0.5408450704225352 0.01125 0.028169014084507043
0 0.983125 0.4568075117370892 0.01 0.009389671361502348
0 0.945625 0.47464788732394364 0.00875 0.006572769953051643
0 0.94 0.4708920187793427 0.00875 0.006572769953051643
0 0.83875 0.14741784037558686 0.0225 0.006572769953051643
0 0.353125 0.4981220657276995 0.0325 0.011267605633802818