1 0.035 0.2248826291079812 0.07 0.07042253521126761
1 0.075625 0.8 0.12875 0.11924882629107982
0 0.55 0.739906103286385 0.09375 0.056338028169014086
0 0.615 0.4004694835680751 0.105 0.06948356807511737
0 0.8025 0.2 0.1075 0.08544600938967137
0 0.588125 0.49389671361502346 0.1075 0.05352112676056338
0 0.06875 0.7070422535211267 0.05875 0.04037558685446009
1 0.4525 0.5793427230046948 0.125 0.09107981220657277
0 0.745625 0.6863849765258216 0.085 0.048826291079812206
0 0.451875 0.8511737089201878 0.0725 0.04976525821596244
0 0.94375 0.2784037558685446 0.045 0.07511737089201878
0 0.243125 0.8112676056338028 0.06 0.03943661971830986
0 0.674375 0.5051643192488263 0.04625 0.03004694835680751
0 0.546875 0.6539906103286385 0.14 0.09577464788732394
0 0.85625 0.4943661971830986 0.0475 0.03004694835680751
0 0.63875 0.1619718309859155 0.0475 0.04225352112676056
0 0.91375 0.27699530516431925 0.04375 0.09201877934272301
1 0.93625 0.539906103286385 0.1275 0.1352112676056338
1 0.335625 0.8633802816901408 0.0925 0.036619718309859155
0 0.965 0.12629107981220658 0.0375 0.03004694835680751
0 0.840625 0.3751173708920188 0.02 0.018779342723004695
0 0.85625 0.6164319248826291 0.0175 0.013145539906103286
0 0.5325 0.3028169014084507 0.01875 0.015023474178403756
0 0.38875 0.3704225352112676 0.01875 0.014084507042253521
0 0.453125 0.13286384976525822 0.0675 0.016901408450704224
0 0.35875 0.5971830985915493 0.02875 0.022535211267605635
0 0.4375 0.6046948356807512 0.01375 0.012206572769953052
0 0.36375 0.7492957746478873 0.0175 0.01596244131455399
0 0.4875 0.8676056338028169 0.05625 0.016901408450704224
0 0.245625 0.31502347417840376 0.02375 0.01596244131455399
0 0.20625 0.7845070422535211 0.03625 0.03568075117370892
0 0.0375 0.8492957746478873 0.04375 0.020657276995305163
0 0.286875 0.8488262910798122 0.0125 0.010328638497652582
0 0.156875 0.5676056338028169 0.01875 0.013145539906103286
0 0.21125 0.6 0.0125 0.014084507042253521
0 0.424375 0.5629107981220657 0.015 0.016901408450704224
0 0.419375 0.5910798122065728 0.02625 0.03192488262910798
0 0.898125 0.5474178403755868 0.02125 0.012206572769953052
0 0.895 0.5591549295774648 0.02125 0.009389671361502348