1 0.118125 0.8535211267605634 0.09125 0.07887323943661972
1 0.8842 0.8358967136150235 0.15512499999999999 0.10748356807511737
0 0.820625 0.4708920187793427 0.07125 0.06854460093896714
0 0.3716 0.4103286384976526 0.08875 0.07699530516431925
0 0.11125 0.2624413145539906 0.11 0.07793427230046948
0 0.49481250000000004 0.4337370892018779 0.0675 0.07887323943661972
0 0.760625 0.8309859154929577 0.05125 0.0431924882629108
1 0.60375 0.5384976525821596 0.1175 0.09107981220657277
0 0.75625 0.3220657276995305 0.0625 0.061971830985915494
0 0.965625 0.5483568075117371 0.06375 0.05258215962441314
0 0.22048749999999998 0.1591549295774648 0.09847500000000001 0.030985915492957747
0 0.905 0.7037558685446009 0.05 0.044131455399061034
0 0.513325 0.3696619718309859 0.03875 0.03380281690140845
0 0.70625 0.4699530516431925 0.1225 0.10234741784037558
0 0.5049625 0.2323943661971831 0.03875 0.03474178403755868
0 0.055 0.38403755868544603 0.055 0.03380281690140845
0 0.2177 0.18190610328638496 0.1215375 0.030244131455399063
1 0.569375 0.1624413145539906 0.17625 0.11267605633802817
1 0.9775 0.636150234741784 0.045 0.06854460093896714
0 0.019375 0.13004694835680752 0.03875 0.04225352112676056
0 0.345625 0.23990610328638498 0.02375 0.014084507042253521
0 0.6672 0.2367981220657277 0.0181 0.013502347417840376
0 0.23875 0.46854460093896716 0.02 0.013145539906103286
0 0.32375 0.5788732394366197 0.0175 0.014084507042253521
0 0.01 0.5225352112676056 0.02 0.04976525821596244
0 0.624375 0.6093896713615023 0.02875 0.020657276995305163
0 0.636875 0.5507042253521127 0.01625 0.010328638497652582
0 0.826875 0.6107981220657277 0.02125 0.012206572769953052
0 0.98875 0.5220657276995305 0.02 0.04131455399061033
0 0.245 0.6845070422535211 0.02 0.016901408450704224
0 0.868125 0.7305164319248826 0.04625 0.02629107981220657
0 0.949375 0.8633802816901408 0.02625 0.04037558685446009
0 0.956875 0.672300469483568 0.01375 0.009389671361502348
0 0.5782625 0.7602347417840375 0.016200000000000003 0.014197183098591548
0 0.6234000000000001 0.7203849765258217 0.0192875 0.008112676056338029
0 0.58155 0.5591267605633803 0.0227625 0.010140845070422537
0 0.6183875 0.5639061032863849 0.0416625 0.018544600938967135
0 0.576725 0.20298591549295775 0.015425 0.015934272300469482
0 0.5925374999999999 0.20574647887323944 0.011575 0.016225352112676058