1 0.63125 0.44704779756326146 0.1875 0.13402061855670103
0 0.85625 0.6373008434864105 0.11625 0.08153701968134958
0 0.40375 0.5501405810684161 0.065 0.05060918462980318
0 0.656875 0.5787253983130272 0.07875 0.05810684161199625
0 0.3525 0.7347703842549204 0.065 0.044048734770384255
0 0.936875 0.7919400187441424 0.0675 0.05435801312089972
0 0.985 0.5187441424554826 0.03 0.09090909090909091
1 0.451875 0.17432052483598875 0.17 0.1134020618556701
0 0.860625 0.3701968134957826 0.11625 0.059044048734770385
0 0.716875 0.21508903467666354 0.04 0.038425492033739454
0 0.6275 0.6424554826616682 0.06375 0.05060918462980318
1 0.729375 0.3434864104967198 0.24625 0.16026241799437677
0 0.08625 0.5895032802249297 0.03875 0.04029990627928772
0 0.57375 0.21602624179943766 0.155 0.09090909090909091
1 0.923125 0.17150890346766634 0.06625 0.05154639175257732
0 0.920625 0.3673851921274602 0.1175 0.04967197750702906
0 0.961875 0.36082474226804123 0.07625 0.033739456419868794
0 0.6375 0.8645735707591378 0.0475 0.038425492033739454
0 0.57875 0.8537956888472352 0.06875 0.05529522024367385
0 0.871875 0.8439550140581068 0.10625 0.10684161199625117
1 0.88375 0.211340206185567 0.0625 0.04873477038425492
0 0.4 0.24742268041237114 0.0325 0.029053420805998126
0 0.53 0.17104029990627928 0.04625 0.020618556701030927
0 0.4125 0.17760074976569823 0.02 0.011246485473289597
0 0.35875 0.5473289597000938 0.035 0.041237113402061855
0 0.54 0.60543580131209 0.0175 0.014058106841611996
0 0.38375 0.823336457357076 0.0275 0.026241799437675725
0 0.496875 0.7497656982193065 0.0175 0.014058106841611996
0 0.28625 0.7057169634489222 0.01875 0.014058106841611996
0 0.22125 0.30178069353327086 0.025 0.020618556701030927
0 0.298125 0.1527647610121837 0.015 0.013120899718837863
0 0.198125 0.5421743205248359 0.0175 0.01218369259606373
0 0.76375 0.7085285848172446 0.055 0.04498594189315839
0 0.72 0.7216494845360825 0.0675 0.044048734770384255
0 0.411875 0.14432989690721648 0.015 0.01218369259606373
0 0.403125 0.1260543580131209 0.0275 0.01499531396438613
0 0.35125 0.246485473289597 0.015 0.01499531396438613
0 0.5525 0.24039362699156513 0.01875 0.014058106841611996
0 0.92375 0.1733833177132146 0.025 0.016869728209934397
0 0.905 0.204311152764761 0.0175 0.015932521087160263
0 0.6075 0.47797563261480785 0.02 0.010309278350515464
0 0.5925 0.4817244611059044 0.0225 0.007497656982193065
1 0.71 0.5782567947516402 0.19125 0.13776944704779756
1 0.603125 0.28537956888472354 0.2125 0.1893158388003749
1 0.368125 0.24835988753514526 0.055 0.04498594189315839