1 0.414375 0.408622305529522 0.175 0.1387066541705717
0 0.63875 0.21836925960637302 0.10625 0.08622305529522024
0 0.5775 0.5656044985941893 0.06625 0.04873477038425492
0 0.21 0.08294283036551078 0.08875 0.046860356138706656
0 0.585 0.3739456419868791 0.07625 0.05810684161199625
0 0.82875 0.5810684161199625 0.05875 0.04779756326148079
0 0.833125 0.13917525773195877 0.0725 0.04967197750702906
0 0.464375 0.1007497656982193 0.12625 0.09184629803186505
1 0.074375 0.5754451733833177 0.14875 0.12558575445173384
0 0.28375 0.24742268041237114 0.0775 0.08622305529522024
0 0.09625 0.37300843486410495 0.05 0.029053420805998126
0 0.673125 0.38753514526710403 0.06625 0.04779756326148079
1 0.265625 0.34817244611059045 0.21 0.18181818181818182
0 0.669375 0.7970946579194002 0.0525 0.028116213683223992
0 0.115 0.47985004686035615 0.11875 0.11433926897844424
1 0.02375 0.22492970946579194 0.0475 0.04873477038425492
0 0.273125 0.20290534208059982 0.065 0.08716026241799438
0 0.259375 0.16494845360824742 0.04375 0.07216494845360824
0 0.96625 0.35332708528584816 0.05125 0.03467666354264293
0 0.95875 0.3983130271790066 0.07375 0.05060918462980318
0 0.91 0.18134957825679476 0.14125 0.07872539831302718
1 0.07125 0.2492970946579194 0.06375 0.046860356138706656
0 0.04125 0.10918462980318651 0.0425 0.026241799437675725
0 0.155 0.07169634489222118 0.0325 0.020618556701030927
0 0.1775 0.604967197750703 0.0375 0.023430178069353328
0 0.060625 0.5178069353327085 0.0275 0.03467666354264293
0 0.08375 0.6044985941893158 0.015 0.01499531396438613
0 0.579375 0.5993439550140581 0.05375 0.02530459231490159
0 0.635 0.45735707591377694 0.01875 0.013120899718837863
0 0.941875 0.5468603561387066 0.035 0.019681349578256794
0 0.83125 0.471883786316776 0.01875 0.013120899718837863
0 0.79875 0.634020618556701 0.01875 0.014058106841611996
0 0.27125 0.7314901593252109 0.0275 0.01874414245548266
0 0.065 0.6925960637300843 0.0175 0.011246485473289597
0 0.593125 0.7197750702905342 0.01625 0.013120899718837863
0 0.74375 0.27835051546391754 0.05875 0.04029990627928772
0 0.76625 0.30927835051546393 0.05875 0.04967197750702906
0 0.04 0.6091846298031866 0.01625 0.011246485473289597
0 0.016875 0.6176194939081537 0.02 0.020618556701030927
0 0.1825 0.6415182755388941 0.02 0.011246485473289597
0 0.15 0.49250234301780693 0.01875 0.014058106841611996
0 0.015625 0.22446110590440488 0.0225 0.01874414245548266
0 0.05875 0.23477038425492033 0.02125 0.013120899718837863
0 0.4575 0.422680412371134 0.01375 0.01499531396438613
0 0.464375 0.43345829428303656 0.01 0.016869728209934397
1 0.578125 0.33411433926897843 0.18 0.1415182755388941
1 0.20375 0.4493908153701968 0.25 0.15651358950328023
1 0.183125 0.6288659793814433 0.05875 0.04029990627928772