1 0.335 0.4208059981255858 0.23375 0.24461105904404873
1 0.380625 0.7563261480787254 0.44375 0.24742268041237114
0 0.76375 0.33270852858481725 0.06875 0.06091846298031865
0 0.2475 0.41658856607310213 0.06125 0.03936269915651359
0 0.080625 0.49531396438612935 0.04125 0.05716963448922212
0 0.384375 0.6724461105904405 0.06 0.030927835051546393
0 0.125 0.4550140581068416 0.045 0.05810684161199625
0 0.6875 0.29053420805998126 0.02375 0.02436738519212746
0 0.39625 0.4662605435801312 0.035 0.028116213683223992
0 0.40625 0.5876288659793815 0.01875 0.013120899718837863
0 0.675625 0.5937207122774133 0.0125 0.019681349578256794
0 0.43375 0.6677600749765699 0.0425 0.02717900656044986
0 0.6975 0.6387066541705717 0.01375 0.014058106841611996
0 0.294375 0.6883786316776007 0.025 0.015932521087160263
0 0.3775 0.6869728209934396 0.0125 0.008434864104967198
0 0.181875 0.5670103092783505 0.0175 0.015932521087160263
0 0.134375 0.5895032802249297 0.03125 0.03280224929709466
0 0.176875 0.6148078725398313 0.02375 0.010309278350515464
0 0.041875 0.7225866916588566 0.0225 0.013120899718837863
1 0.585 0.872539831302718 0.02625 0.015932521087160263
0 0.278125 0.5079662605435802 0.01375 0.015932521087160263
0 0.0425 0.6752577319587629 0.0325 0.04779756326148079
0 0.349375 0.1640112464854733 0.0175 0.016869728209934397
0 0.2025 0.16729147141518275 0.0075 0.01218369259606373