0 0.11625 0.30375586854460096 0.1125 0.08544600938967137
0 0.68375 0.21267605633802816 0.125 0.0892018779342723
1 0.61125 0.6849765258215963 0.1825 0.13802816901408452
1 0.840625 0.27605633802816903 0.14 0.12206572769953052
0 0.450625 0.376056338028169 0.07875 0.061971830985915494
1 0.395625 0.4582159624413146 0.19375 0.13333333333333333
1 0.09375 0.7065727699530516 0.1875 0.16056338028169015
0 0.569375 0.3929577464788732 0.07875 0.04976525821596244
0 0.596875 0.7619718309859155 0.0725 0.0863849765258216
0 0.41625 0.6957746478873239 0.1075 0.06854460093896714
1 0.473125 0.7680751173708921 0.19 0.16056338028169015
0 0.53625 0.7737089201877935 0.0525 0.05352112676056338
0 0.2675 0.27793427230046946 0.08375 0.04507042253521127
0 0.435 0.5929577464788732 0.07125 0.03755868544600939
0 0.45375 0.18591549295774648 0.115 0.051643192488262914
0 0.785625 0.17934272300469484 0.055 0.03192488262910798
1 0.813125 0.4215962441314554 0.1475 0.1323943661971831
0 0.435 0.828169014084507 0.07625 0.03568075117370892
0 0.648125 0.26291079812206575 0.07125 0.04131455399061033
0 0.56125 0.18779342723004694 0.13125 0.05821596244131456
0 0.330625 0.34413145539906104 0.14375 0.04225352112676056
0 0.15 0.3727699530516432 0.0625 0.030985915492957747
0 0.31 0.307981220657277 0.1025 0.038497652582159626
0 0.19625 0.40469483568075115 0.0675 0.024413145539906103
0 0.441875 0.4859154929577465 0.04875 0.03286384976525822
0 0.201875 0.643661971830986 0.0325 0.024413145539906103
0 0.07375 0.40187793427230045 0.04 0.02910798122065728
0 0.119375 0.4413145539906103 0.03875 0.02535211267605634
0 0.27875 0.8056338028169014 0.03125 0.028169014084507043
0 0.34 0.5497652582159624 0.0275 0.022535211267605635
0 0.389375 0.49953051643192486 0.04125 0.022535211267605635
0 0.48625 0.5821596244131455 0.02625 0.01596244131455399
0 0.411875 0.476056338028169 0.01625 0.014084507042253521
0 0.6525 0.3408450704225352 0.0275 0.022535211267605635
0 0.65375 0.2267605633802817 0.04625 0.024413145539906103
0 0.484375 0.2962441314553991 0.0175 0.014084507042253521
0 0.56625 0.32347417840375586 0.025 0.011267605633802818
0 0.504375 0.2990610328638498 0.01625 0.012206572769953052
0 0.3725 0.12910798122065728 0.03375 0.01971830985915493
0 0.686875 0.3305164319248826 0.015 0.010328638497652582
0 0.69 0.3389671361502347 0.015 0.010328638497652582
0 0.854375 0.7924882629107981 0.02625 0.01784037558685446
0 0.791875 0.8065727699530516 0.03 0.036619718309859155
0 0.2075 0.8605633802816901 0.04375 0.010328638497652582
0 0.128125 0.7248826291079812 0.0325 0.03286384976525822
0 0.109375 0.7544600938967136 0.08875 0.04507042253521127
0 0.288125 0.45305164319248825 0.03 0.022535211267605635
0 0.52875 0.4272300469483568 0.05875 0.020657276995305163
0 0.640625 0.3732394366197183 0.0575 0.04131455399061033
0 0.815 0.42582159624413146 0.07875 0.0676056338028169
0 0.6375 0.13145539906103287 0.01625 0.005633802816901409
0 0.356875 0.3276995305164319 0.025 0.012206572769953052
0 0.32375 0.3103286384976526 0.01625 0.008450704225352112
0 0.6425 0.2220657276995305 0.0125 0.007511737089201878
0 0.66625 0.8140845070422535 0.03375 0.044131455399061034
0 0.5025 0.751643192488263 0.01125 0.008450704225352112