0 0.740625 0.20187793427230047 0.10875 0.08075117370892018
0 0.8921125000000001 0.6230046948356808 0.1125 0.0892018779342723
1 0.26 0.5929577464788732 0.175 0.13051643192488263
1 0.815625 0.7436619718309859 0.15625 0.09953051643192488
0 0.661875 0.4563380281690141 0.07875 0.056338028169014086
1 0.55 0.4197183098591549 0.1675 0.13896713615023473
1 0.203125 0.19248826291079812 0.20375 0.16150234741784036
0 0.64625 0.5464788732394367 0.0625 0.056338028169014086
0 0.156875 0.5863849765258216 0.11125 0.04976525821596244
0 0.235625 0.44741784037558685 0.08625 0.07793427230046948
1 0.1425 0.49389671361502346 0.205 0.1352112676056338
0 0.138125 0.5413145539906103 0.06875 0.036619718309859155
0 0.783125 0.31408450704225355 0.05625 0.06103286384976526
0 0.373125 0.45586854460093895 0.04625 0.051643192488262914
0 0.915 0.4488262910798122 0.0625 0.08450704225352113
0 0.94125 0.6976525821596244 0.04 0.03943661971830986
1 0.6205375 0.7309295774647888 0.1685625 0.1043380281690141
0 0.06075 0.4684037558685446 0.04375 0.05539906103286385
0 0.823125 0.5985915492957746 0.05125 0.051643192488262914
0 0.918125 0.5295774647887324 0.07125 0.09577464788732394
0 0.698125 0.3647887323943662 0.04875 0.10610328638497653
0 0.650625 0.23098591549295774 0.03875 0.04507042253521127
0 0.745625 0.3474178403755869 0.04625 0.07511737089201878
0 0.610625 0.2671361502347418 0.02875 0.04976525821596244
0 0.515625 0.45586854460093895 0.04125 0.03474178403755868
0 0.293125 0.284037558685446 0.03125 0.023474178403755867
0 0.608125 0.1751173708920188 0.03625 0.02910798122065728
0 0.558125 0.2112676056338028 0.03125 0.028169014084507043
0 0.081875 0.3502347417840376 0.03625 0.022535211267605635
0 0.425625 0.3826291079812207 0.02875 0.01971830985915493
0 0.495 0.4169014084507042 0.0275 0.03004694835680751
0 0.39 0.49389671361502346 0.02 0.018779342723004695
0 0.5275 0.4328638497652582 0.0175 0.011267605633802818
0 0.719375 0.6061032863849766 0.02875 0.01971830985915493
0 0.87125 0.6009389671361502 0.03 0.03380281690140845
0 0.77 0.47746478873239434 0.0175 0.012206572769953052
0 0.738125 0.5403755868544601 0.01375 0.01784037558685446
0 0.7675 0.49295774647887325 0.015 0.011267605633802818
0 0.98625 0.38497652582159625 0.025 0.024413145539906103
0 0.735 0.6314553990610329 0.0125 0.010328638497652582
0 0.72375 0.6342723004694836 0.0125 0.010328638497652582
0 0.13 0.7812206572769953 0.0225 0.018779342723004695
0 0.1075 0.7352112676056338 0.0475 0.020657276995305163
0 0.0055249999999999995 0.2996619718309859 0.0110625 0.03295774647887324
0 0.182075 0.23268544600938967 0.0424375 0.02223474178403756
0 0.1412375 0.22035680751173709 0.054924999999999995 0.06456338028169015
0 0.5512250000000001 0.3385164319248826 0.0288875 0.021699530516431923
0 0.5982999999999999 0.518018779342723 0.025325 0.04313615023474178
0 0.6753374999999999 0.5990610328638498 0.052425 0.041258215962441315
0 0.6150625000000001 0.7322159624413145 0.086675 0.055727699530516435
0 0.9968375 0.58418779342723 0.0063375 0.012056338028169014
0 0.7218875 0.38379342723004695 0.014975 0.017417840375586854
0 0.7429250000000001 0.3579342723004695 0.0099875 0.011784037558685448
0 0.8770375 0.5923661971830986 0.008562499999999999 0.009643192488262911
0 0.09112500000000001 0.6413896713615024 0.057425 0.02304225352112676
0 0.16545 0.5149765258215963 0.011587499999999999 0.008704225352112675