0 0.61 0.6855670103092784 0.08 0.06373008434864105
1 0.62 0.37582005623242737 0.43875 0.24742268041237114
1 0.323125 0.2839737582005623 0.3375 0.3542642924086223
0 0.478125 0.1246485473289597 0.09 0.06935332708528585
0 0.755 0.38706654170571697 0.0775 0.05154639175257732
0 0.04 0.6096532333645736 0.08 0.06841611996251172
0 0.06375 0.2994376757263355 0.085 0.08809746954076851
0 0.11875 0.5004686035613871 0.08625 0.06560449859418932
0 0.83375 0.31443298969072164 0.12625 0.07872539831302718
0 0.155 0.598875351452671 0.055 0.06654170571696345
0 0.638125 0.8758200562324273 0.04 0.03561387066541706
0 0.200625 0.5365510777881912 0.045 0.03936269915651359
1 0.93375 0.1668228678537957 0.125 0.05154639175257732
0 0.5575 0.8711340206185567 0.1 0.08247422680412371
1 0.626875 0.5534208059981256 0.47625 0.1733833177132146
0 0.148125 0.34817244611059045 0.03625 0.03280224929709466
0 0.806875 0.6513589503280225 0.04125 0.033739456419868794
0 0.9325 0.8678537956888472 0.04125 0.03561387066541706
0 0.14875 0.3078725398313027 0.0475 0.04029990627928772
0 0.1975 0.6382380506091846 0.04 0.033739456419868794
0 0.78625 0.7713214620431116 0.04125 0.033739456419868794
0 0.21625 0.15651358950328023 0.04625 0.033739456419868794
0 0.016875 0.7436738519212746 0.03375 0.044048734770384255
1 0.098125 0.6349578256794751 0.19625 0.3064667291471415
0 0.604375 0.6377694470477976 0.055 0.031865042174320526
1 0.09125 0.3837863167760075 0.17125 0.13683223992502344
1 0.878125 0.4629803186504217 0.11875 0.046860356138706656
0 0.0075 0.5960637300843487 0.015 0.06373008434864105
1 0.07625 0.43064667291471415 0.14375 0.05810684161199625
0 0.75375 0.9044048734770385 0.035 0.026241799437675725
0 0.9625 0.6963448922211809 0.01625 0.014058106841611996
0 0.92875 0.6855670103092784 0.01625 0.013120899718837863
0 0.95875 0.5609184629803187 0.01625 0.014058106841611996
0 0.50875 0.7249297094657919 0.03 0.023430178069353328
0 0.82625 0.5712277413308341 0.0275 0.026241799437675725
0 0.725625 0.8940955951265229 0.0175 0.010309278350515464
0 0.14875 0.34817244611059045 0.035 0.031865042174320526
0 0.100625 0.17994376757263356 0.03125 0.02155576382380506
0 0.099375 0.22211808809746955 0.0325 0.020618556701030927
0 0.225 0.3753514526710403 0.0225 0.013120899718837863
0 0.8375 0.48641049671977504 0.01625 0.014058106841611996
0 0.5075 0.4498594189315839 0.0275 0.014058106841611996
0 0.184375 0.03655107778819119 0.01375 0.01218369259606373
0 0.30375 0.22071227741330834 0.02375 0.01780693533270853
0 0.98875 0.4287722586691659 0.01625 0.01218369259606373
1 0.945 0.43908153701968133 0.05875 0.023430178069353328
0 0.763125 0.5670103092783505 0.02125 0.011246485473289597
0 0.57625 0.6143392689784443 0.01375 0.00937207122774133
0 0.57625 0.619962511715089 0.0175 0.006560449859418931
0 0.635625 0.6541705716963448 0.01875 0.01218369259606373
0 0.83125 0.7830365510777882 0.0175 0.010309278350515464
1 0.83 0.7703842549203374 0.0575 0.026241799437675725
0 0.08625 0.6930646672914714 0.04125 0.03561387066541706
0 0.020625 0.4208059981255858 0.02875 0.029053420805998126
1 0.115 0.246485473289597 0.215 0.38612933458294285