0 0.19875 0.5769953051643193 0.1075 0.0676056338028169
1 0.5125 0.7323943661971831 0.1625 0.12206572769953052
0 0.54875 0.3751173708920188 0.0775 0.06948356807511737
0 0.438125 0.5460093896713615 0.1175 0.07230046948356808
0 0.42875 0.360093896713615 0.055 0.05258215962441314
0 0.328125 0.8286384976525821 0.13375 0.06854460093896714
0 0.58375 0.4169014084507042 0.09375 0.06572769953051644
1 0.96625 0.48262910798122066 0.0675 0.15211267605633802
0 0.34625 0.26854460093896715 0.06 0.04131455399061033
0 0.975 0.6103286384976526 0.02375 0.04131455399061033
1 0.446875 0.176056338028169 0.21375 0.14084507042253522
0 0.210625 0.3211267605633803 0.06125 0.061971830985915494
0 0.7625 0.2708920187793427 0.05 0.038497652582159626
1 0.885 0.33286384976525824 0.14 0.11643192488262911
0 0.0275 0.7943661971830986 0.055 0.03943661971830986
0 0.859375 0.5131455399061032 0.05 0.04788732394366197
0 0.230625 0.8150234741784037 0.05875 0.04037558685446009
1 0.73 0.3910798122065728 0.12125 0.09671361502347418
0 0.823125 0.476056338028169 0.07875 0.05352112676056338
0 0.50125 0.1352112676056338 0.07625 0.03474178403755868
0 0.05875 0.64037558685446 0.02375 0.020657276995305163
0 0.00875 0.7 0.0175 0.01596244131455399
0 0.62875 0.7220657276995305 0.04 0.030985915492957747
0 0.659375 0.543661971830986 0.0225 0.020657276995305163
0 0.395625 0.1812206572769953 0.04 0.030985915492957747
0 0.73875 0.3807511737089202 0.04625 0.03943661971830986
0 0.423125 0.639906103286385 0.18 0.12018779342723004
0 0.91125 0.3333333333333333 0.045 0.030985915492957747
0 0.536875 0.7244131455399061 0.02125 0.018779342723004695
0 0.5425 0.7610328638497652 0.01875 0.020657276995305163
0 0.554375 0.7352112676056338 0.03625 0.03474178403755868
1 0.01875 0.6962441314553991 0.0375 0.168075117370892
0 0.85625 0.7671361502347418 0.0225 0.01596244131455399
0 0.801875 0.7258215962441315 0.0175 0.01784037558685446