1 0.5650125 0.5266447985004685 0.11561249999999999 0.16086223055295218
0 0.943125 0.5267104029990628 0.07875 0.04873477038425492
0 0.328125 0.7455482661668229 0.04625 0.029053420805998126
0 0.801875 0.6484817244611059 0.03375 0.06171508903467666
1 0.94625 0.7276663542642924 0.1075 0.1669165885660731
1 0.0846125 0.5490440487347704 0.169225 0.11808809746954077
0 0.576875 0.3022492970946579 0.01625 0.008434864104967198
0 0.576875 0.2924086223055295 0.01625 0.00937207122774133
0 0.40863750000000004 0.32491096532333646 0.0322125 0.02364573570759138
0 0.073125 0.34957825679475163 0.02375 0.01874414245548266
0 0.3875 0.5927835051546392 0.025 0.01780693533270853
0 0.48625 0.3622305529522024 0.0275 0.019681349578256794
0 0.506875 0.42924086223055297 0.02875 0.020618556701030927
0 0.37375 0.5754451733833177 0.02 0.013120899718837863
0 0.5375 0.4484536082474227 0.015 0.01218369259606373
0 0.355 0.38003748828491096 0.01 0.01218369259606373
0 0.384375 0.43908153701968133 0.01125 0.014058106841611996
0 0.529375 0.4742268041237113 0.01125 0.011246485473289597
0 0.623125 0.5876288659793815 0.01125 0.007497656982193065
0 0.54 0.43345829428303656 0.0175 0.01218369259606373
0 0.66125 0.6565135895032802 0.0075 0.006560449859418931
0 0.716875 0.42361761949390814 0.02125 0.00937207122774133
0 0.69095 0.34839737582005625 0.027687499999999997 0.015857544517338333
0 0.989375 0.4208059981255858 0.01875 0.020618556701030927
0 0.935 0.5552952202436738 0.03 0.02155576382380506
0 0.27875 0.8383317713214621 0.03 0.019681349578256794
0 0.591875 0.6742080599812559 0.04125 0.029268978444236177
0 0.47875 0.788191190253046 0.0225 0.016869728209934397
0 0.588125 0.7193064667291471 0.02625 0.023430178069353328
0 0.476875 0.8631677600749765 0.02375 0.016869728209934397
0 0.565 0.7094657919400188 0.0125 0.00937207122774133
0 0.405625 0.6675070290534209 0.02375 0.0183223992502343
0 0.398125 0.8575445173383318 0.01125 0.007497656982193065
0 0.356875 0.8795688847235239 0.02125 0.01218369259606373
0 0.54 0.7104029990627929 0.015 0.00937207122774133
0 0.410625 0.6921274601686973 0.01375 0.014058106841611996
0 0.975625 0.7314901593252109 0.03375 0.02155576382380506
0 0.7975 0.788191190253046 0.03 0.01499531396438613
0 0.79375 0.8776944704779757 0.0275 0.014058106841611996
0 0.934375 0.7802249297094658 0.02875 0.014058106841611996
0 0.5304625000000001 0.5598500468603561 0.01015 0.011883786316776007
0 0.548375 0.5522492970946579 0.0155375 0.011883786316776007
0 0.57565 0.554742268041237 0.014262500000000001 0.009746954076850984
0 0.5025625 0.5276382380506092 0.0145875 0.012127460168697281
0 0.6475 0.31620431115276476 0.0243625 0.006982193064667292
0 0.6481 0.30937207122774135 0.022775 0.0063823805060918455
0 0.30117499999999997 0.6771134020618557 0.014612499999999999 0.012586691658856607
0 0.355575 0.6330646672914715 0.0109 0.006869728209934396
0 0.3561125 0.6826710402999062 0.040337500000000005 0.030890346766635428
0 0.48365 0.6708247422680412 0.012862499999999999 0.01373008434864105
0 0.47078749999999997 0.6758106841611996 0.014612499999999999 0.012258669165885661
0 0.0334625 0.5808434864104967 0.0194 0.010627928772258668
0 0.01155 0.5641705716963449 0.017 0.012586691658856607
0 0.10846249999999999 0.561958762886598 0.031175 0.008500468603561387
0 0.1266625 0.5696438612933458 0.0279 0.007844423617619493
1 0.3169875 0.6637113402061855 0.0981 0.07175257731958763
1 0.32766249999999997 0.6244048734770384 0.08546250000000001 0.08009372071227741
0 0.287775 0.6937863167760074 0.017 0.008013120899718838