1 0.565 0.5267104029990628 0.115 0.16119962511715089
0 0.943125 0.5267104029990628 0.07875 0.04873477038425492
0 0.328125 0.7455482661668229 0.04625 0.029053420805998126
0 0.801875 0.6485473289597001 0.03375 0.061855670103092786
1 0.94625 0.7277413308341143 0.1075 0.1668228678537957
1 0.084375 0.549203373945642 0.16875 0.11808809746954077
0 0.576875 0.3022492970946579 0.01625 0.008434864104967198
0 0.576875 0.2924086223055295 0.01625 0.00937207122774133
0 0.40875 0.3247422680412371 0.0325 0.023430178069353328
0 0.073125 0.34957825679475163 0.02375 0.01874414245548266
0 0.3875 0.5927835051546392 0.025 0.01780693533270853
0 0.48625 0.3622305529522024 0.0275 0.019681349578256794
0 0.506875 0.42924086223055297 0.02875 0.020618556701030927
0 0.37375 0.5754451733833177 0.02 0.013120899718837863
0 0.5375 0.4484536082474227 0.015 0.01218369259606373
0 0.355 0.38003748828491096 0.01 0.01218369259606373
0 0.384375 0.43908153701968133 0.01125 0.014058106841611996
0 0.529375 0.4742268041237113 0.01125 0.011246485473289597
0 0.623125 0.5876288659793815 0.01125 0.007497656982193065
0 0.54 0.43345829428303656 0.0175 0.01218369259606373
0 0.66125 0.6565135895032802 0.0075 0.006560449859418931
0 0.716875 0.42361761949390814 0.02125 0.00937207122774133
0 0.69125 0.34817244611059045 0.0275 0.015932521087160263
0 0.989375 0.4208059981255858 0.01875 0.020618556701030927
0 0.935 0.5552952202436738 0.03 0.02155576382380506
0 0.27875 0.8383317713214621 0.03 0.019681349578256794
0 0.591875 0.6743205248359887 0.04125 0.029053420805998126
0 0.47875 0.788191190253046 0.0225 0.016869728209934397
0 0.588125 0.7193064667291471 0.02625 0.023430178069353328
0 0.476875 0.8631677600749765 0.02375 0.016869728209934397
0 0.565 0.7094657919400188 0.0125 0.00937207122774133
0 0.405625 0.6672914714151827 0.02375 0.01874414245548266
0 0.398125 0.8575445173383318 0.01125 0.007497656982193065
0 0.356875 0.8795688847235239 0.02125 0.01218369259606373
0 0.54 0.7104029990627929 0.015 0.00937207122774133
0 0.410625 0.6921274601686973 0.01375 0.014058106841611996
0 0.975625 0.7314901593252109 0.03375 0.02155576382380506
0 0.7975 0.788191190253046 0.03 0.01499531396438613
0 0.79375 0.8776944704779757 0.0275 0.014058106841611996
0 0.934375 0.7802249297094658 0.02875 0.014058106841611996
0 0.530625 0.5599812558575445 0.01 0.01218369259606373
0 0.548125 0.5520149953139644 0.015 0.01218369259606373
0 0.575625 0.5548266166822868 0.01375 0.00937207122774133
0 0.5025 0.5276476101218369 0.015 0.01218369259606373
0 0.6475 0.31630740393626994 0.02375 0.006560449859418931
0 0.648125 0.30927835051546393 0.0225 0.006560449859418931
0 0.30125 0.6771321462043112 0.015 0.01218369259606373
0 0.355625 0.6330834114339269 0.01125 0.006560449859418931
0 0.35625 0.682755388940956 0.04 0.030927835051546393
0 0.48375 0.6710402999062793 0.0125 0.014058106841611996
0 0.470625 0.6757263355201499 0.015 0.01218369259606373
0 0.03375 0.5810684161199625 0.02 0.010309278350515464
0 0.01125 0.5641986879100281 0.0175 0.01218369259606373
0 0.10875 0.5618556701030928 0.03125 0.008434864104967198
0 0.126875 0.569821930646673 0.0275 0.007497656982193065
1 0.316875 0.6635426429240863 0.0975 0.07216494845360824
1 0.3275 0.6241799437675727 0.085 0.07966260543580131
0 0.2875 0.6940018744142455 0.0175 0.008434864104967198