0 0.755 0.612464854732896 0.03875 0.06466729147141519
0 0.07125 0.6471415182755389 0.02875 0.05529522024367385
0 0.648125 0.761012183692596 0.035 0.05810684161199625
0 0.12625 0.8003748828491096 0.0375 0.06560449859418932
0 0.7475 0.7361761949390815 0.03375 0.020618556701030927
0 0.906875 0.7713214620431116 0.02375 0.01780693533270853
0 0.7 0.8031865042174321 0.0175 0.031865042174320526
0 0.46875 0.7085285848172446 0.0275 0.01218369259606373
0 0.193125 0.7741330834114339 0.03625 0.02155576382380506
0 0.319375 0.8209934395501406 0.015 0.038425492033739454
0 0.2475 0.8252108716026242 0.01625 0.033739456419868794
0 0.69125 0.43345829428303656 0.01625 0.013120899718837863
0 0.721875 0.5126522961574508 0.01625 0.011246485473289597
0 0.81875 0.6611996251171509 0.035 0.020618556701030927
0 0.598125 0.5459231490159325 0.0275 0.031865042174320526
0 0.361875 0.5576382380506092 0.03125 0.013120899718837863
0 0.515625 0.3786316776007498 0.0225 0.01499531396438613
0 0.58625 0.4329896907216495 0.01875 0.01499531396438613
0 0.5675 0.42549203373945643 0.0275 0.03561387066541706
0 0.406875 0.3486410496719775 0.01625 0.01218369259606373
0 0.471875 0.5164011246485474 0.02125 0.038425492033739454
0 0.5425 0.40159325210871605 0.02125 0.05810684161199625
0 0.480625 0.3856607310215558 0.01625 0.011246485473289597
0 0.55125 0.4329896907216495 0.01625 0.01218369259606373
0 0.4925 0.48828491096532334 0.01625 0.05435801312089972
0 0.051875 0.471883786316776 0.02625 0.05060918462980318
0 0.024375 0.33505154639175255 0.01875 0.011246485473289597
0 0.0225 0.38425492033739456 0.015 0.01218369259606373
0 0.184375 0.5164011246485474 0.02 0.015932521087160263
0 0.021875 0.48828491096532334 0.01375 0.010309278350515464
0 0.518125 0.20618556701030927 0.0225 0.016869728209934397
0 0.444375 0.2624179943767573 0.0225 0.016869728209934397
0 0.59 0.3219306466729147 0.01625 0.014058106841611996
0 0.518125 0.2642924086223055 0.015 0.011246485473289597
0 0.369375 0.23195876288659795 0.01625 0.014058106841611996
0 0.36875 0.1733833177132146 0.015 0.011246485473289597
0 0.295 0.31724461105904406 0.01625 0.010309278350515464
0 0.330625 0.26101218369259604 0.015 0.00937207122774133
0 0.775625 0.5520149953139644 0.00875 0.01874414245548266
0 0.768125 0.5393626991565136 0.01 0.020618556701030927
0 0.95125 0.43767572633552015 0.0125 0.030927835051546393
1 0.985 0.6541705716963448 0.02375 0.06373008434864105
0 0.7025 0.7089971883786317 0.02125 0.05248359887535145
0 0.47 0.6185567010309279 0.02 0.16588566073102157
0 0.35875 0.4414245548266167 0.02375 0.21930646672914714
0 0.679375 0.3373945641986879 0.02 0.01499531396438613
0 0.965625 0.26569821930646675 0.00875 0.02717900656044986
0 0.94875 0.3392689784442362 0.02875 0.2014995313964386
0 0.01875 0.253514526710403 0.03 0.14901593252108716
0 0.01625 0.3631677600749766 0.03125 0.23711340206185566
0 0.19875 0.507029053420806 0.01375 0.010309278350515464