1 0.590625 0.32755388940955954 0.37375 0.28772258669165884
1 0.70205 0.6391752577319587 0.275 0.2849109653233365
0 0.628125 0.6630740393626992 0.04625 0.03655107778819119
0 0.224375 0.7891283973758201 0.08375 0.05810684161199625
0 0.60125 0.05716963448922212 0.04 0.03748828491096532
0 0.288125 0.4442361761949391 0.03625 0.028116213683223992
0 0.071875 0.1077788191190253 0.10625 0.11808809746954077
0 0.810125 0.20727272727272728 0.0627375 0.048434864104967196
0 0.45875 0.03889409559512652 0.045 0.04217432052483599
0 0.9775 0.5093720712277413 0.045 0.044048734770384255
0 0.744375 0.10871602624179943 0.03875 0.03748828491096532
0 0.795 0.3828491096532334 0.0275 0.06841611996251172
0 0.971875 0.39128397375820057 0.03875 0.03280224929709466
0 0.16335 0.5772258669165885 0.07918750000000001 0.08229615745079663
0 0.8597374999999999 0.6202343017806935 0.036975 0.05022492970946579
1 0.5280625 0.5746579194001874 0.40204999999999996 0.3619962511715089
0 0.831875 0.5074976569821931 0.02875 0.10965323336457357
0 0.89625 0.6213683223992502 0.045 0.04311152764761012
0 0.4525 0.2933458294283037 0.02 0.01499531396438613
0 0.566875 0.3270852858481724 0.01125 0.03561387066541706
0 0.896875 0.8064667291471416 0.02375 0.01780693533270853
0 0.501875 0.6424554826616682 0.01875 0.015932521087160263
0 0.98625 0.7282099343955014 0.0275 0.022492970946579195
0 0.86375 0.930178069353327 0.02 0.01780693533270853
1 0.47605 0.8168134957825679 0.3091875 0.3351358950328022
0 0.39561250000000003 0.8600374882849109 0.017175 0.01358950328022493
0 0.29645 0.6717900656044985 0.08886250000000001 0.0465323336457357
0 0.3500875 0.6343767572633552 0.02105 0.013880037488284912
0 0.21795 0.5863636363636363 0.08393750000000001 0.08725398313027179
0 0.547775 0.264058106841612 0.017825 0.01684161199625117
0 0.491125 0.23667291471415183 0.012862499999999999 0.016457357075913774
0 0.53585 0.1930834114339269 0.019950000000000002 0.016429240862230556
0 0.24908750000000002 0.04774133083411434 0.044775 0.04254920337394564
0 0.3052375 0.024639175257731957 0.0407 0.035829428303655105
0 0.8221375000000001 0.15023430178069355 0.017849999999999998 0.01345829428303655
0 0.8189 0.75427366447985 0.046174999999999994 0.05447047797563261
0 0.7858499999999999 0.7408528584817244 0.046675 0.017216494845360825
0 0.5824750000000001 0.5571415182755389 0.0187 0.017900656044985943
0 0.8031125 0.6093626991565136 0.0710125 0.05932521087160262
0 0.6075625 0.44722586691658855 0.017462500000000002 0.01908153701968135