1 0.39375 0.6672914714151827 0.4 0.3064667291471415
1 0.311875 0.35051546391752575 0.30125 0.29896907216494845
0 0.3875 0.33083411433926896 0.05 0.038425492033739454
0 0.801875 0.22586691658856609 0.08875 0.06279287722586692
0 0.3575 0.936269915651359 0.04375 0.03936269915651359
0 0.70625 0.5665417057169635 0.03875 0.02999062792877226
0 0.890625 0.9137769447047798 0.1175 0.12371134020618557
0 0.16375 0.7760074976569822 0.0675 0.05154639175257732
0 0.498125 0.9620431115276477 0.04875 0.044048734770384255
0 0.024375 0.46579194001874413 0.04875 0.04592314901593252
0 0.22 0.8776944704779757 0.0425 0.03936269915651359
0 0.195 0.6012183692596064 0.03375 0.06935332708528585
0 0.02 0.5834114339268979 0.04 0.03467666354264293
0 0.843125 0.44048734770384257 0.08625 0.08622305529522024
0 0.151875 0.36082474226804123 0.0425 0.05248359887535145
1 0.47875 0.4240862230552952 0.435 0.3823805060918463
0 0.169375 0.4751640112464855 0.03875 0.1105904404873477
0 0.11625 0.3580131208997188 0.04875 0.04498594189315839
0 0.528125 0.7085285848172446 0.02125 0.015932521087160263
0 0.4175 0.669165885660731 0.015 0.03655107778819119
0 0.1325 0.1733833177132146 0.025 0.01874414245548266
0 0.51125 0.3580131208997188 0.02 0.016869728209934397
0 0.03625 0.24695407685098406 0.03 0.023430178069353328
0 0.176875 0.052014995313964384 0.02125 0.01874414245548266
1 0.553125 0.1850984067478913 0.33875 0.35051546391752575
0 0.6375 0.14667291471415184 0.01875 0.014058106841611996
0 0.719375 0.3392689784442362 0.0925 0.05154639175257732
0 0.661875 0.373477038425492 0.0225 0.01499531396438613
0 0.789375 0.4287722586691659 0.09125 0.09090909090909091
0 0.430625 0.732427366447985 0.01875 0.01780693533270853
0 0.484375 0.7633552014995314 0.01375 0.01780693533270853
0 0.435625 0.8041237113402062 0.02125 0.01780693533270853
0 0.708125 0.9643861293345829 0.04875 0.044048734770384255
0 0.65 0.9826616682286785 0.045 0.03467666354264293
0 0.14625 0.8317713214620431 0.01875 0.014058106841611996
0 0.205625 0.2296157450796626 0.05125 0.056232427366447985
0 0.2375 0.24461105904404873 0.0475 0.019681349578256794
0 0.423125 0.4386129334582943 0.02 0.01874414245548266
0 0.2075 0.3753514526710403 0.07625 0.06279287722586692
0 0.388125 0.5473289597000938 0.01875 0.019681349578256794