1 0.70375 0.2797563261480787 0.35 0.2436738519212746
0 0.61625 0.8331771321462043 0.065 0.033739456419868794
1 0.7075 0.1579194001874414 0.30125 0.13402061855670103
1 0.616875 0.14058106841611998 0.23 0.07591377694470477
0 0.1075 0.7413308341143393 0.02125 0.019681349578256794
0 0.26 0.6073102155576382 0.02 0.015932521087160263
0 0.2525 0.6007497656982193 0.0225 0.015932521087160263
0 0.53375 0.7136832239925024 0.025 0.023430178069353328
0 0.445 0.8716026241799437 0.0375 0.02530459231490159
0 0.4725 0.8430178069353327 0.04125 0.026241799437675725
0 0.58 0.5468603561387066 0.025 0.01780693533270853
0 0.728125 0.5501405810684161 0.06125 0.04873477038425492
0 0.664375 0.2380506091846298 0.03 0.020618556701030927
0 0.390625 0.3444236176194939 0.0275 0.01780693533270853
0 0.638125 0.12089971883786317 0.02625 0.020618556701030927
0 0.355 0.3650421743205248 0.04375 0.028116213683223992
0 0.24 0.29475164011246485 0.01625 0.016869728209934397
0 0.95 0.7900656044985942 0.05375 0.02717900656044986
0 0.38 0.5215557638238051 0.02 0.01499531396438613
0 0.64875 0.5801312089971884 0.06125 0.05435801312089972
0 0.641875 0.5810684161199625 0.01625 0.014058106841611996
0 0.7275 0.5445173383317713 0.02125 0.01499531396438613
0 0.756875 0.12699156513589505 0.01 0.007497656982193065
1 0.805 0.11433926897844424 0.0575 0.04498594189315839
1 0.188125 0.18322399250234303 0.0675 0.06841611996251172
1 0.270625 0.20337394564198688 0.1125 0.07122774133083412
1 0.2325 0.22164948453608246 0.255 0.10121836925960637
0 0.79875 0.09934395501405811 0.02625 0.011246485473289597