0 0.934375 0.7202436738519212 0.07875 0.05716963448922212
0 0.89 0.22399250234301782 0.1225 0.08809746954076851
0 0.60375 0.514526710402999 0.1 0.07310215557638237
0 0.135625 0.21790065604498593 0.08875 0.06279287722586692
0 0.070625 0.5042174320524836 0.07625 0.05998125585754452
0 0.0375 0.5838800374882849 0.065 0.056232427366447985
0 0.765 0.34723523898781633 0.0475 0.030927835051546393
1 0.6537125 0.6864386129334582 0.2130125 0.15334582942830366
0 0.510625 0.8041237113402062 0.05625 0.041237113402061855
0 0.575625 0.7328959700093721 0.05625 0.03936269915651359
0 0.688125 0.5018744142455482 0.05875 0.05529522024367385
0 0.384375 0.6166822867853796 0.04375 0.046860356138706656
0 0.18875 0.6611996251171509 0.055 0.04029990627928772
0 0.14375 0.5463917525773195 0.0475 0.04498594189315839
0 0.755 0.47563261480787256 0.0525 0.059044048734770385
0 0.751875 0.5074976569821931 0.04875 0.03467666354264293
0 0.0225 0.6279287722586692 0.045 0.03748828491096532
0 0.34125 0.20852858481724462 0.0575 0.10028116213683223
0 0.770625 0.6293345829428304 0.03125 0.04029990627928772
0 0.01125 0.3177132146204311 0.0225 0.026241799437675725
0 0.44875 0.26522961574507964 0.035 0.02436738519212746
0 0.384375 0.2600749765698219 0.03625 0.023430178069353328
0 0.2475 0.4742268041237113 0.0175 0.020618556701030927
0 0.18625 0.43767572633552015 0.0275 0.01874414245548266
0 0.295 0.584348641049672 0.0175 0.014058106841611996
0 0.051875 0.6377694470477976 0.03375 0.02155576382380506
0 0.188125 0.44798500468603564 0.02375 0.02999062792877226
0 0.063125 0.6180880974695407 0.03375 0.02155576382380506
0 0.48625 0.5229615745079662 0.045 0.022492970946579195
0 0.495 0.40112464854732893 0.0725 0.016869728209934397
0 0.455625 0.34395501405810686 0.06875 0.01499531396438613
0 0.4875 0.36644798500468606 0.045 0.026241799437675725
0 0.620625 0.40112464854732893 0.03625 0.026241799437675725
0 0.548125 0.47797563261480785 0.03375 0.028116213683223992
0 0.4825 0.6447985004686035 0.0275 0.020618556701030927
0 0.64875 0.4526710402999063 0.0325 0.033739456419868794
0 0.34625 0.3917525773195876 0.0275 0.028116213683223992
0 0.346875 0.4372071227741331 0.02875 0.030927835051546393
0 0.526875 0.5763823805060918 0.01875 0.00937207122774133
0 0.953125 0.3753514526710403 0.03625 0.02717900656044986
0 0.97875 0.6237113402061856 0.04 0.030927835051546393
0 0.1012 0.7294001874414245 0.031237499999999998 0.023280224929709464
0 0.19 0.7081255857544518 0.0225 0.038425492033739454
1 0.01625 0.6879100281162137 0.0325 0.031865042174320526
0 0.42125 0.746485473289597 0.0175 0.010309278350515464
0 0.336825 0.6821462043111528 0.0163625 0.009662605435801313
0 0.66035 0.8216401124648548 0.0232 0.03127460168697282
0 0.4025 0.8223992502343018 0.01 0.008434864104967198
0 0.714375 0.7741330834114339 0.03625 0.022492970946579195
0 0.5178875000000001 0.6235895032802249 0.042824999999999995 0.032389878163074044
1 0.7146375 0.6717525773195876 0.0652 0.06160262417994377
1 0.6351625 0.6893908153701969 0.08602499999999999 0.0413589503280225
0 0.09085000000000001 0.5488191190253047 0.0381875 0.03036551077788191
0 0.186325 0.4749203373945642 0.022375 0.037019681349578254
0 0.1899875 0.5000843486410497 0.0050125 0.012727272727272728
0 0.201175 0.5023992502343018 0.014275 0.010993439550140581
0 0.2114 0.5097750702905341 0.012350000000000002 0.012436738519212745
0 0.2115875 0.3904686035613871 0.0327875 0.05090909090909091
0 0.519625 0.4159231490159325 0.0763875 0.014461105904404874
1 0.26058749999999997 0.44918462980318646 0.1400375 0.15676663542642924
1 0.3140125 0.43211808809746954 0.1188125 0.16776007497656983