0 0.223125 0.44929577464788734 0.14375 0.10985915492957747
0 0.5825 0.04460093896713615 0.145 0.0892018779342723
0 0.639375 0.5835680751173709 0.14375 0.14366197183098592
0 0.520625 0.3812206572769953 0.10625 0.08450704225352113
0 0.77875 0.8333333333333334 0.0825 0.06103286384976526
0 0.78625 0.11643192488262911 0.155 0.19342723004694837
0 0.886875 0.39248826291079814 0.12125 0.1652582159624413
0 0.444375 0.3460093896713615 0.08375 0.04225352112676056
0 0.784375 0.4896713615023474 0.11375 0.11173708920187793
0 0.204375 0.8342723004694835 0.05375 0.044131455399061034
0 0.05875 0.7328638497652582 0.0575 0.046009389671361506
0 0.11 0.7845070422535211 0.0575 0.044131455399061034
0 0.21 0.2859154929577465 0.09 0.1267605633802817
0 0.368125 0.34413145539906104 0.06125 0.038497652582159626
0 0.239375 0.7530516431924883 0.05625 0.0431924882629108
0 0.324375 0.6323943661971831 0.11875 0.04037558685446009
0 0.2532125 0.5290422535211267 0.055 0.030985915492957747
0 0.31125 0.24413145539906103 0.05 0.03755868544600939
0 0.325 0.38497652582159625 0.0675 0.03380281690140845
0 0.148125 0.6699530516431925 0.05875 0.03474178403755868
0 0.903125 0.8624413145539906 0.05875 0.04225352112676056
0 0.934375 0.258 0.13125 0.11412206572769953
0 0.329375 0.8568075117370892 0.05375 0.027230046948356807
0 0.32875 0.4187793427230047 0.06 0.03192488262910798
0 0.251875 0.14835680751173708 0.04375 0.028169014084507043
0 0.280625 0.6882629107981221 0.06625 0.02629107981220657
0 0.74 0.48450704225352115 0.06 0.04131455399061033
0 0.824375 0.6427230046948357 0.04375 0.02910798122065728
0 0.1237875 0.055868544600938964 0.05125 0.03474178403755868
0 0.25375 0.04366197183098591 0.045 0.02910798122065728
0 0.406875 0.1563380281690141 0.04625 0.02535211267605634
0 0.978125 0.3164319248826291 0.02375 0.022535211267605635
0 0.02375 0.40938967136150234 0.0475 0.024413145539906103
0 0.019375 0.37279812206572766 0.03875 0.02247887323943662
0 0.005625 0.6131455399061033 0.01125 0.022535211267605635
0 0.60625 0.3741784037558685 0.02 0.01596244131455399
0 0.493125 0.4507042253521127 0.02125 0.016901408450704224
0 0.846875 0.8610328638497653 0.03125 0.024413145539906103
0 0.8055125 0.6593896713615024 0.0414625 0.025821596244131457
0 0.701875 0.7854460093896714 0.01625 0.008450704225352112
0 0.6220625 0.39811267605633804 0.0533625 0.02892957746478873
0 0.5937749999999999 0.4012769953051643 0.04573750000000001 0.026215962441314557
0 0.193375 0.6349859154929577 0.040925 0.030140845070422535
0 0.3967875 0.1365164319248826 0.05055 0.01988732394366197
0 0.4377125 0.005877934272300469 0.0288875 0.011755868544600938
0 0.872 0.5570798122065728 0.023675 0.017173708920187793