1 0.1675 0.6737089201877934 0.275 0.1812206572769953
0 0.25625 0.3863849765258216 0.115 0.07793427230046948
0 0.26875 0.4535211267605634 0.115 0.07136150234741784
1 0.58 0.5 0.3625 0.14553990610328638
0 0.21 0.7220657276995305 0.095 0.07323943661971831
1 0.86375 0.563849765258216 0.27 0.13802816901408452
1 0.145 0.5807511737089202 0.22 0.14929577464788732
1 0.615625 0.376056338028169 0.14375 0.07793427230046948
0 0.885 0.4676056338028169 0.185 0.09201877934272301
0 0.070625 0.3089201877934272 0.06875 0.046948356807511735
0 0.369375 0.2051643192488263 0.06875 0.051643192488262914
0 0.14125 0.676056338028169 0.065 0.046948356807511735
0 0.8082250000000001 0.6572769953051644 0.18125 0.0431924882629108
0 0.355 0.7333333333333333 0.0525 0.0431924882629108
0 0.133125 0.15070422535211267 0.03875 0.03474178403755868
1 0.49625 0.3018779342723005 0.1475 0.07793427230046948
0 0.5075 0.376056338028169 0.04 0.03474178403755868
0 0.49125 0.5666666666666667 0.08 0.03474178403755868
0 0.31125 0.7056338028169014 0.045 0.030985915492957747
0 0.925 0.36619718309859156 0.075 0.022535211267605635
0 0.931875 0.6497652582159624 0.07125 0.022535211267605635
0 0.015625 0.4131455399061033 0.03125 0.10704225352112676
0 0.40259999999999996 0.817849765258216 0.0577125 0.05071361502347418
0 0.120625 0.1755868544600939 0.05375 0.022535211267605635
0 0.151875 0.31690140845070425 0.03625 0.02910798122065728
0 0.010625 0.3089201877934272 0.02125 0.020657276995305163
0 0.028125 0.15868544600938966 0.02875 0.016901408450704224
0 0.49125 0.3136150234741784 0.0425 0.024413145539906103
0 0.529375 0.3032863849765258 0.02375 0.007511737089201878
0 0.63125 0.14976525821596245 0.0325 0.01596244131455399
0 0.533125 0.16948356807511736 0.01625 0.012206572769953052
0 0.64625 0.20328638497652582 0.015 0.014084507042253521
0 0.715625 0.31971830985915495 0.03125 0.012206572769953052
0 0.749375 0.18732394366197183 0.01625 0.010328638497652582
0 0.980625 0.2784037558685446 0.03625 0.023474178403755867
0 0.789375 0.1488262910798122 0.03625 0.014084507042253521
0 0.439375 0.5746478873239437 0.01875 0.013145539906103286
0 0.543125 0.3892018779342723 0.03875 0.030985915492957747
0 0.738125 0.5929577464788732 0.02125 0.008450704225352112
0 0.2946375 0.24218779342723004 0.040787500000000004 0.03585915492957746
0 0.2987625 0.21252582159624414 0.036012499999999996 0.02802816901408451
0 0.0164875 0.11554929577464788 0.032975 0.036178403755868546
0 0.7938875 0.5145258215962442 0.0186625 0.006845070422535212
0 0.8025625 0.5241408450704226 0.0299375 0.010431924882629107
0 0.6075125 0.5575586854460094 0.0217 0.010103286384976526
0 0.4000875 0.4662910798122066 0.040787500000000004 0.03943661971830986
0 0.6463500000000001 0.36246948356807507 0.038625 0.009126760563380283
0 0.9494499999999999 0.3994647887323944 0.020825 0.012713615023474177
0 0.68605 0.17797183098591549 0.030375 0.010431924882629107
1 0.09202500000000001 0.5501032863849765 0.09313750000000001 0.07579342723004695