1 0.26875 0.25023474178403754 0.24125 0.20657276995305165
0 0.65125 0.31690140845070425 0.10375 0.0863849765258216
0 0.561875 0.32629107981220656 0.095 0.0863849765258216
1 0.5 0.560093896713615 0.19375 0.27230046948356806
0 0.204375 0.2821596244131455 0.0975 0.07136150234741784
1 0.415 0.7732394366197183 0.18375 0.2028169014084507
1 0.3925 0.23333333333333334 0.19875 0.1652582159624413
1 0.665 0.5868544600938967 0.10375 0.107981220657277
0 0.543125 0.7892018779342723 0.1225 0.13896713615023473
0 0.754375 0.17746478873239438 0.0625 0.051643192488262914
0 0.8925 0.40187793427230045 0.06875 0.051643192488262914
0 0.265625 0.23051643192488264 0.0625 0.048826291079812206
0 0.290625 0.7314553990610329 0.0575 0.13615023474178403
0 0.189375 0.3910798122065728 0.0575 0.03943661971830986
0 0.965 0.2244131455399061 0.04625 0.02910798122065728
1 0.76375 0.4971830985915493 0.10375 0.1107981220657277
0 0.665 0.5056338028169014 0.04625 0.03004694835680751
0 0.41125 0.4934272300469484 0.04625 0.06009389671361502
0 0.22625 0.35821596244131454 0.04125 0.03380281690140845
0 0.678125 0.8192488262910798 0.03 0.056338028169014086
0 0.300625 0.8244131455399061 0.03 0.05352112676056338
0 0.615625 0.13615023474178403 0.1425 0.023474178403755867
0 0.076875 0.4267605633802817 0.0675 0.0431924882629108
0 0.931875 0.21502347417840376 0.03 0.04037558685446009
0 0.74375 0.23849765258215963 0.03875 0.027230046948356807
0 0.754375 0.1323943661971831 0.0275 0.01596244131455399
0 0.954375 0.14553990610328638 0.0225 0.0215962441314554
0 0.748125 0.4934272300469484 0.0325 0.03192488262910798
0 0.761875 0.5220657276995305 0.01 0.01784037558685446
0 0.96625 0.5985915492957746 0.02125 0.024413145539906103
0 0.94 0.5248826291079812 0.01625 0.012206572769953052
0 0.895 0.6098591549295774 0.01875 0.011267605633802818
0 0.74 0.6619718309859155 0.01625 0.023474178403755867
0 0.91625 0.6873239436619718 0.01375 0.012206572769953052
0 0.795 0.8610328638497653 0.03125 0.027230046948356807
0 0.9675 0.7173708920187793 0.01875 0.027230046948356807
0 0.400625 0.4544600938967136 0.0175 0.014084507042253521
0 0.6475 0.532394366197183 0.04125 0.02910798122065728
0 0.37625 0.6788732394366197 0.01125 0.01596244131455399
0 0.843125 0.3455399061032864 0.0475 0.030985915492957747
0 0.8825 0.3488262910798122 0.0375 0.027230046948356807
0 0.99375 0.13615023474178403 0.0125 0.024413145539906103
0 0.480625 0.7206572769953051 0.00875 0.014084507042253521
0 0.468125 0.7272300469483568 0.01375 0.022535211267605635
0 0.423125 0.5807511737089202 0.01375 0.01596244131455399
0 0.545 0.42488262910798125 0.0525 0.030985915492957747
0 0.683125 0.6098591549295774 0.0125 0.02910798122065728
0 0.63375 0.8375586854460094 0.0175 0.01596244131455399
0 0.92875 0.639906103286385 0.01375 0.022535211267605635
1 0.433125 0.19342723004694837 0.10125 0.07042253521126761