1 0.435625 0.5955951265229615 0.24625 0.15651358950328023
1 0.763125 0.7872539831302718 0.29125 0.15182755388940955
1 0.25375 0.42361761949390814 0.225 0.15932521087160262
0 0.784375 0.26804123711340205 0.08625 0.061855670103092786
1 0.758125 0.5651358950328023 0.28625 0.14807872539831302
0 0.24125 0.46719775070290537 0.105 0.053420805998125584
1 0.099375 0.5548266166822868 0.13875 0.09184629803186505
0 0.799375 0.689784442361762 0.20625 0.07310215557638237
0 0.9 0.5337394564198688 0.12 0.09840674789128398
0 0.83625 0.4062792877225867 0.0725 0.1021555763823805
0 0.925 0.29568884723523897 0.0875 0.053420805998125584
0 0.16625 0.8672914714151827 0.05 0.03655107778819119
0 0.078125 0.788659793814433 0.04375 0.03467666354264293
0 0.05 0.7647610121836926 0.0425 0.031865042174320526
0 0.1425 0.2774133083411434 0.0425 0.03748828491096532
0 0.7225 0.2408622305529522 0.0575 0.033739456419868794
0 0.96875 0.11433926897844424 0.05 0.02999062792877226
0 0.955625 0.6063730084348641 0.08625 0.05060918462980318
0 0.668125 0.8514526710402999 0.08625 0.15463917525773196
0 0.013125 0.309746954076851 0.02625 0.01780693533270853
0 0.07375 0.26710402999062793 0.0125 0.007497656982193065
0 0.648125 0.21743205248359887 0.02875 0.016869728209934397
0 0.58 0.20103092783505155 0.02 0.010309278350515464
0 0.0375 0.542642924086223 0.0225 0.02436738519212746
0 0.2175 0.34723523898781633 0.025 0.01218369259606373
0 0.12125 0.5899718837863168 0.0175 0.01218369259606373
0 0.360625 0.6396438612933458 0.03875 0.01780693533270853
0 0.6525 0.39268978444236174 0.01 0.01874414245548266
0 0.561875 0.6082474226804123 0.01125 0.01874414245548266
0 0.65875 0.3786316776007498 0.01 0.01874414245548266
0 0.55125 0.6227741330834115 0.01 0.01780693533270853
0 0.900625 0.415651358950328 0.04125 0.02530459231490159
0 0.775 0.5651358950328023 0.02 0.013120899718837863
0 0.818125 0.48828491096532334 0.01125 0.00937207122774133
0 0.76 0.5735707591377694 0.0125 0.00937207122774133
0 0.76705 0.436269915651359 0.015 0.010309278350515464
0 0.179375 0.7736644798500468 0.02375 0.014058106841611996
0 0.286875 0.761012183692596 0.03875 0.031865042174320526
0 0.58875 0.9025304592314901 0.02 0.013120899718837863
0 0.589375 0.7052483598875351 0.01875 0.010309278350515464
0 0.52 0.7994376757263355 0.0175 0.00937207122774133
0 0.533125 0.7938144329896907 0.01625 0.00937207122774133
0 0.21091249999999997 0.6624086223055294 0.046825 0.03318650421743205
0 0.20395 0.6393158388003749 0.026037499999999998 0.026682286785379566
0 0.2030875 0.616701030927835 0.027774999999999998 0.030909090909090907
0 0.1347375 0.6022211808809748 0.0282 0.011715089034676664
0 0.14883749999999998 0.632642924086223 0.0416625 0.028303655107778818
0 0.0931625 0.5830927835051546 0.0098625 0.006766635426429241
0 0.0623 0.5611152764761013 0.015224999999999999 0.014798500468603561
0 0.054400000000000004 0.6916119962511715 0.04115 0.031490159325210876
0 0.22338750000000002 0.8705154639175258 0.0386125 0.03170571696344892
0 0.7429250000000001 0.5952389878163075 0.14445 0.04714151827553889
0 0.7898000000000001 0.5986410496719775 0.0116125 0.014011246485473288
0 0.7586375 0.3327647610121837 0.015575 0.036101218369259606
0 0.771525 0.3173664479850047 0.0203875 0.037591377694470476
0 0.00445 0.3971883786316776 0.0089 0.025951265229615748
0 0.2336875 0.4214245548266167 0.0121375 0.012258669165885661
0 0.3183625 0.4761105904404873 0.0137125 0.012858481724461107
0 0.49217500000000003 0.48579194001874415 0.0121375 0.006925960637300843
0 0.4869 0.49627928772258667 0.010549999999999999 0.018388003748828492