1 0.54375 0.3978444236176195 0.27625 0.1836925960637301
1 0.18 0.24695407685098406 0.31875 0.1836925960637301
1 0.759375 0.5463917525773195 0.255 0.1836925960637301
0 0.2675 0.7624179943767573 0.0975 0.07122774133083412
1 0.23125 0.46579194001874413 0.31375 0.17994376757263356
0 0.7625 0.5018744142455482 0.115 0.06466729147141519
1 0.884375 0.39878163074039363 0.15625 0.10684161199625117
0 0.165 0.3477038425492034 0.21875 0.09653233364573571
0 0.098125 0.5135895032802249 0.13875 0.11152764761012184
0 0.1875 0.6321462043111528 0.0925 0.10965323336457357
0 0.123125 0.7516401124648547 0.0975 0.06279287722586692
0 0.753125 0.0979381443298969 0.0575 0.04217432052483599
0 0.85625 0.16541705716963448 0.05 0.03936269915651359
0 0.889375 0.18556701030927836 0.04875 0.03655107778819119
0 0.899375 0.6780693533270853 0.05 0.04217432052483599
0 0.334375 0.782099343955014 0.06375 0.04029990627928772
0 0.1175 0.9358013120899719 0.05625 0.03561387066541706
0 0.0375 0.44798500468603564 0.075 0.05998125585754452
0 0.260625 0.1724461105904405 0.1175 0.16307403936269915
0 0.969375 0.6799437675726335 0.01375 0.008434864104967198
0 0.4125 0.7966260543580131 0.0325 0.019681349578256794
0 0.483125 0.8045923149015932 0.0225 0.01218369259606373
0 0.948125 0.4034676663542643 0.0275 0.026241799437675725
0 0.810625 0.6176194939081537 0.0275 0.01499531396438613
0 0.855625 0.3669165885660731 0.02 0.014058106841611996
0 0.60875 0.3458294283036551 0.0425 0.022492970946579195
0 0.371875 0.6237113402061856 0.01375 0.019681349578256794
0 0.41625 0.4001874414245548 0.015 0.019681349578256794
0 0.36875 0.6387066541705717 0.01375 0.019681349578256794
0 0.42375 0.3847235238987816 0.01375 0.01874414245548266
0 0.121875 0.6302717900656045 0.04625 0.02999062792877226
0 0.215 0.4681349578256795 0.0225 0.01499531396438613
0 0.188125 0.5487347703842549 0.0125 0.010309278350515464
0 0.228125 0.457825679475164 0.01375 0.010309278350515464
0 0.25 0.5941893158388004 0.0175 0.01218369259606373
0 0.759375 0.19212746016869728 0.02625 0.016869728209934397
0 0.65625 0.21743205248359887 0.045 0.03561387066541706
0 0.328125 0.11293345829428304 0.0225 0.01499531396438613
0 0.36875 0.3078725398313027 0.02125 0.01218369259606373
0 0.4175 0.20665417057169636 0.01875 0.011246485473289597
0 0.40625 0.21368322399250234 0.0175 0.011246485473289597
0 0.751875 0.3055295220243674 0.0525 0.03748828491096532
0 0.76375 0.3280224929709466 0.03125 0.029053420805998126
0 0.76875 0.3500468603561387 0.03375 0.033739456419868794
0 0.839375 0.3561387066541706 0.03125 0.014058106841611996
0 0.819375 0.3280224929709466 0.04625 0.03280224929709466
0 0.884375 0.3701968134957826 0.01125 0.007497656982193065
0 0.919375 0.38847235238987815 0.0175 0.016869728209934397
0 0.9 0.2582005623242737 0.0475 0.03655107778819119
0 0.69625 0.10121836925960637 0.045 0.03561387066541706
0 0.24 0.4343955014058107 0.1525 0.06373008434864105
0 0.193125 0.436269915651359 0.01375 0.01499531396438613
0 0.279375 0.6954076850984068 0.0225 0.03748828491096532
0 0.27 0.7122774133083412 0.0275 0.03936269915651359
0 0.779375 0.5463917525773195 0.015 0.013120899718837863
0 0.684375 0.5023430178069354 0.01625 0.01499531396438613
0 0.51125 0.5131208997188379 0.01375 0.007497656982193065
0 0.51375 0.5023430178069354 0.01375 0.019681349578256794