0 0.505 0.2812206572769953 0.10625 0.07699530516431925
1 0.33625 0.17089201877934274 0.1625 0.16056338028169015
1 0.883125 0.2300469483568075 0.23375 0.14647887323943662
0 0.809375 0.5150234741784038 0.08 0.05727699530516432
0 0.40875 0.4924882629107981 0.085 0.05070422535211268
0 0.78125 0.5535211267605634 0.0725 0.03286384976525822
1 0.745 0.21830985915492956 0.09125 0.10704225352112676
0 0.705 0.27605633802816903 0.11375 0.06103286384976526
0 0.28 0.43333333333333335 0.08 0.056338028169014086
0 0.691875 0.49061032863849763 0.07375 0.03755868544600939
0 0.949375 0.26572769953051645 0.03 0.023474178403755867
0 0.93875 0.28169014084507044 0.0325 0.018779342723004695
0 0.959375 0.5816901408450704 0.035 0.024413145539906103
0 0.879375 0.6192488262910798 0.0275 0.018779342723004695
0 0.79 0.6671361502347418 0.0425 0.030985915492957747
0 0.75 0.6539906103286385 0.045 0.030985915492957747
0 0.9425 0.7492957746478873 0.02 0.02629107981220657
0 0.74625 0.8009389671361502 0.0175 0.012206572769953052
0 0.654375 0.1572769953051643 0.02 0.016901408450704224
0 0.575 0.15023474178403756 0.0225 0.015023474178403756
0 0.38625 0.5431924882629108 0.045 0.030985915492957747
0 0.30125 0.484037558685446 0.02625 0.01971830985915493
0 0.64875 0.5028169014084507 0.03625 0.03286384976525822
0 0.5125 0.5305164319248826 0.04625 0.03192488262910798
0 0.5925 0.7586854460093897 0.035 0.02535211267605634
0 0.6025 0.8028169014084507 0.015 0.010328638497652582
0 0.290625 0.3032863849765258 0.02875 0.0215962441314554
0 0.23125 0.5 0.0175 0.012206572769953052
0 0.4525 0.7464788732394366 0.0125 0.009389671361502348
0 0.448125 0.5591549295774648 0.04375 0.03286384976525822
0 0.5225 0.4934272300469484 0.0475 0.03286384976525822
0 0.506875 0.2765258215962441 0.02 0.012206572769953052
0 0.7625 0.8131455399061033 0.0175 0.009389671361502348
0 0.7625 0.8070422535211268 0.01375 0.010328638497652582
0 0.699375 0.5276995305164319 0.0475 0.03755868544600939
0 0.66 0.5206572769953052 0.04 0.03004694835680751