0 0.93125 0.5243673851921274 0.1375 0.1021555763823805
0 0.53875 0.6644798500468604 0.1625 0.09465791940018745
0 0.795 0.5023430178069354 0.10125 0.11996251171508904
0 0.9125 0.38331771321462044 0.0875 0.05529522024367385
1 0.629375 0.31021555763823805 0.32 0.19681349578256796
0 0.603125 0.14245548266166824 0.13875 0.06560449859418932
0 0.29 0.32427366447985007 0.2025 0.08622305529522024
0 0.5525 0.796157450796626 0.19625 0.10590440487347703
1 0.85625 0.8491096532333646 0.18 0.1696344892221181
0 0.85 0.23992502343017807 0.04125 0.038425492033739454
0 0.643125 0.5782567947516402 0.06625 0.07497656982193064
0 0.513125 0.8795688847235239 0.22625 0.12089971883786317
0 0.855625 0.3069353327085286 0.04125 0.03655107778819119
0 0.706875 0.1733833177132146 0.04125 0.038425492033739454
0 0.771875 0.14245548266166824 0.1375 0.04592314901593252
0 0.53125 0.48125585754451733 0.07875 0.046860356138706656
0 0.545625 0.44189315838800375 0.11875 0.056232427366447985
1 0.59875 0.37628865979381443 0.3425 0.14901593252108716
0 0.0475 0.6729147141518276 0.095 0.19306466729147143
1 0.8825 0.7164948453608248 0.18375 0.16776007497656983
0 0.291875 0.4287722586691659 0.06875 0.046860356138706656
0 0.28625 0.5796626054358013 0.05125 0.04592314901593252
1 0.575 0.4597000937207123 0.365 0.16588566073102157
0 0.4975 0.4700093720712277 0.0175 0.01499531396438613
0 0.78625 0.3125585754451734 0.02125 0.01874414245548266
0 0.62 0.3697282099343955 0.0375 0.01874414245548266
0 0.615625 0.4442361761949391 0.01875 0.010309278350515464
0 0.708125 0.7572633552014996 0.025 0.02155576382380506
0 0.893125 0.9245548266166823 0.03 0.020618556701030927
0 0.718125 0.9582942830365511 0.05375 0.01499531396438613
0 0.086875 0.6747891283973758 0.01875 0.015932521087160263
0 0.87125 0.738987816307404 0.04 0.059044048734770385
0 0.91625 0.7080599812558576 0.0225 0.029053420805998126
0 0.9425 0.7244611059044048 0.035 0.019681349578256794
0 0.94 0.5468603561387066 0.02375 0.01499531396438613
0 0.746875 0.5276476101218369 0.0125 0.01218369259606373
0 0.5425 0.2619493908153702 0.01625 0.019681349578256794