0 0.068125 0.5374882849109653 0.1275 0.09184629803186505
0 0.42 0.34395501405810686 0.15125 0.08247422680412371
0 0.21 0.5398313027179007 0.08375 0.11433926897844424
0 0.125 0.6733833177132146 0.08125 0.04873477038425492
1 0.42125 0.7047797563261481 0.29625 0.1724461105904405
0 0.489375 0.8655107778819119 0.1325 0.05435801312089972
0 0.75125 0.6424554826616682 0.19375 0.06935332708528585
0 0.373125 0.2169634489222118 0.18375 0.09090909090909091
1 0.07 0.20805998125585753 0.14 0.15745079662605435
0 0.2225 0.8055295220243673 0.03625 0.03561387066541706
0 0.34 0.443767572633552 0.05625 0.07029053420805999
0 0.390625 0.12933458294283037 0.21375 0.10309278350515463
0 0.2 0.7403936269915652 0.03625 0.033739456419868794
0 0.38 0.8500468603561387 0.03625 0.03561387066541706
0 0.324375 0.8898781630740393 0.13375 0.03467666354264293
0 0.474375 0.5224929709465792 0.0725 0.041237113402061855
0 0.47 0.563730084348641 0.11375 0.046860356138706656
1 0.434375 0.6354264292408622 0.3275 0.12089971883786317
0 0.93 0.2614807872539831 0.1275 0.1846298031865042
1 0.075 0.34208059981255856 0.15 0.15557638238050608
0 0.031875 0.7572633552014996 0.04125 0.033739456419868794
0 0.7225 0.5402999062792877 0.0625 0.04217432052483599
0 0.689375 0.39128397375820057 0.04625 0.04217432052483599
1 0.436875 0.5506091846298032 0.34875 0.1358950328022493
0 0.51 0.5290534208059982 0.015 0.013120899718837863
0 0.266875 0.7249297094657919 0.01875 0.016869728209934397
0 0.415625 0.6452671040299907 0.03625 0.015932521087160263
0 0.400625 0.5712277413308341 0.0175 0.008434864104967198
0 0.23 0.2774133083411434 0.0225 0.020618556701030927
0 0.01 0.13964386129334583 0.02 0.01874414245548266
0 0.169375 0.08153701968134958 0.0525 0.010309278350515464
0 0.860625 0.2694470477975633 0.0175 0.014058106841611996
0 0.074375 0.31865042174320524 0.03125 0.05716963448922212
0 0.03875 0.3556701030927835 0.01875 0.02717900656044986
0 0.0125 0.3430178069353327 0.025 0.016869728209934397
0 0.05625 0.5168697282099344 0.02125 0.014058106841611996
0 0.250625 0.5079662605435802 0.01 0.011246485473289597
0 0.51875 0.739456419868791 0.01375 0.01874414245548266