0 0.933125 0.47375820056232426 0.12375 0.08903467666354264
0 0.5725 0.6579194001874414 0.1475 0.07872539831302718
0 0.791875 0.4676663542642924 0.07875 0.11246485473289597
0 0.883125 0.3364573570759138 0.07875 0.046860356138706656
1 0.5880375 0.29756326148078727 0.288825 0.16538894095595127
0 0.5275 0.13495782567947517 0.13 0.05060918462980318
0 0.255625 0.35098406747891286 0.19125 0.06466729147141519
0 0.61375 0.7863167760074976 0.18 0.08622305529522024
1 0.9250499999999999 0.8030084348641049 0.1499 0.15339268978444234
0 0.79125 0.20196813495782567 0.035 0.03467666354264293
0 0.6575 0.5604498594189316 0.0525 0.06935332708528585
0 0.591875 0.8734770384254921 0.20875 0.09746954076850985
0 0.81125 0.267572633552015 0.035 0.03280224929709466
0 0.63625 0.15323336457357076 0.035 0.03467666354264293
0 0.69375 0.1148078725398313 0.1325 0.030927835051546393
0 0.526875 0.47797563261480785 0.07125 0.03936269915651359
0 0.533125 0.4372071227741331 0.11125 0.044048734770384255
1 0.5721 0.36642924086223055 0.32262500000000005 0.11200562324273665
0 0.059375 0.7272727272727273 0.11875 0.18181818181818182
1 0.9231374999999999 0.669203373945642 0.1537125 0.15138706654170572
0 0.98 0.25486410496719775 0.04 0.03280224929709466
0 0.279375 0.45407685098406747 0.06125 0.04029990627928772
0 0.305625 0.6035613870665417 0.04375 0.041237113402061855
1 0.5656125 0.45129334582942826 0.3428 0.1279100281162137
0 0.49125 0.4704779756326148 0.015 0.013120899718837863
0 0.74375 0.28116213683223995 0.0175 0.016869728209934397
0 0.59125 0.3570759137769447 0.035 0.01499531396438613
0 0.6025 0.43158388003748827 0.0175 0.008434864104967198
0 0.759375 0.7296157450796626 0.02125 0.019681349578256794
0 0.976875 0.873008434864105 0.02625 0.01780693533270853
0 0.81125 0.9268978444236177 0.0525 0.00937207122774133
0 0.12885 0.7212183692596064 0.0167 0.01387066541705717
0 0.9168000000000001 0.692464854732896 0.0284375 0.05582942830365511
0 0.9542625 0.6565979381443299 0.0176 0.026729147141518275
0 0.9835625 0.6697938144329897 0.032875 0.015904404873477038
0 0.9440999999999999 0.4946860356138707 0.021662499999999998 0.012858481724461107
0 0.749375 0.4985754451733833 0.009475 0.011162136832239926
0 0.49274999999999997 0.260253045923149 0.012237499999999998 0.01874414245548266