0 0.155625 0.849507735583685 0.14625 0.0379746835443038
0 0.77 0.11638537271448664 0.095 0.056962025316455694
0 0.34 0.7524613220815752 0.1175 0.06469760900140648
0 0.5425 0.31223628691983124 0.1075 0.08016877637130802
0 0.585 0.810126582278481 0.1375 0.03234880450070324
0 0.436875 0.2661744022503516 0.08625 0.052742616033755275
0 0.818125 0.18881856540084388 0.05875 0.04149085794655415
0 0.768125 0.33052039381153303 0.04625 0.0450070323488045
0 0.69125 0.45464135021097046 0.0375 0.051336146272855133
0 0.09875 0.44760900140646975 0.08 0.03867791842475387
0 0.126875 0.1090014064697609 0.02625 0.03375527426160337
0 0.099375 0.1090014064697609 0.02125 0.02531645569620253
0 0.92375 0.16772151898734178 0.05 0.02180028129395218
0 0.766875 0.3206751054852321 0.04625 0.02531645569620253
0 0.986875 0.23452883263009847 0.02125 0.02461322081575246
0 0.0775 0.5625879043600562 0.055 0.01828410689170183
0 0.975625 0.5643459915611815 0.02875 0.014767932489451477
0 0.818125 0.5886075949367089 0.02125 0.011251758087201125
0 0.931875 0.5759493670886076 0.02375 0.01828410689170183
0 0.920625 0.629395218002813 0.01125 0.011251758087201125
0 0.26625 0.7274964838255977 0.05 0.02461322081575246
0 0.811875 0.6969057665260197 0.01875 0.009845288326300985
1 0.241475 0.33271448663853725 0.3525 0.150056258790436
1 0.133425 0.4063291139240506 0.26685 0.12380450070323488
0 0.1555 0.4139310829817159 0.3109875 0.13826300984528833
0 0.2607625 0.34900140646976086 0.024375 0.014929676511954993
0 0.21201250000000002 0.10023909985935302 0.09585 0.01279887482419128
0 0.9358 0.3160970464135021 0.0487375 0.023459915611814347
0 0.0037125 0.11997890295358651 0.007425 0.023537271448663855