0 0.0825 0.8231364275668073 0.15375 0.04781997187060478
0 0.85125 0.13783403656821377 0.10625 0.06329113924050633
0 0.28625 0.739451476793249 0.13125 0.07243319268635724
0 0.583125 0.31645569620253167 0.12375 0.08720112517580872
0 0.516875 0.8136427566807314 0.14375 0.04149085794655415
0 0.488125 0.26371308016877637 0.0975 0.058368495077355836
0 0.883125 0.21308016877637131 0.0675 0.0450070323488045
0 0.803125 0.350210970464135 0.05625 0.04781997187060478
0 0.699375 0.4680028129395218 0.04875 0.053445850914205346
0 0.113125 0.42053445850914206 0.0875 0.04360056258790436
0 0.214375 0.08649789029535865 0.03375 0.035161744022503515
0 0.186875 0.08438818565400844 0.02625 0.026722925457102673
0 0.9825 0.1990154711673699 0.035 0.02531645569620253
0 0.80375 0.340365682137834 0.05125 0.02812939521800281
0 0.066875 0.5330520393811533 0.05875 0.02180028129395218
0 0.958125 0.5963431786216596 0.03125 0.016877637130801686
0 0.79625 0.609704641350211 0.02375 0.012658227848101266
0 0.9125 0.6051336146272855 0.0275 0.01969057665260197
0 0.889375 0.6571729957805907 0.01375 0.011954992967651195
0 0.21875 0.709915611814346 0.055 0.02812939521800281
0 0.766875 0.7169479606188467 0.02125 0.011251758087201125
1 0.279375 0.3161040787623066 0.3825 0.1729957805907173
1 0.15625 0.3818565400843882 0.29125 0.14135021097046413
0 0.176875 0.3909985935302391 0.33875 0.1589310829817159
0 0.295 0.3340365682137834 0.0275 0.01617440225035162
0 0.300625 0.08333333333333333 0.09875 0.0189873417721519
0 0.9725 0.34739803094233473 0.05375 0.026722925457102673
0 0.09 0.08860759493670886 0.0125 0.023206751054852322