1 0.695 0.3125585754451734 0.0875 0.07122774133083412
1 0.8 0.33505154639175255 0.085 0.059044048734770385
1 0.28625 0.27413308341143394 0.0975 0.06091846298031865
0 0.169375 0.6101218369259607 0.065 0.04311152764761012
0 0.481875 0.6415182755388941 0.0625 0.04498594189315839
1 0.85 0.39268978444236174 0.08875 0.05810684161199625
0 0.150625 0.6865042174320525 0.08375 0.05154639175257732
0 0.726875 0.2591377694470478 0.0425 0.03561387066541706
0 0.206875 0.3055295220243674 0.0425 0.03655107778819119
1 0.339375 0.2155576382380506 0.0875 0.06841611996251172
0 0.66 0.2014995313964386 0.0425 0.03655107778819119
0 0.635625 0.8130271790065604 0.04875 0.041237113402061855
0 0.414375 0.6101218369259607 0.0675 0.04592314901593252
0 0.678125 0.7867853795688847 0.0575 0.04498594189315839
0 0.525 0.6808809746954076 0.06875 0.03655107778819119
1 0.600625 0.35520149953139646 0.085 0.07216494845360824
0 0.3825 0.6143392689784443 0.0525 0.031865042174320526
0 0.228125 0.408622305529522 0.04625 0.06841611996251172
0 0.28375 0.8425492033739457 0.0325 0.02530459231490159
0 0.2825 0.8762886597938144 0.0375 0.015932521087160263
0 0.19375 0.5201499531396439 0.0225 0.01874414245548266
0 0.228125 0.514058106841612 0.0225 0.01499531396438613
0 0.231875 0.35660731021555764 0.02 0.02717900656044986
0 0.55875 0.7197750702905342 0.04125 0.02717900656044986
0 0.513125 0.7422680412371134 0.0325 0.022492970946579195
0 0.6225 0.7385192127460168 0.01 0.008434864104967198
0 0.373125 0.8514526710402999 0.035 0.02530459231490159
0 0.735625 0.8514526710402999 0.01875 0.01499531396438613
0 0.299375 0.6921274601686973 0.02 0.011246485473289597
0 0.511875 0.6935332708528584 0.04125 0.02717900656044986
0 0.471875 0.6607310215557638 0.04125 0.026241799437675725
0 0.65125 0.7361761949390815 0.01875 0.014058106841611996
0 0.3225 0.49765698219306465 0.03375 0.02530459231490159
0 0.398125 0.43673851921274603 0.03875 0.02999062792877226
0 0.378125 0.42970946579194 0.035 0.029053420805998126
0 0.6275 0.4053420805998126 0.04125 0.03280224929709466
0 0.6325 0.4653233364573571 0.03 0.026241799437675725
0 0.71125 0.5056232427366448 0.02125 0.019681349578256794
0 0.459375 0.49765698219306465 0.02625 0.019681349578256794
0 0.53125 0.4550140581068416 0.02375 0.01874414245548266
0 0.631875 0.450796626054358 0.03 0.023430178069353328
0 0.345 0.41799437675726336 0.0175 0.015932521087160263
0 0.2925 0.3992502343017807 0.015 0.014058106841611996
0 0.503125 0.42783505154639173 0.01875 0.014058106841611996
0 0.35125 0.33598875351452673 0.02375 0.015932521087160263
0 0.62125 0.1944704779756326 0.03125 0.031865042174320526
0 0.415625 0.14620431115276475 0.03125 0.022492970946579195
0 0.350625 0.2760074976569822 0.04125 0.031865042174320526
0 0.289375 0.33270852858481725 0.04375 0.02999062792877226
0 0.390625 0.2769447047797563 0.03 0.02436738519212746
0 0.64875 0.2549203373945642 0.03 0.029053420805998126
0 0.479375 0.25773195876288657 0.0225 0.02155576382380506
0 0.545625 0.3191190253045923 0.02375 0.023430178069353328
0 0.494375 0.13683223992502344 0.0275 0.02530459231490159
0 0.74 0.4854732895970009 0.02375 0.020618556701030927
0 0.7875 0.4451733833177132 0.02 0.01874414245548266
0 0.798125 0.2000937207122774 0.0175 0.014058106841611996
0 0.803125 0.21836925960637302 0.01125 0.008434864104967198
0 0.804375 0.31865042174320524 0.01 0.008434864104967198
0 0.829375 0.781630740393627 0.02 0.014058106841611996
0 0.803125 0.6747891283973758 0.02 0.014058106841611996
0 0.684375 0.6204311152764761 0.02 0.014058106841611996
0 0.695 0.6555763823805061 0.01 0.006560449859418931
0 0.63375 0.6068416119962512 0.01875 0.014058106841611996
0 0.43125 0.6377694470477976 0.0475 0.02999062792877226
0 0.358125 0.5871602624179943 0.045 0.02717900656044986
0 0.51 0.3561387066541706 0.03125 0.02155576382380506
0 0.515 0.37488284910965325 0.02375 0.019681349578256794
0 0.505625 0.39034676663542645 0.02375 0.023430178069353328
0 0.491875 0.3683223992502343 0.02875 0.02717900656044986
0 0.483125 0.3908153701968135 0.03375 0.023430178069353328
0 0.465 0.36879100281162136 0.03625 0.02436738519212746
0 0.55625 0.31208997188378634 0.0175 0.016869728209934397
0 0.54875 0.3345829428303655 0.00875 0.006560449859418931
0 0.635625 0.35660731021555764 0.0075 0.006560449859418931
1 0.509375 0.2769447047797563 0.0875 0.07122774133083412
1 0.4875 0.28350515463917525 0.1875 0.15651358950328023
1 0.638125 0.408622305529522 0.06625 0.07029053420805999
0 0.5975 0.2155576382380506 0.0425 0.03280224929709466
0 0.51375 0.12792877225866917 0.015 0.008434864104967198