0 0.814375 0.42539414414414417 0.11625 0.05686936936936937
0 0.76875 0.45974099099099097 0.08 0.03885135135135135
0 0.23875 0.5070382882882883 0.145 0.04335585585585586
0 0.578125 0.44510135135135137 0.09375 0.029842342342342343
0 0.6525 0.28350225225225223 0.0975 0.02195945945945946
0 0.6575 0.2626689189189189 0.0825 0.019707207207207207
0 0.296875 0.42680180180180183 0.06375 0.02252252252252252
0 0.669375 0.49268018018018017 0.06625 0.02027027027027027
0 0.6625 0.6525900900900901 0.0775 0.02252252252252252
0 0.88375 0.5391328828828829 0.0675 0.020833333333333332
0 0.2175 0.6855292792792793 0.1725 0.018581081081081082
0 0.72875 0.5236486486486487 0.075 0.016891891891891893
0 0.101875 0.4473536036036036 0.16375 0.01295045045045045
0 0.29375 0.6539977477477478 0.1475 0.01632882882882883
0 0.6033124999999999 0.33393581081081086 0.040875 0.02373310810810811
0 0.109375 0.6069819819819819 0.05125 0.02027027027027027
0 0.2975 0.6238738738738738 0.0375 0.018018018018018018
0 0.151875 0.6506193693693694 0.03875 0.014076576576576577
0 0.185625 0.46368243243243246 0.03125 0.010698198198198198
0 0.1425 0.5917792792792793 0.0275 0.013513513513513514
0 0.203125 0.5377252252252253 0.02375 0.024774774774774775
0 0.279375 0.47944819819819817 0.06625 0.010698198198198198
0 0.310625 0.4954954954954955 0.02375 0.009009009009009009
0 0.014375 0.41216216216216217 0.02875 0.01463963963963964
0 0.563125 0.388231981981982 0.04125 0.02195945945945946
0 0.471875 0.5906531531531531 0.02875 0.019144144144144143
0 0.353125 0.5261824324324325 0.04125 0.014076576576576577
0 0.715625 0.5585585585585585 0.04125 0.019144144144144143
0 0.75 0.3668355855855856 0.045 0.020833333333333332
0 0.835 0.4740990990990991 0.0375 0.018018018018018018
0 0.965625 0.6007882882882883 0.05125 0.02364864864864865
0 0.693125 0.4045608108108108 0.03875 0.020833333333333332
0 0.8125 0.6188063063063063 0.0375 0.015765765765765764
0 0.743125 0.5892454954954955 0.04875 0.009572072072072071
0 0.106875 0.7336711711711712 0.03875 0.019144144144144143
0 0.327875 0.6708277027027028 0.1728375 0.011886261261261261
0 0.400625 0.7164977477477478 0.05375 0.017454954954954954
0 0.465625 0.7519707207207207 0.05375 0.008445945945945946
0 0.781875 0.7176238738738738 0.03625 0.011824324324324325
0 0.87375 0.7043918918918919 0.015 0.006756756756756757
0 0.99125 0.7356418918918919 0.015 0.006193693693693694
0 0.977675 0.37677364864864865 0.044649999999999995 0.0190259009009009
0 0.6865749999999999 0.5060585585585585 0.0815875 0.019549549549549548
0 0.7314875000000001 0.5206418918918919 0.02155 0.005349099099099099