0 0.623125 0.5812206572769953 0.1025 0.07042253521126761
0 0.498125 0.4737089201877934 0.11875 0.07793427230046948
0 0.37 0.7215962441314554 0.11125 0.08826291079812207
0 0.36375 0.8065727699530516 0.075 0.0676056338028169
0 0.59625 0.7070422535211267 0.045 0.0676056338028169
0 0.354375 0.7014084507042253 0.07875 0.06291079812206572
0 0.625 0.7727699530516432 0.085 0.03943661971830986
0 0.223125 0.7713615023474178 0.05125 0.03568075117370892
0 0.459375 0.4262910798122066 0.0725 0.03474178403755868
0 0.31625 0.7948356807511737 0.06875 0.04507042253521127
0 0.705 0.26291079812206575 0.08125 0.056338028169014086
0 0.574375 0.22582159624413145 0.04875 0.03286384976525822
0 0.77375 0.3901408450704225 0.07625 0.04037558685446009
0 0.315 0.4394366197183099 0.07 0.04225352112676056
0 0.551875 0.5389671361502347 0.06625 0.05258215962441314
0 0.185625 0.7615023474178404 0.03875 0.04037558685446009
0 0.808125 0.41737089201877936 0.05125 0.03568075117370892
0 0.29 0.40657276995305164 0.035 0.048826291079812206
0 0.385625 0.5253521126760563 0.07375 0.04788732394366197
0 0.36 0.30985915492957744 0.08 0.01971830985915493
1 0.54875 0.5408450704225352 0.1075 0.15492957746478872
0 0.189375 0.7089201877934272 0.03125 0.02535211267605634
0 0.203125 0.5380281690140845 0.01375 0.011267605633802818
0 0.129375 0.503755868544601 0.02125 0.007511737089201878
0 0.58 0.6708920187793427 0.02875 0.03192488262910798
0 0.505 0.680281690140845 0.03375 0.027230046948356807
0 0.636875 0.7018779342723005 0.025 0.03474178403755868
0 0.26625 0.7525821596244131 0.03625 0.03004694835680751
0 0.53125 0.4136150234741784 0.04 0.02910798122065728
0 0.60125 0.40751173708920185 0.02875 0.022535211267605635
0 0.629375 0.4042253521126761 0.0225 0.03755868544600939
0 0.33125 0.4051643192488263 0.0175 0.013145539906103286
0 0.49 0.3807511737089202 0.03125 0.020657276995305163
0 0.71625 0.3816901408450704 0.03375 0.023474178403755867
0 0.65125 0.40657276995305164 0.01 0.010328638497652582
0 0.65125 0.16666666666666666 0.02625 0.01971830985915493
0 0.435 0.3380281690140845 0.0225 0.015023474178403756
0 0.4125 0.3370892018779343 0.01625 0.007511737089201878
0 0.468125 0.3685446009389671 0.015 0.009389671361502348
0 0.401875 0.3427230046948357 0.015 0.006572769953051643
0 0.446875 0.12816901408450704 0.01 0.008450704225352112
0 0.66125 0.24741784037558687 0.02375 0.020657276995305163
0 0.75625 0.6615023474178404 0.035 0.02629107981220657
0 0.783125 0.7333333333333333 0.0325 0.02629107981220657
0 0.8625 0.7347417840375586 0.02625 0.018779342723004695
0 0.834375 0.38497652582159625 0.04125 0.02535211267605634
0 0.846875 0.41455399061032866 0.0175 0.036619718309859155
0 0.844375 0.17746478873239438 0.01 0.007511737089201878
0 0.784375 0.13849765258215962 0.02375 0.013145539906103286
1 0.67 0.22018779342723005 0.07125 0.06666666666666667
0 0.7625 0.2568075117370892 0.02375 0.015023474178403756
0 0.713125 0.1323943661971831 0.02625 0.006572769953051643
0 0.563125 0.13286384976525822 0.0225 0.015023474178403756
0 0.4475 0.24225352112676057 0.0175 0.012206572769953052
0 0.483125 0.3995305164319249 0.065 0.05070422535211268
0 0.681875 0.34976525821596244 0.02125 0.009389671361502348
0 0.685625 0.3431924882629108 0.0075 0.005633802816901409
0 0.79625 0.4023474178403756 0.055 0.01596244131455399
0 0.781875 0.41455399061032866 0.065 0.03192488262910798
0 0.626875 0.5577464788732395 0.0075 0.011267605633802818
0 0.656875 0.7727699530516432 0.01125 0.011267605633802818
0 0.615625 0.7737089201877935 0.0125 0.011267605633802818
0 0.711875 0.8741784037558685 0.0275 0.015023474178403756
0 0.57125 0.8737089201877934 0.055 0.009389671361502348
0 0.4475 0.863849765258216 0.0375 0.022535211267605635
0 0.074375 0.8577464788732394 0.02625 0.015023474178403756
0 0.316875 0.41455399061032866 0.02 0.004694835680751174
0 0.191875 0.36666666666666664 0.01 0.008450704225352112
0 0.179375 0.3657276995305164 0.0125 0.008450704225352112
0 0.138125 0.4990610328638498 0.01875 0.004694835680751174
1 0.411875 0.2272300469483568 0.175 0.09014084507042254
1 0.460625 0.19107981220657277 0.11125 0.09014084507042254
1 0.535625 0.20093896713615023 0.09 0.07981220657276995
1 0.5775 0.18169014084507043 0.11875 0.09483568075117371
1 0.654375 0.39812206572769954 0.06 0.06103286384976526
1 0.684375 0.3619718309859155 0.12125 0.06291079812206572