0 0.39625 0.5953051643192488 0.09 0.07511737089201878
0 0.535 0.49765258215962443 0.1 0.0863849765258216
0 0.200625 0.4103286384976526 0.11375 0.08075117370892018
0 0.0875 0.4084507042253521 0.0875 0.054460093896713614
0 0.228125 0.5793427230046948 0.08875 0.03192488262910798
0 0.226875 0.3976525821596244 0.08125 0.05727699530516432
0 0.14125 0.6032863849765259 0.05 0.06291079812206572
0 0.129375 0.30140845070422534 0.04625 0.03755868544600939
0 0.59675 0.4671361502347418 0.04375 0.05352112676056338
0 0.10125 0.3723004694835681 0.0575 0.04976525821596244
0 0.8225 0.6455399061032864 0.0725 0.059154929577464786
0 0.8676875 0.5464788732394367 0.0428875 0.03568075117370892
0 0.655675 0.7017370892018779 0.05125 0.05637558685446009
0 0.5745125 0.3589483568075117 0.05375 0.051643192488262914
0 0.45 0.5403755868544601 0.0675 0.04788732394366197
0 0.141125 0.27314553990610324 0.0522625 0.027981220657276994
0 0.62055 0.7287323943661972 0.0467875 0.03745539906103287
0 0.616875 0.3389671361502347 0.06375 0.024413145539906103
0 0.4625375 0.41508920187793424 0.0615125 0.053061032863849764
0 0.748125 0.3882629107981221 0.02375 0.059154929577464786
1 0.4472375 0.538169014084507 0.20197500000000002 0.07538967136150235
0 0.21125 0.27417840375586855 0.0325 0.022535211267605635
0 0.43875 0.2784037558685446 0.015 0.010328638497652582
0 0.4815875 0.2220657276995305 0.0081875 0.01596244131455399
0 0.275625 0.5661971830985916 0.04125 0.020657276995305163
0 0.26 0.5098591549295775 0.035 0.024413145539906103
0 0.23625 0.6098591549295774 0.045 0.01784037558685446
0 0.155625 0.33331455399061033 0.03875 0.02632863849765258
0 0.61625 0.5206572769953052 0.0375 0.02910798122065728
0 0.626875 0.5727699530516432 0.02875 0.020657276995305163
0 0.631875 0.5938967136150235 0.04875 0.01596244131455399
0 0.62 0.3699530516431925 0.0175 0.013145539906103286
0 0.6578125 0.48826291079812206 0.0256375 0.022535211267605635
0 0.6652 0.6581690140845071 0.0304125 0.024328638497652582
0 0.629375 0.6103286384976526 0.01375 0.007511737089201878
0 0.94875 0.6018779342723005 0.025 0.018779342723004695
0 0.713125 0.44553990610328637 0.01875 0.01596244131455399
0 0.71375 0.42863849765258216 0.01 0.012206572769953052
0 0.67375 0.47136150234741786 0.0125 0.011267605633802818
0 0.705625 0.42065727699530514 0.00875 0.011267605633802818
0 0.993125 0.4469483568075117 0.01125 0.007511737089201878
0 0.841875 0.612206572769953 0.02625 0.016901408450704224
0 0.294375 0.6981220657276995 0.03375 0.02535211267605634
0 0.199375 0.7206572769953051 0.03375 0.023474178403755867
0 0.200625 0.780281690140845 0.02375 0.018779342723004695
0 0.664975 0.7471737089201878 0.032 0.03004694835680751
0 0.6258375 0.7570798122065727 0.0491875 0.012591549295774648
0 0.94125 0.7474178403755869 0.01 0.007511737089201878
0 0.990625 0.7009389671361502 0.01625 0.01784037558685446
1 0.8783 0.617943661971831 0.0868625 0.051586854460093895
0 0.8324375 0.6885352112676056 0.0192125 0.017295774647887327
0 0.9962000000000001 0.6471643192488263 0.0076 0.01969014084507042
0 0.9905625 0.5347981220657276 0.018875 0.01575586854460094
0 0.8410875 0.4515117370892019 0.016200000000000003 0.013032863849765259
0 0.6328499999999999 0.48399061032863855 0.0649875 0.04691079812206573
0 0.7061375 0.6312300469483568 0.01085 0.016046948356807512
0 0.71475 0.6338028169014085 0.0078125 0.005981220657276996
0 0.6398375000000001 0.7189577464788733 0.0196625 0.04014084507042254
0 0.623625 0.7082723004694835 0.0400875 0.04802816901408451
0 0.4275875 0.5972018779342723 0.015025 0.005887323943661971
0 0.14226250000000001 0.6274272300469483 0.0155625 0.00851643192488263
0 0.1401375 0.5961596244131455 0.01485 0.009032863849765257
0 0.0090875 0.6721596244131456 0.018162499999999998 0.01969014084507042
0 0.0050625 0.5668075117370892 0.010137499999999999 0.0411643192488263
0 0.01435 0.4733145539906103 0.0287 0.0275962441314554
0 0.0090875 0.19286384976525822 0.018162499999999998 0.018525821596244132
0 0.6075 0.3596244131455399 0.005600000000000001 0.014694835680751174
0 0.666575 0.26366197183098594 0.011737500000000001 0.00736150234741784
0 0.6674125 0.25465727699530516 0.011737500000000001 0.009446009389671361
0 0.488525 0.22817840375586854 0.00555 0.013840375586854461
1 0.8597125 0.4242441314553991 0.11317500000000001 0.12828169014084506
1 0.9091125 0.4595023474178404 0.11581250000000001 0.08051643192488263
1 0.8994625 0.5163849765258216 0.104075 0.06460093896713615
1 0.9259625 0.5469483568075117 0.12225 0.08594366197183098
1 0.6405 0.61237558685446 0.07915 0.04325821596244132
1 0.6902875 0.6338497652582159 0.0795375 0.08904225352112675