1 0.783125 0.4629107981220657 0.36375 0.23568075117370893
1 0.345625 0.2793427230046948 0.2775 0.14741784037558686
1 0.5525 0.28544600938967135 0.11 0.1568075117370892
0 0.185 0.5460093896713615 0.05375 0.03568075117370892
0 0.563125 0.5624413145539906 0.065 0.04225352112676056
0 0.613125 0.5563380281690141 0.05625 0.0431924882629108
0 0.150625 0.3572769953051643 0.02125 0.0215962441314554
0 0.151875 0.1136150234741784 0.03625 0.016901408450704224
0 0.41 0.49859154929577465 0.03625 0.02535211267605634
0 0.365625 0.12582159624413145 0.06 0.01971830985915493
0 0.74 0.14225352112676057 0.04 0.014084507042253521
0 0.85875 0.5741784037558686 0.0275 0.0215962441314554
0 0.886875 0.5488262910798122 0.03 0.02629107981220657
0 0.695625 0.15023474178403756 0.0375 0.03474178403755868
0 0.6575 0.13568075117370892 0.02125 0.008450704225352112
0 0.27625 0.2272300469483568 0.00875 0.005633802816901409
0 0.4 0.4671361502347418 0.045 0.03004694835680751