1 0.365 0.35520149953139646 0.105 0.07872539831302718
1 0.515 0.45829428303655106 0.0925 0.09559512652296158
1 0.46125 0.5243673851921274 0.0975 0.09840674789128398
0 0.96 0.4896907216494845 0.0775 0.06654170571696345
1 0.233125 0.5276476101218369 0.11125 0.08997188378631678
0 0.26875 0.23617619493908154 0.07 0.033739456419868794
0 0.110625 0.7094657919400188 0.07125 0.04311152764761012
0 0.130625 0.6555763823805061 0.06625 0.059044048734770385
1 0.6217374999999999 0.7396344892221182 0.1254625 0.22865042174320524
0 0.713125 0.21790065604498593 0.04625 0.06466729147141519
0 0.07875 0.7549203373945642 0.08 0.04592314901593252
1 0.53 0.7586691658856607 0.09 0.09465791940018745
0 0.03125 0.8078725398313027 0.0625 0.04311152764761012
0 0.026875 0.6649484536082474 0.05375 0.038425492033739454
0 0.82875 0.3683223992502343 0.045 0.07122774133083412
0 0.584375 0.5028116213683224 0.04125 0.03467666354264293
0 0.221875 0.7352389878163074 0.04125 0.038425492033739454
1 0.28325 0.7171602624179945 0.1365 0.21713214620431115
1 0.335625 0.6377694470477976 0.09875 0.09090909090909091
0 0.595 0.5313964386129335 0.0525 0.028116213683223992
1 0.286875 0.7977600749765699 0.05625 0.04163074039362699
0 0.40375 0.6401124648547329 0.0575 0.046860356138706656
0 0.181875 0.32052483598875353 0.03375 0.01499531396438613
0 0.46375 0.29756326148078727 0.0325 0.02155576382380506
0 0.63625 0.2970946579194002 0.0325 0.01499531396438613
0 0.9825 0.19681349578256796 0.025 0.028116213683223992
0 0.885625 0.31630740393626994 0.02625 0.01780693533270853
0 0.91375 0.2507029053420806 0.0325 0.015932521087160263
0 0.839375 0.3078725398313027 0.01875 0.03467666354264293
0 0.18 0.3978444236176195 0.035 0.019681349578256794
0 0.19125 0.4395501405810684 0.025 0.020618556701030927
0 0.1925 0.5271790065604499 0.03 0.03280224929709466
0 0.238125 0.6218369259606373 0.03875 0.023430178069353328
0 0.356875 0.40393626991565135 0.02875 0.016869728209934397
0 0.87 0.506560449859419 0.02 0.02717900656044986
0 0.70125 0.41424554826616683 0.02 0.01499531396438613
0 0.85375 0.4240862230552952 0.0175 0.02155576382380506
0 0.77875 0.4217432052483599 0.0175 0.01499531396438613
0 0.825625 0.604967197750703 0.01125 0.008434864104967198
0 0.85625 0.34114339268978444 0.0125 0.016869728209934397
0 0.633125 0.8106841611996252 0.01625 0.016869728209934397
0 0.827925 0.6681068416119963 0.0316 0.011433926897844423
0 0.9208625 0.6632052483598875 0.0182875 0.01380506091846298
0 0.195825 0.2571602624179944 0.0329625 0.01741330834114339
0 0.2356625 0.757825679475164 0.028837500000000002 0.024423617619493906
0 0.643625 0.8361387066541706 0.0267875 0.01288659793814433
0 0.55115 0.7566073102155576 0.02395 0.026850984067478913
0 0.633475 0.62340206185567 0.0415 0.03356138706654171
0 0.7121375000000001 0.6541705716963448 0.0338 0.012736644798500469
0 0.7420125 0.6579756326148078 0.030137499999999998 0.013036551077788191
0 0.929225 0.6170009372071228 0.009287499999999999 0.010328022492970946
0 0.9528 0.792249297094658 0.009287499999999999 0.013955014058106842
0 0.954225 0.7509653233364574 0.0097 0.013064667291471415
0 0.944275 0.7898781630740394 0.0159125 0.21758200562324273
0 0.9206875 0.5844423617619494 0.059000000000000004 0.19317713214620433
0 0.8981375 0.5459137769447048 0.058587499999999994 0.216776007497657
0 0.823725 0.28383317713214623 0.0162125 0.006729147141518275
0 0.8475125 0.362174320524836 0.0614375 0.15059981255857544
0 0.5821125 0.6558481724461106 0.0099125 0.02211808809746954