1 0.7 0.4062792877225867 0.11 0.08247422680412371
1 0.555 0.5135895032802249 0.1325 0.07403936269915651
1 0.469375 0.46954076850984067 0.13625 0.07778819119025304
0 0.489375 0.8448922211808809 0.0925 0.061855670103092786
1 0.476875 0.2985004686035614 0.12625 0.08809746954076851
0 0.86375 0.3406747891283974 0.04875 0.05435801312089972
0 0.24125 0.19728209934395502 0.06125 0.05529522024367385
0 0.311875 0.21508903467666354 0.0825 0.05248359887535145
1 0.174375 0.5787253983130272 0.31125 0.10590440487347703
0 0.864375 0.6743205248359887 0.08875 0.038425492033739454
0 0.1825 0.17104029990627928 0.065 0.061855670103092786
1 0.15375 0.5089034676663543 0.13125 0.07216494845360824
0 0.114375 0.1330834114339269 0.06125 0.04873477038425492
0 0.305 0.1373008434864105 0.05375 0.04217432052483599
0 0.658125 0.753045923149016 0.0975 0.03748828491096532
0 0.491875 0.563261480787254 0.04875 0.03280224929709466
0 0.20125 0.27928772258669166 0.05375 0.03280224929709466
1 0.2225 0.3261480787253983 0.29625 0.1134020618556701
1 0.325 0.3697282099343955 0.12625 0.07872539831302718
0 0.453125 0.5693533270852859 0.04 0.041237113402061855
1 0.115 0.3247422680412371 0.0575 0.044048734770384255
0 0.318125 0.4208059981255858 0.065 0.04592314901593252
0 0.755625 0.2713214620431115 0.02125 0.026241799437675725
0 0.77125 0.4835988753514527 0.03 0.02530459231490159
0 0.763125 0.612464854732896 0.02125 0.02530459231490159
0 0.87875 0.8772258669165885 0.03875 0.020618556701030927
0 0.724375 0.7985004686035614 0.025 0.020618556701030927
0 0.810625 0.8228678537956888 0.0225 0.02530459231490159
0 0.738125 0.7642924086223055 0.0475 0.015932521087160263
0 0.6525 0.26569821930646675 0.0275 0.02717900656044986
0 0.596875 0.2717900656044986 0.02875 0.019681349578256794
0 0.48 0.2685098406747891 0.045 0.02436738519212746
0 0.35125 0.29756326148078727 0.03375 0.02999062792877226
0 0.635625 0.3978444236176195 0.02375 0.022492970946579195
0 0.471875 0.7764761012183693 0.0375 0.015932521087160263
0 0.60375 0.6551077788191191 0.02125 0.015932521087160263
0 0.5825 0.7689784442361762 0.03 0.014058106841611996
0 0.589375 0.7127460168697282 0.02125 0.014058106841611996
0 0.343125 0.7385192127460168 0.01125 0.008434864104967198
0 0.693125 0.7750702905342081 0.0225 0.010309278350515464
0 0.079375 0.5834114339268979 0.02375 0.013120899718837863
0 0.25875 0.7366447985004686 0.01625 0.02436738519212746
0 0.260625 0.8064667291471416 0.02 0.01499531396438613
0 0.839375 0.2849109653233365 0.025 0.02530459231490159
0 0.170625 0.28865979381443296 0.03375 0.022492970946579195
0 0.045 0.5899718837863168 0.01875 0.020618556701030927
0 0.155 0.5248359887535146 0.0375 0.01874414245548266
0 0.32875 0.5937207122774133 0.0475 0.03280224929709466
0 0.28375 0.6504217432052484 0.01875 0.026241799437675725
0 0.276875 0.6729147141518276 0.01875 0.023430178069353328
0 0.32125 0.8153701968134958 0.01375 0.007497656982193065
0 0.086875 0.823336457357076 0.01875 0.007497656982193065
0 0.141875 0.8270852858481724 0.0175 0.008434864104967198
0 0.1175 0.817244611059044 0.235 0.022492970946579195
0 0.365625 0.8106841611996252 0.26 0.05435801312089972
0 0.418125 0.795688847235239 0.29125 0.05529522024367385
0 0.770625 0.753514526710403 0.01 0.01218369259606373
0 0.665 0.767572633552015 0.20375 0.053420805998125584
0 0.288125 0.5529522024367385 0.03 0.008434864104967198