1 0.261875 0.34395501405810686 0.16875 0.22867853795688847
1 0.854375 0.6747891283973758 0.05625 0.046860356138706656
0 0.541875 0.7947516401124649 0.05 0.04217432052483599
1 0.82625 0.25585754451733833 0.1425 0.19212746016869728
1 0.57125 0.738987816307404 0.05875 0.04217432052483599
0 0.005625 0.7164948453608248 0.01125 0.029053420805998126
0 0.054375 0.7980318650421743 0.05 0.030927835051546393
0 0.485 0.44798500468603564 0.0575 0.061855670103092786
0 0.09125 0.6312089971883786 0.0225 0.019681349578256794
0 0.13 0.6818181818181818 0.0175 0.01499531396438613
0 0.144375 0.6227741330834115 0.01875 0.013120899718837863
0 0.143125 0.7563261480787254 0.0125 0.02530459231490159
0 0.376875 0.7272727272727273 0.04 0.02717900656044986
0 0.370625 0.17666354264292408 0.0225 0.01874414245548266
0 0.3725 0.2197750702905342 0.01875 0.016869728209934397
0 0.538125 0.1944704779756326 0.01625 0.01218369259606373
0 0.390625 0.23758200562324275 0.015 0.01218369259606373
0 0.39 0.20524835988753515 0.0175 0.016869728209934397
0 0.384375 0.1738519212746017 0.0125 0.01218369259606373
0 0.35875 0.21743205248359887 0.01375 0.01218369259606373
0 0.754375 0.31537019681349576 0.02625 0.019681349578256794
0 0.123125 0.8612933458294283 0.03 0.01780693533270853
0 0.101875 0.8622305529522024 0.0175 0.01499531396438613
0 0.153125 0.5913776944704779 0.01375 0.011246485473289597
1 0.150625 0.13261480787253982 0.05375 0.02530459231490159
1 0.236875 0.14198687910028115 0.21 0.04311152764761012
1 0.205 0.25585754451733833 0.1825 0.1949390815370197
0 0.411875 0.5721649484536082 0.045 0.06654170571696345
0 0.593125 0.38706654170571697 0.0175 0.016869728209934397
0 0.58125 0.3711340206185567 0.01 0.006560449859418931
0 0.6475 0.33973758200562326 0.015 0.006560449859418931
0 0.61375 0.15745079662605435 0.0125 0.010309278350515464
1 0.54125 0.28350515463917525 0.105 0.15182755388940955
1 0.62875 0.24695407685098406 0.11 0.22399250234301782
1 0.59625 0.267572633552015 0.26875 0.2858481724461106
1 0.6025 0.2689784442361762 0.27 0.28865979381443296
1 0.404375 0.6382380506091846 0.14875 0.19775070290534208
1 0.46875 0.514058106841612 0.27125 0.28865979381443296
1 0.399375 0.4845360824742268 0.23125 0.1724461105904405
0 0.378125 0.19634489222118087 0.01625 0.020618556701030927
0 0.310625 0.3303655107778819 0.01125 0.011246485473289597
0 0.303125 0.33598875351452673 0.01375 0.01218369259606373
0 0.2425 0.24835988753514526 0.015 0.010309278350515464
0 0.24375 0.23711340206185566 0.0175 0.014058106841611996
0 0.205 0.3828491096532334 0.01875 0.01218369259606373
0 0.228125 0.1527647610121837 0.0175 0.00937207122774133
0 0.215 0.14620431115276475 0.03125 0.008434864104967198
0 0.206875 0.14058106841611998 0.01875 0.007497656982193065
0 0.839375 0.1893158388003749 0.0175 0.015932521087160263