1 0.336875 0.7029053420805998 0.325 0.15651358950328023
1 0.668125 0.20805998125585753 0.06875 0.04779756326148079
0 0.88 0.41799437675726336 0.0625 0.04217432052483599
1 0.129375 0.30084348641049674 0.25875 0.13120899718837864
1 0.801875 0.40581068416119964 0.06375 0.04873477038425492
0 0.87375 0.8402061855670103 0.04625 0.03936269915651359
0 0.133125 0.9390815370196813 0.04625 0.03936269915651359
0 0.96875 0.7774133083411434 0.0475 0.041237113402061855
0 0.43375 0.5201499531396439 0.08875 0.05154639175257732
0 0.796875 0.8645735707591378 0.045 0.03561387066541706
0 0.743125 0.7788191190253045 0.03 0.019681349578256794
0 0.803125 0.7417994376757263 0.0225 0.01499531396438613
0 0.723125 0.7413308341143393 0.02 0.015932521087160263
0 0.89875 0.7188378631677601 0.035 0.013120899718837863
0 0.82 0.5515463917525774 0.04125 0.033739456419868794
0 0.098125 0.6518275538894096 0.02875 0.019681349578256794
0 0.154375 0.6424554826616682 0.025 0.016869728209934397
0 0.091875 0.5248359887535146 0.01875 0.014058106841611996
0 0.174375 0.6265229615745079 0.01875 0.013120899718837863
0 0.131875 0.6326148078725399 0.025 0.015932521087160263
0 0.09125 0.6419868791002812 0.0175 0.011246485473289597
0 0.153125 0.6532333645735707 0.01875 0.01218369259606373
0 0.213125 0.3444236176194939 0.03 0.022492970946579195
0 0.680625 0.7403936269915652 0.0175 0.01218369259606373
0 0.756875 0.8880037488284911 0.0325 0.01499531396438613
1 0.105625 0.9587628865979382 0.035 0.030927835051546393
1 0.078125 0.8219306466729147 0.04 0.044048734770384255
1 0.075 0.7563261480787254 0.08625 0.16119962511715089
1 0.230625 0.7600749765698219 0.2825 0.16119962511715089
0 0.61 0.5524835988753515 0.09375 0.04311152764761012
0 0.335 0.450796626054358 0.025 0.015932521087160263
0 0.316875 0.46251171508903466 0.01 0.008434864104967198
0 0.26375 0.4189315838800375 0.01125 0.01218369259606373
0 0.030625 0.47563261480787256 0.015 0.011246485473289597
1 0.20875 0.507029053420806 0.215 0.09840674789128398
1 0.15 0.44892221180880976 0.3 0.11246485473289597
1 0.191875 0.4690721649484536 0.38375 0.23898781630740393
1 0.193125 0.4639175257731959 0.38625 0.23992502343017807
1 0.698125 0.5468603561387066 0.28 0.13683223992502344
1 0.52375 0.520618556701031 0.41625 0.2408622305529522
1 0.4975 0.5768509840674789 0.25875 0.1949390815370197
0 0.121875 0.6424554826616682 0.03 0.01499531396438613
0 0.31 0.669165885660731 0.01625 0.010309278350515464
0 0.31875 0.6738519212746017 0.01875 0.01218369259606373
0 0.21375 0.7338331771321462 0.01625 0.013120899718837863
0 0.199375 0.7347703842549204 0.02125 0.01499531396438613
0 0.396875 0.7380506091846298 0.01875 0.015932521087160263
0 0.09125 0.761012183692596 0.015 0.014058106841611996
0 0.085 0.7717900656044986 0.01625 0.02436738519212746
0 0.07875 0.7788191190253045 0.0125 0.01499531396438613
0 0.033125 0.3036551077788191 0.02375 0.01499531396438613