0 0.6425 0.5773195876288659 0.09125 0.07216494845360824
0 0.0725 0.22305529522024367 0.145 0.13683223992502344
0 0.550625 0.457825679475164 0.115 0.07216494845360824
0 0.398125 0.7127460168697282 0.07875 0.05154639175257732
0 0.65375 0.5402999062792877 0.1225 0.07310215557638237
0 0.125 0.6068416119962512 0.0925 0.08622305529522024
0 0.914375 0.3856607310215558 0.06625 0.04779756326148079
0 0.058125 0.3458294283036551 0.08125 0.06935332708528585
0 0.925 0.4311152764761012 0.0625 0.04779756326148079
0 0.575 0.5787253983130272 0.06875 0.07310215557638237
0 0.68 0.2539831302717901 0.04875 0.04217432052483599
0 0.568125 0.5098406747891284 0.05 0.041237113402061855
0 0.558125 0.29568884723523897 0.0875 0.05248359887535145
0 0.5 0.4451733833177132 0.09 0.08997188378631678
0 0.531875 0.5009372071227741 0.05125 0.05154639175257732
0 0.071875 0.6241799437675727 0.1025 0.08153701968134958
0 0.399375 0.7656982193064668 0.0675 0.029053420805998126
0 0.431875 0.7432052483598875 0.06625 0.02999062792877226
0 0.625625 0.2778819119025305 0.05625 0.044048734770384255
0 0.024375 0.36082474226804123 0.04875 0.12371134020618557
0 0.115625 0.38847235238987815 0.03875 0.053420805998125584
0 0.25125 0.28537956888472354 0.0275 0.019681349578256794
0 0.50875 0.32005623242736647 0.03 0.019681349578256794
0 0.63125 0.22211808809746955 0.03375 0.031865042174320526
0 0.890625 0.26804123711340205 0.0325 0.030927835051546393
0 0.73125 0.1579194001874414 0.0375 0.03467666354264293
0 0.83375 0.16588566073102157 0.02625 0.01874414245548266
0 0.670625 0.2788191190253046 0.025 0.016869728209934397
0 0.7475 0.21836925960637302 0.02 0.013120899718837863
0 0.31875 0.5290534208059982 0.03125 0.019681349578256794
0 0.025625 0.6635426429240863 0.02875 0.04967197750702906
0 0.13625 0.3959700093720712 0.02625 0.033739456419868794
0 0.53125 0.6457357075913777 0.03375 0.019681349578256794
0 0.38125 0.49953139643861294 0.02875 0.02436738519212746
0 0.37625 0.46157450796626054 0.02375 0.041237113402061855
0 0.610625 0.48500468603561386 0.04125 0.02717900656044986
0 0.556875 0.6326148078725399 0.045 0.022492970946579195
0 0.3675 0.5084348641049672 0.025 0.04217432052483599
0 0.34125 0.5468603561387066 0.01125 0.01499531396438613
0 0.965625 0.4208059981255858 0.03375 0.02999062792877226
0 0.904375 0.46016869728209936 0.0225 0.01499531396438613
0 0.244375 0.8149015932521088 0.0275 0.01499531396438613
0 0.46125 0.718369259606373 0.03375 0.01874414245548266
0 0.709375 0.718369259606373 0.02125 0.00937207122774133
0 0.051875 0.5838800374882849 0.0475 0.03280224929709466
0 0.809375 0.5421743205248359 0.01 0.008434864104967198
0 0.645 0.29568884723523897 0.02625 0.015932521087160263
0 0.745 0.22633552014995315 0.02375 0.00937207122774133
0 0.73375 0.232427366447985 0.05 0.015932521087160263
0 0.73625 0.2450796626054358 0.0475 0.016869728209934397