0 0.805625 0.4323943661971831 0.09875 0.09859154929577464
0 0.919375 0.11314553990610329 0.08375 0.05727699530516432
0 0.908125 0.7009389671361502 0.06625 0.046009389671361506
0 0.68875 0.4028169014084507 0.1025 0.054460093896713614
0 0.895 0.4671361502347418 0.07 0.05539906103286385
0 0.74625 0.531924882629108 0.0675 0.04788732394366197
0 0.959375 0.3470422535211268 0.08125 0.08338967136150235
0 0.411875 0.5248826291079812 0.07125 0.054460093896713614
0 0.15125 0.6455399061032864 0.06 0.046009389671361506
0 0.461875 0.5535211267605634 0.06875 0.04976525821596244
0 0.383125 0.24741784037558687 0.08375 0.03286384976525822
1 0.701875 0.7859154929577464 0.04625 0.03755868544600939
0 0.468125 0.3694835680751174 0.06875 0.036619718309859155
0 0.30125 0.5746478873239437 0.065 0.046948356807511735
0 0.416875 0.42065727699530514 0.06375 0.05070422535211268
0 0.344375 0.603755868544601 0.06375 0.04131455399061033
0 0.9675 0.42065727699530514 0.065 0.056338028169014086
0 0.0398 0.6657276995305165 0.055675 0.03004694835680751
0 0.154375 0.20422535211267606 0.04875 0.04225352112676056
0 0.65375 0.2976525821596244 0.075 0.05821596244131456
0 0.965625 0.6305164319248826 0.06375 0.07793427230046948
0 0.970625 0.23990610328638498 0.05875 0.0647887323943662
0 0.1829125 0.602356807511737 0.05875 0.03004694835680751
0 0.310625 0.7793427230046949 0.08875 0.020657276995305163
0 0.61125 0.08732394366197183 0.065 0.024413145539906103
1 0.71125 0.7352112676056338 0.0475 0.03755868544600939
0 0.6747875000000001 0.4287417840375587 0.09128750000000001 0.04584976525821596
0 0.39125 0.6239436619718309 0.0625 0.023474178403755867
0 0.26835000000000003 0.6725446009389672 0.0703625 0.020657276995305163
0 0.39661250000000003 0.7110234741784037 0.09 0.01971830985915493
0 0.508125 0.5732394366197183 0.04375 0.11549295774647887
0 0.4633375 0.25994366197183094 0.07917500000000001 0.05851643192488263
0 0.05875 0.2995305164319249 0.05 0.024413145539906103
0 0.54875 0.13802816901408452 0.0375 0.024413145539906103
0 0.466875 0.18967136150234742 0.03875 0.02629107981220657
0 0.621875 0.2539906103286385 0.02125 0.04037558685446009
0 0.30625 0.48262910798122066 0.0425 0.02629107981220657
0 0.144375 0.360093896713615 0.03125 0.01971830985915493
0 0.306875 0.5140845070422535 0.05125 0.023474178403755867
0 0.185625 0.35821596244131454 0.02875 0.0215962441314554
0 0.265625 0.42065727699530514 0.02875 0.020657276995305163
0 0.425 0.3410328638497652 0.045 0.02215962441314554
0 0.388125 0.48544600938967136 0.03125 0.020657276995305163
0 0.34875 0.48544600938967136 0.03 0.022535211267605635
0 0.659375 0.5009389671361503 0.03375 0.02535211267605634
0 0.6563375 0.45539906103286387 0.025675 0.020657276995305163
0 0.6656749999999999 0.594 0.028849999999999997 0.019934272300469486
0 0.838125 0.5985915492957746 0.04375 0.027230046948356807
0 0.6718999999999999 0.64037558685446 0.031212499999999997 0.020657276995305163
0 0.241875 0.7793427230046949 0.03375 0.020657276995305163
0 0.876875 0.7723004694835681 0.04375 0.02535211267605634
0 0.8425 0.8464788732394366 0.035 0.014084507042253521
0 0.06721250000000001 0.5880938967136151 0.019262500000000002 0.011370892018779341
0 0.4269 0.5304037558685446 0.0125 0.010901408450704225
0 0.4795875 0.6655680751173709 0.0221375 0.04227230046948357
0 0.36875 0.6929577464788732 0.0144375 0.009220657276995305