0 0.14 0.5835680751173709 0.09 0.06291079812206572
0 0.243125 0.44553990610328637 0.12375 0.054460093896713614
0 0.153125 0.5596244131455399 0.115 0.07323943661971831
0 0.353125 0.2746478873239437 0.09375 0.07793427230046948
0 0.85625 0.528169014084507 0.10125 0.08826291079812207
0 0.714375 0.7835680751173709 0.12 0.12394366197183099
0 0.931875 0.7009389671361502 0.13625 0.11173708920187793
0 0.385625 0.7347417840375586 0.0675 0.061971830985915494
0 0.61375 0.7225352112676057 0.07875 0.05539906103286385
0 0.619375 0.5023474178403756 0.06125 0.05352112676056338
0 0.3325 0.8342723004694835 0.045 0.03755868544600939
0 0.6825 0.23708920187793428 0.08125 0.06009389671361502
0 0.82375 0.6446009389671361 0.1425 0.14272300469483568
0 0.253125 0.523943661971831 0.06375 0.048826291079812206
0 0.83625 0.760093896713615 0.0675 0.06666666666666667
0 0.351875 0.5103286384976525 0.0575 0.04788732394366197
0 0.32 0.48262910798122066 0.05 0.03286384976525822
0 0.3125 0.539906103286385 0.06125 0.046009389671361506
0 0.465625 0.39624413145539905 0.0475 0.036619718309859155
0 0.245625 0.4863849765258216 0.09125 0.03755868544600939
0 0.548125 0.9582159624413146 0.05875 0.06854460093896714
0 0.039375 0.5699530516431925 0.05625 0.03192488262910798
0 0.4575 0.984037558685446 0.05 0.03192488262910798
0 0.73125 0.9103286384976526 0.0275 0.020657276995305163
0 0.699375 0.8901408450704226 0.02875 0.022535211267605635
0 0.653125 0.9845070422535211 0.0375 0.024413145539906103
0 0.345 0.6943661971830986 0.02125 0.018779342723004695
0 0.58125 0.9887323943661972 0.04125 0.01971830985915493
0 0.398125 0.9431924882629108 0.02875 0.018779342723004695
0 0.698125 0.612206572769953 0.02625 0.016901408450704224
0 0.575 0.5807511737089202 0.02375 0.020657276995305163
0 0.494375 0.6225352112676056 0.02625 0.01971830985915493
0 0.28875 0.3854460093896714 0.03 0.018779342723004695
0 0.479375 0.11690140845070422 0.0175 0.013145539906103286
0 0.421875 0.1784037558685446 0.025 0.01784037558685446
0 0.35875 0.2962441314553991 0.045 0.03192488262910798
0 0.478125 0.37464788732394366 0.01625 0.016901408450704224
0 0.270625 0.6009389671361502 0.03625 0.03568075117370892
0 0.0175 0.6112676056338028 0.02625 0.023474178403755867
0 0.37625 0.7248826291079812 0.0275 0.020657276995305163
0 0.9425 0.7713615023474178 0.115 0.07981220657276995
0 0.943125 0.8225352112676056 0.11375 0.07136150234741784
0 0.575 0.8760563380281691 0.0175 0.008450704225352112
0 0.54875 0.8615023474178404 0.03125 0.014084507042253521
0 0.6175 0.8967136150234741 0.1125 0.07230046948356808
0 0.558125 0.8967136150234741 0.0975 0.07793427230046948
0 0.391875 0.964319248826291 0.02375 0.018779342723004695
0 0.411875 0.956338028169014 0.02125 0.024413145539906103
0 0.83625 0.7089201877934272 0.065 0.04131455399061033
0 0.835625 0.671830985915493 0.07 0.08262910798122065