0 0.86375 0.42582159624413146 0.0875 0.06103286384976526
0 0.754375 0.5610328638497653 0.12125 0.051643192488262914
0 0.849375 0.44929577464788734 0.11125 0.07042253521126761
0 0.63625 0.7291079812206572 0.09 0.07605633802816901
0 0.145 0.4624413145539906 0.0975 0.08544600938967137
0 0.29875 0.2107981220657277 0.115 0.12112676056338029
0 0.07125 0.28779342723004697 0.1425 0.107981220657277
0 0.625 0.26854460093896715 0.065 0.06009389671361502
0 0.3967625 0.2746478873239437 0.0760125 0.05352112676056338
0 0.380625 0.4943661971830986 0.05875 0.051643192488262914
0 0.683125 0.1704225352112676 0.04375 0.036619718309859155
0 0.305875 0.7579154929577464 0.0792625 0.058544600938967135
0 0.18326250000000002 0.3467887323943662 0.13625 0.13896713615023473
0 0.748125 0.48262910798122066 0.06125 0.046948356807511735
0 0.17625 0.23145539906103285 0.065 0.0647887323943662
0 0.64875 0.49360563380281697 0.055 0.0463661971830986
0 0.679375 0.5220657276995305 0.04875 0.03192488262910798
0 0.689375 0.4652582159624413 0.05875 0.044131455399061034
0 0.529075 0.6046948356807512 0.04565 0.03568075117370892
0 0.75375 0.5201877934272301 0.09 0.03568075117370892
0 0.4734125 0.04084507042253521 0.055675 0.06666666666666667
0 0.96345 0.4422535211267606 0.054400000000000004 0.03004694835680751
0 0.564375 0.01643192488262911 0.04875 0.03286384976525822
0 0.288125 0.084037558685446 0.02625 0.01971830985915493
0 0.31875 0.10469483568075118 0.0275 0.0215962441314554
0 0.369375 0.011737089201877934 0.03625 0.023474178403755867
0 0.6640625 0.30971830985915494 0.02035 0.017737089201877936
0 0.44125 0.009389671361502348 0.04 0.018779342723004695
0 0.6225 0.05962441314553991 0.0275 0.01784037558685446
0 0.3075 0.3826291079812207 0.025 0.01596244131455399
0 0.42875 0.41737089201877936 0.0225 0.01971830985915493
0 0.51125 0.37746478873239436 0.025 0.018779342723004695
0 0.705625 0.6201877934272301 0.02875 0.01784037558685446
0 0.5025 0.8835680751173709 0.0175 0.013145539906103286
0 0.563125 0.8234741784037559 0.02375 0.016901408450704224
0 0.632175 0.7077276995305164 0.043575 0.031436619718309855
0 0.5160875 0.6258122065727699 0.014475 0.01689201877934272
0 0.73375 0.4053333333333333 0.035575 0.03505164319248826
0 0.9876999999999999 0.4012112676056338 0.0246 0.02216901408450704
0 0.6345875 0.2783286384976526 0.0263375 0.019530516431924883
0 0.06292500000000001 0.21670422535211267 0.12585000000000002 0.0772018779342723
0 0.06358749999999999 0.16552112676056338 0.12717499999999998 0.0679906103286385
0 0.442425 0.12192488262910797 0.017525 0.008647887323943663
0 0.4681375 0.13777464788732394 0.03115 0.013276995305164319
0 0.4011 0.10044131455399061 0.10821249999999999 0.06928638497652582
0 0.4604625 0.10175586854460095 0.09415 0.07523004694835682
0 0.6293 0.03885446009389672 0.021925 0.017455399061032863
0 0.609075 0.04628169014084507 0.0194125 0.02372769953051643
0 0.17395 0.28265727699530513 0.0636625 0.03915492957746479
0 0.1727375 0.3193802816901408 0.0660875 0.08043192488262911