0 0.378125 0.46860356138706655 0.075 0.06466729147141519
0 0.8975 0.5754451733833177 0.08375 0.07122774133083412
0 0.50875 0.30599812558575445 0.055 0.05248359887535145
0 0.326875 0.44798500468603564 0.065 0.04029990627928772
0 0.8525 0.4493908153701968 0.0625 0.03561387066541706
0 0.820625 0.4639175257731959 0.05875 0.038425492033739454
0 0.958125 0.563730084348641 0.05375 0.04873477038425492
0 0.440625 0.7089971883786317 0.12375 0.09278350515463918
0 0.373125 0.662605435801312 0.14125 0.10309278350515463
0 0.316875 0.23617619493908154 0.0325 0.028116213683223992
0 0.675 0.2839737582005623 0.03125 0.029053420805998126
0 0.624375 0.25960637300843487 0.01875 0.014058106841611996
0 0.690625 0.3106841611996251 0.0125 0.010309278350515464
0 0.535 0.3106841611996251 0.02125 0.015932521087160263
0 0.590625 0.3270852858481724 0.01625 0.011246485473289597
0 0.4125 0.2422680412371134 0.01625 0.02530459231490159
0 0.276875 0.5168697282099344 0.03375 0.01874414245548266
0 0.25125 0.3983130271790066 0.02375 0.019681349578256794
0 0.20125 0.39034676663542645 0.0225 0.020618556701030927
0 0.17125 0.4423617619493908 0.02125 0.015932521087160263
0 0.62125 0.4597000937207123 0.0375 0.02530459231490159
0 0.598125 0.47375820056232426 0.03625 0.02717900656044986
0 0.549375 0.5393626991565136 0.035 0.028116213683223992
0 0.636875 0.5679475164011246 0.03 0.02155576382380506
0 0.415625 0.36644798500468606 0.0175 0.01499531396438613
0 0.483125 0.5098406747891284 0.01625 0.013120899718837863
0 0.69125 0.39034676663542645 0.03625 0.029053420805998126
0 0.569375 0.46860356138706655 0.015 0.011246485473289597
0 0.405625 0.3584817244611059 0.01375 0.014058106841611996
0 0.331875 0.5731021555763823 0.01625 0.010309278350515464
0 0.41125 0.6227741330834115 0.02625 0.01780693533270853
0 0.756875 0.49625117150890347 0.04125 0.029053420805998126
0 0.950625 0.4076850984067479 0.0375 0.028116213683223992
0 0.728125 0.5117150890346767 0.04 0.028116213683223992
0 0.836875 0.6110590440487348 0.05 0.030927835051546393
0 0.975625 0.5421743205248359 0.015 0.00937207122774133
0 0.08625 0.6344892221180881 0.0325 0.028116213683223992
0 0.110625 0.6241799437675727 0.0175 0.014058106841611996
0 0.126875 0.6208997188378632 0.02375 0.01499531396438613
0 0.13125 0.6101218369259607 0.0275 0.01780693533270853
0 0.1375 0.5960637300843487 0.02875 0.019681349578256794
0 0.14375 0.5787253983130272 0.0325 0.023430178069353328
0 0.16625 0.5454545454545454 0.04625 0.03467666354264293
0 0.12625 0.5271790065604499 0.02125 0.022492970946579195
0 0.16 0.5149953139643861 0.0075 0.008434864104967198
0 0.2525 0.5417057169634489 0.0575 0.028116213683223992
0 0.16875 0.45829428303655106 0.02 0.020618556701030927
0 0.19625 0.3467666354264292 0.01125 0.00937207122774133
0 0.22375 0.33177132146204313 0.0925 0.08247422680412371
0 0.3525 0.4259606373008435 0.01875 0.01874414245548266
0 0.758125 0.3584817244611059 0.03125 0.026241799437675725
0 0.786875 0.4831302717900656 0.04875 0.03280224929709466
0 0.98875 0.5534208059981256 0.02 0.033739456419868794
0 0.944375 0.5895032802249297 0.01375 0.008434864104967198
0 0.511875 0.6790065604498594 0.0125 0.006560449859418931