0 0.52 0.4044048734770384 0.07625 0.046860356138706656
0 0.47 0.8064667291471416 0.08375 0.05248359887535145
0 0.75625 0.47282099343955014 0.06375 0.033739456419868794
0 0.538125 0.3631677600749766 0.045 0.04311152764761012
0 0.6275 0.7516401124648547 0.03875 0.04217432052483599
0 0.603125 0.7305529522024368 0.0425 0.03936269915651359
0 0.495625 0.8495782567947516 0.0575 0.033739456419868794
0 0.215 0.49250234301780693 0.10625 0.08059981255857544
0 0.264375 0.4343955014058107 0.1175 0.09184629803186505
0 0.815 0.3191190253045923 0.03375 0.020618556701030927
0 0.814375 0.5918462980318651 0.035 0.01874414245548266
0 0.8375 0.5501405810684161 0.01625 0.01218369259606373
0 0.781875 0.6077788191190253 0.0125 0.007497656982193065
0 0.755 0.492970946579194 0.01875 0.014058106841611996
0 0.743125 0.5370196813495782 0.0125 0.010309278350515464
0 0.823125 0.3908153701968135 0.0325 0.008434864104967198
0 0.439375 0.338331771321462 0.02 0.023430178069353328
0 0.590625 0.2985004686035614 0.0225 0.01499531396438613
0 0.591875 0.260543580131209 0.025 0.014058106841611996
0 0.51875 0.24742268041237114 0.01875 0.014058106841611996
0 0.57375 0.5824742268041238 0.02875 0.02436738519212746
0 0.55125 0.5679475164011246 0.03125 0.023430178069353328
0 0.456875 0.5431115276476102 0.0325 0.022492970946579195
0 0.434375 0.612933458294283 0.025 0.019681349578256794
0 0.660625 0.4147141518275539 0.0175 0.011246485473289597
0 0.484375 0.48922211808809746 0.015 0.010309278350515464
0 0.6775 0.6223055295220243 0.03375 0.023430178069353328
0 0.553125 0.5459231490159325 0.0125 0.00937207122774133
0 0.669375 0.40581068416119964 0.0175 0.008434864104967198
0 0.375 0.38847235238987815 0.01125 0.011246485473289597
0 0.323125 0.45595126522961577 0.02 0.016869728209934397
0 0.549375 0.6888472352389878 0.0325 0.02717900656044986
0 0.699375 0.816776007497657 0.0325 0.02436738519212746
0 0.524375 0.6705716963448922 0.0325 0.026241799437675725
0 0.4125 0.7680412371134021 0.03375 0.033739456419868794
0 0.526875 0.8584817244611059 0.01 0.010309278350515464
0 0.25125 0.21790065604498593 0.03375 0.020618556701030927
0 0.269375 0.2338331771321462 0.01625 0.011246485473289597
0 0.27625 0.24554826616682288 0.01625 0.015932521087160263
0 0.29125 0.24695407685098406 0.02 0.01874414245548266
0 0.310625 0.24882849109653232 0.0225 0.01874414245548266
0 0.335 0.2507029053420806 0.02625 0.02155576382380506
0 0.3825 0.2614807872539831 0.04 0.02999062792877226
0 0.399375 0.22867853795688847 0.0275 0.01218369259606373
0 0.42125 0.25164011246485474 0.01 0.004686035613870665
0 0.4025 0.32427366447985007 0.02875 0.04029990627928772
0 0.4975 0.24835988753514526 0.025 0.01218369259606373
0 0.64875 0.2492970946579194 0.01125 0.007497656982193065
0 0.673125 0.2666354264292409 0.09875 0.05716963448922212
0 0.571875 0.3781630740393627 0.0225 0.011246485473289597
0 0.730625 0.6658856607310215 0.03125 0.019681349578256794
0 0.571875 0.7089971883786317 0.0375 0.031865042174320526
0 0.515 0.8701968134957826 0.04375 0.00937207122774133
0 0.459375 0.8434864104967198 0.00875 0.00937207122774133
0 0.266875 0.5398313027179007 0.0075 0.008434864104967198