0 0.3725 0.48500468603561386 0.0625 0.05716963448922212
0 0.90875 0.5224929709465792 0.07 0.06279287722586692
0 0.46375 0.3078725398313027 0.045 0.04779756326148079
0 0.3176625 0.4714901593252109 0.0571625 0.03388940955951265
0 0.835625 0.4044048734770384 0.05625 0.029053420805998126
0 0.8075 0.422680412371134 0.0525 0.031865042174320526
0 0.96625 0.5032802249297095 0.045 0.04311152764761012
0 0.49 0.7136832239925024 0.1075 0.07966260543580131
0 0.4125 0.676663542642924 0.1225 0.08809746954076851
0 0.25875 0.26382380506091846 0.0275 0.02530459231490159
0 0.6225 0.2642924086223055 0.025 0.026241799437675725
0 0.566875 0.24695407685098406 0.01625 0.01218369259606373
0 0.64375 0.28865979381443296 0.01 0.00937207122774133
0 0.490625 0.30880974695407687 0.01875 0.014058106841611996
0 0.549375 0.3177132146204311 0.01375 0.00937207122774133
0 0.354375 0.25773195876288657 0.01125 0.02436738519212746
0 0.284375 0.5454545454545454 0.03125 0.01499531396438613
0 0.23125 0.4320524835988753 0.02 0.016869728209934397
0 0.180625 0.4311152764761012 0.01875 0.01874414245548266
0 0.163125 0.485941893158388 0.01875 0.014058106841611996
0 0.61 0.44470477975632616 0.0325 0.02155576382380506
0 0.590625 0.46157450796626054 0.03125 0.023430178069353328
0 0.5575 0.5323336457357076 0.03 0.02436738519212746
0 0.650625 0.549203373945642 0.02625 0.01874414245548266
0 0.38625 0.3795688847235239 0.015 0.013120899718837863
0 0.485625 0.5117150890346767 0.01375 0.011246485473289597
0 0.6633 0.3669165885660731 0.0315875 0.02530459231490159
0 0.56125 0.46016869728209936 0.0125 0.00937207122774133
0 0.374375 0.37300843486410495 0.01125 0.013120899718837863
0 0.35125 0.5937207122774133 0.015 0.008434864104967198
0 0.44125 0.6326148078725399 0.0225 0.01499531396438613
0 0.751875 0.4629803186504217 0.03625 0.02436738519212746
0 0.9225 0.35051546391752575 0.0325 0.02436738519212746
0 0.7275 0.4817244611059044 0.035 0.02436738519212746
0 0.8575 0.5656044985941893 0.045 0.02530459231490159
0 0.978125 0.47985004686035615 0.01375 0.007497656982193065
0 0.12385 0.6866822867853796 0.027075000000000002 0.024845360824742268
0 0.1449875 0.6731396438612933 0.014424999999999999 0.012399250234301782
0 0.16071249999999998 0.6677225866916588 0.0212875 0.011855670103092783
0 0.16269999999999998 0.656485473289597 0.0245375 0.014957825679475165
0 0.1648625 0.6418556701030927 0.0245375 0.016569821930646673
0 0.1677625 0.6235707591377695 0.028224999999999997 0.019540768509840677
0 0.18184999999999998 0.5882005623242736 0.04051249999999999 0.029587628865979383
0 0.138125 0.5754639175257732 0.0166 0.0202717900656045
0 0.169025 0.5592127460168697 0.0061125 0.007357075913776944
0 0.2655125 0.5730271790065604 0.0538 0.021986879100281163
0 0.1641375 0.5018931583880037 0.0166625 0.01901593252108716
0 0.16541250000000002 0.3883505154639175 0.010512500000000001 0.008172446110590441
0 0.1888875 0.37018744142455484 0.0762125 0.07365510777881912
0 0.3372625 0.44593252108716025 0.0144125 0.017029053420806
0 0.7210875 0.3272352389878163 0.026687500000000003 0.023514526710402998
0 0.7785625 0.4460731021555764 0.042675 0.028219306466729148
0 0.9937375 0.4887535145267104 0.012525 0.03274601686972821
0 0.9583499999999999 0.5303467666354265 0.0125875 0.00655107778819119
0 0.5531875 0.6747141518275539 0.0108375 0.005595126522961574