1 0.283125 0.44366197183098594 0.12125 0.10046948356807511
0 0.876875 0.44929577464788734 0.07875 0.04976525821596244
0 0.455625 0.5882629107981221 0.09375 0.06103286384976526
0 0.858125 0.49061032863849763 0.07875 0.051643192488262914
0 0.21326250000000002 0.560093896713615 0.06875 0.04976525821596244
1 0.335 0.515962441314554 0.095 0.07981220657276995
0 0.0505375 0.35065727699530513 0.10108750000000001 0.04778403755868545
1 0.046875 0.6300469483568075 0.09125 0.06572769953051644
0 0.588925 0.7857370892018779 0.04375 0.02910798122065728
0 0.589375 0.5849765258215962 0.05375 0.04507042253521127
0 0.673125 0.3713615023474178 0.05125 0.02910798122065728
0 0.845 0.5788732394366197 0.12 0.023474178403755867
0 0.9641375 0.584037558685446 0.0407625 0.04507042253521127
1 0.7925 0.6527323943661971 0.31 0.26261971830985914
0 0.931875 0.4629107981220657 0.02875 0.10140845070422536
0 0.1425 0.3267605633802817 0.0275 0.013145539906103286
0 0.06625 0.2539906103286385 0.0275 0.02910798122065728
0 0.236875 0.2323943661971831 0.02875 0.027230046948356807
0 0.30375 0.21690140845070421 0.01 0.007511737089201878
0 0.49 0.23051643192488264 0.04 0.02535211267605634
0 0.500625 0.3051643192488263 0.03625 0.02629107981220657
0 0.371875 0.30938967136150236 0.01875 0.014084507042253521
0 0.375 0.29577464788732394 0.015 0.011267605633802818
0 0.64625 0.30938967136150236 0.0275 0.02535211267605634
0 0.555625 0.24835680751173708 0.02875 0.027230046948356807
0 0.33677500000000005 0.3131455399061033 0.0134125 0.012206572769953052
0 0.77875 0.3 0.025 0.012206572769953052
0 0.1 0.46431924882629105 0.04 0.02910798122065728
0 0.135625 0.39530516431924884 0.02875 0.024413145539906103
0 0.008125 0.6215962441314554 0.01625 0.015023474178403756
0 0.169375 0.4671361502347418 0.01875 0.01596244131455399
0 0.296875 0.571830985915493 0.01375 0.011267605633802818
0 0.025625 0.6389671361502347 0.01375 0.010328638497652582
0 0.6175 0.5286384976525822 0.0375 0.02629107981220657
0 0.65215 0.6636150234741784 0.0368125 0.03896713615023474
0 0.69875 0.5685446009389671 0.03 0.014084507042253521
0 0.7575 0.644131455399061 0.03 0.018779342723004695
0 0.9398624999999999 0.6488262910798122 0.017225 0.013145539906103286
0 0.751875 0.5990610328638498 0.02375 0.013145539906103286
0 0.159375 0.7403755868544601 0.03125 0.023474178403755867
0 0.6616 0.73818779342723 0.0332 0.03786854460093896
0 0.746875 0.715962441314554 0.02875 0.012206572769953052
0 0.68625 0.7333333333333333 0.0125 0.011267605633802818
0 0.949375 0.7244131455399061 0.00875 0.008450704225352112
0 0.130675 0.6642910798122066 0.01755 0.014600938967136151
0 0.3142375 0.4672676056338028 0.011049999999999999 0.006985915492957747
0 0.9860500000000001 0.5261596244131456 0.027912499999999996 0.027859154929577468
0 0.90935 0.7611079812206574 0.0358375 0.01703286384976526
0 0.12133749999999999 0.643793427230047 0.055099999999999996 0.08898591549295774