1 0.708125 0.5732394366197183 0.135 0.10985915492957747
0 0.118125 0.5206572769953052 0.085 0.05539906103286385
0 0.55625 0.4154929577464789 0.10125 0.0676056338028169
0 0.1425 0.4812206572769953 0.085 0.05727699530516432
0 0.79375 0.4629107981220657 0.075 0.054460093896713614
1 0.66625 0.4971830985915493 0.105 0.0863849765258216
0 0.92625 0.6835680751173709 0.1075 0.05539906103286385
1 0.959375 0.4061032863849765 0.08125 0.07230046948356808
0 0.45125 0.2084507042253521 0.0475 0.03192488262910798
0 0.423125 0.4084507042253521 0.06 0.048826291079812206
0 0.31 0.6145539906103287 0.055 0.03286384976525822
0 0.168125 0.39436619718309857 0.1225 0.03286384976525822
0 0.05 0.37981220657276993 0.0475 0.04788732394366197
1 0.230625 0.32535211267605635 0.345 0.28544600938967135
0 0.065625 0.5028169014084507 0.0425 0.10328638497652583
0 0.83125 0.7004694835680751 0.02875 0.015023474178403756
0 0.896875 0.7788732394366197 0.03125 0.030985915492957747
0 0.724375 0.7868544600938967 0.0325 0.02910798122065728
0 0.655625 0.7971830985915493 0.01125 0.008450704225352112
0 0.4725 0.7690140845070422 0.04375 0.028169014084507043
0 0.4725 0.6938967136150235 0.04 0.02910798122065728
0 0.600625 0.6995305164319249 0.02 0.015023474178403756
0 0.595625 0.7131455399061033 0.01625 0.012206572769953052
0 0.328125 0.6779342723004694 0.03125 0.027230046948356807
0 0.409375 0.7460093896713615 0.0325 0.02910798122065728
0 0.63625 0.6985915492957746 0.015 0.013145539906103286
0 0.195 0.6769953051643193 0.02625 0.014084507042253521
0 0.893125 0.5666666666666667 0.04375 0.03192488262910798
0 0.8475 0.6328638497652582 0.0325 0.02629107981220657
0 0.998125 0.41737089201877936 0.00375 0.01596244131455399
0 0.824375 0.5586854460093896 0.02125 0.016901408450704224
0 0.711875 0.44460093896713615 0.015 0.012206572769953052
0 0.99125 0.39906103286384975 0.015 0.011267605633802818
0 0.386875 0.4624413145539906 0.04125 0.02910798122065728
0 0.371875 0.32535211267605635 0.04125 0.04225352112676056
0 0.311875 0.4164319248826291 0.03125 0.01596244131455399
0 0.26375 0.33661971830985915 0.0325 0.020657276995305163
0 0.083125 0.3173708920187793 0.01875 0.014084507042253521
0 0.263125 0.3816901408450704 0.025 0.015023474178403756
0 0.8725 0.28779342723004697 0.03375 0.02535211267605634
0 0.371875 0.2507042253521127 0.03875 0.04037558685446009
0 0.284375 0.26572769953051645 0.03 0.014084507042253521
0 0.3475 0.2535211267605634 0.01375 0.012206572769953052
0 0.084375 0.24131455399061033 0.01 0.009389671361502348
0 0.89 0.3657276995305164 0.02 0.01596244131455399
0 0.68 0.5474178403755868 0.0125 0.007511737089201878
0 0.02 0.4356807511737089 0.03125 0.03004694835680751
0 0.129375 0.2084507042253521 0.03875 0.01971830985915493
0 0.896875 0.38685446009389673 0.0675 0.09295774647887324