0 0.5175 0.7600749765698219 0.135 0.14526710402999063
0 0.185625 0.5768509840674789 0.1125 0.08341143392689784
0 0.51625 0.6560449859418932 0.085 0.07310215557638237
0 0.83625 0.18556701030927836 0.09375 0.06747891283973759
0 0.49375 0.5253045923149016 0.0575 0.041237113402061855
0 0.375625 0.26569821930646675 0.0925 0.07778819119025304
0 0.073125 0.8317713214620431 0.14625 0.06466729147141519
0 0.870625 0.2380506091846298 0.0675 0.04779756326148079
0 0.33 0.837394564198688 0.18 0.14339268978444236
0 0.200625 0.45407685098406747 0.10625 0.06935332708528585
0 0.8575 0.28069353327085284 0.07375 0.053420805998125584
0 0.740625 0.2099343955014058 0.09625 0.08434864104967198
0 0.04875 0.48125585754451733 0.0975 0.09840674789128398
0 0.4375 0.6855670103092784 0.07375 0.07216494845360824
0 0.1925 0.5117150890346767 0.11125 0.07216494845360824
0 0.93625 0.2310215557638238 0.075 0.04967197750702906
0 0.018125 0.788191190253046 0.03625 0.03936269915651359
0 0.85 0.3331771321462043 0.04375 0.041237113402061855
0 0.74125 0.47985004686035615 0.06875 0.053420805998125584
0 0.975625 0.20524835988753515 0.04875 0.03748828491096532
1 0.9625 0.13823805060918462 0.075 0.13776944704779756
0 0.7075 0.44892221180880976 0.03875 0.04311152764761012
0 0.31 0.29475164011246485 0.0525 0.04029990627928772
0 0.045625 0.40393626991565135 0.0725 0.06091846298031865
0 0.933125 0.3149015932521087 0.07 0.053420805998125584
0 0.33125 0.19634489222118087 0.05375 0.03936269915651359
0 0.99125 0.2689784442361762 0.0175 0.05060918462980318
0 0.903125 0.19119025304592316 0.06625 0.03748828491096532
0 0.13 0.2924086223055295 0.05375 0.03936269915651359
0 0.073125 0.32286785379568883 0.0625 0.044048734770384255
0 0.291875 0.20946579194001874 0.04625 0.03936269915651359
0 0.71125 0.7122774133083412 0.02625 0.028116213683223992
0 0.251875 0.760543580131209 0.0375 0.03467666354264293
0 0.2425 0.7371134020618557 0.025 0.01874414245548266
0 0.05625 0.7380506091846298 0.02875 0.02155576382380506
0 0.249375 0.8552014995313965 0.0275 0.06091846298031865
0 0.9475 0.5955951265229615 0.03625 0.02717900656044986
0 0.755 0.45032802249297094 0.0325 0.026241799437675725
0 0.970625 0.5248359887535146 0.01125 0.008434864104967198
0 0.78 0.6705716963448922 0.0425 0.03748828491096532
0 0.77375 0.6902530459231491 0.02625 0.02155576382380506
0 0.965 0.5824742268041238 0.01125 0.010309278350515464
0 0.723125 0.380506091846298 0.04 0.02530459231490159
0 0.8325 0.6410496719775071 0.03875 0.029053420805998126
0 0.85 0.5014058106841612 0.0175 0.016869728209934397
0 0.715625 0.3631677600749766 0.03375 0.019681349578256794
0 0.92875 0.5299906279287723 0.015 0.011246485473289597
0 0.79 0.46016869728209936 0.01625 0.013120899718837863
0 0.97 0.5332708528584817 0.01375 0.00937207122774133
0 0.925625 0.5749765698219307 0.01375 0.010309278350515464
0 0.926875 0.5520149953139644 0.01125 0.010309278350515464
0 0.7975 0.46860356138706655 0.0275 0.015932521087160263
0 0.790625 0.3725398313027179 0.02875 0.014058106841611996
0 0.76875 0.38331771321462044 0.0325 0.016869728209934397
0 0.966875 0.5740393626991566 0.01125 0.008434864104967198
0 0.79625 0.4793814432989691 0.02625 0.016869728209934397
0 0.76875 0.6565135895032802 0.01625 0.01499531396438613
0 0.64125 0.6555763823805061 0.0425 0.033739456419868794
0 0.9675 0.5670103092783505 0.01 0.007497656982193065
0 0.8725 0.6373008434864105 0.02625 0.020618556701030927
0 0.970625 0.5187441424554826 0.01125 0.007497656982193065
0 0.6875 0.6907216494845361 0.03 0.02530459231490159
0 0.97 0.5398313027179007 0.01125 0.007497656982193065
0 0.969375 0.5463917525773195 0.01 0.007497656982193065
0 0.93 0.5412371134020618 0.0125 0.008434864104967198
0 0.968125 0.5599812558575445 0.01125 0.008434864104967198
0 0.96875 0.5529522024367385 0.01125 0.007497656982193065
0 0.771875 0.37300843486410495 0.01875 0.01218369259606373
0 0.51 0.4943767572633552 0.0225 0.01218369259606373
0 0.81875 0.35332708528584816 0.04125 0.031865042174320526
0 0.87875 0.3406747891283974 0.04 0.033739456419868794
0 0.378125 0.19119025304592316 0.04375 0.03655107778819119
0 0.264375 0.2155576382380506 0.01 0.008434864104967198
0 0.585625 0.2703842549203374 0.0375 0.02155576382380506
0 0.601875 0.253514526710403 0.045 0.029053420805998126
0 0.58 0.38847235238987815 0.03 0.020618556701030927
0 0.58625 0.40674789128397376 0.0275 0.02155576382380506
0 0.62625 0.43580131208997186 0.0575 0.05248359887535145
0 0.670625 0.5168697282099344 0.0125 0.007497656982193065
0 0.67 0.5084348641049672 0.01625 0.014058106841611996
0 0.646875 0.5074976569821931 0.01625 0.006560449859418931
0 0.65625 0.49953139643861294 0.04125 0.02155576382380506
0 0.674375 0.6143392689784443 0.01625 0.014058106841611996
0 0.686875 0.6101218369259607 0.01375 0.008434864104967198
0 0.683125 0.6026241799437676 0.02625 0.015932521087160263
0 0.8875 0.6354264292408622 0.02 0.016869728209934397