0 0.428125 0.2450796626054358 0.10875 0.13402061855670103
0 0.794375 0.38706654170571697 0.09875 0.07310215557638237
0 0.45125 0.3477038425492034 0.0725 0.06560449859418932
0 0.23375 0.8500468603561387 0.0825 0.05810684161199625
0 0.500625 0.4742268041237113 0.05125 0.03561387066541706
0 0.671875 0.7169634489222118 0.07875 0.06935332708528585
0 0.855 0.1218369259606373 0.1425 0.04873477038425492
0 0.18875 0.8022492970946579 0.06 0.041237113402061855
0 0.5975 0.14667291471415184 0.155 0.12652296157450796
0 0.805 0.5103092783505154 0.095 0.059044048734770385
0 0.1925 0.7586691658856607 0.065 0.04592314901593252
0 0.323125 0.8149015932521088 0.08125 0.07591377694470477
0 0.954375 0.46438612933458295 0.09125 0.08903467666354264
0 0.523125 0.30927835051546393 0.06125 0.06560449859418932
0 0.80125 0.45220243673851923 0.1 0.06091846298031865
0 0.125 0.816776007497657 0.0675 0.04217432052483599
0 0.92 0.1579194001874414 0.04 0.03467666354264293
0 0.189375 0.7057169634489222 0.03625 0.03748828491096532
0 0.26625 0.5482661668228679 0.06 0.046860356138706656
0 0.083125 0.8477038425492034 0.05875 0.030927835051546393
1 0.0725 0.9165885660731021 0.145 0.1218369259606373
0 0.305625 0.5749765698219307 0.03125 0.04029990627928772
0 0.730625 0.6804123711340206 0.04625 0.03561387066541706
0 0.96875 0.5417057169634489 0.0625 0.05435801312089972
0 0.110625 0.7338331771321462 0.06125 0.046860356138706656
0 0.73 0.7802249297094658 0.0475 0.03467666354264293
0 0.035 0.7891283973758201 0.065 0.04311152764761012
0 0.16625 0.852389878163074 0.06 0.030927835051546393
0 0.90875 0.6616682286785379 0.0475 0.033739456419868794
0 0.95875 0.6246485473289597 0.055 0.038425492033739454
0 0.76625 0.7624179943767573 0.04 0.03467666354264293
0 0.246875 0.3149015932521087 0.02125 0.026241799437675725
0 0.690625 0.21368322399250234 0.03125 0.031865042174320526
0 0.705 0.23570759137769448 0.0225 0.015932521087160263
0 0.88875 0.21274601686972822 0.025 0.01874414245548266
0 0.67375 0.11996251171508904 0.015 0.05998125585754452
0 0.038125 0.457825679475164 0.03125 0.023430178069353328
0 0.25875 0.5787253983130272 0.0275 0.023430178069353328
0 0.03 0.5304592314901593 0.01 0.007497656982193065
0 0.188125 0.36457357075913777 0.03625 0.033739456419868794
0 0.19 0.34395501405810686 0.0225 0.01874414245548266
0 0.02375 0.4732895970009372 0.01 0.00937207122774133
0 0.304375 0.6443298969072165 0.03625 0.02155576382380506
0 0.141875 0.39971883786316775 0.03375 0.02530459231490159
0 0.15375 0.5398313027179007 0.015 0.01499531396438613
0 0.315625 0.6600749765698218 0.03125 0.01556701030927835
0 0.07 0.520618556701031 0.0125 0.010309278350515464
0 0.221875 0.5735707591377694 0.01375 0.011246485473289597
0 0.02875 0.5224929709465792 0.0125 0.008434864104967198
0 0.06375 0.4761012183692596 0.0125 0.00937207122774133
0 0.0675 0.4985941893158388 0.01 0.00937207122774133
0 0.2125 0.5660731021555764 0.025 0.013120899718837863
0 0.239375 0.6597938144329897 0.02625 0.011246485473289597
0 0.25875 0.6466729147141518 0.03 0.013120899718837863
0 0.02375 0.4817244611059044 0.01 0.007497656982193065
0 0.211875 0.5552952202436738 0.02375 0.014058106841611996
0 0.201875 0.3767572633552015 0.01375 0.013120899718837863
0 0.3283875 0.3626991565135895 0.036775 0.02999062792877226
0 0.024375 0.4887535145267104 0.00875 0.006560449859418931
0 0.10375 0.40815370196813494 0.0225 0.01780693533270853
0 0.03125 0.5365510777881912 0.01 0.006560449859418931
0 0.275 0.33344892221180883 0.025012500000000003 0.02288659793814433
0 0.0275 0.5159325210871603 0.01 0.006560449859418931
0 0.026875 0.5093720712277413 0.00875 0.006560449859418931
0 0.066875 0.5098406747891284 0.01125 0.007497656982193065
0 0.025 0.4957825679475164 0.01 0.007497656982193065
0 0.02625 0.5028116213683224 0.01 0.006560449859418931
0 0.258125 0.6574507966260543 0.01625 0.010309278350515464
0 0.49125 0.506560449859419 0.02 0.010309278350515464
0 0.215625 0.6822867853795689 0.03625 0.028116213683223992
0 0.159375 0.7019681349578257 0.03375 0.02999062792877226
0 0.685 0.7905342080599812 0.0375 0.03280224929709466
0 0.791875 0.753514526710403 0.00875 0.007497656982193065
0 0.4631375 0.7364198687910029 0.0338 0.01810684161199625
0 0.450925 0.7553045923149015 0.0394375 0.024320524835988754
0 0.44415 0.6194751640112465 0.026637499999999998 0.01808809746954077
0 0.43420000000000003 0.6021462043111527 0.0232625 0.018359887535145267
0 0.3889 0.578041237113402 0.048525 0.04797563261480787
0 0.3283875 0.5033552014995314 0.0116125 0.00626991565135895
0 0.33045 0.5118088097469541 0.0134875 0.012474226804123712
0 0.353 0.5099812558575445 0.0149875 0.004864104967197751
0 0.345675 0.5185754451733834 0.037912499999999995 0.01810684161199625
0 0.30357500000000004 0.4076850984067479 0.0138625 0.012624179943767574
0 0.2924875 0.4134582942830366 0.0119875 0.007385192127460169
0 0.297375 0.42036551077788187 0.0232625 0.013298969072164948
0 0.08876250000000001 0.4120431115276476 0.01725 0.014573570759137771