1 0.06875 0.3371448663853727 0.1375 0.0819479606188467
1 0.09 0.39381153305203936 0.1325 0.08157524613220815
1 0.34625 0.6026722925457103 0.1525 0.10407876230661041
1 0.217075 0.29043600562587907 0.18466249999999998 0.12517580872011252
1 0.6293875 0.5264627285513361 0.1312625 0.1689240506329114
0 0.26875 0.7236286919831224 0.0675 0.040787623066104076
0 0.46125 0.22362869198312235 0.0975 0.04219409282700422
1 0.385625 0.4247538677918425 0.10375 0.07032348804500703
0 0.785 0.7039381153305204 0.0825 0.04219409282700422
1 0.25875 0.6768635724331927 0.1075 0.06540084388185655
0 0.893125 0.5959915611814346 0.08625 0.07665260196905767
1 0.7309874999999999 0.43883966244725736 0.0942125 0.07331926863572434
0 0.920625 0.7464838255977496 0.06875 0.04149085794655415
1 0.2218125 0.5062165963431786 0.23875 0.13924050632911392
0 0.84375 0.6033755274261603 0.055 0.030942334739803096
0 0.38 0.45921237693389594 0.09 0.0379746835443038
1 0.6490125 0.6014135021097047 0.091575 0.09445850914205343
0 0.040625 0.17897327707454289 0.08125 0.09915611814345991
0 0.581875 0.25 0.03375 0.020393811533052038
0 0.419375 0.2661744022503516 0.03625 0.02180028129395218
0 0.6475 0.2542194092827004 0.03 0.027426160337552744
0 0.465 0.23839662447257384 0.0175 0.008438818565400843
0 0.8739125 0.32436005625879044 0.034675 0.02988045007032349
0 0.87125 0.3027426160337553 0.0325 0.03305203938115331
0 0.798775 0.33365682137834035 0.02875 0.014036568213783403
0 0.016875 0.3850210970464135 0.03375 0.027426160337552744
0 0.085625 0.5847398030942335 0.02125 0.011954992967651195
0 0.37375 0.4866385372714487 0.04 0.01969057665260197
0 0.54125 0.3540787623066104 0.05 0.023206751054852322
0 0.36566249999999995 0.32934599156118144 0.0361875 0.022032348804500702
0 0.53375 0.3748241912798875 0.0125 0.008438818565400843
0 0.953125 0.3373839662447257 0.04125 0.020035161744022503
0 0.864375 0.34810126582278483 0.03625 0.02531645569620253
0 0.681875 0.49437412095639943 0.02625 0.01828410689170183
0 0.701875 0.6181434599156118 0.02625 0.01828410689170183
0 0.709375 0.42510548523206754 0.01875 0.014767932489451477
0 0.975625 0.6621378340365682 0.04125 0.019071729957805907
0 0.70375 0.43952180028129395 0.0175 0.01828410689170183
0 0.7175 0.7338255977496484 0.0175 0.011954992967651195
1 0.33266249999999997 0.5978410689170183 0.058312499999999996 0.029535864978902954
1 0.23875 0.48687060478199723 0.1251375 0.0629676511954993