0 0.55875 0.4597000937207123 0.10125 0.07310215557638237
1 0.52875 0.1569821930646673 0.1325 0.07122774133083412
0 0.97 0.5468603561387066 0.06 0.05716963448922212
0 0.886875 0.2933458294283037 0.09 0.03280224929709466
1 0.193125 0.2685098406747891 0.3 0.13776944704779756
0 0.700625 0.36457357075913777 0.0975 0.033739456419868794
1 0.15625 0.22305529522024367 0.12875 0.07685098406747891
1 0.440625 0.14198687910028115 0.1275 0.04311152764761012
0 0.41375 0.676194939081537 0.10375 0.02530459231490159
0 0.731875 0.12558575445173384 0.0325 0.028116213683223992
0 0.761875 0.232427366447985 0.0275 0.026241799437675725
0 0.880625 0.4245548266166823 0.0275 0.026241799437675725
0 0.784375 0.4072164948453608 0.0275 0.02155576382380506
0 0.974375 0.4817244611059044 0.04125 0.019681349578256794
0 0.78625 0.3753514526710403 0.0475 0.015932521087160263
0 0.745625 0.38612933458294285 0.0275 0.013120899718837863
0 0.301875 0.3776944704779756 0.0225 0.023430178069353328
0 0.619375 0.3261480787253983 0.0225 0.015932521087160263
0 0.614375 0.27413308341143394 0.02125 0.015932521087160263
0 0.304375 0.3191190253045923 0.02125 0.022492970946579195
0 0.30625 0.30084348641049674 0.02 0.022492970946579195
0 0.384375 0.3701968134957826 0.01125 0.010309278350515464
0 0.334375 0.24414245548266167 0.04375 0.02999062792877226
0 0.385625 0.43908153701968133 0.015 0.008434864104967198
0 0.58875 0.584817244611059 0.0125 0.016869728209934397
0 0.6025 0.5740393626991566 0.04125 0.01218369259606373
0 0.465 0.682755388940956 0.03875 0.01499531396438613
0 0.103125 0.2858481724461106 0.02375 0.014058106841611996
0 0.1675 0.2211808809746954 0.0275 0.02436738519212746
0 0.07125 0.3013120899718838 0.03125 0.02530459231490159
0 0.2125 0.4817244611059044 0.015 0.00937207122774133
0 0.323125 0.43908153701968133 0.0225 0.01218369259606373
0 0.16125 0.49531396438612935 0.01875 0.010309278350515464
0 0.141875 0.7300843486410497 0.01625 0.011246485473289597
0 0.630625 0.6785379568884724 0.01875 0.026241799437675725
0 0.489375 0.5552952202436738 0.02125 0.008434864104967198
0 0.49625 0.549203373945642 0.0125 0.007497656982193065
0 0.6275 0.3781630740393627 0.02875 0.013120899718837863
0 0.52 0.3936269915651359 0.03875 0.01499531396438613
0 0.818125 0.36597938144329895 0.0125 0.013120899718837863
0 0.48 0.20618556701030927 0.04875 0.031865042174320526
0 0.445625 0.21462043111527648 0.0425 0.03748828491096532
0 0.285 0.20946579194001874 0.025 0.010309278350515464
0 0.14 0.7849109653233365 0.17125 0.03748828491096532
0 0.15375 0.7230552952202437 0.2225 0.03936269915651359
0 0.453125 0.6944704779756327 0.34375 0.053420805998125584
0 0.455 0.6996251171508904 0.01 0.0037488284910965324
0 0.473125 0.41518275538894095 0.28875 0.059044048734770385
0 0.713125 0.3776944704779756 0.20375 0.03467666354264293
0 0.425 0.43345829428303656 0.25625 0.053420805998125584
0 0.165 0.4887535145267104 0.28875 0.07403936269915651