0 0.534375 0.5538894095595126 0.09625 0.07497656982193064
1 0.929375 0.6208997188378632 0.09375 0.09840674789128398
0 0.30125 0.8261480787253983 0.075 0.04967197750702906
0 0.650625 0.837863167760075 0.0425 0.06747891283973759
1 0.885 0.3477038425492034 0.17875 0.22399250234301782
0 0.61375 0.683223992502343 0.04375 0.07310215557638237
1 0.951875 0.33411433926897843 0.09625 0.09653233364573571
1 0.973125 0.5618556701030928 0.05375 0.09465791940018745
0 0.300625 0.3865979381443299 0.03125 0.07778819119025304
0 0.91 0.7755388940955952 0.0375 0.02436738519212746
0 0.764375 0.7656982193064668 0.035 0.019681349578256794
0 0.485 0.7952202436738519 0.035 0.019681349578256794
0 0.535 0.7310215557638238 0.0275 0.020618556701030927
0 0.385 0.8458294283036552 0.025 0.030927835051546393
0 0.575 0.7417994376757263 0.02 0.03561387066541706
0 0.57375 0.7094657919400188 0.0175 0.020618556701030927
0 0.71375 0.3936269915651359 0.03125 0.016869728209934397
0 0.686875 0.6363636363636364 0.02125 0.016869728209934397
0 0.754375 0.648078725398313 0.02125 0.015932521087160263
0 0.7875 0.41237113402061853 0.03 0.015932521087160263
0 0.810625 0.4189315838800375 0.03 0.01499531396438613
0 0.69875 0.4550140581068416 0.01375 0.008434864104967198
0 0.875 0.4564198687910028 0.03875 0.031865042174320526
0 0.61125 0.43580131208997186 0.01 0.011246485473289597
0 0.365625 0.5388940955951266 0.0225 0.008434864104967198
0 0.375625 0.5515463917525774 0.015 0.030927835051546393
0 0.2775 0.4217432052483599 0.02 0.028116213683223992
0 0.889375 0.2778819119025305 0.01875 0.01780693533270853
0 0.953125 0.3434864104967198 0.03125 0.020618556701030927
0 0.87875 0.2507029053420806 0.03375 0.023430178069353328
0 0.606875 0.2994376757263355 0.01125 0.011246485473289597
0 0.629375 0.39128397375820057 0.01625 0.015932521087160263
0 0.605 0.2582005623242737 0.01375 0.014058106841611996
0 0.31125 0.17572633552014996 0.015 0.01218369259606373
0 0.234375 0.5417057169634489 0.035 0.014058106841611996
0 0.4325 0.4761012183692596 0.01125 0.015932521087160263
0 0.438125 0.4831302717900656 0.01 0.00937207122774133
0 0.618125 0.626991565135895 0.0175 0.02155576382380506
0 0.63 0.5454545454545454 0.02 0.028116213683223992
0 0.578125 0.767572633552015 0.0175 0.00937207122774133
0 0.880625 0.5712277413308341 0.0425 0.03655107778819119
0 0.88 0.5445173383317713 0.05 0.031865042174320526
0 0.933125 0.43064667291471415 0.01375 0.01874414245548266
0 0.241875 0.15463917525773196 0.04875 0.1358950328022493
0 0.32125 0.16119962511715089 0.0575 0.21743205248359887
0 0.265625 0.4095595126522962 0.065 0.25773195876288657
0 0.25875 0.4090909090909091 0.005 0.007497656982193065
0 0.615625 0.5056232427366448 0.07375 0.21743205248359887
0 0.593125 0.6888472352389878 0.04375 0.1527647610121837
0 0.606875 0.46579194001874413 0.0675 0.19212746016869728
0 0.6125 0.26288659793814434 0.09375 0.21649484536082475