1 0.52695 0.7475305164319249 0.3311 0.1936431924882629
1 0.21375 0.7835680751173709 0.28 0.16056338028169015
1 0.8232625 0.35070422535211265 0.154025 0.13427230046948357
0 0.07875 0.5380281690140845 0.05 0.03568075117370892
1 0.7887375 0.6568075117370892 0.197525 0.23568075117370893
0 0.268125 0.022065727699530517 0.10125 0.044131455399061034
0 0.798125 0.6464788732394366 0.05625 0.04037558685446009
0 0.033125 0.6549295774647887 0.06625 0.04037558685446009
0 0.02625 0.5845070422535211 0.0525 0.04976525821596244
0 0.1128625 0.03981220657276995 0.04375 0.03943661971830986
0 0.219725 0.3704225352112676 0.04195 0.04037558685446009
1 0.9019875 0.7048732394366197 0.1395625 0.09338967136150234
0 0.2025 0.4971830985915493 0.045 0.04037558685446009
0 0.7135375 0.2415305164319249 0.035 0.04037558685446009
0 0.143125 0.44835680751173707 0.03625 0.05352112676056338
0 0.12875 0.4183098591549296 0.0525 0.10046948356807511
0 0.0911 0.3751173708920188 0.0347125 0.059154929577464786
0 0.04875 0.38215962441314555 0.0375 0.06009389671361502
0 0.01935 0.15782159624413147 0.0387 0.04146478873239436
0 0.2025 0.13568075117370892 0.035 0.027230046948356807
0 0.173125 0.11971830985915492 0.03125 0.023474178403755867
0 0.086875 0.14225352112676057 0.03875 0.01596244131455399
0 0.78875 0.15821596244131456 0.03 0.0215962441314554
0 0.700625 0.1784037558685446 0.03125 0.028169014084507043
0 0.8834875 0.16212206572769952 0.0144625 0.010018779342723005
0 0.124375 0.3586854460093897 0.02875 0.024413145539906103
0 0.16 0.4032863849765258 0.015 0.01784037558685446
0 0.62625 0.4291079812206573 0.015 0.011267605633802818
0 0.58125 0.603755868544601 0.0125 0.007511737089201878
0 0.595 0.6089201877934273 0.01 0.006572769953051643
0 0.540625 0.6309859154929578 0.01125 0.009389671361502348
0 0.795625 0.339906103286385 0.02375 0.013145539906103286
0 0.86375 0.34318309859154933 0.0325 0.029136150234741785
0 0.933125 0.547887323943662 0.02125 0.01784037558685446
0 0.7259 0.3729859154929578 0.03 0.036619718309859155
0 0.979375 0.4394366197183099 0.02625 0.022535211267605635
0 0.7176250000000001 0.6627511737089202 0.0422375 0.0316056338028169
0 0.9575 0.46431924882629105 0.015 0.01596244131455399
0 0.970925 0.47305164319248827 0.0267375 0.02215962441314554
0 0.886875 0.5286384976525822 0.01125 0.009389671361502348
0 0.85 0.6272300469483568 0.015 0.013145539906103286
0 0.933125 0.6211267605633802 0.01375 0.014084507042253521
0 0.979375 0.5112676056338028 0.01625 0.010328638497652582
0 0.84125 0.5708920187793427 0.02 0.020657276995305163
0 0.8944 0.5116431924882628 0.0163 0.017089201877934272
0 0.776875 0.5032863849765258 0.00875 0.009389671361502348
0 0.8825 0.37183098591549296 0.01 0.011267605633802818
0 0.704375 0.4953051643192488 0.00875 0.008450704225352112
0 0.970625 0.6230046948356808 0.01375 0.010328638497652582
0 0.24 0.8173708920187793 0.02 0.014084507042253521
0 0.171875 0.795774647887324 0.01875 0.014084507042253521
0 0.571875 0.7112676056338029 0.02375 0.01971830985915493
0 0.575 0.739906103286385 0.03 0.015023474178403756
0 0.595625 0.7615023474178404 0.02625 0.015023474178403756
0 0.648125 0.7553990610328638 0.01125 0.010328638497652582
0 0.585625 0.7563380281690141 0.01375 0.008450704225352112
0 0.6725 0.7708920187793428 0.0125 0.011267605633802818
1 0.99125 0.6794741784037559 0.0175 0.03823474178403756
0 0.985625 0.574112676056338 0.019225000000000003 0.01936150234741784
1 0.8867 0.6437840375586854 0.103325 0.12821596244131456
1 0.9699500000000001 0.6305821596244132 0.0601 0.05057276995305164
1 0.9321125000000001 0.6352394366197183 0.135775 0.12152112676056337
0 0.17221250000000002 0.3636150234741784 0.042575 0.0316338028169014
0 0.8615375000000001 0.20207511737089204 0.0107125 0.008751173708920187
0 0.8288625000000001 0.15367136150234742 0.023787500000000003 0.009615023474178403
0 0.8645875 0.3342535211267606 0.0097 0.005699530516431925
0 0.7974625000000001 0.33271361502347413 0.0094625 0.0059342723004694835
0 0.9895499999999999 0.49096713615023474 0.0208875 0.026112676056338026
0 0.9793999999999999 0.4872206572769953 0.023325 0.028206572769953052
0 0.9635375 0.4917183098591549 0.023125 0.025211267605633803
0 0.9703125 0.45499530516431924 0.020337499999999998 0.017699530516431927
0 0.99155 0.36317370892018774 0.0169 0.03495774647887324
0 0.9870874999999999 0.33986854460093896 0.023125 0.0371924882629108
0 0.7282125 0.3485446009389671 0.0329625 0.04627230046948357
0 0.7313 0.33737089201877934 0.03 0.03011267605633803
0 0.72455 0.30462910798122067 0.039375 0.03715492957746479
0 0.7239749999999999 0.2912206572769953 0.035025 0.02924882629107981
0 0.7248874999999999 0.27867605633802817 0.019475 0.013427230046948357