0 0.763125 0.43345829428303656 0.16375 0.1471415182755389
0 0.76875 0.6541705716963448 0.1225 0.08809746954076851
0 0.83875 0.6030927835051546 0.115 0.08528584817244611
0 0.1875 0.12886597938144329 0.14 0.10028116213683223
0 0.24875 0.5524835988753515 0.0925 0.08903467666354264
0 0.789375 0.3247422680412371 0.06875 0.044048734770384255
0 0.67375 0.20196813495782567 0.07 0.04779756326148079
0 0.58875 0.5107778819119025 0.095 0.07685098406747891
0 0.4175 0.2942830365510778 0.055 0.04498594189315839
0 0.920625 0.6162136832239925 0.06875 0.04779756326148079
0 0.165 0.029522024367385193 0.1275 0.059044048734770385
0 0.795625 0.16869728209934395 0.07875 0.05435801312089972
0 0.5875 0.2047797563261481 0.0575 0.04217432052483599
0 0.60625 0.04311152764761012 0.05 0.026241799437675725
0 0.429375 0.42221180880974696 0.11125 0.11715089034676664
0 0.328125 0.408622305529522 0.04625 0.05060918462980318
0 0.865625 0.6715089034676663 0.06375 0.10028116213683223
0 0.820625 0.7385192127460168 0.04375 0.02999062792877226
0 0.9425 0.3936269915651359 0.1125 0.09372071227741331
0 0.50375 0.4662605435801312 0.11 0.10965323336457357
0 0.951875 0.26710402999062793 0.06125 0.041237113402061855
0 0.2825 0.011246485473289597 0.095 0.022492970946579195
0 0.26375 0.14526710402999063 0.07 0.026241799437675725
0 0.97875 0.46860356138706655 0.0425 0.07122774133083412
0 0.300625 0.14104967197750704 0.07125 0.03280224929709466
0 0.565625 0.18322399250234303 0.01625 0.015932521087160263
0 0.4075 0.005623242736644799 0.0525 0.011246485473289597
0 0.196875 0.8092783505154639 0.03875 0.019681349578256794
0 0.1325 0.7371134020618557 0.0175 0.014058106841611996
0 0.21625 0.9798500468603561 0.025 0.014058106841611996
0 0.78125 0.9179943767572634 0.0325 0.02530459231490159
0 0.87375 0.8847235238987816 0.03 0.02436738519212746
0 0.5767875 0.4536832239925023 0.022862499999999997 0.016541705716963447
0 0.571925 0.43592314901593254 0.0199125 0.01896907216494845
0 0.5522625 0.4319681349578257 0.0185625 0.012408622305529523