0 0.62 0.6879100281162137 0.215 0.13964386129334583
0 0.32875 0.7188378631677601 0.13125 0.1021555763823805
0 0.405 0.7647610121836926 0.1275 0.09559512652296158
0 0.921875 0.22446110590440488 0.08875 0.1105904404873477
0 0.4 0.31958762886597936 0.12875 0.07966260543580131
0 0.7675 0.6940018744142455 0.06625 0.056232427366447985
0 0.915625 0.5927835051546392 0.07125 0.05810684161199625
0 0.49625 0.5674789128397376 0.11375 0.07966260543580131
0 0.7625 0.4133083411433927 0.06625 0.046860356138706656
0 0.3975 0.8270852858481724 0.07125 0.05716963448922212
0 0.966875 0.6794751640112465 0.06625 0.06560449859418932
0 0.90125 0.5290534208059982 0.0625 0.04779756326148079
0 0.594375 0.4381443298969072 0.16875 0.09746954076850985
0 0.6 0.36082474226804123 0.0725 0.04029990627928772
0 0.3175 0.7928772258669166 0.14 0.05998125585754452
0 0.223125 0.767572633552015 0.045 0.03655107778819119
0 0.695 0.8163074039362699 0.1375 0.09559512652296158
0 0.545 0.4985941893158388 0.15875 0.09559512652296158
0 0.863125 0.8078725398313027 0.0625 0.05060918462980318
0 0.940625 0.28116213683223995 0.04375 0.05529522024367385
0 0.6 0.852389878163074 0.1 0.04029990627928772
0 0.95 0.30740393626991563 0.0525 0.05716963448922212
0 0.9275 0.5103092783505154 0.0225 0.014058106841611996
0 0.05375 0.31208997188378634 0.03125 0.030927835051546393
0 0.14125 0.25538894095595127 0.02125 0.01499531396438613
0 0.570625 0.5515463917525774 0.025 0.01874414245548266
0 0.59375 0.5454545454545454 0.0275 0.016869728209934397
0 0.59625 0.5309278350515464 0.01875 0.01499531396438613