0 0.22625 0.5346766635426429 0.1925 0.16494845360824742
0 0.266875 0.31630740393626994 0.13875 0.10121836925960637
0 0.186875 0.3584817244611059 0.13125 0.09746954076850985
0 0.73125 0.9029990627928772 0.15875 0.11527647610121837
0 0.759375 0.4775070290534208 0.11 0.09840674789128398
0 0.1775 0.6391752577319587 0.0775 0.05154639175257732
0 0.26625 0.7741330834114339 0.07875 0.05529522024367385
0 0.414375 0.47891283973758203 0.11 0.08716026241799438
0 0.53875 0.7127460168697282 0.06375 0.05060918462980318
0 0.10875 0.33598875351452673 0.0775 0.05529522024367385
0 0.731875 0.9835988753514526 0.13875 0.03280224929709466
0 0.13875 0.7924086223055296 0.08875 0.06279287722586692
0 0.351875 0.7811621368322399 0.065 0.04873477038425492
0 0.3 0.9386129334582943 0.055 0.031865042174320526
0 0.55375 0.5852858481724461 0.13375 0.12839737582005623
0 0.650625 0.6105904404873477 0.05625 0.05529522024367385
0 0.174375 0.28772258669165884 0.08375 0.10684161199625117
0 0.233125 0.2268041237113402 0.05 0.03467666354264293
0 0.053125 0.5524835988753515 0.10625 0.10590440487347703
0 0.489375 0.5328022492970946 0.13125 0.12089971883786317
0 0.019375 0.6771321462043112 0.03875 0.04779756326148079
0 0.613125 0.9957825679475164 0.09875 0.008434864104967198
0 0.659375 0.8781630740393627 0.075 0.033739456419868794
0 0.024375 0.4742268041237113 0.04875 0.07497656982193064
0 0.621875 0.8776944704779757 0.0775 0.04029990627928772
0 0.369375 0.8050609184629803 0.01875 0.01780693533270853
0 0.488125 0.9953139643861293 0.05375 0.00937207122774133
0 0.86375 0.23008434864104968 0.0425 0.02436738519212746
0 0.9125 0.30880974695407687 0.02 0.015932521087160263
0 0.880625 0.05951265229615745 0.0275 0.016869728209934397
0 0.309375 0.05435801312089972 0.0375 0.029053420805998126
0 0.21125 0.07638238050609185 0.035 0.02717900656044986
0 0.414375 0.5370196813495782 0.02625 0.019681349578256794
0 0.415625 0.5548266166822868 0.02375 0.020618556701030927
0 0.43375 0.5609184629803187 0.02125 0.014058106841611996