1 0.21625 0.6188466947960619 0.205 0.0850914205344585
1 0.25875 0.3217299578059072 0.205 0.09142053445850915
1 0.17875 0.4883966244725738 0.18125 0.0759493670886076
1 0.440625 0.7222222222222222 0.20625 0.056962025316455694
0 0.624375 0.24367088607594936 0.06625 0.035161744022503515
0 0.73 0.2957102672292546 0.0275 0.015471167369901548
0 0.828125 0.25 0.03625 0.014064697609001406
0 0.54 0.3909985935302391 0.02 0.008438818565400843
0 0.446875 0.25 0.02625 0.014064697609001406
0 0.578125 0.389943741209564 0.01625 0.007735583684950774
0 0.545 0.3818565400843882 0.0225 0.008438818565400843
0 0.300625 0.23452883263009847 0.01625 0.009845288326300985
0 0.683125 0.3860759493670886 0.0175 0.005625879043600563
0 0.763125 0.4827707454289733 0.015 0.009142053445850914
0 0.699375 0.5066807313642757 0.01625 0.007735583684950774
0 0.33875 0.5112517580872011 0.01125 0.007735583684950774
0 0.683125 0.5049226441631505 0.0175 0.007032348804500703
0 0.235625 0.5084388185654009 0.01875 0.008438818565400843
0 0.36125 0.4680028129395218 0.0125 0.004219409282700422
0 0.6675 0.5907172995780591 0.01625 0.009142053445850914
0 0.6875 0.5566104078762306 0.0125 0.007735583684950774
0 0.31125 0.7267932489451476 0.05125 0.03164556962025317
0 0.344375 0.6944444444444444 0.05625 0.026019690576652602
0 0.34875 0.6645569620253164 0.045 0.029535864978902954
0 0.23625 0.7134317862165963 0.02125 0.014064697609001406
0 0.20375 0.7447257383966245 0.0125 0.007735583684950774
0 0.63875 0.6891701828410689 0.02375 0.011954992967651195
0 0.4 0.7426160337552743 0.065 0.0189873417721519
0 0.60125 0.6663150492264416 0.03125 0.014767932489451477
0 0.194375 0.6670182841068917 0.0125 0.006329113924050633
0 0.49375 0.7689873417721519 0.0175 0.009142053445850914
0 0.03125 0.6940928270042194 0.03 0.014767932489451477
0 0.10875 0.7250351617440225 0.02 0.011251758087201125
0 0.0875 0.6543600562587905 0.0125 0.007032348804500703
0 0.14 0.6772151898734177 0.02 0.009845288326300985
0 0.00625 0.7120253164556962 0.01125 0.007032348804500703
0 0.143125 0.20253164556962025 0.09875 0.0450070323488045
0 0.13125 0.19233473980309423 0.02 0.011251758087201125
0 0.30375 0.31329113924050633 0.0075 0.004219409282700422
0 0.289375 0.3611111111111111 0.00875 0.0035161744022503515
0 0.145 0.49437412095639943 0.0075 0.004219409282700422
0 0.460625 0.7426160337552743 0.0125 0.004219409282700422
0 0.538125 0.7348804500703235 0.00625 0.007032348804500703
0 0.699375 0.38748241912798875 0.01625 0.004922644163150493
0 0.61375 0.629746835443038 0.0075 0.004219409282700422
0 0.0175 0.4729254571026723 0.00625 0.0035161744022503515