1 0.234375 0.36849507735583686 0.13375 0.1090014064697609
1 0.759375 0.33016877637130804 0.145 0.10829817158931083
1 0.453125 0.3206751054852321 0.11875 0.09634317862165963
1 0.10125 0.5133614627285513 0.08125 0.11322081575246132
0 0.97125 0.5154711673699015 0.05625 0.034458509142053444
0 0.9025 0.5843881856540084 0.025 0.014064697609001406
0 0.995625 0.6279887482419128 0.00875 0.01969057665260197
0 0.6975 0.49929676511954996 0.01375 0.011251758087201125
0 0.92375 0.41877637130801687 0.0225 0.014064697609001406
0 0.7075 0.520042194092827 0.0125 0.008438818565400843
0 0.715 0.500351617440225 0.0125 0.011954992967651195
0 0.92 0.3350914205344585 0.01625 0.008438818565400843
0 0.73625 0.5773558368495078 0.00875 0.009142053445850914
0 0.584375 0.6409985935302391 0.01625 0.007735583684950774
0 0.53 0.6111111111111112 0.0125 0.008438818565400843
0 0.446875 0.41350210970464135 0.0125 0.006329113924050633
0 0.529375 0.6019690576652602 0.01125 0.009142053445850914
0 0.43 0.35618846694796064 0.01375 0.010548523206751054
0 0.526875 0.4170182841068917 0.00625 0.006329113924050633
0 0.376875 0.6111111111111112 0.015 0.008438818565400843
0 0.440625 0.6146272855133614 0.0125 0.007032348804500703
0 0.066875 0.4433895921237693 0.0525 0.026019690576652602
0 0.129375 0.4549929676511955 0.04125 0.030239099859353025
0 0.1825 0.4507735583684951 0.05 0.02250351617440225
0 0.07375 0.3990857946554149 0.02375 0.010548523206751054
0 0.0125 0.3878340365682138 0.0125 0.007032348804500703
0 0.2 0.6156821378340366 0.02 0.012658227848101266
0 0.056875 0.4954289732770745 0.0275 0.035864978902953586
0 0.231875 0.590365682137834 0.02375 0.01617440225035162
0 0.145625 0.3663853727144866 0.01 0.006329113924050633
0 0.03125 0.5523909985935302 0.015 0.009142053445850914
1 0.860625 0.05063291139240506 0.025 0.014767932489451477
1 0.863125 0.02180028129395218 0.0225 0.014767932489451477
0 0.57375 0.2011251758087201 0.035 0.02250351617440225
0 0.065625 0.28270042194092826 0.02375 0.015471167369901548
0 0.0275 0.3315752461322082 0.01875 0.010548523206751054
0 0.145625 0.30520393811533053 0.01125 0.006329113924050633
0 0.116875 0.33860759493670883 0.01625 0.010548523206751054
0 0.02875 0.27250351617440227 0.01125 0.005625879043600563
0 0.943125 0.2419127988748242 0.0725 0.052039381153305204
0 0.958125 0.23312236286919832 0.01875 0.010548523206751054
0 0.78375 0.35337552742616035 0.00625 0.0035161744022503515
0 0.6975 0.3551336146272855 0.005 0.004219409282700422
0 0.43625 0.30344585091420534 0.00625 0.0035161744022503515
0 0.07 0.5288326300984529 0.00625 0.006329113924050633
0 0.1 0.569971870604782 0.0125 0.0028129395218002813
0 0.736875 0.5861462728551337 0.0075 0.008438818565400843
0 0.298125 0.5893108298171589 0.00625 0.0035161744022503515
0 0.446875 0.2289029535864979 0.005 0.0028129395218002813