1 0.64375 0.549671977507029 0.275 0.1846298031865042
1 0.78375 0.5112464854732895 0.14 0.09090909090909091
1 0.84 0.5182755388940956 0.195 0.1640112464854733
0 0.92625 0.5998125585754451 0.05625 0.06935332708528585
0 0.2125 0.5609184629803187 0.05125 0.03936269915651359
1 0.80875 0.6537019681349578 0.07 0.04967197750702906
1 0.568125 0.5032802249297095 0.14375 0.17150890346766634
1 0.204375 0.6850984067478912 0.27125 0.17432052483598875
0 0.760625 0.28444236176194937 0.07375 0.053420805998125584
0 0.06875 0.5309278350515464 0.045 0.03561387066541706
0 0.193125 0.24320524835988752 0.02625 0.01499531396438613
0 0.51875 0.2450796626054358 0.0375 0.03280224929709466
0 0.39875 0.2994376757263355 0.03625 0.031865042174320526
0 0.575 0.18322399250234303 0.01625 0.015932521087160263
0 0.9875 0.28350515463917525 0.025 0.03655107778819119
0 0.96125 0.24039362699156513 0.0175 0.01499531396438613
0 0.86 0.21883786316776008 0.02 0.011246485473289597
0 0.72 0.3069353327085286 0.015 0.010309278350515464
0 0.10625 0.3823805060918463 0.03 0.02530459231490159
0 0.035 0.5360824742268041 0.04125 0.03280224929709466
0 0.22125 0.5028116213683224 0.02375 0.023430178069353328
0 0.085 0.563730084348641 0.04125 0.030927835051546393
0 0.1275 0.6002811621368322 0.02125 0.016869728209934397
0 0.184375 0.4287722586691659 0.01875 0.016869728209934397
0 0.08875 0.5238987816307404 0.0175 0.01499531396438613
0 0.38 0.612464854732896 0.01125 0.008434864104967198
0 0.865 0.6302717900656045 0.02 0.01499531396438613
0 0.855625 0.64058106841612 0.02125 0.013120899718837863
0 0.1075 0.7122774133083412 0.04125 0.03280224929709466
0 0.115625 0.6705716963448922 0.03125 0.02436738519212746
0 0.8 0.7914714151827554 0.01875 0.013120899718837863
0 0.495625 0.7432052483598875 0.015 0.014058106841611996
0 0.211875 0.7446110590440488 0.0175 0.014058106841611996
0 0.208125 0.5618556701030928 0.0275 0.02155576382380506
0 0.08125 0.5149953139643861 0.015 0.010309278350515464
0 0.068125 0.5098406747891284 0.015 0.011246485473289597
0 0.760625 0.281630740393627 0.065 0.028116213683223992
0 0.77375 0.2933458294283037 0.0375 0.02436738519212746
0 0.80875 0.2933458294283037 0.04625 0.033739456419868794
0 0.814375 0.647610121836926 0.01 0.007497656982193065
0 0.570625 0.5820056232427366 0.01125 0.00937207122774133
0 0.635 0.5801312089971884 0.055 0.03655107778819119
0 0.845625 0.5042174320524836 0.01125 0.008434864104967198
0 0.609375 0.45454545454545453 0.00875 0.006560449859418931