1 0.6525 0.5323336457357076 0.245 0.15745079662605435
1 0.7825 0.47797563261480785 0.125 0.07685098406747891
1 0.839375 0.47797563261480785 0.16625 0.14620431115276475
0 0.941875 0.5487347703842549 0.04375 0.06466729147141519
0 0.22875 0.5937207122774133 0.045 0.03467666354264293
1 0.836875 0.6157450796626054 0.06125 0.04311152764761012
1 0.568125 0.49531396438612935 0.11125 0.16026241799437677
1 0.2467125 0.7172352389878163 0.2440875 0.1475257731958763
0 0.7125 0.25653233364573574 0.065 0.045623242736644795
0 0.080625 0.5809465791940018 0.03875 0.03211808809746954
0 0.143125 0.28256794751640113 0.02375 0.01218369259606373
0 0.465625 0.24601686972820994 0.03125 0.029053420805998126
0 0.358125 0.3139643861293346 0.03125 0.028116213683223992
0 0.508125 0.17853795688847235 0.01375 0.014058106841611996
0 0.945 0.2282099343955014 0.035 0.03280224929709466
0 0.90125 0.1893158388003749 0.015 0.013120899718837863
0 0.796875 0.17994376757263356 0.01875 0.00937207122774133
0 0.676875 0.28350515463917525 0.01375 0.008434864104967198
0 0.086875 0.4301780693533271 0.02625 0.022492970946579195
0 0.048125 0.5899718837863168 0.03625 0.029053420805998126
0 0.225 0.5356138706654171 0.02 0.02155576382380506
0 0.103125 0.6115276476101218 0.03625 0.02717900656044986
0 0.153125 0.6429240862230553 0.01875 0.01499531396438613
0 0.173125 0.46672914714151825 0.01625 0.01499531396438613
0 0.09875 0.5716963448922212 0.015 0.013120899718837863
0 0.405 0.6251171508903468 0.01 0.007497656982193065
0 0.8875 0.5857544517338332 0.0175 0.013120899718837863
0 0.880625 0.5970009372071228 0.01875 0.011246485473289597
0 0.156875 0.7558575445173383 0.03625 0.029053420805998126
0 0.15625 0.7136832239925024 0.0275 0.02155576382380506
0 0.856875 0.7525773195876289 0.01625 0.011246485473289597
0 0.546 0.741012183692596 0.012199999999999999 0.012802249297094658
0 0.26642499999999997 0.7757638238050609 0.014637500000000001 0.01198687910028116
0 0.2242875 0.5950046860356139 0.024125 0.018697282099343956
0 0.0894375 0.5638144329896908 0.0141 0.008331771321462044
0 0.07575 0.5603561387066541 0.013274999999999999 0.009147141518275538
0 0.711975 0.2539268978444236 0.0609625 0.021724461105904404
0 0.7272124999999999 0.26387066541705717 0.033487499999999996 0.020459231490159324
0 0.7621125000000001 0.25970946579194004 0.04082499999999999 0.02906279287722587
0 0.8412125 0.6085379568884723 0.0091 0.006822867853795689
0 0.5867 0.5725866916588567 0.00975 0.008041237113402062
0 0.6502500000000001 0.5633270852858482 0.049087500000000006 0.03094657919400188
0 0.842675 0.46353327085285845 0.010075 0.007310215557638238
0 0.5987250000000001 0.44256794751640116 0.00715 0.005360824742268041