0 0.718125 0.5103092783505154 0.09875 0.07029053420805999
0 0.734375 0.6063730084348641 0.08125 0.056232427366447985
0 0.56375 0.3106841611996251 0.105 0.07966260543580131
0 0.165625 0.4887535145267104 0.06875 0.06466729147141519
0 0.131875 0.21227741330834116 0.08625 0.05154639175257732
0 0.256875 0.36035613870665417 0.07125 0.04967197750702906
0 0.4458 0.5974226804123712 0.0684 0.06082474226804124
0 0.934375 0.6565885660731022 0.05125 0.03280224929709466
0 0.902775 0.5374882849109653 0.03195 0.04967197750702906
0 0.091875 0.5032802249297095 0.03625 0.03936269915651359
0 0.86 0.5369259606373008 0.05 0.026429240862230554
0 0.46513750000000004 0.5311340206185567 0.039725 0.04446110590440487
0 0.88625 0.7361761949390815 0.0725 0.02530459231490159
0 0.446875 0.4498594189315839 0.03875 0.046860356138706656
0 0.859375 0.802717900656045 0.07375 0.02717900656044986
0 0.27 0.7061855670103093 0.0275 0.05716963448922212
0 0.4784875 0.5633739456419868 0.066675 0.01851921274601687
0 0.166875 0.2933458294283037 0.01375 0.01499531396438613
0 0.964375 0.3139643861293346 0.03125 0.01874414245548266
0 0.69 0.29381443298969073 0.02 0.01218369259606373
0 0.059375 0.5004686035613871 0.03375 0.02436738519212746
0 0.22625 0.5820056232427366 0.0325 0.026241799437675725
0 0.251875 0.5182755388940956 0.03375 0.026241799437675725
0 0.308125 0.5201499531396439 0.02125 0.02436738519212746
0 0.2975 0.46157450796626054 0.03 0.02530459231490159
0 0.231875 0.3908153701968135 0.01625 0.013120899718837863
0 0.134375 0.5220243673851921 0.01125 0.00937207122774133
0 0.553125 0.4554826616682287 0.03625 0.02436738519212746
0 0.474375 0.3458294283036551 0.04375 0.026241799437675725
0 0.57625 0.39737582005623245 0.025 0.016869728209934397
0 0.390625 0.4381443298969072 0.02625 0.02530459231490159
0 0.536875 0.6007497656982193 0.03625 0.022492970946579195
0 0.48625 0.6227741330834115 0.025 0.019681349578256794
0 0.3432125 0.5117150890346767 0.023575 0.026241799437675725
0 0.520625 0.37488284910965325 0.02125 0.02999062792877226
0 0.92875 0.35520149953139646 0.05 0.022492970946579195
0 0.7375 0.41002811621368324 0.0175 0.01218369259606373
0 0.765625 0.49203373945641987 0.01375 0.013120899718837863
0 0.195 0.7338331771321462 0.02 0.011246485473289597
0 0.436875 0.6855670103092784 0.03875 0.029053420805998126
0 0.441875 0.7727272727272727 0.02625 0.015932521087160263
0 0.540625 0.6991565135895033 0.02125 0.016869728209934397
0 0.424375 0.7549203373945642 0.01125 0.008434864104967198
0 0.880625 0.6695688847235238 0.01625 0.014198687910028117
0 0.69875 0.7844423617619494 0.0175 0.011246485473289597
0 0.2106625 0.6919493908153701 0.0404875 0.030028116213683224
0 0.2805 0.6118931583880037 0.0314875 0.08094657919400187
0 0.2912125 0.5739081537019681 0.06105000000000001 0.08174320524835989
0 0.3571875 0.5341611996251172 0.020775000000000002 0.024732895970009373
0 0.8844625 0.8047610121836926 0.0090125 0.005576382380506092
0 0.9089 0.7376288659793814 0.012387500000000001 0.0067572633552015
0 0.9975499999999999 0.2505904404873477 0.0049125 0.011958762886597939