0 0.50125 0.6640112464854733 0.1 0.07872539831302718
0 0.375 0.682755388940956 0.08 0.06466729147141519
0 0.75625 0.5346766635426429 0.11375 0.08434864104967198
0 0.491875 0.2492970946579194 0.09125 0.056232427366447985
0 0.856875 0.2047797563261481 0.075 0.06841611996251172
0 0.66875 0.3083411433926898 0.07125 0.05716963448922212
0 0.36625 0.4662605435801312 0.08625 0.05529522024367385
0 0.321875 0.8359887535145267 0.0475 0.04029990627928772
0 0.478125 0.8036551077788191 0.06875 0.028116213683223992
0 0.466875 0.1949390815370197 0.055 0.02999062792877226
0 0.475625 0.7717900656044986 0.03875 0.03936269915651359
0 0.45625 0.4761012183692596 0.06125 0.03280224929709466
0 0.2125 0.8055295220243673 0.03875 0.056232427366447985
0 0.563125 0.4568884723523899 0.065 0.031865042174320526
0 0.1225 0.7900656044985942 0.04125 0.05716963448922212
0 0.209375 0.3425492033739456 0.0775 0.02436738519212746
0 0.414375 0.48828491096532334 0.03 0.05060918462980318
0 0.751875 0.2366447985004686 0.02125 0.011246485473289597
0 0.78 0.8341143392689785 0.0275 0.02436738519212746
0 0.7875 0.6279287722586692 0.0175 0.015932521087160263
0 0.46875 0.17057169634489222 0.035 0.02717900656044986
0 0.371875 0.30084348641049674 0.0375 0.026241799437675725
0 0.458125 0.3158388003748828 0.0375 0.02717900656044986
0 0.46 0.3580131208997188 0.03375 0.01780693533270853
0 0.536875 0.3458294283036551 0.03625 0.02436738519212746
0 0.626875 0.29194001874414244 0.01875 0.013120899718837863
0 0.445 0.2282099343955014 0.01375 0.00937207122774133
0 0.563125 0.5365510777881912 0.035 0.029053420805998126
0 0.703125 0.4700093720712277 0.0375 0.03467666354264293
0 0.641875 0.549671977507029 0.02375 0.019681349578256794
0 0.574375 0.41377694470477977 0.035 0.02155576382380506
0 0.36875 0.5346766635426429 0.0325 0.029053420805998126
0 0.335625 0.49812558575445176 0.0275 0.019681349578256794
0 0.47375 0.38331771321462044 0.03625 0.019681349578256794
0 0.668125 0.506560449859419 0.04125 0.01780693533270853
0 0.7225 0.8106841611996252 0.03375 0.03936269915651359
0 0.63625 0.6715089034676663 0.0175 0.014058106841611996
0 0.529375 0.6982193064667291 0.01875 0.011246485473289597
0 0.1675 0.2881911902530459 0.01625 0.015932521087160263
0 0.24875 0.46579194001874413 0.04125 0.030927835051546393
0 0.133125 0.47563261480787256 0.0225 0.020618556701030927
0 0.238125 0.5440487347703843 0.02375 0.016869728209934397
0 0.155625 0.4611059044048735 0.0125 0.00937207122774133
0 0.300625 0.7966260543580131 0.02 0.013120899718837863
0 0.135625 0.668697282099344 0.01625 0.014058106841611996
0 0.224375 0.2970946579194002 0.0425 0.031865042174320526
0 0.335625 0.34395501405810686 0.11 0.029053420805998126
0 0.386875 0.34910965323336457 0.1125 0.05154639175257732
0 0.444375 0.39550140581068416 0.03375 0.01780693533270853
0 0.12125 0.8088097469540768 0.0075 0.006560449859418931
0 0.2125 0.8223992502343018 0.01 0.00937207122774133
0 0.86625 0.8547328959700093 0.01625 0.004686035613870665