0 0.4525 0.6597938144329897 0.1075 0.08434864104967198
0 0.323125 0.6569821930646673 0.08625 0.06935332708528585
0 0.739375 0.5768509840674789 0.12125 0.08997188378631678
0 0.566875 0.2539831302717901 0.09625 0.06091846298031865
0 0.936875 0.27225866916588565 0.08125 0.07216494845360824
0 0.721875 0.3416119962511715 0.07625 0.06091846298031865
0 0.38 0.44470477975632616 0.09125 0.05998125585754452
0 0.225625 0.7970946579194002 0.05125 0.04311152764761012
0 0.3875 0.7924086223055296 0.07 0.031865042174320526
0 0.559375 0.19728209934395502 0.0575 0.03280224929709466
0 0.395 0.761012183692596 0.0425 0.041237113402061855
0 0.465 0.4690721649484536 0.06375 0.03655107778819119
0 0.12875 0.7492970946579194 0.045 0.05810684161199625
0 0.574375 0.46860356138706655 0.0675 0.03561387066541706
0 0.045 0.7188378631677601 0.0475 0.059044048734770385
0 0.264375 0.29756326148078727 0.08 0.029053420805998126
0 0.42 0.4742268041237113 0.035 0.05154639175257732
0 0.824375 0.2858481724461106 0.0225 0.01218369259606373
0 0.6725 0.873008434864105 0.03 0.026241799437675725
0 0.741875 0.6729147141518276 0.01875 0.016869728209934397
0 0.568125 0.1738519212746017 0.0375 0.029053420805998126
0 0.435 0.28444236176194937 0.04 0.028116213683223992
0 0.515 0.3134957825679475 0.04 0.029053420805998126
0 0.50375 0.3547328959700094 0.035 0.019681349578256794
0 0.5825 0.3561387066541706 0.0375 0.026241799437675725
0 0.685625 0.31865042174320524 0.02 0.014058106841611996
0 0.528125 0.22586691658856609 0.01375 0.00937207122774133
0 0.550625 0.5463917525773195 0.0375 0.030927835051546393
0 0.706875 0.5051546391752577 0.04125 0.03655107778819119
0 0.623125 0.5726335520149953 0.02625 0.02155576382380506
0 0.59875 0.4287722586691659 0.0375 0.023430178069353328
0 0.36125 0.5117150890346767 0.035 0.02999062792877226
0 0.340625 0.4704779756326148 0.03 0.02155576382380506
0 0.509375 0.38191190253045926 0.03875 0.02155576382380506
0 0.661875 0.5346766635426429 0.0425 0.020618556701030927
0 0.62375 0.8402061855670103 0.0375 0.04029990627928772
0 0.58125 0.689784442361762 0.01875 0.01499531396438613
0 0.46875 0.6977507029053421 0.02 0.01218369259606373
0 0.239375 0.23758200562324275 0.0175 0.016869728209934397
0 0.265625 0.4240862230552952 0.04375 0.03280224929709466
0 0.15 0.41424554826616683 0.025 0.02155576382380506
0 0.23125 0.4990627928772259 0.025 0.01874414245548266
0 0.17625 0.40393626991565135 0.0125 0.00937207122774133
0 0.216875 0.7553889409559512 0.02125 0.014058106841611996
0 0.094375 0.6026241799437676 0.0175 0.01499531396438613
0 0.291875 0.25585754451733833 0.04625 0.03467666354264293
0 0.386875 0.32005623242736647 0.11125 0.03561387066541706
0 0.435 0.3336457357075914 0.1175 0.05810684161199625
0 0.4775 0.38847235238987815 0.035 0.019681349578256794
0 0.03875 0.7371134020618557 0.00875 0.007497656982193065
0 0.123125 0.7656982193064668 0.01 0.010309278350515464
0 0.750625 0.9072164948453608 0.01625 0.005623242736644799