0 0.448125 0.2164319248826291 0.10375 0.09765258215962441
1 0.666875 0.22347417840375586 0.22625 0.19061032863849764
1 0.77375 0.32910798122065726 0.14625 0.1107981220657277
1 0.594375 0.6868544600938967 0.30875 0.17746478873239438
0 0.733125 0.5629107981220657 0.10875 0.06103286384976526
1 0.60375 0.45774647887323944 0.2075 0.1596244131455399
0 0.34375 0.15868544600938966 0.08375 0.06572769953051644
0 0.9675 0.2051643192488263 0.0525 0.07230046948356808
0 0.8575 0.20985915492957746 0.05625 0.036619718309859155
1 0.0925 0.631924882629108 0.1825 0.17934272300469484
0 0.22125 0.23145539906103285 0.045 0.0431924882629108
1 0.26 0.507981220657277 0.1925 0.14553990610328638
0 0.02125 0.17464788732394365 0.0425 0.046948356807511735
0 0.14 0.1647887323943662 0.04625 0.04225352112676056
0 0.374375 0.4962441314553991 0.06375 0.051643192488262914
0 0.69875 0.504225352112676 0.075 0.0431924882629108
0 0.221875 0.8615023474178404 0.0475 0.03286384976525822
1 0.4175 0.5521126760563381 0.20375 0.15586854460093896
0 0.778125 0.16291079812206571 0.06875 0.038497652582159626
0 0.63125 0.17981220657276994 0.03875 0.04225352112676056
0 0.37375 0.7084507042253522 0.025 0.05539906103286385
0 0.753125 0.13755868544600938 0.0675 0.03380281690140845
0 0.545625 0.5234741784037559 0.0575 0.03004694835680751
0 0.429375 0.7741784037558685 0.03 0.056338028169014086
0 0.47 0.4732394366197183 0.0975 0.0215962441314554
0 0.36625 0.5417840375586854 0.0475 0.03755868544600939
0 0.960625 0.12206572769953052 0.025 0.007511737089201878
0 0.846875 0.5107981220657277 0.0175 0.012206572769953052
0 0.72875 0.5032863849765258 0.015 0.04037558685446009
0 0.859375 0.4962441314553991 0.075 0.014084507042253521
0 0.995625 0.5107981220657277 0.00875 0.011267605633802818
0 0.99625 0.6511737089201878 0.0075 0.008450704225352112
0 0.40625 0.5516431924882629 0.01625 0.014084507042253521
0 0.1125 0.5708920187793427 0.0325 0.018779342723004695
0 0.229375 0.5591549295774648 0.02 0.016901408450704224
0 0.0725 0.6051643192488263 0.01875 0.011267605633802818
0 0.9875 0.7544600938967136 0.025 0.027230046948356807
0 0.920625 0.8413145539906103 0.045 0.027230046948356807
0 0.803125 0.5553990610328638 0.0225 0.010328638497652582
0 0.8125 0.5624413145539906 0.0325 0.006572769953051643
0 0.68625 0.12535211267605634 0.0175 0.006572769953051643
0 0.421875 0.5727699530516432 0.01375 0.013145539906103286
0 0.550625 0.6924882629107981 0.01375 0.015023474178403756
0 0.570625 0.6694835680751173 0.01125 0.012206572769953052
0 0.59375 0.7150234741784037 0.01625 0.015023474178403756
0 0.626875 0.6769953051643193 0.02125 0.008450704225352112
0 0.698125 0.6962441314553991 0.0175 0.005633802816901409
1 0.234375 0.5516431924882629 0.07625 0.02910798122065728