0 0.409375 0.2220657276995305 0.11625 0.10516431924882629
1 0.6275 0.21220657276995306 0.25125 0.20657276995305165
1 0.748125 0.3089201877934272 0.16 0.12112676056338029
1 0.62 0.6784037558685446 0.33125 0.2
0 0.740625 0.544131455399061 0.11625 0.06948356807511737
1 0.5975 0.4497652582159624 0.2275 0.17464788732394365
0 0.2975 0.1727699530516432 0.0925 0.07230046948356808
0 0.92375 0.1699530516431925 0.0625 0.07511737089201878
0 0.815625 0.18309859154929578 0.06 0.04037558685446009
1 0.113125 0.6633802816901408 0.20625 0.19248826291079812
0 0.185625 0.2544600938967136 0.05 0.046009389671361506
1 0.2625 0.5267605633802817 0.21 0.15868544600938966
0 0.095625 0.19483568075117372 0.05125 0.04507042253521127
0 0.374375 0.5061032863849765 0.07 0.056338028169014086
0 0.698125 0.4887323943661972 0.08 0.048826291079812206
0 0.27375 0.8812206572769953 0.05125 0.03568075117370892
1 0.425 0.5586854460093896 0.22375 0.1699530516431925
0 0.729375 0.1431924882629108 0.0725 0.0431924882629108
0 0.58625 0.17136150234741784 0.04375 0.044131455399061034
0 0.403125 0.7169014084507043 0.0325 0.05727699530516432
0 0.70125 0.11971830985915492 0.07125 0.038497652582159626
0 0.54875 0.5197183098591549 0.06 0.03380281690140845
0 0.468125 0.7784037558685446 0.0375 0.05821596244131456
0 0.46625 0.4755868544600939 0.1 0.02910798122065728
0 0.3725 0.5521126760563381 0.05125 0.04037558685446009
0 0.905625 0.08779342723004695 0.02625 0.009389671361502348
0 0.846875 0.4835680751173709 0.01875 0.014084507042253521
0 0.728125 0.4849765258215962 0.02 0.04131455399061033
0 0.856875 0.468075117370892 0.07625 0.01971830985915493
0 0.995 0.47183098591549294 0.01 0.012206572769953052
0 0.41375 0.5586854460093896 0.01875 0.015023474178403756
0 0.124375 0.6009389671361502 0.035 0.0215962441314554
0 0.239375 0.57981220657277 0.0225 0.018779342723004695
0 0.089375 0.6380281690140845 0.02 0.013145539906103286
0 0.965625 0.8065727699530516 0.04875 0.03004694835680751
0 0.809375 0.5309859154929577 0.02375 0.012206572769953052
0 0.82 0.5375586854460094 0.03375 0.009389671361502348
0 0.633125 0.11267605633802817 0.01875 0.008450704225352112
0 0.4325 0.5784037558685446 0.01625 0.014084507042253521
0 0.5775 0.6873239436619718 0.01625 0.01596244131455399
0 0.59375 0.6629107981220658 0.01375 0.013145539906103286
0 0.623125 0.7065727699530516 0.01875 0.01596244131455399
0 0.650625 0.6657276995305165 0.0225 0.010328638497652582
0 0.724375 0.6793427230046948 0.01875 0.007511737089201878
1 0.243125 0.572300469483568 0.07875 0.03474178403755868