0 0.121875 0.5338028169014084 0.12875 0.07605633802816901
1 0.135 0.3699530516431925 0.25 0.1671361502347418
1 0.2775 0.2915492957746479 0.145 0.107981220657277
1 0.7504875 0.43222535211267604 0.23125 0.2291079812206573
0 0.5875 0.32582159624413143 0.08 0.08075117370892018
1 0.445625 0.4211267605633803 0.20875 0.15305164319248826
0 0.043125 0.6112676056338028 0.08625 0.061971830985915494
0 0.11625 0.1352112676056338 0.095 0.054460093896713614
0 0.12 0.22629107981220659 0.0475 0.04131455399061033
1 0.6688625 0.8263755868544601 0.23629999999999998 0.17132394366197184
0 0.1375875 0.7047230046948356 0.05625 0.03286384976525822
1 0.5062875 0.6805164319248826 0.1902625 0.141981220657277
0 0.059375 0.8582159624413146 0.06125 0.04131455399061033
0 0.0475 0.7643192488262911 0.055 0.03380281690140845
0 0.4925 0.5943661971830986 0.0675 0.046948356807511735
0 0.509375 0.35070422535211265 0.05625 0.05539906103286385
0 0.626875 0.10422535211267606 0.03875 0.03568075117370892
0 0.97625 0.7150234741784037 0.0425 0.03474178403755868
1 0.5678875 0.5630516431924882 0.2034125 0.14992488262910797
0 0.05625 0.28544600938967135 0.05 0.05070422535211268
0 0.0761125 0.3956056338028169 0.055 0.028169014084507043
0 0.7751250000000001 0.5985915492957746 0.07375 0.01784037558685446
0 0.021875 0.30388732394366197 0.04375 0.049511737089201875
0 0.531875 0.46619718309859154 0.03875 0.04225352112676056
0 0.8636624999999999 0.5578779342723005 0.075 0.0215962441314554
0 0.46375 0.5220657276995305 0.0275 0.07323943661971831
0 0.5534375 0.6014084507042253 0.049362500000000004 0.03474178403755868
0 0.05375 0.030985915492957747 0.0325 0.03192488262910798
0 0.04625 0.05727699530516432 0.0175 0.013145539906103286
0 0.005 0.14741784037558686 0.01 0.018779342723004695
0 0.520625 0.23943661971830985 0.01625 0.013145539906103286
0 0.508125 0.32816901408450705 0.05375 0.010328638497652582
0 0.50125 0.2300469483568075 0.0175 0.056338028169014086
0 0.52375 0.11924882629107982 0.015 0.022535211267605635
0 0.7325 0.10751173708920188 0.025 0.01784037558685446
0 0.688125 0.12018779342723004 0.01625 0.011267605633802818
0 0.710025 0.1292394366197183 0.01085 0.007511737089201878
0 0.566875 0.5713615023474179 0.01875 0.012206572769953052
0 0.5875 0.7924882629107981 0.025 0.024413145539906103
0 0.57375 0.704225352112676 0.0225 0.015023474178403756
0 0.6325 0.8230046948356807 0.015 0.014084507042253521
0 0.847525 0.13003755868544603 0.0357125 0.032845070422535205
0 0.961875 0.19015962441314554 0.0349 0.03375586854460094
0 0.578525 0.27334272300469487 0.0136375 0.016873239436619718
0 0.5885625 0.26641314553990614 0.008825 0.02471361502347418
0 0.0044125 0.3533521126760563 0.008825 0.01355868544600939
0 0.595775 0.560093896713615 0.01765 0.009943661971830985
0 0.7566625 0.4651643192488263 0.0200625 0.010544600938967136
0 0.726775 0.44979342723004695 0.01565 0.008140845070422535
0 0.78815 0.43352112676056337 0.0196625 0.011755868544600938
0 0.7372 0.408056338028169 0.0108375 0.016272300469483567
0 0.7642874999999999 0.35456338028169015 0.008025 0.01295774647887324
1 0.5644874999999999 0.7005352112676057 0.0377125 0.05635680751173709