0 0.62125 0.47714486638537273 0.13125 0.08438818565400844
0 0.123125 0.5284810126582279 0.06 0.04008438818565401
0 0.50625 0.22925457102672292 0.09625 0.06540084388185655
0 0.07625 0.40365682137834036 0.0925 0.05414908579465542
0 0.170625 0.4272151898734177 0.0775 0.056962025316455694
0 0.205 0.7651195499296765 0.07 0.04571026722925457
0 0.8775 0.170182841068917 0.04875 0.027426160337552744
0 0.061875 0.5344585091420534 0.065 0.03727144866385373
0 0.83875 0.7777777777777778 0.10125 0.04430379746835443
0 0.37 0.43670886075949367 0.05 0.03164556962025317
0 0.931875 0.7788326300984529 0.0575 0.0379746835443038
0 0.05875 0.6754571026722925 0.0575 0.04360056258790436
0 0.651875 0.30063291139240506 0.085 0.02531645569620253
0 0.08875 0.2640646976090014 0.05375 0.035161744022503515
0 0.975625 0.6195499296765119 0.0425 0.03375527426160337
0 0.30875 0.270042194092827 0.04 0.02390998593530239
0 0.46125 0.32841068917018285 0.04 0.02250351617440225
0 0.63 0.2974683544303797 0.03 0.011251758087201125
0 0.759375 0.27566807313642755 0.04125 0.02390998593530239
0 0.780625 0.2939521800281294 0.045 0.02461322081575246
0 0.9925 0.2749648382559775 0.015 0.026722925457102673
0 0.678125 0.32946554149085794 0.0275 0.012658227848101266
0 0.281875 0.36146272855133615 0.04625 0.027426160337552744
0 0.05 0.6469760900140648 0.02375 0.009142053445850914
0 0.2125 0.33052039381153303 0.03875 0.02180028129395218
0 0.25625 0.5407876230661041 0.02 0.010548523206751054
0 0.315625 0.5682137834036568 0.015 0.011954992967651195
0 0.011875 0.340365682137834 0.015 0.02390998593530239
0 0.319375 0.5977496483825597 0.02 0.015471167369901548
0 0.5025 0.6392405063291139 0.05 0.026019690576652602
0 0.63 0.43424753867791843 0.045 0.026722925457102673
0 0.35875 0.45850914205344584 0.0325 0.01828410689170183
0 0.64375 0.5232067510548524 0.03875 0.020393811533052038
0 0.359375 0.6153305203938115 0.01625 0.009845288326300985
0 0.636875 0.5671589310829818 0.015 0.009142053445850914
0 0.488125 0.4883966244725738 0.0175 0.009142053445850914
0 0.5375 0.6459212376933896 0.01375 0.009845288326300985
0 0.5475 0.5917721518987342 0.00875 0.007032348804500703
0 0.965 0.3769338959212377 0.04625 0.026722925457102673
0 0.6925 0.5066807313642757 0.0375 0.0189873417721519
0 0.81375 0.41947960618846697 0.09375 0.011251758087201125
0 0.013125 0.709563994374121 0.02625 0.012658227848101266
0 0.50125 0.7566807313642757 0.01875 0.012658227848101266
0 0.485625 0.7644163150492265 0.0125 0.008438818565400843
0 0.835625 0.670182841068917 0.02125 0.007735583684950774
0 0.43125 0.24613220815752462 0.0525 0.02531645569620253
0 0.82125 0.4089310829817159 0.04625 0.006329113924050633
0 0.694375 0.5228551336146273 0.02625 0.006329113924050633
0 0.685 0.5284810126582279 0.02125 0.004219409282700422
0 0.680625 0.5355133614627285 0.02625 0.005625879043600563
0 0.299375 0.6023206751054853 0.02625 0.007032348804500703