0 0.620625 0.4760900140646976 0.12875 0.0829817158931083
0 0.124375 0.5323488045007032 0.05875 0.03938115330520394
0 0.498125 0.22925457102672292 0.09375 0.06469760900140648
0 0.073125 0.4078762306610408 0.09125 0.053445850914205346
0 0.168125 0.43037974683544306 0.07625 0.05625879043600562
0 0.2132875 0.7680239099859354 0.06908750000000001 0.04519690576652602
0 0.8675 0.16672292545710268 0.0475 0.02660337552742616
0 0.063125 0.5386779184247539 0.06375 0.03656821378340366
0 0.8475 0.7742616033755274 0.1 0.04360056258790436
0 0.368125 0.4381153305203938 0.04875 0.030942334739803096
0 0.940625 0.7746132208157525 0.05625 0.03727144866385373
0 0.064375 0.679676511954993 0.05625 0.04289732770745429
0 0.645625 0.2992264416315049 0.08375 0.02461322081575246
0 0.08125 0.26828410689170185 0.0525 0.034458509142053444
0 0.9791625 0.6149789029535865 0.0416625 0.03320675105485232
0 0.301875 0.2718002812939522 0.03875 0.023206751054852322
0 0.455625 0.3287130801687764 0.03875 0.02170182841068917
0 0.62375 0.2960618846694796 0.03 0.011251758087201125
0 0.7525 0.2732067510548523 0.04 0.023206751054852322
0 0.774375 0.2911392405063291 0.04375 0.02390998593530239
0 0.989375 0.270042194092827 0.02125 0.026722925457102673
0 0.6722875 0.3276511954992968 0.027912499999999996 0.012552742616033756
0 0.2775 0.36357243319268634 0.045 0.026722925457102673
0 0.054375 0.6515471167369902 0.02375 0.009142053445850914
0 0.2075 0.3334880450070324 0.0375 0.02078762306610408
0 0.2575 0.5432489451476793 0.02 0.010548523206751054
0 0.3175 0.569971870604782 0.015 0.011954992967651195
0 0.006875 0.34528832630098455 0.01375 0.02390998593530239
0 0.3226375 0.5996343178621659 0.019475 0.015471167369901548
0 0.506875 0.6392405063291139 0.04875 0.02531645569620253
0 0.628125 0.4328410689170183 0.04375 0.026019690576652602
0 0.3575 0.459915611814346 0.0325 0.01828410689170183
0 0.644375 0.5218002812939522 0.03875 0.01969057665260197
0 0.363125 0.6167369901547117 0.01625 0.009845288326300985
0 0.63875 0.5657524613220816 0.015 0.009142053445850914
0 0.4875 0.4883966244725738 0.0175 0.009142053445850914
0 0.541875 0.6455696202531646 0.01375 0.009845288326300985
0 0.550625 0.5914205344585092 0.00875 0.007032348804500703
0 0.96125 0.37236286919831224 0.045 0.026019690576652602
0 0.6925 0.5049226441631505 0.0375 0.01828410689170183
0 0.811475 0.41637130801687766 0.09375 0.010548523206751054
0 0.019375 0.7144866385372715 0.02875 0.012658227848101266
0 0.509375 0.7566807313642757 0.01875 0.012658227848101266
0 0.49375 0.7644163150492265 0.0125 0.008438818565400843
0 0.8409 0.6669760900140648 0.0207 0.007812939521800281
0 0.4232125 0.24665963431786217 0.051050000000000005 0.024486638537271448
0 0.818325 0.40561181434599153 0.045899999999999996 0.005787623066104079
0 0.6950624999999999 0.5211533052039381 0.0265125 0.006230661040787623
0 0.6857625 0.5268284106891702 0.0213625 0.004226441631504922
0 0.6818000000000001 0.5338396624472573 0.0261125 0.005787623066104079
0 0.30251249999999996 0.604521800281294 0.0265125 0.0073488045007032345