1 0.1582375 0.39727699530516436 0.151475 0.10346478873239437
1 0.226875 0.6169014084507042 0.15375 0.10328638497652583
0 0.236875 0.744131455399061 0.07875 0.06291079812206572
1 0.3225 0.4962441314553991 0.1325 0.10046948356807511
0 0.771875 0.43802816901408453 0.03875 0.03474178403755868
0 0.3025 0.4892018779342723 0.0475 0.03755868544600939
0 0.7499250000000001 0.49671361502347416 0.0448625 0.03568075117370892
0 0.249375 0.19389671361502347 0.02125 0.014084507042253521
0 0.13 0.12910798122065728 0.02 0.014084507042253521
0 0.196875 0.025784037558685448 0.01875 0.015896713615023473
0 0.16329999999999997 0.009737089201877934 0.022275 0.011962441314553991
0 0.375625 0.13755868544600938 0.03625 0.027230046948356807
0 0.6088125 0.23906103286384975 0.04125 0.01784037558685446
0 0.65375 0.18826291079812207 0.0175 0.014084507042253521
0 0.4073125 0.252112676056338 0.02105 0.014084507042253521
0 0.8257875 0.32523004694835683 0.016575 0.012450704225352112
0 0.915 0.2650140845070423 0.015 0.02535211267605634
0 0.929375 0.2619718309859155 0.01125 0.015023474178403756
0 0.950625 0.22816901408450704 0.01375 0.024413145539906103
0 0.938125 0.2300469483568075 0.01625 0.024413145539906103
0 0.1875 0.36056338028169016 0.0325 0.020657276995305163
0 0.013125 0.46338028169014084 0.02375 0.01596244131455399
0 0.238125 0.5854460093896714 0.02875 0.01971830985915493
0 0.539375 0.4469483568075117 0.03625 0.02629107981220657
0 0.958125 0.4544600938967136 0.03125 0.04131455399061033
0 0.80875 0.4413145539906103 0.03 0.028169014084507043
0 0.81 0.46431924882629105 0.0325 0.02535211267605634
0 0.775 0.5502347417840375 0.02 0.013145539906103286
0 0.871875 0.4699530516431925 0.05625 0.0215962441314554
0 0.771875 0.5647887323943662 0.02125 0.012206572769953052
0 0.78375 0.6553990610328638 0.0225 0.013145539906103286
0 0.25375 0.8887323943661972 0.03 0.01784037558685446
0 0.58285 0.6739530516431925 0.0382 0.026751173708920186
0 0.610625 0.8014084507042254 0.01875 0.012206572769953052
0 0.630625 0.7995305164319249 0.01125 0.008450704225352112
0 0.778125 0.7732394366197183 0.03625 0.027230046948356807
0 0.777675 0.8388356807511738 0.02375 0.018779342723004695
0 0.1658125 0.3722535211267606 0.0188625 0.006694835680751174
0 0.1509 0.13279812206572772 0.0089125 0.013136150234741784
0 0.7687125 0.2384225352112676 0.016112500000000002 0.013652582159624413
0 0.8346375 0.1603755868544601 0.015987499999999998 0.005051643192488263
0 0.83545 0.16584976525821596 0.0139 0.0045258215962441315
0 0.8949875 0.4965164319248826 0.012975 0.018103286384976526
0 0.9032125000000001 0.49660093896713614 0.0095 0.020366197183098594
0 0.7738124999999999 0.4832863849765259 0.0083375 0.006262910798122066
0 0.6754625 0.5775305164319249 0.012737499999999999 0.0060938967136150235
0 0.6022625 0.5490704225352112 0.038224999999999995 0.0295868544600939
0 0.9912875 0.5768920187793427 0.0174125 0.06551173708920187
0 0.9300875000000001 0.4764694835680751 0.027537500000000003 0.040948356807511736
1 0.6317499999999999 0.5802816901408451 0.1121875 0.08291079812206573
1 0.6016625 0.5398403755868544 0.043012499999999995 0.07206572769953051
1 0.7001625 0.545830985915493 0.157 0.12200000000000001
1 0.5314375 0.5344225352112676 0.22076250000000003 0.17012206572769953
1 0.6684375 0.5924788732394366 0.230075 0.1796056338028169