1 0.363125 0.7568075117370892 0.1375 0.1136150234741784
1 0.655625 0.7051643192488263 0.1375 0.11549295774647887
0 0.825 0.6976525821596244 0.08375 0.059154929577464786
1 0.495 0.6333333333333333 0.13375 0.09953051643192488
0 0.4175 0.29577464788732394 0.04625 0.02910798122065728
0 0.485625 0.6483568075117371 0.05 0.03568075117370892
0 0.495625 0.31220657276995306 0.0475 0.03380281690140845
0 0.0925 0.6882629107981221 0.01875 0.01596244131455399
0 0.0075 0.7774647887323943 0.015 0.015023474178403756
0 0.0175 0.5929577464788732 0.035 0.027230046948356807
0 0.1525 0.4183098591549296 0.02375 0.030985915492957747
0 0.085 0.3845070422535211 0.01875 0.013145539906103286
0 0.17 0.5694835680751174 0.01875 0.01596244131455399
0 0.2675 0.25539906103286386 0.01625 0.012206572769953052
0 0.186875 0.18826291079812207 0.03375 0.011267605633802818
0 0.183125 0.17746478873239438 0.02 0.008450704225352112
0 0.138125 0.16150234741784036 0.0325 0.010328638497652582
0 0.140625 0.17089201877934274 0.0325 0.012206572769953052
0 0.314375 0.7347417840375586 0.0275 0.024413145539906103
0 0.45125 0.8657276995305164 0.02125 0.01784037558685446
0 0.61375 0.6967136150234742 0.02625 0.0215962441314554
0 0.429375 0.4704225352112676 0.035 0.027230046948356807
0 0.439375 0.15586854460093896 0.055 0.023474178403755867
0 0.421875 0.268075117370892 0.0375 0.022535211267605635
0 0.4525 0.2671361502347418 0.03375 0.024413145539906103
0 0.566875 0.2934272300469484 0.0175 0.015023474178403756
0 0.46 0.22065727699530516 0.02875 0.04225352112676056
0 0.58625 0.29577464788732394 0.01625 0.01596244131455399
0 0.706875 0.2868544600938967 0.0175 0.016901408450704224
0 0.731875 0.4375586854460094 0.035 0.02910798122065728
0 0.90125 0.4169014084507042 0.01625 0.014084507042253521
0 0.89875 0.40187793427230045 0.01125 0.008450704225352112
0 0.86375 0.29107981220657275 0.03625 0.027230046948356807
0 0.95125 0.2915492957746479 0.025 0.01784037558685446
0 0.33 0.7511737089201878 0.00875 0.014084507042253521
0 0.01125 0.7624413145539906 0.0175 0.006572769953051643
0 0.151875 0.2981220657276995 0.01875 0.012206572769953052
0 0.048125 0.24882629107981222 0.00625 0.012206572769953052
0 0.055 0.24788732394366197 0.00625 0.010328638497652582
0 0.495625 0.20328638497652582 0.02375 0.009389671361502348
0 0.495625 0.19718309859154928 0.0275 0.007511737089201878
0 0.4775 0.2943661971830986 0.00875 0.006572769953051643
0 0.603125 0.36807511737089205 0.0075 0.009389671361502348
0 0.565625 0.42300469483568076 0.04 0.02910798122065728
0 0.6025 0.13098591549295774 0.0875 0.013145539906103286
0 0.46875 0.17699530516431924 0.055 0.020657276995305163
1 0.606875 0.40093896713615024 0.11 0.08450704225352113
1 0.553125 0.42347417840375584 0.09625 0.03192488262910798
1 0.56125 0.34976525821596244 0.1625 0.11830985915492957
1 0.545625 0.4765258215962441 0.22625 0.16619718309859155
1 0.623125 0.37370892018779345 0.23875 0.1727699530516432