0 0.67875 0.2431924882629108 0.06 0.046009389671361506
0 0.264375 0.43051643192488265 0.06375 0.05821596244131456
0 0.909375 0.3647887323943662 0.07375 0.07605633802816901
1 0.32125 0.5544600938967136 0.27875 0.1295774647887324
0 0.69125 0.4962441314553991 0.0725 0.044131455399061034
1 0.268125 0.4835680751173709 0.2575 0.18779342723004694
1 0.3025 0.4042253521126761 0.16875 0.2084507042253521
0 0.71 0.5882629107981221 0.0625 0.046009389671361506
0 0.5475 0.5488262910798122 0.05 0.036619718309859155
0 0.13875 0.6408450704225352 0.06 0.030985915492957747
0 0.2375 0.32253521126760565 0.1025 0.051643192488262914
0 0.595625 0.5464788732394367 0.0575 0.03474178403755868
0 0.901875 0.4544600938967136 0.05375 0.06103286384976526
0 0.213125 0.5774647887323944 0.055 0.07136150234741784
0 0.489375 0.6065727699530516 0.0475 0.03755868544600939
0 0.83625 0.48544600938967136 0.11125 0.048826291079812206
0 0.024375 0.30704225352112674 0.0425 0.023474178403755867
0 0.025625 0.32629107981220656 0.0325 0.01971830985915493
0 0.064375 0.17230046948356809 0.0275 0.011267605633802818
0 0.474375 0.21032863849765257 0.03875 0.03474178403755868
0 0.57375 0.2051643192488263 0.05125 0.03192488262910798
0 0.380625 0.26901408450704223 0.03875 0.03286384976525822
0 0.38875 0.32065727699530516 0.0375 0.03192488262910798
0 0.520625 0.3220657276995305 0.02 0.024413145539906103
0 0.533125 0.30093896713615026 0.03125 0.06948356807511737
0 0.353125 0.6600938967136151 0.03375 0.02629107981220657
0 0.215 0.47136150234741786 0.0125 0.009389671361502348
0 0.5775 0.3892018779342723 0.01875 0.01596244131455399
0 0.331875 0.4267605633802817 0.0175 0.01784037558685446
0 0.376875 0.64037558685446 0.0225 0.012206572769953052
0 0.353125 0.43896713615023475 0.0175 0.016901408450704224
0 0.9525 0.5093896713615024 0.02375 0.015023474178403756
0 0.954375 0.49014084507042255 0.02125 0.01784037558685446
0 0.864375 0.5577464788732395 0.05 0.03286384976525822
0 0.76 0.5422535211267606 0.04875 0.02535211267605634
0 0.73875 0.5671361502347417 0.03 0.023474178403755867
0 0.693125 0.5981220657276995 0.03 0.016901408450704224
0 0.608125 0.6178403755868545 0.00875 0.010328638497652582
0 0.6025 0.6488262910798122 0.01125 0.007511737089201878
0 0.57875 0.6732394366197183 0.00875 0.010328638497652582
0 0.520625 0.6192488262910798 0.04625 0.03943661971830986
1 0.484375 0.612206572769953 0.08875 0.05258215962441314
1 0.405625 0.644131455399061 0.26875 0.12769953051643193
1 0.0475 0.7065727699530516 0.03875 0.09389671361502347
1 0.011875 0.3779342723004695 0.02375 0.07042253521126761
1 0.019375 0.444131455399061 0.03875 0.13333333333333333
0 0.00125 0.49014084507042255 0.0025 0.011267605633802818
0 0.87875 0.39342723004694835 0.015 0.016901408450704224
0 0.841875 0.4953051643192488 0.02375 0.010328638497652582
0 0.0675 0.17981220657276994 0.02375 0.009389671361502348