1 0.20375 0.2530459231490159 0.31375 0.20243673851921273
1 0.335625 0.44329896907216493 0.29875 0.204311152764761
1 0.284375 0.7614807872539832 0.295 0.2155576382380506
1 0.513125 0.5754451733833177 0.125 0.10402999062792877
1 0.673125 0.3936269915651359 0.07125 0.08528584817244611
1 0.20625 0.36597938144329895 0.26125 0.09372071227741331
1 0.5975 0.3598875351452671 0.09875 0.06841611996251172
0 0.736875 0.555763823805061 0.0175 0.01218369259606373
0 0.779375 0.7328959700093721 0.0225 0.020618556701030927
0 0.82875 0.6785379568884724 0.04 0.02717900656044986
0 0.84 0.6044985941893158 0.04 0.02717900656044986
0 0.53 0.2104029990627929 0.03875 0.02717900656044986
0 0.49625 0.2296157450796626 0.02625 0.01874414245548266
0 0.240625 0.2980318650421743 0.03 0.020618556701030927
0 0.439375 0.6115276476101218 0.03625 0.02717900656044986
0 0.518125 0.8045923149015932 0.0325 0.023430178069353328
0 0.558125 0.7230552952202437 0.0325 0.02530459231490159
0 0.7125 0.788659793814433 0.03125 0.022492970946579195
0 0.671875 0.8205248359887535 0.02875 0.014058106841611996
0 0.641875 0.8284910965323337 0.02625 0.014058106841611996
0 0.381875 0.8345829428303655 0.03 0.028116213683223992
0 0.399375 0.7985004686035614 0.0275 0.020618556701030927
0 0.05125 0.5248359887535146 0.05375 0.019681349578256794
0 0.525625 0.8045923149015932 0.0125 0.011246485473289597
0 0.884375 0.7539831302717901 0.02625 0.015932521087160263
0 0.806875 0.6518275538894096 0.02 0.006560449859418931
0 0.804375 0.6462043111527648 0.02375 0.008434864104967198
0 0.864375 0.5510777881911902 0.0075 0.004686035613870665
0 0.86125 0.5370196813495782 0.0075 0.004686035613870665
1 0.633125 0.3402061855670103 0.2275 0.09372071227741331
0 0.63125 0.2858481724461106 0.01125 0.01499531396438613
0 0.25 0.5309278350515464 0.01375 0.010309278350515464
0 0.35 0.4386129334582943 0.02125 0.01499531396438613
0 0.2625 0.38940955951265227 0.02125 0.015932521087160263
1 0.514375 0.5749765698219307 0.095 0.08059981255857544
0 0.27 0.7029053420805998 0.015 0.016869728209934397
1 0.344375 0.7286785379568884 0.14 0.14807872539831302
1 0.11625 0.3809746954076851 0.0475 0.03467666354264293
0 0.121875 0.3917525773195876 0.02625 0.015932521087160263
0 0.1575 0.3692596063730084 0.00875 0.007497656982193065