1 0.1175 0.6396438612933458 0.235 0.23711340206185566
1 0.38 0.6016869728209935 0.27625 0.2268041237113402
1 0.770625 0.7310215557638238 0.29125 0.22399250234301782
1 0.6 0.5126522961574508 0.14 0.09559512652296158
1 0.415 0.344892221180881 0.115 0.05435801312089972
1 0.243125 0.6715089034676663 0.13 0.19681349578256796
1 0.35 0.38940955951265227 0.0925 0.07497656982193064
1 0.210625 0.8420805998125586 0.05875 0.033739456419868794
0 0.640625 0.34629803186504216 0.01625 0.014058106841611996
0 0.87875 0.3673851921274602 0.0275 0.016869728209934397
0 0.824375 0.31630740393626994 0.03625 0.030927835051546393
0 0.733125 0.2867853795688847 0.03625 0.030927835051546393
0 0.139375 0.394095595126523 0.03625 0.02999062792877226
0 0.154375 0.42361761949390814 0.02625 0.020618556701030927
0 0.16625 0.626991565135895 0.0275 0.023430178069353328
0 0.624375 0.5759137769447048 0.0375 0.028116213683223992
0 0.89375 0.5763823805060918 0.03125 0.02436738519212746
0 0.80125 0.5234301780693533 0.03375 0.02436738519212746
0 0.93 0.4320524835988753 0.03 0.023430178069353328
0 0.959375 0.4704779756326148 0.01875 0.022492970946579195
0 0.960625 0.4943767572633552 0.01875 0.020618556701030927
0 0.8925 0.682755388940956 0.0375 0.022492970946579195
0 0.85125 0.6593252108716027 0.02875 0.020618556701030927
0 0.083125 0.8500468603561387 0.02 0.015932521087160263
0 0.400625 0.8289597000937207 0.02625 0.04029990627928772
0 0.895625 0.5707591377694471 0.015 0.010309278350515464
0 0.93625 0.2985004686035614 0.02125 0.019681349578256794
0 0.783125 0.32427366447985007 0.00875 0.01499531396438613
0 0.775625 0.32427366447985007 0.0125 0.01780693533270853
0 0.671875 0.253514526710403 0.00625 0.005623242736644799
0 0.653125 0.2521087160262418 0.00625 0.005623242736644799
1 0.335 0.3580131208997188 0.12875 0.17150890346766634
0 0.265625 0.3430178069353327 0.02 0.008434864104967198
0 0.466875 0.6883786316776007 0.01375 0.010309278350515464
0 0.378125 0.5895032802249297 0.02 0.015932521087160263
0 0.289375 0.6377694470477976 0.02125 0.015932521087160263
1 0.6 0.5117150890346767 0.10875 0.07216494845360824
0 0.691875 0.7244611059044048 0.0225 0.01218369259606373
1 0.74625 0.6785379568884724 0.2 0.10684161199625117
1 0.23625 0.7403936269915652 0.0475 0.03655107778819119
0 0.25125 0.739456419868791 0.0225 0.019681349578256794
0 0.233125 0.7075913776944704 0.01 0.006560449859418931
0 0.211875 0.8434864104967198 0.02125 0.011246485473289597