1 0.1325 0.6855670103092784 0.2325 0.21274601686972822
1 0.4025 0.6143392689784443 0.2375 0.2014995313964386
1 0.815625 0.6963542642924087 0.25375 0.1968041237113402
1 0.60125 0.5009372071227741 0.125 0.08153701968134958
1 0.3838625 0.356776007497657 0.10755 0.04187441424554827
1 0.28215 0.69941893158388 0.0914375 0.18797563261480787
1 0.32886249999999995 0.40830365510777883 0.0795625 0.06608247422680413
1 0.285625 0.8716026241799437 0.05375 0.028116213683223992
0 0.607175 0.33190253045923146 0.01375 0.012305529522024367
0 0.84625 0.3247422680412371 0.025 0.014058106841611996
0 0.781875 0.28069353327085284 0.03125 0.02717900656044986
0 0.685625 0.2619493908153702 0.03125 0.02717900656044986
0 0.121875 0.43767572633552015 0.03125 0.026241799437675725
0 0.1425 0.4653233364573571 0.0225 0.01780693533270853
0 0.196875 0.6646204311152765 0.02375 0.02090909090909091
0 0.63875 0.5603842549203374 0.0325 0.02436738519212746
0 0.905 0.5290534208059982 0.0275 0.02155576382380506
0 0.8025 0.4878163074039363 0.03 0.02155576382380506
0 0.910625 0.3823805060918463 0.02625 0.020618556701030927
0 0.9475 0.41705716963448924 0.015 0.020618556701030927
0 0.95375 0.44048734770384257 0.015 0.01874414245548266
0 0.925625 0.6344892221180881 0.03375 0.01874414245548266
0 0.88 0.6162136832239925 0.025 0.01780693533270853
0 0.16125 0.89456419868791 0.0175 0.014058106841611996
0 0.470625 0.8364573570759137 0.01875 0.038425492033739454
0 0.9055249999999999 0.5234957825679476 0.0138125 0.00803186504217432
0 0.8889 0.24980318650421746 0.0172 0.017750702905342083
0 0.7433124999999999 0.29323336457357074 0.0056375 0.013739456419868791
0 0.7358374999999999 0.2945079662605436 0.008175 0.016691658856607307
0 0.617925 0.23671977507029054 0.0049499999999999995 0.004854732895970009
0 0.59965 0.2370103092783505 0.0049499999999999995 0.004854732895970009
1 0.3076125 0.3790909090909091 0.0967125 0.16236176194939084
0 0.235425 0.372389878163074 0.018500000000000003 0.006804123711340206
0 0.50615 0.6898687910028116 0.0125625 0.009803186504217434
0 0.397925 0.6028491096532334 0.0171875 0.013842549203373945
0 0.320725 0.660543580131209 0.018725000000000002 0.01422680412371134
1 0.6013125 0.49987816307403937 0.09720000000000001 0.062108716026241795
0 0.7364624999999999 0.6993252108716026 0.0211625 0.009343955014058108
1 0.7808125 0.6478069353327086 0.18350000000000002 0.08585754451733833
1 0.28947500000000004 0.7683505154639175 0.040787500000000004 0.031658856607310215
0 0.3045 0.7656607310215559 0.0186125 0.01824742268041237
0 0.279275 0.7362886597938144 0.008225 0.00563261480787254
0 0.2866125 0.8731396438612933 0.020625 0.008922211808809746