1 0.61 0.2981715893108298 0.2625 0.10759493670886076
0 0.728125 0.7542194092827004 0.07625 0.04219409282700422
0 0.63125 0.760196905766526 0.0575 0.04149085794655415
1 0.386875 0.6568213783403657 0.21625 0.053445850914205346
0 0.841875 0.7686357243319268 0.07 0.04781997187060478
0 0.49375 0.7317158931082982 0.05125 0.0379746835443038
1 0.43625 0.41068917018284107 0.30625 0.07946554149085795
0 0.12875 0.7355836849507735 0.05375 0.027426160337552744
0 0.3325 0.7524613220815752 0.05125 0.03938115330520394
1 0.060625 0.6417018284106891 0.12125 0.06258790436005626
0 0.381875 0.759142053445851 0.06125 0.035161744022503515
1 0.85625 0.340014064697609 0.2875 0.11462728551336146
0 0.0175 0.7060478199718706 0.035 0.026722925457102673
1 0.628125 0.48558368495077353 0.44125 0.11181434599156118
0 0.548125 0.7834036568213784 0.05875 0.012658227848101266
0 0.598125 0.5056258790436006 0.02875 0.016877637130801686
0 0.7 0.46026722925457103 0.03 0.01617440225035162
0 0.274375 0.43354430379746833 0.03 0.014064697609001406
0 0.335625 0.5358649789029536 0.03875 0.017580872011251757
0 0.069375 0.5566104078762306 0.02875 0.023206751054852322