1 0.49375 0.2890295358649789 0.26625 0.11181434599156118
0 0.85625 0.7021800281293952 0.0775 0.04360056258790436
0 0.768125 0.7246835443037974 0.06 0.04219409282700422
1 0.47875 0.6687763713080169 0.2175 0.056962025316455694
0 0.968125 0.6958509142053446 0.06375 0.04852320675105485
0 0.62125 0.7215189873417721 0.0525 0.03867791842475387
1 0.390625 0.42616033755274263 0.3075 0.0850914205344585
0 0.27625 0.7886779184247539 0.055 0.02812939521800281
0 0.47875 0.7689873417721519 0.05375 0.04008438818565401
1 0.138125 0.7151898734177216 0.16875 0.06469760900140648
0 0.53 0.7668776371308017 0.0625 0.035864978902953586
1 0.755625 0.28551336146272854 0.30125 0.11954992967651196
0 0.145 0.7819971870604782 0.0575 0.02812939521800281
1 0.61375 0.4641350210970464 0.44375 0.11954992967651196
0 0.70125 0.7612517580872011 0.05875 0.014064697609001406
0 0.596875 0.4883966244725738 0.02875 0.016877637130801686
0 0.668125 0.42756680731364277 0.03 0.01617440225035162
0 0.24875 0.4760900140646976 0.03125 0.014767932489451477
0 0.36375 0.5629395218002813 0.03875 0.01828410689170183
0 0.12125 0.6286919831223629 0.03 0.02390998593530239