0 0.393125 0.9353327085285849 0.19875 0.12558575445173384
0 0.165625 0.7357075913776945 0.0975 0.06279287722586692
0 0.469375 0.5838800374882849 0.09375 0.05716963448922212
0 0.170625 0.32567947516401125 0.085 0.06279287722586692
0 0.04875 0.25866916588566075 0.0975 0.1105904404873477
0 0.260625 0.8345829428303655 0.0875 0.044048734770384255
0 0.688125 0.782099343955014 0.21375 0.14995313964386128
0 0.930625 0.2703842549203374 0.11125 0.06747891283973759
0 0.218125 0.39128397375820057 0.07125 0.04967197750702906
0 0.075 0.7296157450796626 0.095 0.06091846298031865
0 0.69625 0.06091846298031865 0.06625 0.03280224929709466
0 0.643125 0.9287722586691659 0.04875 0.04592314901593252
0 0.52375 0.1415182755388941 0.2075 0.07778819119025304
0 0.91125 0.35941893158388005 0.1275 0.06091846298031865
1 0.491875 0.6255857544517338 0.4375 0.15089034676663543
0 0.81 0.8669165885660731 0.05375 0.04779756326148079
0 0.37875 0.5609184629803187 0.05375 0.04029990627928772
0 0.924375 0.8045923149015932 0.08125 0.04967197750702906
0 0.831875 0.33552014995313967 0.0825 0.05154639175257732
0 0.788125 0.29662605435801315 0.06875 0.044048734770384255
0 0.54375 0.9203373945641987 0.04375 0.041237113402061855
0 0.16625 0.36644798500468606 0.065 0.03655107778819119
0 0.88125 0.3856607310215558 0.0925 0.038425492033739454
0 0.86375 0.53514526710403 0.05625 0.03561387066541706
0 0.8675 0.717900656044986 0.08125 0.038425492033739454
0 0.724375 0.5740393626991566 0.0625 0.03561387066541706
0 0.69625 0.7010309278350515 0.085 0.030927835051546393
0 0.800625 0.4639175257731959 0.055 0.03467666354264293
0 0.711875 0.2380506091846298 0.06 0.044048734770384255
0 0.70625 0.16494845360824742 0.06375 0.03655107778819119
0 0.934375 0.6447985004686035 0.0525 0.03561387066541706
0 0.73 0.2952202436738519 0.05375 0.05248359887535145
0 0.360625 0.8242736644798501 0.0475 0.05998125585754452
0 0.3975 0.8214620431115276 0.0425 0.044048734770384255
0 0.02125 0.4320524835988753 0.0425 0.05435801312089972
0 0.605 0.8636363636363636 0.03 0.01874414245548266
0 0.32 0.7010309278350515 0.02875 0.01780693533270853
0 0.298125 0.6879100281162137 0.02875 0.013120899718837863
0 0.750625 0.46719775070290537 0.04875 0.028116213683223992
0 0.808125 0.49953139643861294 0.0475 0.02999062792877226
0 0.69125 0.6387066541705717 0.03 0.04311152764761012
0 0.39 0.6330834114339269 0.0225 0.01499531396438613
0 0.604375 0.43908153701968133 0.01875 0.014058106841611996
0 0.03375 0.5552952202436738 0.04125 0.010309278350515464
0 0.120625 0.4639175257731959 0.05125 0.026241799437675725
0 0.020625 0.4704779756326148 0.025 0.01780693533270853
0 0.01125 0.5117150890346767 0.02125 0.028116213683223992
0 0.87875 0.08809746954076851 0.0325 0.016869728209934397
0 0.88125 0.19165885660731022 0.03125 0.01780693533270853
0 0.745625 0.13074039362699155 0.02625 0.01874414245548266
0 0.56375 0.07075913776944705 0.01875 0.015932521087160263
0 0.075625 0.17619493908153702 0.02375 0.01874414245548266
0 0.255 0.1682286785379569 0.02375 0.020618556701030927
0 0.030625 0.14901593252108716 0.025 0.01218369259606373
0 0.54125 0.3078725398313027 0.10125 0.04029990627928772
0 0.55 0.3392689784442362 0.085 0.04873477038425492
0 0.0025 0.37300843486410495 0.005 0.016869728209934397
0 0.003125 0.4006560449859419 0.00625 0.02530459231490159
0 0.856875 0.49812558575445176 0.045 0.029053420805998126
0 0.961875 0.6312089971883786 0.07625 0.09840674789128398
0 0.978125 0.577788191190253 0.04375 0.03655107778819119
0 0.891875 0.676194939081537 0.05625 0.03280224929709466
0 0.87125 0.6879100281162137 0.03625 0.02530459231490159