0 0.636875 0.06935332708528585 0.19125 0.11808809746954077
0 0.850625 0.2778819119025305 0.09375 0.059044048734770385
0 0.53625 0.4175257731958763 0.09 0.053420805998125584
0 0.816875 0.6869728209934396 0.08125 0.05998125585754452
0 0.935625 0.7582005623242737 0.09375 0.10684161199625117
0 0.7625 0.17525773195876287 0.085 0.041237113402061855
0 0.331875 0.21087160262417995 0.20375 0.14245548266166824
0 0.05375 0.7122774133083412 0.1075 0.06373008434864105
0 0.77375 0.619493908153702 0.0675 0.046860356138706656
0 0.940625 0.2872539831302718 0.09125 0.05716963448922212
0 0.273125 0.9306466729147141 0.06375 0.02999062792877226
0 0.386875 0.06607310215557638 0.04625 0.044048734770384255
0 0.45125 0.8570759137769447 0.2025 0.07029053420805999
0 0.079375 0.6241799437675727 0.12375 0.056232427366447985
1 0.516875 0.37480787253983133 0.42875 0.13403936269915653
0 0.21625 0.12136832239925023 0.05 0.04592314901593252
0 0.625625 0.443767572633552 0.05125 0.038425492033739454
0 0.0975 0.1790065604498594 0.0775 0.046860356138706656
0 0.156875 0.6513589503280225 0.07875 0.04873477038425492
0 0.198125 0.6916588566073102 0.06625 0.041237113402061855
0 0.485625 0.07872539831302718 0.04125 0.03936269915651359
0 0.82375 0.6466729147141518 0.0625 0.033739456419868794
0 0.11125 0.5993439550140581 0.09 0.03467666354264293
0 0.139375 0.450796626054358 0.05375 0.033739456419868794
0 0.148125 0.26804123711340205 0.07875 0.03561387066541706
0 0.28125 0.41705716963448924 0.06 0.033739456419868794
0 0.3179375 0.2916963448922212 0.0841375 0.02767572633552015
0 0.1975 0.5243673851921274 0.0525 0.03280224929709466
0 0.27 0.753045923149016 0.0575 0.04217432052483599
0 0.270625 0.8266166822867854 0.06125 0.033739456419868794
0 0.07625 0.338331771321462 0.05 0.033739456419868794
0 0.25625 0.6954076850984068 0.05 0.05060918462980318
0 0.661875 0.18181818181818182 0.04375 0.05810684161199625
0 0.625 0.18322399250234303 0.04 0.04217432052483599
0 0.97625 0.5866916588566073 0.045 0.05248359887535145
0 0.420625 0.13261480787253982 0.02875 0.01780693533270853
0 0.69375 0.3064667291471415 0.0275 0.016869728209934397
0 0.715 0.32005623242736647 0.0275 0.01218369259606373
0 0.2475 0.5229615745079662 0.0475 0.026241799437675725
0 0.1925 0.48828491096532334 0.045 0.028116213683223992
0 0.31875 0.3537956888472352 0.0275 0.04217432052483599
0 0.619375 0.3716026241799438 0.02125 0.014058106841611996
0 0.39125 0.5567010309278351 0.0175 0.013120899718837863
0 0.969375 0.4630834114339269 0.04125 0.008884723523898783
0 0.87625 0.5510777881911902 0.05 0.02436738519212746
0 0.976875 0.5482661668228679 0.02375 0.016869728209934397
0 0.98875 0.5074976569821931 0.02 0.02717900656044986
0 0.093125 0.8964386129334583 0.03125 0.015932521087160263
0 0.0975 0.7928772258669166 0.03 0.016869728209934397
0 0.22875 0.8589503280224929 0.025 0.01780693533270853
0 0.40625 0.9259606373008434 0.0175 0.01499531396438613
0 0.90125 0.8402061855670103 0.0225 0.01780693533270853
0 0.72125 0.8411433926897844 0.0225 0.019681349578256794
0 0.944375 0.8687910028116214 0.02375 0.011246485473289597
0 0.44565 0.6900656044985941 0.09893750000000001 0.0364386129334583
0 0.43848750000000003 0.6581818181818182 0.0820125 0.04620431115276476
0 0.99295 0.6466354264292409 0.0141 0.015941893158388006
0 0.9931625 0.7227647610121838 0.0136625 0.019194001874414245
0 0.99295 0.618331771321462 0.0141 0.024404873477038423
0 0.1440625 0.48786316776007493 0.0433875 0.027000937207122773
0 0.0410125 0.3500749765698219 0.0820125 0.09565135895032803
0 0.024300000000000002 0.40327085285848174 0.048600000000000004 0.0348078725398313
0 0.1212875 0.3087535145267104 0.0542375 0.031237113402061853
0 0.142325 0.2973664479850047 0.0355875 0.02407685098406748