1 0.55375 0.6283973758200563 0.11375 0.1471415182755389
0 0.420625 0.3851921274601687 0.0775 0.1218369259606373
0 0.58875 0.7033739456419869 0.0525 0.06466729147141519
0 0.4925 0.33083411433926896 0.0575 0.06747891283973759
0 0.495 0.7239925023430178 0.085 0.05154639175257732
0 0.30125 0.22024367385192128 0.0475 0.04779756326148079
0 0.92125 0.6396438612933458 0.04875 0.06654170571696345
0 0.71375 0.18978444236176195 0.0375 0.061855670103092786
1 0.40875 0.45220243673851923 0.1225 0.16213683223992503
0 0.205 0.19634489222118087 0.08375 0.07029053420805999
0 0.548125 0.7239925023430178 0.05625 0.04873477038425492
0 0.630625 0.48500468603561386 0.04375 0.031865042174320526
0 0.456875 0.33411433926897843 0.04375 0.07122774133083412
0 0.178125 0.1738519212746017 0.03875 0.03936269915651359
0 0.8175 0.2408622305529522 0.01625 0.020618556701030927
0 0.838125 0.5004686035613871 0.0225 0.016869728209934397
0 0.741875 0.6115276476101218 0.0175 0.014058106841611996
0 0.838125 0.4831302717900656 0.03625 0.01874414245548266
0 0.836875 0.5220243673851921 0.03375 0.022492970946579195
0 0.933125 0.604967197750703 0.02 0.01499531396438613
0 0.895 0.5238987816307404 0.015 0.00937207122774133
0 0.7425 0.6949390815370197 0.03 0.023430178069353328
0 0.87625 0.718369259606373 0.03875 0.02530459231490159
0 0.8925 0.6410496719775071 0.015 0.01499531396438613
0 0.76875 0.7872539831302718 0.02125 0.031865042174320526
0 0.745625 0.7877225866916588 0.01875 0.02155576382380506
0 0.753125 0.8645735707591378 0.0275 0.014058106841611996
0 0.38125 0.1513589503280225 0.015 0.019681349578256794
0 0.414375 0.2858481724461106 0.0275 0.019681349578256794
0 0.4425 0.20196813495782567 0.02 0.01874414245548266
0 0.423125 0.19868791002811623 0.02375 0.015932521087160263
0 0.289375 0.3191190253045923 0.01375 0.013120899718837863
0 0.429375 0.30084348641049674 0.01375 0.015932521087160263
0 0.644375 0.14761012183692596 0.01375 0.016869728209934397
0 0.6575 0.47375820056232426 0.02 0.011246485473289597
0 0.715625 0.619962511715089 0.0375 0.030927835051546393
0 0.6375 0.4592314901593252 0.0125 0.008434864104967198
0 0.673125 0.4732895970009372 0.00875 0.007497656982193065
0 0.30375 0.6115276476101218 0.01875 0.011246485473289597
0 0.293125 0.6180880974695407 0.0125 0.011246485473289597
0 0.7175 0.47375820056232426 0.01 0.007497656982193065
0 0.31125 0.6883786316776007 0.02 0.01780693533270853
0 0.340625 0.8612933458294283 0.03 0.02999062792877226
0 0.091875 0.24601686972820994 0.025 0.019681349578256794
0 0.10875 0.2572633552014995 0.0125 0.015932521087160263
0 0.168125 0.5356138706654171 0.01875 0.010309278350515464
0 0.213125 0.5510777881911902 0.02 0.010309278350515464
0 0.10375 0.5876288659793815 0.01 0.005623242736644799
0 0.1975 0.5112464854732895 0.00875 0.005623242736644799
0 0.168125 0.7516401124648547 0.02125 0.016869728209934397
0 0.09375 0.7300843486410497 0.02375 0.016869728209934397
0 0.720625 0.17197750702905343 0.01625 0.014058106841611996
0 0.7925 0.1513589503280225 0.03875 0.028116213683223992
0 0.6275 0.4662605435801312 0.01375 0.008434864104967198
0 0.768125 0.8542642924086223 0.01125 0.01780693533270853
0 0.778125 0.8500468603561387 0.0075 0.01780693533270853
0 0.47375 0.7413308341143393 0.015 0.013120899718837863
0 0.538125 0.7408622305529522 0.02125 0.014058106841611996
0 0.605625 0.6925960637300843 0.02 0.016869728209934397
0 0.455 0.5267104029990628 0.0225 0.008434864104967198
0 0.3625 0.40815370196813494 0.01375 0.010309278350515464
0 0.505 0.338331771321462 0.01 0.010309278350515464
0 0.209375 0.41424554826616683 0.01125 0.008434864104967198