1 0.6716 0.46197750702905344 0.1943125 0.08233364573570759
0 0.345625 0.5576382380506092 0.16125 0.056232427366447985
0 0.7725 0.4372071227741331 0.085 0.038425492033739454
0 0.274375 0.5028116213683224 0.08875 0.04217432052483599
0 0.79875 0.5074976569821931 0.0675 0.06279287722586692
0 0.12375 0.6443298969072165 0.0625 0.03467666354264293
0 0.69375 0.18650421743205248 0.0875 0.03561387066541706
0 0.09 0.33411433926897843 0.0825 0.02717900656044986
1 0.434275 0.5674789128397376 0.21395 0.08903467666354264
0 0.09 0.7160262417994376 0.0925 0.061855670103092786
0 0.799375 0.4676663542642924 0.06375 0.041237113402061855
0 0.48245 0.40159325210871605 0.041225 0.03213683223992502
0 0.278125 0.5295220243673852 0.09375 0.031865042174320526
0 0.059375 0.7357075913776945 0.05125 0.028116213683223992
0 0.16 0.25727272727272726 0.0275 0.012164948453608248
0 0.50625 0.246485473289597 0.0225 0.016869728209934397
0 0.653125 0.32052483598875353 0.01875 0.013120899718837863
0 0.483125 0.24601686972820994 0.02375 0.02717900656044986
0 0.535 0.2478912839737582 0.03 0.02530459231490159
0 0.6475 0.17713214620431114 0.02 0.01499531396438613
0 0.53875 0.204311152764761 0.0125 0.011246485473289597
0 0.764375 0.32146204311152765 0.03125 0.022492970946579195
0 0.7975 0.22164948453608246 0.0325 0.029053420805998126
0 0.695 0.20805998125585753 0.02 0.011246485473289597
0 0.8875 0.3036551077788191 0.0425 0.01499531396438613
0 0.888125 0.32098406747891284 0.02875 0.014039362699156514
0 0.9905625 0.316776007497657 0.018875 0.020618556701030927
0 0.033125 0.5829428303655108 0.02625 0.011246485473289597
0 0.213125 0.5604498594189316 0.02625 0.020618556701030927
0 0.10125 0.5379568884723523 0.025 0.01499531396438613
0 0.096875 0.5524835988753515 0.02125 0.01780693533270853
0 0.255 0.654639175257732 0.0175 0.010309278350515464
0 0.233125 0.549671977507029 0.02125 0.010309278350515464
0 0.0325 0.3856607310215558 0.0225 0.010309278350515464
0 0.4675 0.38144329896907214 0.015 0.01499531396438613
0 0.6636375 0.34065604498594193 0.039775 0.027216494845360824
0 0.448125 0.3964386129334583 0.01125 0.00937207122774133
0 0.4675 0.3697282099343955 0.01 0.006560449859418931
0 0.645 0.6490159325210871 0.015 0.014058106841611996
0 0.65375 0.6569821930646673 0.015 0.00937207122774133
0 0.46875 0.3364573570759138 0.01 0.007497656982193065
0 0.748125 0.6447985004686035 0.02375 0.01499531396438613
0 0.97875 0.6255857544517338 0.04 0.02155576382380506
0 0.154375 0.8013120899718837 0.02625 0.01874414245548266
0 0.169375 0.7891283973758201 0.02125 0.00937207122774133
0 0.5417000000000001 0.7492970946579194 0.0141 0.014058106841611996
0 0.563125 0.7160262417994376 0.01375 0.01499531396438613
0 0.61 0.7985004686035614 0.0075 0.007497656982193065
0 0.51 0.7268041237113402 0.0075 0.006560449859418931
0 0.83 0.753045923149016 0.0225 0.015932521087160263
0 0.8 0.8083411433926898 0.0225 0.01780693533270853
0 0.06618750000000001 0.32912839737582006 0.018525 0.012343017806935332
0 0.03995 0.2747422680412371 0.036699999999999997 0.028022492970946576
0 0.4573125 0.4040768509840675 0.011312500000000001 0.010028116213683224
0 0.97705 0.3048266166822868 0.023325 0.007975632614807873
0 0.9720749999999999 0.29775070290534206 0.0236625 0.005660731021555764
0 0.8212625 0.5238800374882849 0.0173 0.011208997188378632
0 0.8215625 0.47541705716963445 0.0184625 0.01626054358013121
0 0.7589625 0.42387066541705715 0.022862499999999997 0.014723523898781631
0 0.535 0.5344329896907216 0.0111375 0.01692596063730084
0 0.374925 0.6017057169634489 0.0139375 0.010449859418931584
0 0.2842875 0.4936738519212746 0.013175 0.007553889409559513
0 0.38051250000000003 0.7164667291471415 0.0110375 0.008275538894095595