1 0.5475 0.6293345829428304 0.11375 0.1471415182755389
0 0.425625 0.38331771321462044 0.0775 0.1218369259606373
0 0.57875 0.7052483598875351 0.0525 0.06466729147141519
0 0.5 0.33083411433926896 0.0575 0.06747891283973759
0 0.485 0.7239925023430178 0.085 0.05154639175257732
0 0.314375 0.2155576382380506 0.0475 0.04779756326148079
0 0.914375 0.6508903467666354 0.04875 0.06654170571696345
0 0.728125 0.19540768509840675 0.0375 0.061855670103092786
1 0.41125 0.4498594189315839 0.1225 0.16213683223992503
0 0.219375 0.1888472352389878 0.08375 0.07029053420805999
0 0.538125 0.7249297094657919 0.05625 0.04873477038425492
0 0.63125 0.4887535145267104 0.04375 0.031865042174320526
0 0.464375 0.3331771321462043 0.04375 0.07122774133083412
0 0.193125 0.16541705716963448 0.03875 0.03936269915651359
0 0.829375 0.2492970946579194 0.01625 0.020618556701030927
0 0.838125 0.5089034676663543 0.0225 0.016869728209934397
0 0.736875 0.6180880974695407 0.0175 0.014058106841611996
0 0.83875 0.4915651358950328 0.03625 0.01874414245548266
0 0.835625 0.5304592314901593 0.03375 0.022492970946579195
0 0.928125 0.6162136832239925 0.02 0.01499531396438613
0 0.89375 0.5342080599812559 0.015 0.00937207122774133
0 0.73375 0.7014995313964386 0.03 0.023430178069353328
0 0.86625 0.7277413308341143 0.03875 0.02530459231490159
0 0.885625 0.6513589503280225 0.015 0.01499531396438613
0 0.755 0.7938144329896907 0.02125 0.031865042174320526
0 0.731875 0.7942830365510778 0.01875 0.02155576382380506
0 0.735625 0.8711340206185567 0.0275 0.014058106841611996
0 0.3975 0.1485473289597001 0.015 0.019681349578256794
0 0.424375 0.2839737582005623 0.0275 0.019681349578256794
0 0.45625 0.20056232427366447 0.02 0.01874414245548266
0 0.436875 0.19681349578256796 0.02375 0.015932521087160263
0 0.298125 0.3134957825679475 0.01375 0.013120899718837863
0 0.438125 0.29896907216494845 0.01375 0.015932521087160263
0 0.660625 0.1513589503280225 0.01375 0.016869728209934397
0 0.65875 0.4775070290534208 0.02 0.011246485473289597
0 0.709375 0.6255857544517338 0.0375 0.030927835051546393
0 0.63875 0.4629803186504217 0.0125 0.008434864104967198
0 0.674375 0.47797563261480785 0.00875 0.007497656982193065
0 0.29875 0.6059044048734771 0.01875 0.011246485473289597
0 0.288125 0.612464854732896 0.0125 0.011246485473289597
0 0.71875 0.4793814432989691 0.01 0.007497656982193065
0 0.3025 0.6836925960637301 0.02 0.01780693533270853
0 0.324375 0.8566073102155577 0.03 0.02999062792877226
0 0.104375 0.23570759137769448 0.025 0.019681349578256794
0 0.12 0.24695407685098406 0.0125 0.015932521087160263
0 0.166875 0.5271790065604499 0.01875 0.010309278350515464
0 0.210625 0.5435801312089972 0.02 0.010309278350515464
0 0.1 0.5773195876288659 0.01 0.005623242736644799
0 0.1975 0.5037488284910965 0.00875 0.005623242736644799
0 0.156875 0.7427366447985004 0.02125 0.016869728209934397
0 0.08375 0.7193064667291471 0.02375 0.016869728209934397
0 0.735625 0.17760074976569823 0.01625 0.014058106841611996
0 0.80875 0.15932521087160262 0.03875 0.028116213683223992
0 0.62875 0.4700093720712277 0.01375 0.008434864104967198
0 0.751875 0.8608247422680413 0.01125 0.01780693533270853
0 0.761875 0.8570759137769447 0.0075 0.01780693533270853
0 0.4625 0.7403936269915652 0.015 0.013120899718837863
0 0.526875 0.7417994376757263 0.02125 0.014058106841611996
0 0.596875 0.6954076850984068 0.02 0.016869728209934397
0 0.45375 0.5257731958762887 0.0225 0.008434864104967198
0 0.366875 0.4044048734770384 0.01375 0.010309278350515464
0 0.5125 0.338331771321462 0.01 0.010309278350515464
0 0.213125 0.40674789128397376 0.01125 0.008434864104967198