0 0.140625 0.759375 0.10125 0.1025
0 0.088125 0.5725 0.07125 0.07125
0 0.764375 0.113125 0.035 0.0425
0 0.589375 0.109375 0.035 0.04375
0 0.645 0.43 0.06125 0.045
1 0.5625 0.688125 0.10625 0.1275
0 0.875 0.473125 0.06125 0.0425
0 0.2475 0.656875 0.06 0.10625
1 0.6525 0.813125 0.09125 0.085
0 0.38 0.1025 0.03375 0.0425
0 0.908125 0.543125 0.06 0.045
1 0.469375 0.684375 0.0475 0.1125
1 0.8625 0.689375 0.11125 0.05
0 0.443125 0.4525 0.07375 0.03625
1 0.6525 0.575 0.0975 0.0775
0 0.088125 0.256875 0.015 0.015
0 0.44625 0.2475 0.03375 0.035
0 0.66 0.249375 0.01375 0.02
0 0.47375 0.245625 0.01 0.01625
0 0.714375 0.11875 0.02125 0.01875
0 0.941875 0.26125 0.0275 0.02375
0 0.82875 0.09625 0.045 0.02125
0 0.719375 0.105625 0.02625 0.0125
0 0.816875 0.148125 0.01 0.02
0 0.7925 0.163125 0.0125 0.01875
0 0.955 0.04125 0.0175 0.01625
0 0.321875 0.625625 0.0225 0.0275
0 0.246875 0.450625 0.015 0.01375
0 0.353125 0.50375 0.02875 0.01375
0 0.48 0.41625 0.02125 0.06375
0 0.368125 0.62625 0.01375 0.01875
0 0.645625 0.568125 0.0125 0.01
0 0.676875 0.641875 0.02 0.0225
0 0.828125 0.536875 0.0225 0.0225
0 0.465 0.84875 0.0275 0.01625
0 0.428125 0.789375 0.03125 0.0125
0 0.80375 0.879375 0.03 0.02375
0 0.748125 0.908125 0.02125 0.0225
0 0.2475 0.284375 0.02 0.05125
0 0.2325 0.03625 0.01375 0.0125
0 0.24 0.021875 0.02125 0.02
0 0.79625 0.453125 0.01 0.015
0 0.851875 0.436875 0.04 0.0325
0 0.66625 0.59375 0.02 0.01625
0 0.575 0.685625 0.0175 0.0175
0 0.424375 0.45375 0.00875 0.01