1 0.491875 0.5262417994376757 0.1925 0.28209934395501407
0 0.661875 0.7736644798500468 0.1775 0.1162136832239925
0 0.1375 0.5028116213683224 0.1175 0.16213683223992503
0 0.1625 0.3767572633552015 0.11 0.05716963448922212
0 0.21 0.3106841611996251 0.06375 0.05435801312089972
0 0.345 0.3233364573570759 0.0925 0.1218369259606373
0 0.40625 0.2736644798500469 0.05 0.04311152764761012
0 0.806875 0.415651358950328 0.04875 0.046860356138706656
0 0.646875 0.41611996251171507 0.045 0.05998125585754452
0 0.3125 0.44329896907216493 0.05875 0.04873477038425492
0 0.654375 0.2549203373945642 0.04 0.05060918462980318
0 0.304375 0.14245548266166824 0.0475 0.04217432052483599
0 0.320625 0.6668228678537957 0.14875 0.06373008434864105
1 0.528125 0.38706654170571697 0.1225 0.04592314901593252
0 0.4525 0.2539831302717901 0.04625 0.04967197750702906
0 0.494375 0.2282099343955014 0.0425 0.05435801312089972
0 0.601875 0.28772258669165884 0.0525 0.04779756326148079
0 0.62625 0.18603561387066542 0.0475 0.033739456419868794
0 0.801875 0.8191190253045924 0.06875 0.05998125585754452
0 0.565 0.6944704779756327 0.10625 0.061855670103092786
1 0.3075 0.851921274601687 0.1175 0.03936269915651359
0 0.585625 0.5613870665417057 0.08375 0.01874414245548266
0 0.799375 0.4723523898781631 0.02125 0.019681349578256794
0 0.793125 0.46719775070290537 0.025 0.019681349578256794
0 0.92875 0.5402999062792877 0.02 0.01218369259606373
0 0.796875 0.6171508903467666 0.02625 0.028116213683223992
0 0.893125 0.6579194001874414 0.0175 0.03280224929709466
0 0.759375 0.7582005623242737 0.0225 0.019681349578256794
0 0.76125 0.7408622305529522 0.0225 0.01874414245548266
0 0.72375 0.3003748828491096 0.03375 0.03280224929709466
0 0.32125 0.5435801312089972 0.02125 0.020618556701030927
0 0.455 0.4320524835988753 0.01125 0.016869728209934397
0 0.53 0.6532333645735707 0.02375 0.01874414245548266
0 0.518125 0.8678537956888472 0.03375 0.014058106841611996
0 0.0275 0.14667291471415184 0.02375 0.02155576382380506
0 0.1475 0.29475164011246485 0.02125 0.015932521087160263
0 0.0725 0.8331771321462043 0.01875 0.016869728209934397
0 0.168125 0.5089034676663543 0.0075 0.013120899718837863
0 0.39875 0.5093720712277413 0.045 0.029053420805998126
0 0.655 0.31162136832239923 0.075 0.01874414245548266
0 0.92875 0.549671977507029 0.0175 0.013120899718837863
0 0.90375 0.6560449859418932 0.01625 0.031865042174320526
0 0.576875 0.6935332708528584 0.04375 0.02530459231490159