1 0.063125 0.2563380281690141 0.12625 0.19718309859154928
0 0.206875 0.5572769953051643 0.05375 0.03474178403755868
1 0.6125 0.1812206572769953 0.23 0.14272300469483568
1 0.464375 0.2812206572769953 0.23125 0.15774647887323945
0 0.6125 0.2586854460093897 0.0925 0.0835680751173709
0 0.298125 0.4516431924882629 0.105 0.06854460093896714
0 0.190625 0.43333333333333335 0.10625 0.07136150234741784
0 0.19375 0.6915492957746479 0.08 0.0647887323943662
0 0.465 0.6859154929577465 0.06125 0.05727699530516432
0 0.53875 0.26854460093896715 0.06875 0.06854460093896714
0 0.604375 0.784037558685446 0.07625 0.03568075117370892
0 0.436875 0.3431924882629108 0.09625 0.046009389671361506
0 0.25375 0.6225352112676056 0.08375 0.05070422535211268
0 0.705625 0.29577464788732394 0.04 0.04225352112676056
0 0.379375 0.215962441314554 0.1375 0.08826291079812207
0 0.441875 0.6347417840375587 0.0725 0.04131455399061033
0 0.335625 0.5539906103286385 0.05 0.03380281690140845
0 0.01375 0.5591549295774648 0.02 0.03192488262910798
0 0.77 0.42065727699530514 0.07125 0.044131455399061034
0 0.161875 0.8403755868544601 0.0525 0.03568075117370892
0 0.665 0.7023474178403756 0.04875 0.04507042253521127
0 0.62 0.604225352112676 0.105 0.046009389671361506
0 0.16125 0.7718309859154929 0.045 0.05070422535211268
0 0.039375 0.28732394366197184 0.07875 0.0863849765258216
1 0.621875 0.5868544600938967 0.26625 0.09483568075117371
0 0.025625 0.24788732394366197 0.04875 0.0431924882629108
1 0.45 0.8661971830985915 0.285 0.059154929577464786
0 0.24875 0.34788732394366195 0.03875 0.03004694835680751
0 0.084375 0.32018779342723 0.025 0.01784037558685446
0 0.093125 0.16572769953051644 0.03875 0.015023474178403756
0 0.671875 0.8474178403755869 0.01875 0.011267605633802818
0 0.36625 0.460093896713615 0.0475 0.03004694835680751
0 0.43375 0.4737089201877934 0.0125 0.008450704225352112
0 0.914375 0.7788732394366197 0.0325 0.030985915492957747
0 0.7925 0.6647887323943662 0.025 0.023474178403755867
0 0.831875 0.8211267605633803 0.03125 0.01971830985915493
0 0.7825 0.8328638497652582 0.02875 0.01596244131455399
0 0.8875 0.8248826291079813 0.01625 0.008450704225352112
0 0.95625 0.6826291079812207 0.0325 0.020657276995305163
0 0.909375 0.8291079812206573 0.01375 0.008450704225352112
0 0.920625 0.8253521126760563 0.01 0.006572769953051643
0 0.801875 0.8248826291079813 0.02125 0.009389671361502348
0 0.958125 0.4708920187793427 0.03625 0.027230046948356807
0 0.93 0.23896713615023474 0.03125 0.023474178403755867
0 0.8575 0.2647887323943662 0.0375 0.036619718309859155
0 0.909375 0.8056338028169014 0.0575 0.02910798122065728
0 0.879375 0.8183098591549296 0.01125 0.005633802816901409
0 0.771875 0.8314553990610328 0.02125 0.010328638497652582
0 0.76 0.8389671361502348 0.0225 0.007511737089201878
0 0.7275 0.43427230046948356 0.06375 0.03286384976525822
0 0.566875 0.5704225352112676 0.0225 0.007511737089201878
0 0.491875 0.24084507042253522 0.01125 0.011267605633802818
1 0.700625 0.8469483568075117 0.165 0.04037558685446009