0 0.480625 0.09342723004694836 0.11625 0.09014084507042254
1 0.788125 0.10610328638497653 0.28875 0.21220657276995306
0 0.40875 0.2830985915492958 0.0475 0.04131455399061033
1 0.915 0.5676056338028169 0.17 0.17746478873239438
1 0.78875 0.4619718309859155 0.22 0.17934272300469484
0 0.82625 0.571830985915493 0.115 0.07230046948356808
0 0.55375 0.3460093896713615 0.095 0.08169014084507042
0 0.5725 0.2643192488262911 0.09875 0.08169014084507042
0 0.229375 0.2802816901408451 0.09 0.06291079812206572
0 0.25125 0.4835680751173709 0.0775 0.04788732394366197
0 0.81 0.5169014084507042 0.09375 0.054460093896713614
0 0.1275 0.5929577464788732 0.05125 0.059154929577464786
0 0.705 0.444131455399061 0.065 0.07417840375586854
0 0.324375 0.3215962441314554 0.07125 0.0647887323943662
0 0.7825 0.643661971830986 0.0575 0.03192488262910798
0 0.87125 0.39436619718309857 0.1225 0.10704225352112676
0 0.3175 0.463849765258216 0.05875 0.056338028169014086
0 0.419375 0.37934272300469485 0.0475 0.038497652582159626
0 0.3925 0.12535211267605634 0.05 0.0431924882629108
0 0.619375 0.6981220657276995 0.06125 0.054460093896713614
0 0.029375 0.2643192488262911 0.05 0.04037558685446009
0 0.239375 0.6342723004694836 0.06125 0.038497652582159626
0 0.3675 0.5953051643192488 0.06625 0.08075117370892018
0 0.120625 0.26009389671361505 0.06875 0.03568075117370892
0 0.7575 0.13051643192488263 0.11875 0.09014084507042254
1 0.39125 0.5957746478873239 0.13875 0.20187793427230047
0 0.810625 0.13098591549295774 0.05875 0.038497652582159626
1 0.02875 0.48169014084507045 0.0575 0.2140845070422535
0 0.689375 0.30375586854460096 0.04125 0.030985915492957747
0 0.7175 0.17887323943661973 0.025 0.01971830985915493
0 0.923125 0.17746478873239438 0.02125 0.03004694835680751
0 0.046875 0.6474178403755868 0.015 0.015023474178403756
0 0.545625 0.3976525821596244 0.0425 0.036619718309859155
0 0.53125 0.44929577464788734 0.01125 0.009389671361502348
0 0.15125 0.8253521126760563 0.0425 0.02629107981220657
0 0.29625 0.7281690140845071 0.0325 0.01971830985915493
0 0.09 0.7657276995305164 0.0275 0.024413145539906103
0 0.071875 0.7291079812206572 0.0225 0.0215962441314554
0 0.08875 0.8075117370892019 0.0125 0.012206572769953052
0 0.28125 0.8516431924882629 0.02875 0.02535211267605634
0 0.08375 0.8244131455399061 0.0125 0.010328638497652582
0 0.089375 0.8328638497652582 0.00875 0.007511737089201878
0 0.08375 0.7436619718309859 0.01375 0.01596244131455399
0 0.5625 0.8422535211267606 0.0375 0.028169014084507043
0 0.869375 0.8089201877934272 0.03125 0.023474178403755867
0 0.831875 0.755868544600939 0.05 0.03004694835680751
0 0.115 0.8230046948356807 0.04125 0.044131455399061034
0 0.096875 0.8014084507042254 0.0075 0.008450704225352112
0 0.07375 0.7215962441314554 0.015 0.01596244131455399
0 0.063125 0.7126760563380282 0.01125 0.016901408450704224
0 0.599375 0.6671361502347418 0.04625 0.048826291079812206
0 0.41 0.5539906103286385 0.01125 0.016901408450704224
0 0.844375 0.4802816901408451 0.015 0.009389671361502348
1 0.049375 0.6690140845070423 0.06125 0.12488262910798122