1 0.444375 0.6789732770745429 0.21 0.09142053445850915
0 0.941875 0.7018284106891702 0.11625 0.07032348804500703
0 0.14125 0.17897327707454289 0.10625 0.053445850914205346
0 0.37375 0.3593530239099859 0.08375 0.052742616033755275
0 0.06875 0.3108298171589311 0.08 0.040787623066104076
0 0.480625 0.12025316455696203 0.0825 0.052742616033755275
0 0.08875 0.12552742616033755 0.1 0.06751054852320675
0 0.44125 0.3389592123769339 0.09125 0.046413502109704644
0 0.396875 0.4159634317862166 0.07 0.035161744022503515
0 0.48 0.750351617440225 0.05625 0.02461322081575246
0 0.50125 0.5186357243319268 0.09375 0.06118143459915612
0 0.429375 0.3871308016877637 0.07875 0.04852320675105485
0 0.283125 0.5664556962025317 0.06 0.028832630098452883
0 0.023125 0.1779184247538678 0.04625 0.03656821378340366
0 0.155 0.09739803094233473 0.07125 0.034458509142053444
0 0.9875 0.7858649789029536 0.025 0.035864978902953586
0 0.57375 0.17721518987341772 0.045 0.03164556962025317
0 0.46625 0.5077355836849508 0.08875 0.07735583684950774
1 0.505625 0.6002109704641351 0.22 0.08438818565400844
0 0.06875 0.18706047819971872 0.04625 0.0639943741209564
0 0.029375 0.0981012658227848 0.05875 0.17088607594936708
0 0.06125 0.25492264416315047 0.1225 0.05555555555555555
0 0.64875 0.21765119549929676 0.0825 0.03375527426160337
0 0.01375 0.3146976090014065 0.0275 0.023206751054852322
0 0.601875 0.25070323488045004 0.02625 0.014064697609001406
0 0.505625 0.31223628691983124 0.04875 0.027426160337552744
0 0.53125 0.3182137834036568 0.0275 0.014767932489451477
0 0.725 0.2928973277074543 0.0425 0.023206751054852322
0 0.28125 0.4908579465541491 0.02125 0.011954992967651195
0 0.035625 0.350210970464135 0.03 0.04219409282700422
0 0.6 0.439873417721519 0.04125 0.02250351617440225
0 0.451875 0.4750351617440225 0.03375 0.026722925457102673
0 0.430625 0.47890295358649787 0.02625 0.01617440225035162
0 0.4175 0.4971870604781997 0.01875 0.009845288326300985
0 0.925 0.3769338959212377 0.04 0.02109704641350211
0 0.675 0.5759493670886076 0.02875 0.014767932489451477
0 0.863125 0.5784106891701828 0.0325 0.011251758087201125
0 0.975625 0.5436005625879043 0.0275 0.04571026722925457
0 0.92875 0.420182841068917 0.05875 0.02109704641350211
0 0.401875 0.4177215189873418 0.0175 0.009845288326300985