0 0.5375 0.39530516431924884 0.0675 0.051643192488262914
0 0.625 0.5497652582159624 0.1175 0.0431924882629108
0 0.61125 0.3812206572769953 0.08 0.04225352112676056
0 0.503125 0.5802816901408451 0.07625 0.03943661971830986
0 0.360625 0.571830985915493 0.0475 0.03568075117370892
0 0.235 0.5488262910798122 0.04625 0.03192488262910798
0 0.41 0.5483568075117371 0.04375 0.03380281690140845
0 0.35 0.7624413145539906 0.05375 0.036619718309859155
0 0.725625 0.5990610328638498 0.0375 0.023474178403755867
0 0.811875 0.5830985915492958 0.0375 0.024413145539906103
0 0.884375 0.5507042253521127 0.0375 0.023474178403755867
0 0.78 0.568075117370892 0.0125 0.009389671361502348
0 0.78375 0.6901408450704225 0.04125 0.02910798122065728
0 0.891875 0.8126760563380282 0.01875 0.01784037558685446
0 0.825 0.8774647887323944 0.02125 0.01596244131455399
0 0.751875 0.7333333333333333 0.0225 0.013145539906103286
0 0.486875 0.4126760563380282 0.0325 0.03192488262910798
0 0.555 0.535680751173709 0.0175 0.016901408450704224
0 0.46875 0.43051643192488265 0.015 0.013145539906103286
0 0.539375 0.6535211267605634 0.025 0.015023474178403756
0 0.44125 0.8014084507042254 0.025 0.02535211267605634
0 0.28 0.6333333333333333 0.02125 0.01971830985915493
0 0.395625 0.7544600938967136 0.025 0.01971830985915493
0 0.65625 0.7014084507042253 0.0225 0.013145539906103286
0 0.444375 0.7539906103286385 0.02125 0.015023474178403756
0 0.138125 0.43708920187793426 0.03625 0.027230046948356807
0 0.26375 0.5737089201877934 0.01875 0.013145539906103286
0 0.16875 0.6075117370892019 0.02125 0.014084507042253521
0 0.006875 0.7892018779342723 0.01375 0.01971830985915493
0 0.139375 0.6953051643192488 0.02 0.01971830985915493
0 0.048125 0.7924882629107981 0.02125 0.023474178403755867
0 0.496875 0.2774647887323944 0.00875 0.014084507042253521
0 0.508125 0.2671361502347418 0.0125 0.018779342723004695
0 0.653125 0.13661971830985917 0.015 0.005633802816901409
0 0.6825 0.16291079812206571 0.01625 0.006572769953051643
0 0.808125 0.17230046948356809 0.025 0.008450704225352112
0 0.905 0.18685446009389672 0.0225 0.006572769953051643
0 0.913125 0.7699530516431925 0.045 0.02910798122065728