0 0.585625 0.5215557638238051 0.11375 0.13495782567947517
0 0.379375 0.753045923149016 0.06375 0.04311152764761012
0 0.085625 0.5046860356138707 0.06625 0.05998125585754452
0 0.651875 0.4339268978444236 0.0975 0.12839737582005623
0 0.6275 0.1893158388003749 0.05 0.04029990627928772
0 0.6775 0.7024367385192127 0.06125 0.09278350515463918
0 0.11375 0.5379568884723523 0.06875 0.02155576382380506
0 0.14 0.7853795688847235 0.06625 0.01874414245548266
0 0.085625 0.8116213683223993 0.0775 0.019681349578256794
0 0.214375 0.8828491096532334 0.04875 0.04592314901593252
0 0.205 0.8969072164948454 0.02125 0.01780693533270853
0 0.728125 0.8491096532333646 0.0325 0.01780693533270853
0 0.705 0.47375820056232426 0.02625 0.01874414245548266
0 0.570625 0.2511715089034677 0.03375 0.02436738519212746
0 0.399375 0.23289597000937207 0.0325 0.02436738519212746
0 0.85875 0.38847235238987815 0.04125 0.029053420805998126
0 0.99875 0.49250234301780693 0.0025 0.014058106841611996
0 0.924375 0.26288659793814434 0.0325 0.02436738519212746
0 0.814375 0.1682286785379569 0.03125 0.02436738519212746
0 0.7725 0.20852858481724462 0.03125 0.023430178069353328
0 0.589375 0.5552952202436738 0.02 0.019681349578256794
0 0.630625 0.45454545454545453 0.0225 0.022492970946579195
0 0.665625 0.3612933458294283 0.03 0.016869728209934397
0 0.653125 0.7333645735707591 0.015 0.019681349578256794
0 0.695 0.7244611059044048 0.02875 0.028116213683223992
0 0.208125 0.8753514526710403 0.0125 0.01874414245548266
0 0.106875 0.8003748828491096 0.0275 0.01218369259606373
0 0.081875 0.8050609184629803 0.01 0.006560449859418931
0 0.066875 0.8069353327085286 0.0125 0.005623242736644799
0 0.05 0.8092783505154639 0.0075 0.006560449859418931
0 0.156875 0.5449859418931584 0.08125 0.023430178069353328
0 0.8325 0.3776944704779756 0.0825 0.06935332708528585
0 0.686875 0.3247422680412371 0.07625 0.06935332708528585
0 0.536875 0.26710402999062793 0.07125 0.07029053420805999
0 0.485 0.2507029053420806 0.015 0.008434864104967198
1 0.42875 0.26288659793814434 0.1575 0.10028116213683223
1 0.463125 0.30880974695407687 0.35625 0.20056232427366447
1 0.4675 0.29381443298969073 0.365 0.22399250234301782
1 0.685625 0.33083411433926896 0.385 0.2211808809746954
1 0.686875 0.31865042174320524 0.38875 0.22867853795688847