0 0.46125 0.5609184629803187 0.17 0.07029053420805999
0 0.74625 0.07872539831302718 0.0425 0.041237113402061855
0 0.179375 0.3795688847235239 0.05125 0.04311152764761012
0 0.544375 0.19119025304592316 0.07375 0.04311152764761012
0 0.56875 0.6208997188378632 0.1625 0.059044048734770385
0 0.895625 0.6326148078725399 0.04875 0.033739456419868794
0 0.34375 0.11199625117150891 0.0425 0.04217432052483599
0 0.21035 0.6072539831302718 0.1192875 0.035501405810684165
0 0.209375 0.05388940955951265 0.04125 0.04217432052483599
0 0.4971 0.2080506091846298 0.021662499999999998 0.049484536082474224
0 0.1664 0.1970946579194002 0.017925 0.048434864104967196
0 0.13724999999999998 0.15207122774133083 0.0170125 0.06045923149015933
0 0.028125 0.2408622305529522 0.05625 0.031865042174320526
0 0.159375 0.059493908153701966 0.01375 0.023477038425492036
0 0.0106375 0.23217432052483597 0.021275 0.014489222118088098
0 0.920625 0.07966260543580131 0.04125 0.028116213683223992
0 0.8224125 0.09259606373008435 0.0275 0.011246485473289597
0 0.01 0.626991565135895 0.02 0.022492970946579195
0 0.51 0.6555763823805061 0.0225 0.01780693533270853
0 0.820625 0.5829428303655108 0.02875 0.022492970946579195
0 0.865625 0.457825679475164 0.02875 0.02155576382380506
0 0.60375 0.7806935332708529 0.035 0.028116213683223992
0 0.448125 0.8786316776007498 0.01875 0.01218369259606373
0 0.761875 0.8448922211808809 0.02875 0.02155576382380506
0 0.900625 0.7741330834114339 0.02875 0.020618556701030927
0 0.8525 0.7385192127460168 0.0275 0.020618556701030927
0 0.4157125 0.5600937207122774 0.024300000000000002 0.013336457357075913
0 0.54415 0.6027085285848173 0.0269 0.013992502343017807
0 0.6637000000000001 0.6399625117150891 0.0186625 0.020168697282099343
0 0.17227499999999998 0.5856326148078725 0.025162499999999997 0.009756326148078726
0 0.17965 0.6176757263355201 0.0347125 0.018547328959700092
0 0.039025 0.23692596063730084 0.023775 0.007085285848172446
0 0.15 0.17087160262417994 0.0134125 0.019887535145267102
0 0.14665 0.15166822867853796 0.0073124999999999996 0.006626054358013121
0 0.1460375 0.14000937207122774 0.0060999999999999995 0.008003748828491095
0 0.1458875 0.12560449859418932 0.007625 0.008003748828491095
0 0.482375 0.23902530459231489 0.0210625 0.05899718837863168
0 0.6213125 0.7623336457357076 0.08398749999999999 0.05440487347703842
0 0.7093625 0.6603936269915651 0.0856125 0.04982193064667291
0 0.8039499999999999 0.5555482661668228 0.0880625 0.04554826616682287
0 0.831675 0.5191752577319588 0.0097875 0.0107029053420806
1 0.8225 0.4759231490159325 0.11699999999999999 0.10759137769447047
1 0.757275 0.4958950328022493 0.22871249999999999 0.24799437675726338
1 0.7771750000000001 0.5008059981255858 0.259875 0.2520618556701031
1 0.7014875 0.6587628865979381 0.2539 0.267244611059044
1 0.7175 0.6614058106841613 0.2642125 0.2692783505154639