0 0.576875 0.53514526710403 0.11125 0.13402061855670103
0 0.306875 0.7263355201499532 0.0625 0.04311152764761012
0 0.095 0.43486410496719774 0.065 0.059044048734770385
0 0.6675 0.46157450796626054 0.095 0.1274601686972821
0 0.7175 0.21883786316776008 0.05 0.04029990627928772
0 0.611875 0.7268041237113402 0.06 0.09184629803186505
0 0.1125 0.471883786316776 0.0675 0.020618556701030927
0 0.06375 0.7174320524835989 0.06625 0.01780693533270853
0 0.020625 0.7338331771321462 0.04125 0.01874414245548266
0 0.106875 0.8247422680412371 0.04875 0.04498594189315839
0 0.093125 0.8369259606373008 0.02125 0.016869728209934397
0 0.6175 0.8786316776007498 0.0325 0.016869728209934397
0 0.7075 0.5089034676663543 0.02625 0.01874414245548266
0 0.64375 0.2694470477975633 0.0325 0.023430178069353328
0 0.4825 0.22305529522024367 0.03125 0.023430178069353328
0 0.883125 0.45220243673851923 0.04125 0.029053420805998126
0 0.99 0.5773195876288659 0.00625 0.014058106841611996
0 0.984375 0.3406747891283974 0.03125 0.023430178069353328
0 0.905625 0.23008434864104968 0.03 0.023430178069353328
0 0.853125 0.2619493908153702 0.03 0.022492970946579195
0 0.570625 0.5693533270852859 0.02 0.01874414245548266
0 0.640625 0.4775070290534208 0.02125 0.02155576382380506
0 0.703125 0.39268978444236174 0.02875 0.015932521087160263
0 0.579375 0.753045923149016 0.015 0.019681349578256794
0 0.6225 0.7511715089034676 0.02875 0.028116213683223992
0 0.103125 0.8163074039362699 0.0125 0.01874414245548266
0 0.026875 0.7268041237113402 0.0275 0.01218369259606373
0 0.003125 0.7268041237113402 0.00625 0.006560449859418931
0 0.151875 0.485941893158388 0.08 0.02155576382380506
0 0.860625 0.4372071227741331 0.08125 0.06841611996251172
0 0.734375 0.36082474226804123 0.075 0.06841611996251172
0 0.605625 0.27928772258669166 0.07 0.07029053420805999
0 0.56 0.25445173383317715 0.015 0.008434864104967198
1 0.501875 0.25679475164011245 0.155 0.09934395501405811
1 0.52125 0.30740393626991563 0.35375 0.19681349578256796
1 0.53 0.29381443298969073 0.36125 0.22024367385192128
1 0.731875 0.36644798500468606 0.38125 0.21743205248359887
1 0.73625 0.3547328959700094 0.38375 0.22492970946579194