0 0.59625 0.2624413145539906 0.0425 0.03286384976525822
0 0.14051249999999998 0.5004694835680751 0.06125 0.0431924882629108
0 0.219375 0.3615023474178404 0.05625 0.046948356807511735
0 0.969375 0.11549295774647887 0.06125 0.056338028169014086
0 0.21771249999999998 0.5056338028169014 0.050425000000000005 0.03474178403755868
0 0.415625 0.23943661971830985 0.03625 0.056338028169014086
0 0.56455 0.3655962441314554 0.0466125 0.040112676056338024
0 0.38625 0.2563380281690141 0.03 0.03192488262910798
0 0.37 0.2863849765258216 0.0275 0.02629107981220657
0 0.60875 0.3215962441314554 0.03 0.0215962441314554
0 0.4625 0.1835680751173709 0.0275 0.02535211267605634
0 0.4025 0.17230046948356809 0.0325 0.03286384976525822
0 0.525 0.2403755868544601 0.03 0.02629107981220657
0 0.388125 0.3075117370892019 0.01875 0.01596244131455399
0 0.33921250000000003 0.1572769953051643 0.0290625 0.02535211267605634
0 0.37625 0.22253521126760564 0.0175 0.015023474178403756
0 0.369375 0.15868544600938966 0.02875 0.022535211267605635
0 0.428125 0.28779342723004697 0.01875 0.014084507042253521
0 0.371875 0.32930516431924883 0.03875 0.027624413145539907
0 0.534375 0.26666666666666666 0.01375 0.015023474178403756
0 0.238125 0.4089201877934272 0.02625 0.0215962441314554
0 0.206725 0.5398779342723005 0.0242 0.01752112676056338
0 0.3314125 0.37464788732394366 0.030325 0.028169014084507043
0 0.25875 0.38591549295774646 0.0175 0.016901408450704224
0 0.471875 0.3539906103286385 0.03875 0.03004694835680751
0 0.44375 0.3427230046948357 0.0225 0.018779342723004695
0 0.45625 0.3854460093896714 0.0325 0.027230046948356807
0 0.395625 0.3572769953051643 0.02375 0.0215962441314554
0 0.48625 0.6375586854460094 0.045 0.016901408450704224
0 0.515 0.6061032863849766 0.0275 0.01971830985915493
0 0.49125 0.6225352112676056 0.0575 0.016901408450704224
0 0.36875 0.3539906103286385 0.025 0.020657276995305163
0 0.428125 0.44084507042253523 0.01125 0.010328638497652582
0 0.63625 0.5652582159624413 0.015 0.011267605633802818
0 0.5175 0.6492957746478873 0.045 0.01971830985915493
0 0.515625 0.6605633802816901 0.01875 0.010328638497652582
0 0.499375 0.5061032863849765 0.01375 0.007511737089201878
0 0.404375 0.6384976525821596 0.00625 0.016901408450704224
0 0.490625 0.7356807511737089 0.01875 0.014084507042253521
0 0.450625 0.6807511737089202 0.00875 0.011267605633802818
0 0.468125 0.7267605633802817 0.02125 0.009389671361502348
0 0.435625 0.7530516431924883 0.01375 0.007511737089201878
0 0.52125 0.6816901408450704 0.0225 0.007511737089201878
0 0.409675 0.3003004694835681 0.009899999999999999 0.008610328638497653
0 0.5091 0.39142723004694835 0.0419625 0.04052582159624413
0 0.5290375 0.4008262910798122 0.0469125 0.043267605633802816
0 0.5702125 0.3991643192488263 0.047424999999999995 0.04110798122065728
0 0.5381625 0.425981220657277 0.042225 0.02975586854460094
0 0.5315124999999999 0.4432112676056338 0.029449999999999997 0.025061032863849766
0 0.5166625 0.4591643192488263 0.029975 0.027990610328638497
0 0.4704 0.5213145539906103 0.0432625 0.023492957746478874
0 0.505325 0.545981220657277 0.04535 0.036018779342723004
0 0.475225 0.5398215962441314 0.021625000000000002 0.028384976525821597
0 0.4302625 0.5403098591549296 0.0427375 0.03249765258215962
0 0.40551250000000005 0.5418779342723005 0.02085 0.033276995305164314
0 0.46115 0.5631173708920189 0.05395 0.01624413145539906
0 0.486775 0.6373145539906103 0.0190875 0.012065727699530517
0 0.5353125 0.6605727699530516 0.0188625 0.03690140845070422
0 0.5349625 0.676319248826291 0.013500000000000002 0.005417840375586854
0 0.50215 0.6255117370892018 0.013500000000000002 0.005596244131455399
0 0.5148375000000001 0.5615117370892019 0.0123375 0.005248826291079812
0 0.221325 0.5794741784037558 0.0402875 0.030704225352112677