0 0.62875 0.27136150234741785 0.04625 0.03568075117370892
0 0.1425 0.4723004694835681 0.0675 0.04788732394366197
0 0.24 0.3403755868544601 0.0625 0.05070422535211268
0 0.9925 0.1544600938967136 0.015 0.06103286384976526
0 0.218125 0.4835680751173709 0.055 0.038497652582159626
0 0.4525 0.23427230046948358 0.04375 0.059154929577464786
0 0.5825 0.3713615023474178 0.05125 0.044131455399061034
0 0.420625 0.24882629107981222 0.03375 0.03380281690140845
0 0.400625 0.2774647887323944 0.03125 0.028169014084507043
0 0.633125 0.33098591549295775 0.0325 0.023474178403755867
0 0.506875 0.18215962441314554 0.03125 0.027230046948356807
0 0.44875 0.16666666666666666 0.0375 0.03568075117370892
0 0.56125 0.24366197183098592 0.03375 0.028169014084507043
0 0.415625 0.3 0.02125 0.016901408450704224
0 0.388125 0.14647887323943662 0.0325 0.027230046948356807
0 0.415625 0.21455399061032865 0.02 0.01596244131455399
0 0.4175 0.15023474178403756 0.03125 0.024413145539906103
0 0.458125 0.2830985915492958 0.02 0.015023474178403756
0 0.39625 0.32018779342723 0.0425 0.03004694835680751
0 0.566875 0.2704225352112676 0.01625 0.01596244131455399
0 0.2525 0.38873239436619716 0.02875 0.023474178403755867
0 0.203125 0.5169014084507042 0.02625 0.01971830985915493
0 0.349375 0.3619718309859155 0.03375 0.03004694835680751
0 0.27625 0.3676056338028169 0.02 0.01784037558685446
0 0.4925 0.35258215962441314 0.0425 0.03286384976525822
0 0.46625 0.3389671361502347 0.025 0.020657276995305163
0 0.4725 0.3826291079812207 0.03625 0.03004694835680751
0 0.41625 0.34976525821596244 0.02625 0.023474178403755867
0 0.466875 0.6356807511737089 0.0475 0.020657276995305163
0 0.5 0.6065727699530516 0.03 0.0215962441314554
0 0.474375 0.6211267605633802 0.06 0.0215962441314554
0 0.39 0.34460093896713617 0.0275 0.022535211267605635
0 0.436875 0.4356807511737089 0.0125 0.011267605633802818
0 0.62625 0.5755868544600939 0.01625 0.012206572769953052
0 0.496875 0.6497652582159624 0.0475 0.023474178403755867
0 0.493125 0.6610328638497652 0.02 0.012206572769953052
0 0.49875 0.5061032863849765 0.015 0.008450704225352112
0 0.385625 0.6300469483568075 0.00875 0.016901408450704224
0 0.458125 0.7338028169014085 0.02 0.015023474178403756
0 0.425625 0.676056338028169 0.01 0.012206572769953052
0 0.436875 0.7230046948356808 0.0225 0.011267605633802818
0 0.400625 0.7464788732394366 0.015 0.008450704225352112
0 0.495625 0.6821596244131456 0.02375 0.009389671361502348
0 0.4375 0.2943661971830986 0.01125 0.009389671361502348
0 0.524375 0.3929577464788732 0.0475 0.0431924882629108
0 0.5425 0.40375586854460094 0.05375 0.046948356807511735
0 0.58375 0.4051643192488263 0.0525 0.04507042253521127
0 0.548125 0.4291079812206573 0.04625 0.03286384976525822
0 0.53875 0.4460093896713615 0.03375 0.027230046948356807
0 0.5225 0.46056338028169014 0.03375 0.03004694835680751
0 0.468125 0.5187793427230047 0.04625 0.027230046948356807
0 0.499375 0.5460093896713615 0.05 0.03943661971830986
0 0.469375 0.5375586854460094 0.025 0.03004694835680751
0 0.425 0.5347417840375587 0.04625 0.03568075117370892
0 0.400625 0.5342723004694836 0.02625 0.03474178403755868
0 0.4525 0.5596244131455399 0.05625 0.01971830985915493
0 0.468125 0.6352112676056338 0.02 0.013145539906103286
0 0.5125 0.6624413145539906 0.02375 0.03755868544600939
0 0.51 0.6784037558685446 0.015 0.006572769953051643
0 0.484375 0.6248826291079812 0.015 0.006572769953051643
0 0.50625 0.5624413145539906 0.01375 0.006572769953051643
0 0.211875 0.5568075117370892 0.04375 0.03380281690140845