0 0.5431 0.3141424554826617 0.1313125 0.10647610121836926
0 0.7348375 0.28301780693533274 0.1128375 0.07877225866916589
0 0.6267125 0.32575445173383316 0.0890875 0.0682567947516401
0 0.1475 0.514526710402999 0.065 0.05248359887535145
0 0.54375 0.5309278350515464 0.05 0.03655107778819119
0 0.72875 0.48641049671977504 0.1275 0.04498594189315839
0 0.583125 0.4990627928772259 0.04625 0.030927835051546393
0 0.1725 0.5187441424554826 0.05 0.02530459231490159
0 0.430275 0.5032333645735708 0.0760875 0.018837863167760076
0 0.423475 0.47851921274601683 0.0794625 0.021396438612933458
0 0.37715000000000004 0.449456419868791 0.10691250000000001 0.029671977507029053
0 0.12875 0.1626054358013121 0.095 0.04029990627928772
0 0.781875 0.5149953139643861 0.04625 0.03467666354264293
0 0.357625 0.46354264292408626 0.0707875 0.01549203373945642
0 0.21625 0.21790065604498593 0.035 0.014058106841611996
0 0.140625 0.17478912839737581 0.04125 0.01780693533270853
0 0.213125 0.2282099343955014 0.02375 0.008434864104967198
0 0.275625 0.23089971883786317 0.02625 0.008434864104967198
0 0.170625 0.42830365510777885 0.01875 0.011246485473289597
0 0.09 0.4746954076850984 0.0375 0.023430178069353328
0 0.179375 0.5571696344892221 0.04875 0.02530459231490159
0 0.29 0.4184629803186504 0.02 0.014058106841611996
0 0.134375 0.6002811621368322 0.02625 0.015932521087160263
0 0.16 0.53970946579194 0.0525 0.022492970946579195
0 0.140625 0.6204311152764761 0.02625 0.01499531396438613
0 0.14125 0.42924086223055297 0.02 0.013120899718837863
0 0.64375 0.5182755388940956 0.04 0.028116213683223992
0 0.61125 0.5107778819119025 0.0275 0.020618556701030927
0 0.545 0.5571696344892221 0.03 0.01780693533270853
0 0.88125 0.4901593252108716 0.035 0.031865042174320526
0 0.93375 0.44189315838800375 0.035 0.03280224929709466
0 0.890625 0.35835988753514525 0.03875 0.021808809746954077
0 0.80625 0.40487347703842547 0.0225 0.01874414245548266
0 0.759375 0.3335801312089972 0.04125 0.02449859418931584
0 0.7425 0.507029053420806 0.0325 0.013120899718837863
0 0.786875 0.5332708528584817 0.02875 0.01499531396438613
0 0.37335 0.22638238050609186 0.040925 0.010974695407685099
0 0.387175 0.23237113402061854 0.0626125 0.014835988753514526