0 0.50375 0.31115276476101217 0.1525 0.12089971883786317
0 0.686875 0.2582005623242737 0.1275 0.09090909090909091
0 0.58875 0.31302717900656046 0.1025 0.07778819119025304
0 0.155 0.555763823805061 0.075 0.059044048734770385
0 0.549375 0.5253045923149016 0.0575 0.04217432052483599
0 0.723125 0.4597000937207123 0.135 0.059044048734770385
0 0.581875 0.48922211808809746 0.0525 0.03561387066541706
0 0.180625 0.5567010309278351 0.055 0.030927835051546393
0 0.43125 0.5112464854732895 0.07875 0.02717900656044986
0 0.42 0.4878163074039363 0.08375 0.030927835051546393
0 0.368125 0.46438612933458295 0.1125 0.04217432052483599
0 0.063125 0.2104029990627929 0.1025 0.05060918462980318
0 0.78125 0.4817244611059044 0.0525 0.03936269915651359
0 0.351875 0.48078725398313027 0.07375 0.02436738519212746
0 0.160625 0.25445173383317715 0.0375 0.01780693533270853
0 0.0775 0.22071227741330834 0.045 0.022492970946579195
0 0.16 0.26522961574507964 0.025 0.011246485473289597
0 0.2225 0.260543580131209 0.0275 0.011246485473289597
0 0.16 0.4676663542642924 0.02125 0.013120899718837863
0 0.09 0.5229615745079662 0.0425 0.02717900656044986
0 0.195 0.5941893158388004 0.05375 0.030927835051546393
0 0.275625 0.4442361761949391 0.0225 0.015932521087160263
0 0.16 0.6419868791002812 0.02875 0.01874414245548266
0 0.1725 0.5791940018744143 0.05625 0.028116213683223992
0 0.17 0.6611996251171509 0.02875 0.01780693533270853
0 0.130625 0.4723523898781631 0.0225 0.01499531396438613
0 0.645625 0.5014058106841612 0.045 0.03280224929709466
0 0.611875 0.49765698219306465 0.03125 0.023430178069353328
0 0.55625 0.5510777881911902 0.03375 0.02155576382380506
0 0.874375 0.4456419868791003 0.04125 0.03561387066541706
0 0.91625 0.3917525773195876 0.04125 0.03655107778819119
0 0.85625 0.31443298969072164 0.0425 0.026241799437675725
0 0.7825 0.3701968134957826 0.02625 0.02155576382380506
0 0.72125 0.30506091846298033 0.04625 0.029053420805998126
0 0.74125 0.4784442361761949 0.035 0.016869728209934397
0 0.79 0.4990627928772259 0.03125 0.01780693533270853
0 0.3175 0.24461105904404873 0.0425 0.015932521087160263
0 0.3325 0.24882849109653232 0.065 0.022492970946579195