0 0.44375 0.33270852858481725 0.1125 0.07029053420805999
0 0.4275 0.45220243673851923 0.08875 0.05810684161199625
0 0.108125 0.6790065604498594 0.08 0.05998125585754452
0 0.63125 0.31021555763823805 0.0625 0.053420805998125584
0 0.164375 0.49250234301780693 0.075 0.046860356138706656
0 0.553125 0.4287722586691659 0.09125 0.06373008434864105
0 0.704375 0.47891283973758203 0.07 0.04779756326148079
0 0.096875 0.4231490159325211 0.06875 0.03936269915651359
0 0.605625 0.380506091846298 0.04625 0.03936269915651359
0 0.66875 0.5773195876288659 0.08625 0.12371134020618557
0 0.2375 0.703842549203374 0.0525 0.04967197750702906
0 0.26125 0.5009372071227741 0.06 0.04029990627928772
0 0.89625 0.6883786316776007 0.065 0.09090909090909091
0 0.269375 0.5960637300843487 0.05125 0.044048734770384255
0 0.911875 0.3467666354264292 0.06625 0.041237113402061855
0 0.28375 0.4662605435801312 0.05375 0.03936269915651359
0 0.06375 0.7277413308341143 0.055 0.03561387066541706
0 0.6575 0.6879100281162137 0.0625 0.10121836925960637
0 0.199375 0.5796626054358013 0.06125 0.03936269915651359
0 0.9825 0.6251171508903468 0.035 0.033739456419868794
0 0.2225 0.5604498594189316 0.035 0.06279287722586692
0 0.006875 0.3331771321462043 0.01375 0.019681349578256794
0 0.9725 0.2802249297094658 0.01625 0.02530459231490159
0 0.00625 0.4006560449859419 0.0125 0.02155576382380506
0 0.225625 0.4709465791940019 0.03125 0.02155576382380506
0 0.40375 0.5974695407685099 0.04875 0.015932521087160263
0 0.520625 0.34395501405810686 0.0475 0.02717900656044986
0 0.5675 0.3430178069353327 0.0275 0.01780693533270853
0 0.4825 0.584817244611059 0.015 0.010309278350515464
0 0.405 0.6068416119962512 0.01375 0.008434864104967198
0 0.48 0.6321462043111528 0.015 0.029053420805998126
0 0.484375 0.5941893158388004 0.01 0.007497656982193065
0 0.669375 0.49625117150890347 0.03125 0.02436738519212746
0 0.65125 0.6447985004686035 0.01375 0.010309278350515464
0 0.813125 0.42783505154639173 0.03 0.01874414245548266
0 0.69 0.3936269915651359 0.0275 0.01780693533270853
0 0.7275 0.6387066541705717 0.01875 0.01218369259606373
0 0.675 0.5979381443298969 0.0175 0.022492970946579195
0 0.81625 0.6293345829428304 0.0175 0.01218369259606373
0 0.81 0.6438612933458294 0.0275 0.03655107778819119
0 0.273125 0.7802249297094658 0.035 0.028116213683223992
0 0.2425 0.8809746954076851 0.02625 0.020618556701030927
0 0.08875 0.8641049671977507 0.0175 0.015932521087160263
0 0.355625 0.6874414245548266 0.04125 0.01874414245548266
0 0.6725 0.8252108716026242 0.0175 0.011246485473289597
0 0.360625 0.6958762886597938 0.01875 0.010309278350515464
0 0.70125 0.7507029053420806 0.01875 0.013120899718837863
0 0.863125 0.8083411433926898 0.02125 0.015932521087160263
0 0.930625 0.823805060918463 0.015 0.010309278350515464
0 0.88375 0.7361761949390815 0.0175 0.00937207122774133
0 0.8425 0.5074976569821931 0.0425 0.031865042174320526
0 0.725625 0.49812558575445176 0.0575 0.033739456419868794
0 0.731875 0.5051546391752577 0.06375 0.03748828491096532