0 0.205625 0.29887482419127986 0.09375 0.07032348804500703
0 0.6875 0.5872011251758087 0.13 0.07313642756680731
0 0.431875 0.4676511954992968 0.10375 0.05063291139240506
0 0.289375 0.4040084388185654 0.10375 0.05414908579465542
0 0.750625 0.44760900140646975 0.09125 0.07665260196905767
0 0.405625 0.5731364275668073 0.05125 0.03656821378340366
0 0.668125 0.4272151898734177 0.14375 0.03656821378340366
0 0.679375 0.45112517580872014 0.11875 0.04992967651195499
0 0.45 0.5745428973277075 0.0575 0.040787623066104076
0 0.699375 0.3772855133614627 0.11125 0.04008438818565401
0 0.20125 0.5453586497890295 0.045 0.023206751054852322
0 0.125625 0.4838255977496484 0.02375 0.007032348804500703
0 0.02125 0.2348804500703235 0.04 0.02109704641350211
0 0.155 0.23312236286919832 0.045 0.02109704641350211
0 0.40625 0.6540084388185654 0.0225 0.012658227848101266
0 0.276875 0.6782700421940928 0.02375 0.010548523206751054
0 0.69 0.6434599156118144 0.025 0.009845288326300985
0 0.733125 0.6687763713080169 0.02625 0.009845288326300985
0 0.311875 0.5942334739803095 0.04375 0.02250351617440225
0 0.398125 0.4110407876230661 0.02125 0.007735583684950774
0 0.31 0.23558368495077356 0.04125 0.02109704641350211
0 0.2525 0.3234880450070324 0.0225 0.011251758087201125
0 0.481875 0.3059071729957806 0.00875 0.005625879043600563
0 0.475 0.22292545710267228 0.0225 0.008438818565400843
0 0.453125 0.22292545710267228 0.02375 0.008438818565400843
0 0.626875 0.2893811533052039 0.00875 0.004922644163150493
0 0.429375 0.2218706047819972 0.02375 0.006329113924050633
0 0.423125 0.40365682137834036 0.02125 0.007032348804500703
0 0.888125 0.629746835443038 0.03375 0.017580872011251757
0 0.843125 0.6550632911392406 0.02875 0.011954992967651195
0 0.9625 0.6705344585091421 0.025 0.011954992967651195
0 0.919375 0.4131504922644163 0.01125 0.006329113924050633
0 0.938125 0.39838255977496484 0.02875 0.01617440225035162
0 0.65625 0.4616736990154712 0.01125 0.004219409282700422
0 0.495 0.22011251758087202 0.01375 0.0028129395218002813