0 0.8575 0.33438818565400846 0.125 0.052742616033755275
0 0.345 0.6054852320675106 0.13 0.07313642756680731
0 0.5575 0.4616736990154712 0.09 0.058368495077355836
0 0.670625 0.38150492264416314 0.09625 0.058368495077355836
0 0.593125 0.6409985935302391 0.13625 0.051336146272855133
0 0.37 0.4469057665260197 0.065 0.028832630098452883
0 0.6296625 0.5946132208157524 0.0647 0.08092827004219409
0 0.5871625 0.6007524613220816 0.088175 0.06713080168776371
0 0.3675 0.4718987341772152 0.0725 0.03229957805907173
0 0.718125 0.6121659634317862 0.07125 0.06258790436005626
0 0.615 0.180028129395218 0.04 0.02531645569620253
0 0.419375 0.3318565400843882 0.04125 0.025175808720112516
0 0.52875 0.2893811533052039 0.0125 0.013361462728551337
0 0.61625 0.19866385372714487 0.015 0.010548523206751054
0 0.97125 0.23066104078762306 0.0375 0.02250351617440225
0 0.87375 0.20253164556962025 0.0175 0.008438818565400843
0 0.875 0.21237693389592124 0.02 0.009845288326300985
0 0.9743125 0.3059071729957806 0.0375 0.02531645569620253
0 0.22625 0.4472573839662447 0.0225 0.012658227848101266
0 0.183125 0.3744725738396624 0.01875 0.013361462728551337
0 0.245 0.6068917018284107 0.0175 0.014064697609001406
0 0.2 0.6311533052039381 0.0175 0.014767932489451477
0 0.332575 0.3941631504922644 0.04015 0.02461322081575246
0 0.6582250000000001 0.4428481012658228 0.01395 0.012278481012658228
0 0.9698749999999999 0.39307313642756686 0.0375 0.023206751054852322
0 0.81375 0.36075949367088606 0.02 0.012658227848101266
0 0.845 0.48980309423347396 0.01 0.004922644163150493
0 0.9925 0.4859353023909986 0.015 0.012658227848101266
0 0.9925 0.47362869198312235 0.015 0.013361462728551337
0 0.874375 0.5713783403656821 0.00875 0.004922644163150493
0 0.994375 0.46026722925457103 0.01125 0.013361462728551337
0 0.6711499999999999 0.45680731364275673 0.0127 0.012067510548523206
0 0.308125 0.79957805907173 0.04375 0.026722925457102673
0 0.269375 0.7183544303797469 0.03125 0.0189873417721519
0 0.224375 0.6930379746835443 0.02125 0.01617440225035162
0 0.196875 0.760196905766526 0.02125 0.014064697609001406
0 0.12375 0.8502109704641351 0.0275 0.014064697609001406
0 0.6348375 0.8442897327707454 0.0125 0.006329113924050633
0 0.654375 0.7359353023909986 0.01125 0.006329113924050633
0 0.680625 0.7464838255977496 0.02875 0.01617440225035162
0 0.678125 0.8343881856540084 0.02375 0.013361462728551337
0 0.5680125 0.5878762306610408 0.0078125 0.0065049226441631506
0 0.9972875000000001 0.4970886075949367 0.0054375 0.00749648382559775