0 0.123125 0.6511954992967651 0.13125 0.057665260196905765
0 0.6675 0.4008438818565401 0.13875 0.07805907172995781
0 0.438125 0.5358649789029536 0.0975 0.06188466947960619
0 0.315 0.6114627285513361 0.10375 0.06188466947960619
0 0.424375 0.3558368495077356 0.1425 0.05625879043600562
0 0.623125 0.5580168776371308 0.06875 0.03164556962025317
0 0.3825 0.400492264416315 0.075 0.0829817158931083
0 0.425625 0.3959212376933896 0.09625 0.07032348804500703
0 0.62875 0.5334036568213784 0.07625 0.035161744022503515
0 0.29625 0.37939521800281295 0.07875 0.06540084388185655
0 0.345625 0.8146976090014064 0.0425 0.026722925457102673
0 0.559375 0.6708860759493671 0.04375 0.026722925457102673
0 0.445 0.7088607594936709 0.01375 0.014064697609001406
0 0.346875 0.7960618846694796 0.01625 0.011251758087201125
0 0.008125 0.750351617440225 0.01625 0.02390998593530239
0 0.09 0.7819971870604782 0.01875 0.009142053445850914
0 0.09 0.7721518987341772 0.02125 0.010548523206751054
0 0.01125 0.6751054852320675 0.0225 0.026722925457102673
0 0.76625 0.5632911392405063 0.02375 0.013361462728551337
0 0.800625 0.6374824191279888 0.02 0.014064697609001406
0 0.7675 0.4033052039381153 0.01875 0.014767932489451477
0 0.815625 0.3808016877637131 0.01875 0.015471167369901548
0 0.65375 0.6121659634317862 0.0425 0.026019690576652602
0 0.335 0.55098452883263 0.015 0.012658227848101266
0 0.01875 0.5882559774964838 0.0375 0.02461322081575246
0 0.17 0.6265822784810127 0.02125 0.013361462728551337
0 0.154375 0.4964838255977497 0.01 0.005625879043600563
0 0.0075 0.4947257383966245 0.015 0.013361462728551337
0 0.006875 0.5070323488045007 0.01375 0.014064697609001406
0 0.135625 0.4142053445850914 0.00875 0.004922644163150493
0 0.00375 0.5203938115330521 0.0075 0.014064697609001406
0 0.32375 0.5365682137834037 0.01375 0.012658227848101266
0 0.72875 0.20850914205344584 0.0475 0.02812939521800281
0 0.756875 0.2911392405063291 0.03375 0.020393811533052038
0 0.79875 0.3182137834036568 0.02375 0.016877637130801686
0 0.834375 0.25246132208157523 0.0225 0.014767932489451477
0 0.91875 0.16526019690576652 0.02875 0.014767932489451477
0 0.408125 0.15119549929676512 0.01375 0.007032348804500703
0 0.375 0.25843881856540085 0.0125 0.007032348804500703
0 0.350625 0.24718706047819972 0.03125 0.017580872011251757
0 0.36375 0.15928270042194093 0.025 0.014064697609001406
0 0.443125 0.409634317862166 0.00875 0.006329113924050633
0 0.003125 0.4831223628691983 0.00625 0.007735583684950774