1 0.7825 0.2892018779342723 0.14125 0.18309859154929578
1 0.628125 0.3474178403755869 0.185 0.06948356807511737
1 0.529375 0.5577464788732395 0.2225 0.16901408450704225
1 0.421875 0.5863849765258216 0.13375 0.18873239436619718
0 0.955625 0.37089201877934275 0.0775 0.044131455399061034
0 0.75125 0.5619718309859155 0.05625 0.06948356807511737
1 0.238125 0.30938967136150236 0.275 0.1107981220657277
0 0.451875 0.8507042253521127 0.0475 0.04788732394366197
0 0.403125 0.751643192488263 0.045 0.03380281690140845
0 0.601875 0.563849765258216 0.07 0.03755868544600939
0 0.33125 0.4403755868544601 0.035 0.04131455399061033
0 0.41 0.507981220657277 0.09375 0.036619718309859155
1 0.63 0.596244131455399 0.26125 0.09389671361502347
1 0.694375 0.29389671361502345 0.15375 0.18403755868544602
0 0.333125 0.712206572769953 0.045 0.03380281690140845
0 0.330625 0.7971830985915493 0.0525 0.04131455399061033
1 0.291875 0.6356807511737089 0.14375 0.18497652582159624
0 0.815 0.4023474178403756 0.02375 0.03004694835680751
0 0.788125 0.4 0.0225 0.023474178403755867
0 0.99125 0.45586854460093895 0.01125 0.018779342723004695
0 0.98125 0.4563380281690141 0.00875 0.01784037558685446
0 0.794375 0.6784037558685446 0.04 0.024413145539906103
0 0.84875 0.7497652582159624 0.03875 0.02629107981220657
0 0.726875 0.6765258215962441 0.04 0.024413145539906103
0 0.769375 0.8661971830985915 0.05 0.016901408450704224
0 0.725 0.7732394366197183 0.08375 0.013145539906103286
0 0.354375 0.25023474178403754 0.0275 0.020657276995305163
0 0.335 0.2746478873239437 0.02875 0.018779342723004695
0 0.49125 0.2535211267605634 0.01125 0.008450704225352112
0 0.365625 0.3380281690140845 0.01 0.004694835680751174
0 0.59625 0.6197183098591549 0.02125 0.008450704225352112
0 0.555625 0.5370892018779343 0.0125 0.010328638497652582
0 0.60625 0.7901408450704225 0.01875 0.011267605633802818
0 0.7025 0.7619718309859155 0.02875 0.011267605633802818
0 0.5775 0.6333333333333333 0.01875 0.009389671361502348
0 0.30125 0.6352112676056338 0.01125 0.016901408450704224
0 0.04375 0.3028169014084507 0.02875 0.020657276995305163
0 0.191875 0.3145539906103286 0.0225 0.014084507042253521
0 0.2075 0.32723004694835683 0.02125 0.015023474178403756
0 0.08125 0.3126760563380282 0.01625 0.010328638497652582
0 0.13 0.2624413145539906 0.02375 0.015023474178403756
0 0.23375 0.6957746478873239 0.01375 0.008450704225352112
0 0.350625 0.8647887323943662 0.03 0.0215962441314554
0 0.38375 0.8422535211267606 0.02875 0.03004694835680751
0 0.35625 0.8225352112676056 0.02625 0.013145539906103286
0 0.39875 0.7849765258215963 0.04375 0.03943661971830986
0 0.39875 0.7910798122065728 0.02 0.016901408450704224
0 0.453125 0.8582159624413146 0.0225 0.020657276995305163
0 0.43625 0.7934272300469484 0.03875 0.03192488262910798
0 0.32 0.788262910798122 0.01875 0.01971830985915493
0 0.3075 0.723943661971831 0.035 0.028169014084507043
0 0.303125 0.7417840375586855 0.0125 0.006572769953051643
0 0.2625 0.7211267605633803 0.00875 0.007511737089201878
1 0.326875 0.7023474178403756 0.06125 0.04976525821596244
0 0.2775 0.6173708920187794 0.03375 0.02910798122065728
0 0.835625 0.8126760563380282 0.03125 0.03286384976525822
0 0.661875 0.3215962441314554 0.025 0.015023474178403756
0 0.564375 0.3488262910798122 0.02125 0.016901408450704224
0 0.333125 0.4431924882629108 0.015 0.01971830985915493