1 0.66325 0.7166166822867853 0.18521249999999997 0.14674789128397378
1 0.360275 0.6552483598875352 0.17707499999999998 0.1527647610121837
1 0.50875 0.5688847235238987 0.095 0.061855670103092786
1 0.155625 0.7080599812558576 0.17125 0.1583880037488285
0 0.945625 0.8116213683223993 0.05875 0.03748828491096532
0 0.920625 0.7061855670103093 0.05625 0.03280224929709466
1 0.265625 0.718369259606373 0.06625 0.13964386129334583
1 0.34924999999999995 0.4611059044048735 0.081 0.03561387066541706
1 0.30465 0.4998594189315839 0.06465 0.05001874414245548
0 0.15 0.5224929709465792 0.0225 0.019681349578256794
0 0.165 0.5431115276476102 0.0175 0.014058106841611996
0 0.23625 0.4719119025304592 0.015 0.00626991565135895
0 0.003125 0.5168697282099344 0.00625 0.010309278350515464
0 0.573125 0.3908153701968135 0.02125 0.01874414245548266
0 0.535625 0.6138706654170571 0.02375 0.01874414245548266
0 0.654375 0.5599812558575445 0.02125 0.015932521087160263
0 0.643125 0.4053420805998126 0.02125 0.019681349578256794
0 0.515625 0.4414245548266167 0.00875 0.00937207122774133
0 0.35375 0.6462043111527648 0.015 0.01218369259606373
0 0.82875 0.47375820056232426 0.0225 0.019681349578256794
0 0.730625 0.5918462980318651 0.02125 0.015932521087160263
0 0.955 0.6522961574507966 0.015 0.013120899718837863
0 0.85125 0.5970009372071228 0.02 0.020618556701030927
0 0.691875 0.43908153701968133 0.01875 0.010309278350515464
0 0.768125 0.5253045923149016 0.01125 0.014058106841611996
0 0.7375 0.48125585754451733 0.02 0.015932521087160263
0 0.765 0.507029053420806 0.0125 0.01499531396438613
0 0.9875 0.5398313027179007 0.0225 0.04498594189315839
0 0.725 0.380506091846298 0.015 0.013120899718837863
0 0.20375 0.6949390815370197 0.0175 0.015932521087160263
1 0.268475 0.8487816307403936 0.04 0.022492970946579195
0 0.29625 0.6907216494845361 0.015 0.011246485473289597
0 0.175625 0.865979381443299 0.01375 0.011246485473289597
0 0.405625 0.8219306466729147 0.01375 0.02999062792877226
0 0.43375 0.7127460168697282 0.01 0.008434864104967198
0 0.7425 0.6724461105904405 0.0225 0.01218369259606373
1 0.5087375000000001 0.568584817244611 0.0721 0.046738519212746014
0 0.708625 0.6570852858481725 0.017075 0.013205248359887536
0 0.6029125 0.7182567947516401 0.017075 0.00711340206185567
1 0.6361249999999999 0.6810684161199626 0.13335 0.06279287722586692
0 0.2684625 0.8490253045923148 0.012737499999999999 0.006504217432052484
1 0.2742875 0.77058106841612 0.0281875 0.02682286785379569
0 0.28526250000000003 0.7678350515463918 0.013274999999999999 0.01198687910028116
0 0.265475 0.7468041237113402 0.0056875 0.004470477975632614
1 0.290075 0.4770196813495783 0.0752625 0.12298969072164948
0 0.6168625 0.4145735707591378 0.0039125 0.009700093720712276
0 0.6108250000000001 0.41521087160262415 0.0047625 0.01224929709465792
0 0.52485 0.37092783505154636 0.004425 0.004854732895970009
0 0.511825 0.3711152764761012 0.0039125 0.0037019681349578257