0 0.4125 0.5192488262910798 0.12 0.07323943661971831
0 0.726775 0.5405164319248826 0.09 0.04225352112676056
0 0.941875 0.780281690140845 0.11375 0.05070422535211268
0 0.424375 0.5812206572769953 0.08375 0.06572769953051644
0 0.895625 0.7037558685446009 0.05625 0.04225352112676056
0 0.807475 0.7912863849765258 0.05 0.04507042253521127
0 0.9 0.8389671361502348 0.18 0.05352112676056338
0 0.9035 0.48694835680751175 0.07 0.04131455399061033
0 0.6078625 0.12492957746478875 0.03625 0.03568075117370892
0 0.814025 0.23098591549295774 0.0425 0.03755868544600939
0 0.8719374999999999 0.4582159624413146 0.054375 0.05070422535211268
0 0.8094374999999999 0.13990610328638498 0.04125 0.03943661971830986
0 0.4975 0.5408450704225352 0.0775 0.07511737089201878
0 0.8075 0.6671361502347418 0.05 0.03474178403755868
0 0.79 0.2981220657276995 0.0575 0.04976525821596244
0 0.941875 0.035211267605633804 0.04625 0.04225352112676056
0 0.80125 0.5014084507042254 0.06375 0.028169014084507043
0 0.974375 0.16291079812206571 0.05125 0.10046948356807511
0 0.973125 0.2380281690140845 0.05375 0.046009389671361506
0 0.6884250000000001 0.1695305164319249 0.04 0.030985915492957747
0 0.446875 0.08075117370892018 0.03625 0.03568075117370892
0 0.4219625 0.13792488262910796 0.0552625 0.014863849765258216
0 0.916875 0.3544600938967136 0.05625 0.04976525821596244
0 0.3106375 0.0863849765258216 0.07126249999999999 0.020657276995305163
0 0.515625 0.2746478873239437 0.01625 0.01971830985915493
0 0.650625 0.1751173708920188 0.02625 0.01971830985915493
0 0.649375 0.2643192488262911 0.02875 0.0215962441314554
0 0.514375 0.2896713615023474 0.01375 0.01971830985915493
0 0.51375 0.10516431924882629 0.04 0.015023474178403756
0 0.325 0.4507042253521127 0.015 0.015023474178403756
0 0.329375 0.4394366197183099 0.00625 0.015023474178403756
0 0.650625 0.4112676056338028 0.01875 0.013145539906103286
0 0.51 0.4056338028169014 0.02 0.016901408450704224
0 0.34 0.43990610328638496 0.015 0.01784037558685446
0 0.4825 0.6530516431924883 0.015 0.012206572769953052
0 0.345625 0.43333333333333335 0.02375 0.01971830985915493
0 0.4925 0.5812206572769953 0.05 0.022535211267605635
0 0.48375 0.6394366197183099 0.0225 0.013145539906103286
0 0.34625 0.45492957746478874 0.0225 0.014084507042253521
0 0.545 0.4192488262910798 0.01 0.008450704225352112
0 0.985 0.4403755868544601 0.0275 0.022535211267605635
0 0.994375 0.6408450704225352 0.00875 0.01784037558685446
0 0.991875 0.5164319248826291 0.01375 0.024413145539906103
0 0.314375 0.7276995305164319 0.02875 0.015023474178403756
0 0.65345 0.8178403755868544 0.0393875 0.03192488262910798
0 0.3385 0.759887323943662 0.020499999999999997 0.018779342723004695
0 0.0065125 0.15068544600938966 0.0130375 0.01475117370892019
0 0.00685 0.1400093896713615 0.0137125 0.012713615023474177
0 0.011000000000000001 0.1496056338028169 0.0220125 0.013859154929577464
0 0.34216250000000004 0.3001784037558685 0.0181 0.020309859154929576
0 0.342925 0.31483568075117374 0.0161375 0.018178403755868544
0 0.3609125 0.29584037558685444 0.018525 0.053220657276995306
0 0.5064375 0.2608732394366197 0.015262500000000002 0.027183098591549295
0 0.5109 0.2416338028169014 0.01155 0.01424413145539906
0 0.5210374999999999 0.25260093896713615 0.0122125 0.02308920187793427
0 0.47901249999999995 0.5425070422535211 0.0078000000000000005 0.005248826291079812
0 0.5040125 0.5286666666666666 0.015325 0.006666666666666666
0 0.5228375 0.5208920187793428 0.025 0.00847887323943662
0 0.4436875 0.12502347417840376 0.0694125 0.015830985915492958