0 0.513125 0.5676056338028169 0.11375 0.09953051643192488
0 0.585 0.3370892018779343 0.06875 0.07323943661971831
0 0.93125 0.21032863849765257 0.0825 0.09201877934272301
0 0.59625 0.5676056338028169 0.09875 0.07136150234741784
0 0.82375 0.23427230046948358 0.06375 0.04788732394366197
0 0.92625 0.3117370892018779 0.06625 0.0431924882629108
0 0.9775 0.24929577464788732 0.045 0.14178403755868543
0 0.53875 0.19765258215962442 0.06375 0.05821596244131456
0 0.031875 0.36807511737089205 0.02875 0.02910798122065728
0 0.18875 0.2291079812206573 0.055 0.036619718309859155
0 0.496875 0.21737089201877935 0.075 0.04788732394366197
0 0.070625 0.21971830985915494 0.05125 0.03568075117370892
0 0.55375 0.5075117370892018 0.11 0.06854460093896714
0 0.763125 0.2943661971830986 0.0525 0.04225352112676056
0 0.274375 0.2563380281690141 0.07375 0.04976525821596244
0 0.54375 0.27605633802816903 0.04625 0.051643192488262914
0 0.129375 0.10046948356807511 0.12375 0.05070422535211268
0 0.220625 0.11173708920187793 0.06875 0.046009389671361506
0 0.090625 0.31408450704225355 0.04625 0.03380281690140845
0 0.0125 0.5070422535211268 0.025 0.0431924882629108
0 0.36625 0.16948356807511736 0.07375 0.048826291079812206
0 0.205 0.4568075117370892 0.02875 0.015023474178403756
0 0.0925 0.3427230046948357 0.03 0.022535211267605635
0 0.21 0.355868544600939 0.0325 0.024413145539906103
0 0.225 0.460093896713615 0.0275 0.013145539906103286
0 0.410625 0.6234741784037559 0.0225 0.013145539906103286
0 0.39625 0.6183098591549295 0.02125 0.006572769953051643
0 0.40375 0.3755868544600939 0.02 0.01596244131455399
0 0.376875 0.4793427230046948 0.025 0.016901408450704224
0 0.39875 0.6107981220657277 0.025 0.014084507042253521
0 0.699375 0.5342723004694836 0.01875 0.013145539906103286
0 0.390625 0.6056338028169014 0.02875 0.020657276995305163
0 0.60625 0.5169014084507042 0.03625 0.04037558685446009
0 0.68125 0.5314553990610329 0.02 0.018779342723004695
0 0.419375 0.607981220657277 0.02125 0.018779342723004695
0 0.4 0.45539906103286387 0.0125 0.008450704225352112
0 0.48875 0.13098591549295774 0.03375 0.023474178403755867
0 0.754375 0.1516431924882629 0.025 0.009389671361502348
0 0.59 0.13661971830985917 0.03375 0.014084507042253521
0 0.774375 0.6699530516431925 0.02375 0.023474178403755867
0 0.940625 0.4300469483568075 0.0475 0.03380281690140845
0 0.820625 0.6563380281690141 0.0275 0.01784037558685446
0 0.214375 0.5896713615023474 0.03 0.01596244131455399
0 0.234375 0.5910798122065728 0.02625 0.015023474178403756
0 0.21125 0.5751173708920188 0.07375 0.0215962441314554
0 0.185625 0.4619718309859155 0.0375 0.015023474178403756
0 0.16125 0.4563380281690141 0.02 0.010328638497652582
0 0.176875 0.4497652582159624 0.0325 0.012206572769953052
0 0.553125 0.5215962441314554 0.00875 0.006572769953051643
0 0.538125 0.5014084507042254 0.01125 0.012206572769953052
0 0.530625 0.48544600938967136 0.015 0.01971830985915493
0 0.00625 0.4896713615023474 0.0125 0.05352112676056338