0 0.22057109557109558 0.8864541832669323 0.011655011655011656 0.021912350597609563
0 0.2706876456876457 0.8804780876494024 0.04487179487179487 0.054780876494023904
0 0.31847319347319347 0.8700199203187251 0.030303030303030304 0.05776892430278884
0 0.3685897435897436 0.8640438247011952 0.027972027972027972 0.046812749003984064
0 0.41054778554778554 0.8560756972111554 0.011072261072261072 0.01693227091633466
0 0.45134032634032634 0.850597609561753 0.015151515151515152 0.018924302788844622
0 0.49184149184149184 0.8466135458167331 0.02564102564102564 0.054780876494023904
0 0.43414918414918413 0.8077689243027888 0.02097902097902098 0.054780876494023904
0 0.34498834498834496 0.8187250996015937 0.018065268065268064 0.044820717131474105
0 0.32226107226107226 0.7773904382470119 0.012237762237762238 0.0199203187250996
0 0.29603729603729606 0.8227091633466136 0.02564102564102564 0.044820717131474105
0 0.2738927738927739 0.7838645418326693 0.02097902097902098 0.05776892430278884
0 0.24708624708624707 0.8321713147410359 0.02972027972027972 0.046812749003984064
0 0.22377622377622378 0.7893426294820717 0.030303030303030304 0.053784860557768925
0 0.2494172494172494 0.7355577689243028 0.023310023310023312 0.043824701195219126
0 0.22872960372960374 0.6912350597609562 0.033216783216783216 0.06872509960159362
0 0.2724358974358974 0.6877490039840638 0.030303030303030304 0.052788844621513946
0 0.29953379953379955 0.7300796812749004 0.03671328671328671 0.06573705179282868
0 0.34644522144522144 0.7300796812749004 0.018648018648018648 0.045816733067729085
0 0.368006993006993 0.7739043824701195 0.022144522144522144 0.0697211155378486
0 0.41113053613053613 0.7684262948207171 0.03146853146853147 0.053784860557768925
0 0.37033799533799533 0.6797808764940239 0.03787878787878788 0.07071713147410359
0 0.416958041958042 0.6802788844621513 0.034382284382284384 0.061752988047808766
0 0.4557109557109557 0.6752988047808764 0.012237762237762238 0.017928286852589643
0 0.45396270396270394 0.7599601593625498 0.03205128205128205 0.03884462151394422
0 0.4731934731934732 0.8037848605577689 0.015734265734265736 0.046812749003984064
0 0.532051282051282 0.8366533864541833 0.01048951048951049 0.01693227091633466
0 0.5675990675990676 0.8301792828685259 0.009324009324009324 0.01693227091633466
0 0.6040209790209791 0.8242031872509961 0.009906759906759906 0.01693227091633466
0 0.5705128205128205 0.7485059760956175 0.01048951048951049 0.01693227091633466
0 0.6051864801864801 0.7435258964143426 0.01048951048951049 0.022908366533864542
0 0.6072261072261073 0.6633466135458167 0.011655011655011656 0.0249003984063745
0 0.5734265734265734 0.6693227091633466 0.02505827505827506 0.05079681274900399
0 0.5335081585081585 0.750996015936255 0.030885780885780884 0.05976095617529881
0 0.5131118881118881 0.7953187250996016 0.015151515151515152 0.03884462151394422
0 0.5002913752913752 0.7574701195219123 0.027389277389277388 0.060756972111553786
0 0.5166083916083916 0.7116533864541833 0.015151515151515152 0.04183266932270916
0 0.4959207459207459 0.6698207171314741 0.02505827505827506 0.046812749003984064
0 0.5352564102564102 0.6678286852589641 0.023310023310023312 0.046812749003984064
0 0.4796037296037296 0.6254980079681275 0.015151515151515152 0.04183266932270916
0 0.502913752913753 0.5861553784860558 0.026806526806526808 0.04880478087649402
0 0.5372960372960373 0.5841633466135459 0.01048951048951049 0.021912350597609563
0 0.5725524475524476 0.5831673306772909 0.011655011655011656 0.021912350597609563
0 0.6081002331002331 0.5846613545816733 0.013986013986013986 0.017928286852589643
0 0.6107226107226107 0.5039840637450199 0.012237762237762238 0.017928286852589643
0 0.5766317016317016 0.5024900398406374 0.023892773892773892 0.06573705179282868
0 0.5428321678321678 0.5039840637450199 0.03205128205128205 0.055776892430278883
0 0.5192307692307693 0.5418326693227091 0.03146853146853147 0.05876494023904383
0 0.4793123543123543 0.5418326693227091 0.02156177156177156 0.04183266932270916
0 0.4562937062937063 0.5871513944223108 0.02972027972027972 0.052788844621513946
0 0.3913170163170163 0.6324701195219123 0.0168997668997669 0.037848605577689244
0 0.4178321678321678 0.5891434262948207 0.018648018648018648 0.06673306772908366
0 0.3709207459207459 0.5901394422310757 0.026806526806526808 0.055776892430278883
0 0.32488344988344986 0.6822709163346613 0.039627039627039624 0.07470119521912351
0 0.32634032634032634 0.5896414342629482 0.02156177156177156 0.07270916334661355
0 0.2768065268065268 0.5876494023904383 0.034382284382284384 0.06274900398406374
0 0.22698135198135197 0.5936254980079682 0.041375291375291376 0.08067729083665338
0 0.23135198135198135 0.49352589641434264 0.019813519813519812 0.07270916334661355
0 0.28117715617715616 0.4940239043824701 0.04195804195804196 0.07071713147410359
0 0.3269230769230769 0.49701195219123506 0.027389277389277388 0.05179282868525897
0 0.34965034965034963 0.4506972111553785 0.023892773892773892 0.044820717131474105
0 0.3758741258741259 0.5 0.024475524475524476 0.0647410358565737
0 0.3930652680652681 0.5453187250996016 0.023892773892773892 0.04780876494023904
0 0.4175407925407925 0.50199203187251 0.03263403263403263 0.04083665338645418
0 0.3974358974358974 0.45268924302788843 0.0337995337995338 0.0647410358565737
0 0.37966200466200467 0.40587649402390436 0.026806526806526808 0.046812749003984064
0 0.3307109557109557 0.4028884462151394 0.02505827505827506 0.06274900398406374
0 0.30361305361305363 0.44671314741035856 0.035547785547785545 0.0348605577689243
0 0.28205128205128205 0.40039840637450197 0.02156177156177156 0.07370517928286853
0 0.25553613053613056 0.4457171314741036 0.018065268065268064 0.045816733067729085
0 0.23251748251748253 0.3954183266932271 0.04020979020979021 0.0647410358565737
0 0.21416083916083917 0.44671314741035856 0.01282051282051282 0.05079681274900399
0 0.2564102564102564 0.3431274900398406 0.018065268065268064 0.046812749003984064
0 0.21561771561771562 0.33565737051792827 0.013403263403263404 0.055776892430278883
0 0.23572261072261072 0.300796812749004 0.02156177156177156 0.07370517928286853
0 0.2159090909090909 0.24800796812749004 0.012237762237762238 0.05079681274900399
0 0.23543123543123542 0.20119521912350596 0.04428904428904429 0.08167330677290836
0 0.2840909090909091 0.30677290836653387 0.039627039627039624 0.07868525896414343
0 0.3068181818181818 0.3565737051792829 0.03263403263403263 0.03286852589641434
0 0.3513986013986014 0.35308764940239046 0.023892773892773892 0.043824701195219126
0 0.3315850815850816 0.3097609561752988 0.027389277389277388 0.046812749003984064
0 0.28496503496503495 0.21264940239043825 0.03263403263403263 0.06573705179282868
0 0.3333333333333333 0.21762948207171315 0.02097902097902098 0.06673306772908366
0 0.3790792540792541 0.3152390438247012 0.02564102564102564 0.0647410358565737
0 0.3983100233100233 0.3615537848605578 0.034382284382284384 0.06374501992031872
0 0.4015151515151515 0.2689243027888446 0.024475524475524476 0.04183266932270916
0 0.377039627039627 0.22360557768924302 0.028554778554778556 0.05079681274900399
0 0.3350815850815851 0.12599601593625498 0.039627039627039624 0.07569721115537849
0 0.28438228438228436 0.11155378486055777 0.03263403263403263 0.05677290836653386
0 0.24213286713286714 0.10458167330677291 0.03263403263403263 0.06374501992031872
0 0.2398018648018648 0.015438247011952191 0.02972027972027972 0.030876494023904383
0 0.26282051282051283 0.055278884462151394 0.026806526806526808 0.04282868525896414
0 0.2899184149184149 0.025896414342629483 0.020396270396270396 0.05179282868525897
0 0.3129370629370629 0.006474103585657371 0.022144522144522144 0.012948207171314742
0 0.3117715617715618 0.07021912350597609 0.035547785547785545 0.06573705179282868
0 0.3371212121212121 0.03286852589641434 0.011655011655011656 0.0199203187250996
0 0.3578088578088578 0.07868525896414343 0.019813519813519812 0.043824701195219126
0 0.3586829836829837 0.008964143426294821 0.018065268065268064 0.017928286852589643
0 0.38024475524475526 0.044322709163346616 0.024475524475524476 0.06573705179282868
0 0.4012237762237762 0.18227091633466136 0.016317016317016316 0.045816733067729085
0 0.42803030303030304 0.14243027888446216 0.034382284382284384 0.0647410358565737
0 0.38082750582750585 0.13545816733067728 0.038461538461538464 0.07270916334661355
0 0.42395104895104896 0.23107569721115537 0.019230769230769232 0.0647410358565737
0 0.42511655011655014 0.055776892430278883 0.027972027972027972 0.05976095617529881
0 0.44813519813519814 0.022410358565737053 0.017482517482517484 0.044820717131474105
0 0.4664918414918415 0.15338645418326693 0.012237762237762238 0.018924302788844622
0 0.46853146853146854 0.0697211155378486 0.03263403263403263 0.036852589641434265
0 0.48805361305361306 0.027888446215139442 0.015151515151515152 0.04780876494023904
0 0.5113636363636364 0.07768924302788845 0.026223776223776224 0.055776892430278883
0 0.5067016317016317 0.0069721115537848604 0.02505827505827506 0.013944223107569721
0 0.5253496503496503 0.03884462151394422 0.016317016317016316 0.045816733067729085
0 0.546911421911422 0.009462151394422311 0.011655011655011656 0.01593625498007968
0 0.5451631701631702 0.09262948207171315 0.03146853146853147 0.06274900398406374
0 0.5833333333333334 0.01693227091633466 0.01048951048951049 0.018924302788844622
0 0.581002331002331 0.09860557768924302 0.012237762237762238 0.017928286852589643
0 0.5824592074592074 0.17480079681274902 0.027972027972027972 0.055776892430278883
0 0.5431235431235432 0.1688247011952191 0.023310023310023312 0.04083665338645418
0 0.5241841491841492 0.12201195219123506 0.015734265734265736 0.0398406374501992
0 0.5037878787878788 0.16085657370517928 0.02505827505827506 0.04780876494023904
0 0.4828088578088578 0.19621513944223107 0.013986013986013986 0.04282868525896414
0 0.5072843822843823 0.24651394422310757 0.02505827505827506 0.046812749003984064
0 0.5437062937062938 0.25149402390438247 0.011072261072261072 0.02390438247011952
0 0.5777972027972028 0.2599601593625498 0.014568764568764568 0.0199203187250996
0 0.6139277389277389 0.2644422310756972 0.011072261072261072 0.022908366533864542
0 0.6497668997668997 0.26593625498007967 0.013403263403263404 0.026892430278884463
0 0.6156759906759907 0.1857569721115538 0.012237762237762238 0.02091633466135458
0 0.6162587412587412 0.10906374501992032 0.01282051282051282 0.021912350597609563
0 0.6182983682983683 0.027390438247011952 0.011655011655011656 0.02091633466135458
0 0.6518065268065268 0.030876494023904383 0.013986013986013986 0.02091633466135458
0 0.6742424242424242 0.07270916334661355 0.01282051282051282 0.02091633466135458
0 0.6523892773892774 0.11155378486055777 0.013403263403263404 0.02390438247011952
0 0.6724941724941725 0.1499003984063745 0.011072261072261072 0.02091633466135458
0 0.6506410256410257 0.1897410358565737 0.011072261072261072 0.02390438247011952
0 0.6722027972027972 0.22858565737051792 0.01282051282051282 0.021912350597609563
0 0.6701631701631702 0.3102589641434263 0.01048951048951049 0.02091633466135458
0 0.6471445221445221 0.3471115537848606 0.012237762237762238 0.02091633466135458
0 0.6687062937062938 0.38745019920318724 0.015151515151515152 0.027888446215139442
0 0.6133449883449883 0.3456175298804781 0.015151515151515152 0.029880478087649404
0 0.5783799533799534 0.3396414342629482 0.019813519813519812 0.05976095617529881
0 0.5445804195804196 0.33117529880478086 0.03146853146853147 0.060756972111553786
0 0.5209790209790209 0.2898406374501992 0.030885780885780884 0.05976095617529881
0 0.50495337995338 0.33117529880478086 0.017482517482517484 0.05079681274900399
0 0.4807692307692308 0.2848605577689243 0.02097902097902098 0.04083665338645418
0 0.4635780885780886 0.23954183266932272 0.02972027972027972 0.05179282868525897
0 0.42132867132867136 0.31723107569721115 0.034382284382284384 0.037848605577689244
0 0.4635780885780886 0.3256972111553785 0.03263403263403263 0.0398406374501992
0 0.48164335664335667 0.3710159362549801 0.027972027972027972 0.0348605577689243
0 0.5032051282051282 0.4158366533864542 0.018065268065268064 0.05079681274900399
0 0.5218531468531469 0.374003984063745 0.015734265734265736 0.037848605577689244
0 0.5416666666666666 0.41832669322709165 0.02564102564102564 0.0647410358565737
0 0.5772144522144522 0.4213147410358566 0.012237762237762238 0.021912350597609563
0 0.6127622377622378 0.42330677290836655 0.011072261072261072 0.017928286852589643
0 0.6462703962703963 0.425796812749004 0.011655011655011656 0.017928286852589643
0 0.6684149184149184 0.46713147410358563 0.011655011655011656 0.022908366533864542
0 0.6456876456876457 0.5049800796812749 0.01048951048951049 0.018924302788844622
0 0.6666666666666666 0.5443227091633466 0.011655011655011656 0.02390438247011952
0 0.6439393939393939 0.5831673306772909 0.01048951048951049 0.02091633466135458
0 0.6652097902097902 0.624003984063745 0.01048951048951049 0.018924302788844622
0 0.6421911421911422 0.6628486055776892 0.012237762237762238 0.0199203187250996
0 0.6646270396270396 0.704183266932271 0.011655011655011656 0.022908366533864542
0 0.6404428904428905 0.7420318725099602 0.01282051282051282 0.018924302788844622
0 0.6617132867132867 0.7823705179282868 0.012237762237762238 0.02091633466135458
0 0.6381118881118881 0.8202191235059761 0.012237762237762238 0.018924302788844622
0 0.5195221445221445 0.45717131474103584 0.016317016317016316 0.0398406374501992
0 0.5011655011655012 0.5014940239043825 0.017482517482517484 0.049800796812749
0 0.4798951048951049 0.4581673306772908 0.028554778554778556 0.03187250996015936
0 0.4621212121212121 0.41284860557768926 0.013986013986013986 0.02091633466135458
0 0.4600815850815851 0.49800796812749004 0.033216783216783216 0.0398406374501992
0 0.4379370629370629 0.4546812749003984 0.020396270396270396 0.03884462151394422
0 0.4227855477855478 0.40886454183266935 0.03146853146853147 0.05776892430278884
0 0.4396853146853147 0.36802788844621515 0.02097902097902098 0.045816733067729085