0 0.2689393939393939 0.029382470119521914 0.01282051282051282 0.0199203187250996
0 0.2733100233100233 0.1145418326693227 0.03146853146853147 0.07569721115537849
0 0.2803030303030303 0.19621513944223107 0.033216783216783216 0.05079681274900399
0 0.28467365967365965 0.2818725099601594 0.026806526806526808 0.046812749003984064
0 0.2902097902097902 0.35358565737051795 0.009906759906759906 0.018924302788844622
0 0.293997668997669 0.42280876494023906 0.011072261072261072 0.025896414342629483
0 0.2972027972027972 0.49203187250996017 0.03146853146853147 0.04282868525896414
0 0.31876456876456877 0.3929282868525896 0.03146853146853147 0.0348605577689243
0 0.3108974358974359 0.2405378486055777 0.02564102564102564 0.029880478087649404
0 0.3344988344988345 0.20119521912350596 0.011655011655011656 0.02091633466135458
0 0.3076923076923077 0.15687250996015936 0.02564102564102564 0.04282868525896414
0 0.3301282051282051 0.11852589641434264 0.033216783216783216 0.0348605577689243
0 0.30128205128205127 0.07370517928286853 0.026806526806526808 0.049800796812749
0 0.32604895104895104 0.03286852589641434 0.030885780885780884 0.05079681274900399
0 0.3578088578088578 0.07569721115537849 0.02505827505827506 0.03884462151394422
0 0.38344988344988346 0.0398406374501992 0.039627039627039624 0.055776892430278883
0 0.38607226107226106 0.1145418326693227 0.030303030303030304 0.05079681274900399
0 0.3618881118881119 0.16135458167330677 0.03787878787878788 0.061752988047808766
0 0.36276223776223776 0.24153386454183268 0.026223776223776224 0.030876494023904383
0 0.3374125874125874 0.2793824701195219 0.04020979020979021 0.036852589641434265
0 0.3414918414918415 0.35258964143426297 0.030885780885780884 0.052788844621513946
0 0.3924825174825175 0.2813745019920319 0.04079254079254079 0.06374501992031872
0 0.3930652680652681 0.3610557768924303 0.035547785547785545 0.05776892430278884
0 0.3965617715617716 0.42729083665338646 0.01048951048951049 0.02091633466135458
0 0.34702797202797203 0.425796812749004 0.022144522144522144 0.053784860557768925
0 0.32167832167832167 0.4596613545816733 0.027389277389277388 0.025896414342629483
0 0.30361305361305363 0.5607569721115537 0.009906759906759906 0.017928286852589643
0 0.307983682983683 0.6215139442231076 0.009906759906759906 0.01593625498007968
0 0.3120629370629371 0.6832669322709163 0.009906759906759906 0.01693227091633466
0 0.3557692307692308 0.625 0.009906759906759906 0.017928286852589643
0 0.35926573426573427 0.6837649402390438 0.013403263403263404 0.017928286852589643
0 0.40617715617715616 0.6862549800796812 0.014568764568764568 0.0199203187250996
0 0.4020979020979021 0.6284860557768924 0.029137529137529136 0.04183266932270916
0 0.3537296037296037 0.5617529880478087 0.034382284382284384 0.05179282868525897
0 0.3275058275058275 0.5273904382470119 0.022727272727272728 0.0249003984063745
0 0.34935897435897434 0.5049800796812749 0.03496503496503497 0.045816733067729085
0 0.3764568764568765 0.5318725099601593 0.024475524475524476 0.0249003984063745
0 0.40064102564102566 0.4960159362549801 0.026806526806526808 0.04183266932270916
0 0.4023892773892774 0.5632470119521913 0.026806526806526808 0.03884462151394422
0 0.42628205128205127 0.46713147410358563 0.024475524475524476 0.0249003984063745
0 0.4495920745920746 0.5064741035856574 0.027972027972027972 0.044820717131474105
0 0.45134032634032634 0.5652390438247012 0.01282051282051282 0.017928286852589643
0 0.4525058275058275 0.6254980079681275 0.01282051282051282 0.0199203187250996
0 0.4525058275058275 0.6862549800796812 0.01048951048951049 0.02390438247011952
0 0.4997086247086247 0.6892430278884463 0.01048951048951049 0.02091633466135458
0 0.5 0.6309760956175299 0.03787878787878788 0.0398406374501992
0 0.4985431235431235 0.5732071713147411 0.03205128205128205 0.053784860557768925
0 0.4758158508158508 0.5333665338645418 0.0337995337995338 0.052788844621513946
0 0.4752331002331002 0.4651394422310757 0.023892773892773892 0.035856573705179286
0 0.44813519813519814 0.426792828685259 0.030303030303030304 0.049800796812749
0 0.42074592074592077 0.31673306772908366 0.022144522144522144 0.027888446215139442
0 0.44638694638694637 0.3610557768924303 0.038461538461538464 0.030876494023904383
0 0.44493006993006995 0.28087649402390436 0.03205128205128205 0.044820717131474105
0 0.39044289044289043 0.20368525896414344 0.04312354312354312 0.06673306772908366
0 0.44463869463869465 0.20468127490039842 0.04195804195804196 0.035856573705179286
0 0.44493006993006995 0.1200199203187251 0.03613053613053613 0.05776892430278884
0 0.4405594405594406 0.0348605577689243 0.046620046620046623 0.0697211155378486
0 0.4991258741258741 0.04083665338645418 0.04195804195804196 0.03286852589641434
0 0.4997086247086247 0.12599601593625498 0.04079254079254079 0.07071713147410359
0 0.4988344988344988 0.20418326693227093 0.02972027972027972 0.045816733067729085
0 0.5262237762237763 0.24203187250996017 0.02564102564102564 0.0398406374501992
0 0.497960372960373 0.28784860557768926 0.037296037296037296 0.04083665338645418
0 0.47173659673659674 0.31822709163346613 0.027389277389277388 0.0398406374501992
0 0.4973776223776224 0.35906374501992033 0.023310023310023312 0.054780876494023904
0 0.5259324009324009 0.3237051792828685 0.037296037296037296 0.05677290836653386
0 0.553030303030303 0.29282868525896416 0.026806526806526808 0.044820717131474105
0 0.5539044289044289 0.20916334661354583 0.03613053613053613 0.04183266932270916
0 0.5276806526806527 0.16334661354581673 0.019813519813519812 0.05976095617529881
0 0.5544871794871795 0.12599601593625498 0.042540792540792544 0.035856573705179286
0 0.5273892773892774 0.08117529880478087 0.026223776223776224 0.029880478087649404
0 0.5565268065268065 0.04083665338645418 0.037296037296037296 0.06772908366533864
0 0.5262237762237763 0.01045816733067729 0.02972027972027972 0.02091633466135458
0 0.5874125874125874 0.08117529880478087 0.026806526806526808 0.029880478087649404
0 0.5912004662004662 0.010956175298804782 0.03263403263403263 0.021912350597609563
0 0.6118881118881119 0.044820717131474105 0.042540792540792544 0.035856573705179286
0 0.6424825174825175 0.0099601593625498 0.02972027972027972 0.0199203187250996
0 0.6701631701631702 0.04282868525896414 0.0472027972027972 0.07470119521912351
0 0.6092657342657343 0.12749003984063745 0.045454545454545456 0.06673306772908366
0 0.5804195804195804 0.16733067729083664 0.018648018648018648 0.054780876494023904
0 0.5833333333333334 0.24352589641434264 0.02505827505827506 0.0398406374501992
0 0.6083916083916084 0.20866533864541834 0.026806526806526808 0.045816733067729085
0 0.6643356643356644 0.12749003984063745 0.03787878787878788 0.054780876494023904
0 0.6622960372960373 0.2101593625498008 0.038461538461538464 0.0348605577689243
0 0.6060606060606061 0.2903386454183267 0.037296037296037296 0.04282868525896414
0 0.5792540792540792 0.3237051792828685 0.03671328671328671 0.05776892430278884
0 0.6334498834498834 0.32768924302788843 0.023892773892773892 0.04083665338645418
0 0.6596736596736597 0.2848605577689243 0.029137529137529136 0.04780876494023904
0 0.7159090909090909 0.21165338645418327 0.043706293706293704 0.06673306772908366
0 0.7234848484848485 0.12450199203187251 0.03263403263403263 0.054780876494023904
0 0.7266899766899767 0.052290836653386456 0.03671328671328671 0.054780876494023904
0 0.7837995337995338 0.04731075697211155 0.028554778554778556 0.049800796812749
0 0.7561188811188811 0.08715139442231076 0.024475524475524476 0.044820717131474105
0 0.8143939393939394 0.014940239043824702 0.02505827505827506 0.029880478087649404
0 0.8394522144522144 0.045318725099601595 0.013986013986013986 0.021912350597609563
0 0.8059440559440559 0.08316733067729083 0.026223776223776224 0.049800796812749
0 0.8327505827505828 0.13296812749003983 0.033216783216783216 0.07669322709163347
0 0.7759324009324009 0.13296812749003983 0.034382284382284384 0.03386454183266932
0 0.7957459207459208 0.17231075697211157 0.027389277389277388 0.037848605577689244
0 0.7482517482517482 0.17081673306772907 0.03787878787878788 0.05976095617529881
0 0.7703962703962703 0.21364541832669323 0.011655011655011656 0.0199203187250996
0 0.7438811188811189 0.2495019920318725 0.02505827505827506 0.03286852589641434
0 0.7934149184149184 0.250996015936255 0.027389277389277388 0.030876494023904383
0 0.7645687645687645 0.2873505976095618 0.03787878787878788 0.04083665338645418
0 0.8178904428904429 0.29880478087649404 0.02972027972027972 0.05179282868525897
0 0.6841491841491841 0.3256972111553785 0.026806526806526808 0.026892430278884463
0 0.708041958041958 0.3705179282868526 0.037296037296037296 0.05776892430278884
0 0.7112470862470862 0.2898406374501992 0.04195804195804196 0.0647410358565737
0 0.6558857808857809 0.3655378486055777 0.037296037296037296 0.03187250996015936
0 0.7584498834498834 0.36404382470119523 0.034382284382284384 0.046812749003984064
0 0.782051282051282 0.4028884462151394 0.034382284382284384 0.02888446215139442
0 0.8108974358974359 0.36802788844621515 0.011655011655011656 0.018924302788844622
0 0.7022144522144522 0.43675298804780877 0.011072261072261072 0.02091633466135458
0 0.8033216783216783 0.4397410358565737 0.012237762237762238 0.018924302788844622
0 0.7511655011655012 0.4387450199203187 0.02097902097902098 0.054780876494023904
0 0.7759324009324009 0.4711155378486056 0.027972027972027972 0.0249003984063745
0 0.7473776223776224 0.5119521912350598 0.03205128205128205 0.043824701195219126
0 0.798951048951049 0.5039840637450199 0.029137529137529136 0.04282868525896414
0 0.7701048951048951 0.5353585657370518 0.026806526806526808 0.026892430278884463
0 0.7902097902097902 0.5722111553784861 0.013986013986013986 0.0199203187250996
0 0.7392191142191142 0.5702191235059761 0.03613053613053613 0.052788844621513946
0 0.7840909090909091 0.6339641434262948 0.011072261072261072 0.017928286852589643
0 0.7363053613053613 0.6314741035856574 0.01048951048951049 0.02091633466135458
0 0.6917249417249417 0.6354581673306773 0.03205128205128205 0.046812749003984064
0 0.6943473193473193 0.5677290836653387 0.023310023310023312 0.03884462151394422
0 0.7214452214452215 0.5348605577689243 0.023310023310023312 0.025896414342629483
0 0.6984265734265734 0.5004980079681275 0.027389277389277388 0.04183266932270916
0 0.6774475524475524 0.4651394422310757 0.02505827505827506 0.022908366533864542
0 0.6483100233100233 0.5079681274900398 0.026806526806526808 0.04183266932270916
0 0.6462703962703963 0.5702191235059761 0.013986013986013986 0.018924302788844622
0 0.6418997668997669 0.6289840637450199 0.011655011655011656 0.0249003984063745
0 0.6398601398601399 0.6907370517928287 0.013403263403263404 0.018924302788844622
0 0.6395687645687645 0.75199203187251 0.015734265734265736 0.022908366533864542
0 0.6858974358974359 0.6922310756972112 0.012237762237762238 0.02091633466135458
0 0.7307692307692307 0.6917330677290837 0.01282051282051282 0.021912350597609563
0 0.7785547785547785 0.6937250996015937 0.012237762237762238 0.0199203187250996
0 0.7770979020979021 0.750996015936255 0.012237762237762238 0.02390438247011952
0 0.752913752913753 0.7903386454183267 0.012237762237762238 0.021912350597609563
0 0.7298951048951049 0.7534860557768924 0.013986013986013986 0.022908366533864542
0 0.7077505827505828 0.7888446215139442 0.012237762237762238 0.018924302788844622
0 0.6841491841491841 0.75199203187251 0.013986013986013986 0.018924302788844622
0 0.6617132867132867 0.7893426294820717 0.01282051282051282 0.021912350597609563
0 0.6139277389277389 0.7873505976095617 0.012237762237762238 0.017928286852589643
0 0.5920745920745921 0.749003984063745 0.012237762237762238 0.02091633466135458
0 0.5687645687645687 0.7863545816733067 0.016317016317016316 0.025896414342629483
0 0.5923659673659674 0.6912350597609562 0.017482517482517484 0.0249003984063745
0 0.5952797202797203 0.6309760956175299 0.034382284382284384 0.03286852589641434
0 0.5996503496503497 0.5732071713147411 0.03496503496503497 0.052788844621513946
0 0.6232517482517482 0.5323705179282868 0.034382284382284384 0.05179282868525897
0 0.5987762237762237 0.5054780876494024 0.02972027972027972 0.02888446215139442
0 0.6255827505827506 0.4631474103585657 0.023310023310023312 0.0348605577689243
0 0.6518065268065268 0.43326693227091634 0.02972027972027972 0.049800796812749
0 0.6054778554778555 0.36254980079681276 0.02156177156177156 0.05776892430278884
0 0.6013986013986014 0.4347609561752988 0.022727272727272728 0.054780876494023904
0 0.5751748251748252 0.46613545816733065 0.019813519813519812 0.046812749003984064
0 0.5492424242424242 0.5039840637450199 0.029137529137529136 0.029880478087649404
0 0.574009324009324 0.5353585657370518 0.022144522144522144 0.025896414342629483
0 0.5483682983682984 0.5697211155378487 0.037296037296037296 0.04282868525896414
0 0.5474941724941725 0.6304780876494024 0.01282051282051282 0.02091633466135458
0 0.546911421911422 0.6912350597609562 0.01048951048951049 0.018924302788844622
0 0.546037296037296 0.7485059760956175 0.01048951048951049 0.0199203187250996
0 0.5221445221445221 0.7873505976095617 0.013403263403263404 0.0199203187250996
0 0.4997086247086247 0.749003984063745 0.011072261072261072 0.017928286852589643
0 0.476981351981352 0.7853585657370518 0.013986013986013986 0.0199203187250996
0 0.45396270396270394 0.7475099601593626 0.012237762237762238 0.017928286852589643
0 0.43036130536130535 0.7843625498007968 0.011072261072261072 0.017928286852589643
0 0.40734265734265734 0.7460159362549801 0.011655011655011656 0.02091633466135458
0 0.38344988344988346 0.7848605577689243 0.013403263403263404 0.0199203187250996
0 0.36072261072261075 0.7440239043824701 0.011072261072261072 0.021912350597609563
0 0.3377039627039627 0.7813745019920318 0.012237762237762238 0.02091633466135458
0 0.31497668997669 0.7415338645418327 0.011072261072261072 0.02091633466135458
0 0.5253496503496503 0.5323705179282868 0.023310023310023312 0.026892430278884463
0 0.4991258741258741 0.50199203187251 0.029137529137529136 0.02888446215139442
0 0.5241841491841492 0.4651394422310757 0.018065268065268064 0.04780876494023904
0 0.5504079254079254 0.43376494023904383 0.012237762237762238 0.02390438247011952
0 0.5005827505827506 0.43177290836653387 0.022727272727272728 0.055776892430278883
0 0.5253496503496503 0.3929282868525896 0.022144522144522144 0.03386454183266932
0 0.5518648018648019 0.3665338645418327 0.033216783216783216 0.052788844621513946
0 0.576048951048951 0.3944223107569721 0.026223776223776224 0.0348605577689243
0 0.8228438228438228 0.21264940239043825 0.033216783216783216 0.045816733067729085