0 0.530625 0.4629803186504217 0.1 0.07310215557638237
0 0.55125 0.7268041237113402 0.17125 0.07497656982193064
0 0.61 0.27413308341143394 0.10875 0.09090909090909091
0 0.583125 0.1668228678537957 0.17 0.08434864104967198
0 0.303125 0.3697282099343955 0.0625 0.04967197750702906
0 0.458125 0.7483598875351453 0.0475 0.03655107778819119
0 0.786875 0.5192127460168697 0.045 0.031865042174320526
0 0.519375 0.2985004686035614 0.08375 0.05529522024367385
0 0.8225 0.7441424554826617 0.05875 0.04967197750702906
0 0.329375 0.15651358950328023 0.105 0.07497656982193064
0 0.704375 0.17197750702905343 0.05375 0.04873477038425492
0 0.609375 0.4343955014058107 0.0525 0.02717900656044986
0 0.206875 0.6016869728209935 0.04625 0.033739456419868794
0 0.883125 0.19165885660731022 0.06125 0.05154639175257732
0 0.309375 0.43673851921274603 0.06625 0.04873477038425492
0 0.92875 0.47375820056232426 0.0425 0.03280224929709466
0 0.32 0.29896907216494845 0.055 0.04311152764761012
0 0.70375 0.8402061855670103 0.03875 0.03655107778819119
0 0.759375 0.5646672914714151 0.0475 0.033739456419868794
0 0.275 0.8116213683223993 0.04625 0.03561387066541706
0 0.359375 0.24273664479850046 0.055 0.041237113402061855
0 0.748125 0.26382380506091846 0.04875 0.03467666354264293
0 0.7125 0.6504217432052484 0.04625 0.03561387066541706
0 0.343125 0.5028116213683224 0.04375 0.033739456419868794
0 0.29875 0.21180880974695407 0.11625 0.03936269915651359
0 0.385 0.1949390815370197 0.0975 0.06654170571696345
0 0.73625 0.5290534208059982 0.03 0.026241799437675725
0 0.69875 0.6865042174320525 0.0325 0.026241799437675725
0 0.224375 0.1836925960637301 0.0375 0.028116213683223992
0 0.02625 0.12933458294283037 0.02 0.020618556701030927
0 0.056875 0.19353327085285849 0.02875 0.020618556701030927
0 0.215 0.5337394564198688 0.03375 0.02530459231490159
0 0.051875 0.5955951265229615 0.03125 0.02436738519212746
0 0.01 0.40159325210871605 0.0125 0.01499531396438613
0 0.039375 0.6940018744142455 0.035 0.02436738519212746
0 0.501875 0.3022492970946579 0.02375 0.013120899718837863
0 0.95375 0.627460168697282 0.03125 0.033739456419868794