0 0.470625 0.5374882849109653 0.0975 0.07122774133083412
0 0.443125 0.2736644798500469 0.16875 0.07216494845360824
0 0.395625 0.7272727272727273 0.1075 0.08903467666354264
0 0.425 0.8341143392689785 0.1675 0.08153701968134958
0 0.7 0.6279287722586692 0.06125 0.04873477038425492
0 0.535625 0.2511715089034677 0.0475 0.03655107778819119
0 0.213125 0.4845360824742268 0.045 0.031865042174320526
0 0.485 0.7019681349578257 0.0825 0.05435801312089972
0 0.171875 0.2600749765698219 0.0575 0.04873477038425492
0 0.678125 0.8411433926897844 0.1025 0.07310215557638237
0 0.30375 0.830834114339269 0.0525 0.04873477038425492
0 0.391875 0.5670103092783505 0.05125 0.02717900656044986
0 0.790625 0.39456419868791004 0.04625 0.033739456419868794
0 0.12375 0.8134957825679475 0.06 0.05060918462980318
0 0.6925 0.5604498594189316 0.065 0.04779756326148079
0 0.071875 0.5318650421743205 0.0425 0.03280224929709466
0 0.685 0.6986879100281163 0.05375 0.04311152764761012
0 0.28875 0.1626054358013121 0.03875 0.03655107778819119
0 0.23875 0.43908153701968133 0.0475 0.033739456419868794
0 0.718125 0.18556701030927836 0.04625 0.03561387066541706
0 0.646875 0.7553889409559512 0.055 0.041237113402061855
0 0.2575 0.739456419868791 0.04875 0.03467666354264293
0 0.28375 0.35238987816307404 0.04625 0.03561387066541706
0 0.656875 0.4948453608247423 0.04375 0.033739456419868794
0 0.7075 0.7853795688847235 0.11625 0.038425492033739454
0 0.6225 0.8036551077788191 0.09625 0.06466729147141519
0 0.263125 0.47375820056232426 0.02875 0.02530459231490159
0 0.296875 0.3158388003748828 0.03125 0.02530459231490159
0 0.7825 0.8125585754451734 0.0375 0.028116213683223992
0 0.981875 0.8636363636363636 0.02 0.019681349578256794
0 0.95 0.8008434864104967 0.0275 0.019681349578256794
0 0.78375 0.46251171508903466 0.0325 0.02436738519212746
0 0.945625 0.3983130271790066 0.03 0.023430178069353328
0 0.991875 0.5913776944704779 0.0125 0.01499531396438613
0 0.95625 0.3003748828491096 0.03375 0.023430178069353328
0 0.503125 0.6977507029053421 0.02375 0.01218369259606373
0 0.043125 0.3786316776007498 0.03125 0.03280224929709466