0 0.7538888888888889 0.043333333333333335 0.12111111111111111 0.08666666666666667
0 0.6738888888888889 0.14333333333333334 0.043333333333333335 0.06
0 0.5894444444444444 0.024166666666666666 0.04111111111111111 0.04833333333333333
0 0.5183333333333333 0.14166666666666666 0.05333333333333334 0.08333333333333333
0 0.445 0.04083333333333333 0.057777777777777775 0.08
0 0.2916666666666667 0.04416666666666667 0.09777777777777778 0.06333333333333334
0 0.2222222222222222 0.13 0.03888888888888889 0.055
0 0.16166666666666665 0.0475 0.023333333333333334 0.045
0 0.3738888888888889 0.13583333333333333 0.056666666666666664 0.075
0 0.4477777777777778 0.275 0.06777777777777778 0.11333333333333333
0 0.5977777777777777 0.2633333333333333 0.05 0.07166666666666667
0 0.7627777777777778 0.2783333333333333 0.042222222222222223 0.08333333333333333
0 0.76 0.4841666666666667 0.04888888888888889 0.06666666666666667
0 0.6833333333333333 0.36083333333333334 0.08333333333333333 0.11166666666666666
0 0.5444444444444444 0.37166666666666665 0.06222222222222222 0.11
0 0.47888888888888886 0.4891666666666667 0.11 0.18333333333333332
0 0.395 0.5425 0.06666666666666667 0.09833333333333333
0 0.38555555555555554 0.35583333333333333 0.04555555555555556 0.056666666666666664
0 0.3138888888888889 0.25166666666666665 0.052222222222222225 0.085
0 0.2427777777777778 0.3516666666666667 0.03888888888888889 0.06666666666666667
0 0.1688888888888889 0.2325 0.025555555555555557 0.055
0 0.18666666666666668 0.43666666666666665 0.02666666666666667 0.04833333333333333
0 0.32722222222222225 0.45166666666666666 0.051111111111111114 0.07666666666666666
0 0.265 0.5508333333333333 0.08444444444444445 0.13333333333333333
0 0.3338888888888889 0.6375 0.035555555555555556 0.043333333333333335
0 0.4161111111111111 0.7308333333333333 0.043333333333333335 0.06666666666666667
0 0.46944444444444444 0.665 0.06666666666666667 0.08166666666666667
0 0.5377777777777778 0.5716666666666667 0.06333333333333334 0.13166666666666665
0 0.5972222222222222 0.47 0.07111111111111111 0.09166666666666666
0 0.6755555555555556 0.5716666666666667 0.07 0.105
0 0.7594444444444445 0.7008333333333333 0.052222222222222225 0.07166666666666667
0 0.8011111111111111 0.5875 0.07555555555555556 0.14333333333333334
0 0.8155555555555556 0.7966666666666666 0.06 0.09
0 0.8211111111111111 0.9616666666666667 0.04111111111111111 0.03166666666666667
0 0.7461111111111111 0.8708333333333333 0.06333333333333334 0.09666666666666666
0 0.6844444444444444 0.7766666666666666 0.07111111111111111 0.18
0 0.5972222222222222 0.6783333333333333 0.08777777777777777 0.11166666666666666
0 0.5416666666666666 0.7633333333333333 0.05 0.058333333333333334
0 0.61 0.855 0.03333333333333333 0.06666666666666667
0 0.6844444444444444 0.9458333333333333 0.05444444444444444 0.07833333333333334
0 0.5555555555555556 0.9141666666666667 0.10333333333333333 0.14666666666666667
0 0.4738888888888889 0.8325 0.052222222222222225 0.08333333333333333
0 0.4216666666666667 0.905 0.03333333333333333 0.05333333333333334
0 0.36277777777777775 0.8058333333333333 0.042222222222222223 0.07333333333333333
0 0.2761111111111111 0.7108333333333333 0.03111111111111111 0.07333333333333333
0 0.23166666666666666 0.8033333333333333 0.04888888888888889 0.11166666666666666
0 0.24388888888888888 0.9416666666666667 0.02666666666666667 0.05
0 0.2961111111111111 0.8833333333333333 0.052222222222222225 0.07833333333333334
0 0.36444444444444446 0.965 0.057777777777777775 0.07
0 0.4811111111111111 0.9825 0.02666666666666667 0.035
0 0.19722222222222222 0.99 0.027777777777777776 0.02
0 0.205 0.625 0.03111111111111111 0.051666666666666666
0 0.8238888888888889 0.38666666666666666 0.014444444444444444 0.06333333333333334
0 0.8122222222222222 0.14333333333333334 0.01888888888888889 0.041666666666666664
0 0.18444444444444444 0.8541666666666666 0.013333333333333334 0.04