0 0.016666666666666666 0.060833333333333336 0.03333333333333333 0.07166666666666667
0 0.018333333333333333 0.3333333333333333 0.03666666666666667 0.06
0 0.017222222222222222 0.5825 0.034444444444444444 0.05
0 0.012222222222222223 0.7958333333333333 0.024444444444444446 0.06166666666666667
0 0.08722222222222223 0.9108333333333334 0.034444444444444444 0.06333333333333334
0 0.08777777777777777 0.6816666666666666 0.06333333333333334 0.08666666666666667
0 0.11277777777777778 0.41 0.11222222222222222 0.18
0 0.10166666666666667 0.21083333333333334 0.08222222222222222 0.14333333333333334
0 0.19777777777777777 0.09416666666666666 0.07666666666666666 0.17666666666666667
0 0.27166666666666667 0.22083333333333333 0.03777777777777778 0.06166666666666667
0 0.18333333333333332 0.34 0.04111111111111111 0.058333333333333334
0 0.26222222222222225 0.45416666666666666 0.05333333333333334 0.07666666666666666
0 0.1811111111111111 0.5583333333333333 0.07222222222222222 0.08333333333333333
0 0.16277777777777777 0.7883333333333333 0.08444444444444445 0.14333333333333334
0 0.2388888888888889 0.8966666666666666 0.034444444444444444 0.055
0 0.16111111111111112 0.9833333333333333 0.07 0.03333333333333333
0 0.2511111111111111 0.67 0.04666666666666667 0.08166666666666667
0 0.3472222222222222 0.5666666666666667 0.07222222222222222 0.09666666666666666
0 0.3477777777777778 0.3408333333333333 0.04555555555555556 0.07166666666666667
0 0.3661111111111111 0.095 0.05333333333333334 0.06
0 0.5033333333333333 0.11 0.042222222222222223 0.07
0 0.4166666666666667 0.21833333333333332 0.07 0.12
0 0.4166666666666667 0.4266666666666667 0.07 0.08833333333333333
0 0.49166666666666664 0.5308333333333334 0.11666666666666667 0.15666666666666668
0 0.5227777777777778 0.6591666666666667 0.06222222222222222 0.095
0 0.3977777777777778 0.6641666666666667 0.035555555555555556 0.065
0 0.325 0.7658333333333334 0.05444444444444444 0.07333333333333333
0 0.3877777777777778 0.8775 0.042222222222222223 0.055
0 0.30444444444444446 0.9816666666666667 0.035555555555555556 0.035
0 0.44166666666666665 0.9658333333333333 0.03111111111111111 0.03833333333333333
0 0.4588888888888889 0.7566666666666667 0.04888888888888889 0.07333333333333333
0 0.5216666666666666 0.855 0.08444444444444445 0.12
0 0.5827777777777777 0.7558333333333334 0.02666666666666667 0.051666666666666666
0 0.6494444444444445 0.6375 0.042222222222222223 0.06166666666666667
0 0.6083333333333333 0.5541666666666667 0.051111111111111114 0.09666666666666666
0 0.5494444444444444 0.4475 0.08444444444444445 0.08833333333333333
0 0.485 0.3525 0.057777777777777775 0.10166666666666667
0 0.5566666666666666 0.24083333333333334 0.06666666666666667 0.1
0 0.6472222222222223 0.12166666666666667 0.04555555555555556 0.075
0 0.5738888888888889 0.05333333333333334 0.09222222222222222 0.10666666666666667
0 0.7138888888888889 0.0425 0.056666666666666664 0.085
0 0.83 0.043333333333333335 0.03 0.06
0 0.76 0.15083333333333335 0.06111111111111111 0.09
0 0.6938888888888889 0.23833333333333334 0.11666666666666667 0.09833333333333333
0 0.6238888888888889 0.36333333333333334 0.07 0.12666666666666668
0 0.6772222222222222 0.45166666666666666 0.03666666666666667 0.07166666666666667
0 0.7422222222222222 0.3541666666666667 0.043333333333333335 0.04666666666666667
0 0.8066666666666666 0.24666666666666667 0.05 0.07833333333333334
0 0.87 0.155 0.04111111111111111 0.065
0 0.8933333333333333 0.02 0.06777777777777778 0.04
0 0.9372222222222222 0.060833333333333336 0.027777777777777776 0.041666666666666664
0 0.9738888888888889 0.1625 0.04666666666666667 0.07166666666666667
0 0.9133333333333333 0.265 0.06333333333333334 0.11
0 0.9555555555555556 0.37 0.03666666666666667 0.06333333333333334
0 0.845 0.3625 0.02666666666666667 0.043333333333333335
0 0.7788888888888889 0.43833333333333335 0.09222222222222222 0.14833333333333334
0 0.72 0.5566666666666666 0.05333333333333334 0.075
0 0.7655555555555555 0.6383333333333333 0.034444444444444444 0.04666666666666667
0 0.6966666666666667 0.7216666666666667 0.04666666666666667 0.06
0 0.6288888888888889 0.8466666666666667 0.04777777777777778 0.043333333333333335
0 0.6877777777777778 0.9175 0.07222222222222222 0.06833333333333333
0 0.7805555555555556 0.9066666666666666 0.03222222222222222 0.03833333333333333
0 0.7444444444444445 0.8258333333333333 0.05 0.075
0 0.8077777777777778 0.7258333333333333 0.052222222222222225 0.08333333333333333
0 0.8266666666666667 0.5516666666666666 0.034444444444444444 0.03833333333333333
0 0.8883333333333333 0.4575 0.03333333333333333 0.065
0 0.9866666666666667 0.46166666666666667 0.02666666666666667 0.07833333333333334
0 0.9288888888888889 0.5366666666666666 0.06555555555555556 0.09
0 0.8683333333333333 0.6416666666666667 0.04777777777777778 0.07833333333333334
0 0.9044444444444445 0.7191666666666666 0.023333333333333334 0.051666666666666666
0 0.9661111111111111 0.6208333333333333 0.028888888888888888 0.041666666666666664
0 0.9344444444444444 0.7883333333333333 0.05444444444444444 0.08166666666666667
0 0.9683333333333334 0.8691666666666666 0.03777777777777778 0.07166666666666667
0 0.9088888888888889 0.9625 0.02666666666666667 0.035
0 0.8766666666666667 0.8858333333333334 0.025555555555555557 0.03833333333333333
0 0.8472222222222222 0.8058333333333333 0.035555555555555556 0.056666666666666664
0 0.8183333333333334 0.98 0.02666666666666667 0.04
0 0.5677777777777778 0.9483333333333334 0.03333333333333333 0.043333333333333335
0 0.9916666666666667 0.010833333333333334 0.016666666666666666 0.021666666666666667
0 0.44166666666666665 0.009166666666666667 0.04111111111111111 0.018333333333333333
0 0.2788888888888889 0.013333333333333334 0.02666666666666667 0.02666666666666667
0 0.0038888888888888888 0.175 0.0077777777777777776 0.04833333333333333
0 0.9955555555555555 0.28 0.008888888888888889 0.018333333333333333
0 0.9955555555555555 0.5433333333333333 0.008888888888888889 0.03333333333333333
0 0.9905555555555555 0.6991666666666667 0.01888888888888889 0.03833333333333333
0 0.995 0.9408333333333333 0.01 0.03
0 0.7194444444444444 0.9908333333333333 0.025555555555555557 0.018333333333333333