0 0.699375 0.2727272727272727 0.10375 0.056232427366447985
1 0.19708749999999997 0.5050984067478913 0.21137499999999998 0.12407685098406747
1 0.18295000000000003 0.6698687910028116 0.2590875 0.14879100281162136
1 0.79375 0.42221180880974696 0.215 0.20337394564198688
0 0.838125 0.14432989690721648 0.07625 0.056232427366447985
0 0.1 0.4119025304592315 0.075 0.03655107778819119
1 0.4725 0.4231490159325211 0.1975 0.16588566073102157
0 0.881875 0.5543580131208997 0.04875 0.04217432052483599
0 0.33375 0.7277413308341143 0.0425 0.03280224929709466
1 0.6696875 0.21106841611996252 0.2372875 0.08676663542642923
0 0.825625 0.32661668228678536 0.04375 0.04779756326148079
1 0.62115 0.35731021555763826 0.1576875 0.30506091846298033
0 0.976875 0.5585754451733833 0.04625 0.041237113402061855
0 0.5675 0.4104967197750703 0.0825 0.05810684161199625
0 0.77 0.16588566073102157 0.0925 0.01874414245548266
0 0.074375 0.2422680412371134 0.14875 0.08341143392689784
0 0.57625 0.15229615745079664 0.0375 0.019681349578256794
0 0.41875 0.15604498594189317 0.05 0.01780693533270853
0 0.89875 0.21180880974695407 0.04 0.020618556701030927
0 0.9825 0.26288659793814434 0.0325 0.02155576382380506
0 0.30625 0.6562043111527647 0.045 0.03029990627928772
0 0.13625 0.4372071227741331 0.05 0.023430178069353328
0 0.253125 0.507029053420806 0.03625 0.022492970946579195
0 0.225625 0.3655107778819119 0.03125 0.02436738519212746
0 0.249375 0.36597938144329895 0.01625 0.01780693533270853
0 0.3275 0.5520149953139644 0.01 0.016869728209934397
0 0.348125 0.5716963448922212 0.03125 0.026241799437675725
0 0.430625 0.5590440487347704 0.01625 0.01218369259606373
0 0.34625 0.5515463917525774 0.0275 0.023430178069353328
0 0.77875 0.6326148078725399 0.0275 0.016869728209934397
0 0.67375 0.633552014995314 0.015 0.00937207122774133
0 0.8225 0.6471415182755389 0.015 0.010309278350515464
0 0.8582500000000001 0.664133083411434 0.0364875 0.027432052483598875
0 0.826875 0.3416119962511715 0.04875 0.01780693533270853
0 0.30375 0.8847235238987816 0.0275 0.01874414245548266
0 0.27375 0.8163074039362699 0.025 0.01499531396438613
0 0.5125 0.7403936269915652 0.015 0.011246485473289597
0 0.64375 0.7671040299906279 0.0125 0.023430178069353328
0 0.4225 0.732427366447985 0.015 0.010309278350515464
0 0.364375 0.7563261480787254 0.02125 0.013120899718837863
0 0.491875 0.8369259606373008 0.01625 0.013120899718837863
0 0.83125 0.6724461105904405 0.015 0.008434864104967198
0 0.888125 0.8589503280224929 0.01625 0.010309278350515464
0 0.81875 0.9194001874414246 0.0175 0.011246485473289597
0 0.763125 0.7722586691658857 0.01875 0.011246485473289597
0 0.87375 0.8355201499531396 0.0175 0.01218369259606373
0 0.5800375 0.3052202436738519 0.011875 0.022989690721649487
0 0.5887749999999999 0.32449859418931587 0.011537500000000001 0.018050609184629803
1 0.61155 0.4757544517338332 0.2174875 0.15514526710402998
0 0.5503 0.5691565135895033 0.1786625 0.12547328959700094
0 0.663375 0.5579943767572634 0.016587499999999998 0.009325210871602624
0 0.7216125 0.5712746016869727 0.16923749999999999 0.11954076850984068
0 0.513175 0.9606935332708528 0.013187500000000001 0.012717900656044986
0 0.8329375 0.43601686972820997 0.0405375 0.03214620431115276
0 0.8387625 0.4433552014995314 0.013049999999999999 0.011874414245548266
0 0.4231125 0.47776944704779756 0.0121125 0.01013120899718838
0 0.14002499999999998 0.6936832239925023 0.0200375 0.015726335520149955
0 0.1987375 0.8580693533270852 0.18872499999999998 0.11739456419868792
0 0.2679375 0.8255763823805061 0.20596250000000002 0.1271696344892221
0 0.30895 0.7259981255857544 0.32152500000000006 0.19216494845360824