0 0.29 0.7221180880974696 0.10625 0.059044048734770385
1 0.803125 0.5028116213683224 0.2175 0.12933458294283037
1 0.824375 0.338331771321462 0.265 0.15557638238050608
1 0.2025 0.569821930646673 0.22375 0.20899718837863168
0 0.145625 0.8467666354264293 0.07875 0.05810684161199625
0 0.895625 0.598406747891284 0.07625 0.038425492033739454
1 0.52375 0.5773195876288659 0.205 0.17057169634489222
0 0.120625 0.43580131208997186 0.05125 0.04311152764761012
0 0.676875 0.2769447047797563 0.04375 0.033739456419868794
1 0.316875 0.7844423617619494 0.24125 0.09372071227741331
0 0.16625 0.6649484536082474 0.04625 0.04873477038425492
1 0.371875 0.6396438612933458 0.17125 0.30927835051546393
0 0.02625 0.4287722586691659 0.04875 0.04217432052483599
0 0.428125 0.5876288659793815 0.085 0.05998125585754452
0 0.214375 0.8266166822867854 0.09375 0.02155576382380506
0 0.913125 0.7685098406747891 0.1525 0.08716026241799438
0 0.4075 0.845360824742268 0.03875 0.020618556701030927
0 0.565 0.8458294283036552 0.05125 0.01874414245548266
0 0.088125 0.7774133083411434 0.04125 0.02155576382380506
0 0.011875 0.7244611059044048 0.02375 0.022492970946579195
0 0.700625 0.34910965323336457 0.04625 0.030927835051546393
0 0.860625 0.5721649484536082 0.05125 0.02436738519212746
0 0.746875 0.49953139643861294 0.0375 0.023430178069353328
0 0.768125 0.6415182755388941 0.0325 0.02530459231490159
0 0.744375 0.64058106841612 0.0175 0.01780693533270853
0 0.675 0.4526710402999063 0.01125 0.016869728209934397
0 0.655 0.43252108716026244 0.0325 0.02717900656044986
0 0.571875 0.44283036551077787 0.01625 0.01218369259606373
0 0.65625 0.4526710402999063 0.02875 0.02436738519212746
0 0.2275 0.36035613870665417 0.02875 0.01780693533270853
0 0.3325 0.36176194939081535 0.015 0.00937207122774133
0 0.184375 0.3444236176194939 0.015 0.010309278350515464
0 0.15 0.32661668228678536 0.0375 0.028116213683223992
0 0.16625 0.6499531396438613 0.05 0.01874414245548266
0 0.71375 0.1204311152764761 0.02875 0.019681349578256794
0 0.740625 0.18978444236176195 0.02625 0.015932521087160263
0 0.49875 0.25960637300843487 0.015 0.011246485473289597
0 0.36875 0.22914714151827553 0.01375 0.023430178069353328
0 0.588125 0.26991565135895035 0.015 0.010309278350515464
0 0.6475 0.24742268041237114 0.02125 0.014058106841611996
0 0.52375 0.1635426429240862 0.01625 0.013120899718837863
0 0.176875 0.3191190253045923 0.015 0.008434864104967198
0 0.12875 0.13120899718837864 0.01625 0.010309278350515464
0 0.20125 0.07263355201499531 0.0175 0.011246485473289597
0 0.25 0.2211808809746954 0.01875 0.01218369259606373
0 0.141875 0.15510777881911902 0.0175 0.01218369259606373
0 0.41125 0.6925960637300843 0.01375 0.023430178069353328
0 0.403125 0.6733833177132146 0.0125 0.01780693533270853
1 0.3875 0.5215557638238051 0.225 0.16119962511715089
0 0.453125 0.42924086223055297 0.185 0.1302717900656045
0 0.339375 0.43767572633552015 0.01625 0.00937207122774133
0 0.281875 0.4231490159325211 0.17375 0.1246485473289597
0 0.508125 0.03936269915651359 0.01375 0.013120899718837863
0 0.164375 0.5552952202436738 0.04125 0.03280224929709466
0 0.15875 0.5477975632614808 0.0125 0.01218369259606373
0 0.575625 0.5238987816307404 0.0125 0.010309278350515464
0 0.86875 0.3158388003748828 0.02125 0.016869728209934397
0 0.8175 0.14995313964386128 0.19375 0.1218369259606373
0 0.746875 0.18041237113402062 0.2125 0.1330834114339269
0 0.701875 0.27928772258669166 0.33 0.20056232427366447