1 0.055625 0.45583140877598155 0.11125 0.07332563510392609
0 0.42625 0.6700346420323325 0.1 0.04734411085450346
1 0.271875 0.5103926096997691 0.2925 0.11431870669745958
0 0.2875 0.6758083140877598 0.09625 0.04561200923787529
0 0.15375 0.6824480369515011 0.0925 0.04387990762124711
1 0.125625 0.3827944572748268 0.25125 0.09237875288683603
0 0.505 0.5161662817551963 0.11375 0.04676674364896074
0 0.315 0.6007505773672055 0.1475 0.05023094688221709
1 0.43125 0.6986143187066974 0.11625 0.04503464203233257
0 0.9725 0.4809468822170901 0.055 0.02771362586605081
0 0.961875 0.6062355658198614 0.07625 0.03464203233256351
0 0.596875 0.6830254041570438 0.07875 0.02367205542725173
0 0.58 0.3406466512702079 0.065 0.03175519630484989
1 0.263125 0.7061200923787528 0.2225 0.04734411085450346
1 0.741875 0.526270207852194 0.23125 0.05715935334872979
1 0.748125 0.6908198614318707 0.2125 0.03579676674364896
1 0.55625 0.6922632794457275 0.15375 0.04734411085450346
0 0.5525 0.33545034642032334 0.08125 0.028868360277136258
0 0.97875 0.5831408775981525 0.0425 0.018475750577367205
0 0.919375 0.628175519630485 0.025 0.006928406466512702
0 0.461875 0.40155889145496537 0.025 0.008660508083140877
0 0.55375 0.28204387990762125 0.0375 0.01558891454965358
0 0.335 0.3995381062355658 0.02125 0.008083140877598153
0 0.638125 0.26645496535796764 0.045 0.01212471131639723
0 0.514375 0.42003464203233254 0.03875 0.017321016166281754
0 0.18375 0.39924942263279445 0.05625 0.026558891454965358
0 0.75875 0.49740184757505773 0.0575 0.019630484988452657
0 0.81125 0.41916859122401845 0.04875 0.019630484988452657
0 0.61875 0.41772517321016167 0.0325 0.009237875288683603
0 0.753125 0.5311778290993071 0.05375 0.025404157043879907
0 0.49125 0.5447459584295612 0.02375 0.009815242494226328
0 0.444375 0.5790993071593533 0.05375 0.025981524249422634
1 0.236875 0.5106812933025404 0.05625 0.02367205542725173
0 0.731875 0.6746535796766744 0.055 0.012702078521939953
0 0.68 0.6174942263279446 0.02625 0.008660508083140877
0 0.651875 0.6180715935334873 0.02875 0.010392609699769052
0 0.86875 0.664838337182448 0.05125 0.013856812933025405
0 0.87 0.6890877598152425 0.035 0.015011547344110854
0 0.445625 0.7266166281755196 0.07375 0.015011547344110854
0 0.21 0.7211316397228638 0.07 0.011547344110854504
0 0.66125 0.6965935334872979 0.01875 0.01212471131639723
0 0.061875 0.6810046189376443 0.05 0.017321016166281754
0 0.195625 0.7289260969976905 0.0625 0.012702078521939953
0 0.16 0.7090069284064665 0.13375 0.024826789838337183
0 0.08875 0.6980369515011547 0.01375 0.003464203233256351
1 0.788125 0.6948614318706697 0.13625 0.03348729792147806
0 0.76 0.7081408775981525 0.02 0.006351039260969977
0 0.7625 0.7029445727482679 0.01625 0.005773672055427252
0 0.616875 0.424364896073903 0.0225 0.008660508083140877
0 0.186875 0.3943418013856813 0.01625 0.006928406466512702
0 0.111875 0.37990762124711314 0.01875 0.010392609699769052
0 0.008125 0.46247113163972287 0.01625 0.023094688221709007
0 0.2575 0.5129907621247113 0.0125 0.006351039260969977
0 0.2625 0.5080831408775982 0.01375 0.005196304849884526
0 0.309375 0.5178983833718245 0.02875 0.01212471131639723
1 0.461875 0.5796766743648961 0.21875 0.07043879907621248
0 0.555 0.5476327944572749 0.01125 0.004618937644341801
0 0.723125 0.5173210161662818 0.02125 0.007505773672055427
0 0.0925 0.562066974595843 0.01 0.004618937644341801