1 0.361875 0.4587628865979381 0.1575 0.11152764761012184
1 0.286875 0.3767572633552015 0.1575 0.1218369259606373
0 0.6475 0.20290534208059982 0.06125 0.04217432052483599
0 0.705 0.46485473289597 0.0475 0.031865042174320526
0 0.631875 0.27647610121836924 0.05375 0.03748828491096532
0 0.216875 0.6307403936269915 0.0675 0.041237113402061855
0 0.440625 0.3191190253045923 0.05125 0.03561387066541706
0 0.77125 0.7286785379568884 0.09625 0.04779756326148079
0 0.2875 0.5468603561387066 0.03875 0.03748828491096532
1 0.390625 0.6991565135895033 0.085 0.06935332708528585
0 0.6725 0.598875351452671 0.04 0.03655107778819119
0 0.5925 0.2211808809746954 0.0525 0.03561387066541706
0 0.570625 0.42924086223055297 0.0625 0.04873477038425492
0 0.63 0.7403936269915652 0.05125 0.03280224929709466
0 0.969375 0.48125585754451733 0.0525 0.03936269915651359
0 0.9 0.12933458294283037 0.03875 0.04029990627928772
0 0.035 0.6841611996251171 0.07 0.04873477038425492
0 0.7275 0.5323336457357076 0.04125 0.07685098406747891
1 0.180625 0.21462043111527648 0.04625 0.038425492033739454
0 0.19125 0.31537019681349576 0.16375 0.06935332708528585
0 0.3325 0.31537019681349576 0.055 0.09934395501405811
0 0.326875 0.5852858481724461 0.05 0.10309278350515463
0 0.025 0.8505154639175257 0.02125 0.011246485473289597
0 0.919375 0.3992502343017807 0.0275 0.026241799437675725
0 0.934375 0.64058106841612 0.0275 0.03936269915651359
0 0.779375 0.48687910028116216 0.03125 0.01874414245548266
0 0.89 0.3669165885660731 0.02125 0.020618556701030927
0 0.865625 0.5805998125585754 0.01875 0.014058106841611996
0 0.43 0.5253045923149016 0.03125 0.02436738519212746
0 0.551875 0.514526710402999 0.03125 0.02999062792877226
0 0.530625 0.5356138706654171 0.02375 0.022492970946579195
0 0.63375 0.44283036551077787 0.03375 0.02155576382380506
0 0.57125 0.4967197750702905 0.03375 0.030927835051546393
0 0.340625 0.6265229615745079 0.035 0.02530459231490159
0 0.613125 0.4287722586691659 0.02875 0.01874414245548266
0 0.34375 0.60543580131209 0.0175 0.01218369259606373
0 0.559375 0.39268978444236174 0.01625 0.006560449859418931
0 0.424375 0.39128397375820057 0.01375 0.010309278350515464
0 0.348125 0.34723523898781633 0.01375 0.033739456419868794
0 0.1275 0.6241799437675727 0.03375 0.026241799437675725
0 0.11875 0.5524835988753515 0.03625 0.02717900656044986
0 0.121875 0.47375820056232426 0.0325 0.023430178069353328
0 0.148125 0.3425492033739456 0.03875 0.028116213683223992
0 0.020625 0.32567947516401125 0.0275 0.04967197750702906
0 0.781875 0.21883786316776008 0.04875 0.01780693533270853
0 0.811875 0.05716963448922212 0.06125 0.019681349578256794
0 0.743125 0.29053420805998126 0.01375 0.010309278350515464
0 0.91 0.2296157450796626 0.02125 0.011246485473289597
0 0.704375 0.1527647610121837 0.01625 0.010309278350515464
0 0.8725 0.3373945641986879 0.02 0.016869728209934397
0 0.5675 0.14198687910028115 0.035 0.02530459231490159
0 0.38875 0.23758200562324275 0.035 0.02155576382380506
0 0.536875 0.1148078725398313 0.03625 0.02436738519212746
0 0.519375 0.22071227741330834 0.03625 0.02155576382380506
0 0.485 0.24461105904404873 0.035 0.022492970946579195
0 0.646875 0.32286785379568883 0.03625 0.02436738519212746
0 0.35875 0.12277413308341144 0.03375 0.02155576382380506
0 0.475625 0.05295220243673852 0.0175 0.008434864104967198
0 0.41625 0.29475164011246485 0.01375 0.011246485473289597
0 0.678125 0.09465791940018745 0.01625 0.01218369259606373
0 0.034375 0.18041237113402062 0.03625 0.026241799437675725
0 0.275625 0.1794751640112465 0.0425 0.023430178069353328
0 0.7275 0.6574507966260543 0.02625 0.031865042174320526
0 0.711875 0.6527647610121837 0.0225 0.02999062792877226
0 0.701875 0.6532333645735707 0.0175 0.01874414245548266
0 0.8875 0.577788191190253 0.0475 0.02999062792877226
0 0.88625 0.5641986879100281 0.0325 0.01780693533270853
0 0.855625 0.33692596063730085 0.03625 0.03467666354264293
0 0.38 0.47141518275538896 0.01625 0.00937207122774133
0 0.240625 0.7249297094657919 0.015 0.015932521087160263
0 0.080625 0.4732895970009372 0.04125 0.03280224929709466