1 0.355 0.47563261480787256 0.16875 0.12089971883786317
1 0.26375 0.4034676663542643 0.17 0.13120899718837864
0 0.58375 0.1893158388003749 0.06625 0.04592314901593252
0 0.695 0.4414245548266167 0.05125 0.03467666354264293
0 0.58375 0.26382380506091846 0.0575 0.041237113402061855
0 0.2475 0.662605435801312 0.0725 0.04498594189315839
0 0.40375 0.32849109653233366 0.055 0.03936269915651359
0 0.815625 0.6944704779756327 0.1 0.053420805998125584
0 0.3 0.5712277413308341 0.04375 0.03936269915651359
1 0.43375 0.7094657919400188 0.0925 0.07497656982193064
0 0.690625 0.5773195876288659 0.04375 0.038425492033739454
0 0.533125 0.21368322399250234 0.05625 0.03936269915651359
0 0.555 0.4217432052483599 0.0675 0.05154639175257732
0 0.67875 0.7221180880974696 0.055 0.03655107778819119
0 0.959375 0.42642924086223055 0.0575 0.04311152764761012
0 0.8175 0.0866916588566073 0.04375 0.04217432052483599
0 0.074375 0.7371134020618557 0.085 0.053420805998125584
0 0.73125 0.5051546391752577 0.05 0.07872539831302718
1 0.125 0.25538894095595127 0.05125 0.041237113402061855
0 0.156875 0.3537956888472352 0.17125 0.07966260543580131
0 0.295625 0.3373945641986879 0.065 0.1021555763823805
0 0.346875 0.6044985941893158 0.06125 0.10590440487347703
0 0.104375 0.9020618556701031 0.0225 0.01218369259606373
0 0.893125 0.3514526710402999 0.03 0.02717900656044986
0 0.958125 0.5880974695407685 0.0325 0.04029990627928772
0 0.773125 0.45407685098406747 0.0325 0.020618556701030927
0 0.8575 0.32239925023430177 0.0225 0.02155576382380506
0 0.878125 0.5365510777881912 0.02125 0.01499531396438613
0 0.43625 0.5332708528584817 0.03375 0.026241799437675725
0 0.554375 0.5084348641049672 0.035 0.031865042174320526
0 0.538125 0.5313964386129335 0.02625 0.023430178069353328
0 0.620625 0.42783505154639173 0.035 0.023430178069353328
0 0.57 0.48828491096532334 0.0375 0.03280224929709466
0 0.369375 0.6438612933458294 0.0375 0.02717900656044986
0 0.596875 0.41658856607310213 0.03 0.020618556701030927
0 0.3675 0.6227741330834115 0.01875 0.014058106841611996
0 0.53625 0.38706654170571697 0.0175 0.008434864104967198
0 0.4025 0.40112464854732893 0.015 0.011246485473289597
0 0.318125 0.3669165885660731 0.0175 0.03467666354264293
0 0.158125 0.6663542642924086 0.03625 0.028116213683223992
0 0.134375 0.5965323336457357 0.03875 0.029053420805998126
0 0.120625 0.5182755388940956 0.035 0.02530459231490159
0 0.12 0.3856607310215558 0.04125 0.02999062792877226
0 0.72 0.1893158388003749 0.05 0.020618556701030927
0 0.715625 0.02577319587628866 0.0625 0.023430178069353328
0 0.69625 0.2647610121836926 0.015 0.011246485473289597
0 0.848125 0.1846298031865042 0.0225 0.01218369259606373
0 0.629375 0.1330834114339269 0.0175 0.01218369259606373
0 0.834375 0.29568884723523897 0.02125 0.01780693533270853
0 0.491875 0.1387066541705717 0.0375 0.02717900656044986
0 0.335625 0.2539831302717901 0.03625 0.023430178069353328
0 0.455625 0.1148078725398313 0.03875 0.026241799437675725
0 0.460625 0.22164948453608246 0.0375 0.023430178069353328
0 0.431875 0.2492970946579194 0.0375 0.02436738519212746
0 0.608125 0.3078725398313027 0.03875 0.026241799437675725
0 0.281875 0.14386129334582942 0.035 0.023430178069353328
0 0.383125 0.06138706654170572 0.01875 0.010309278350515464
0 0.374375 0.3069353327085286 0.015 0.01218369259606373
0 0.591875 0.07872539831302718 0.0175 0.013120899718837863
0 0.21125 0.2099343955014058 0.045 0.026241799437675725
0 0.758125 0.6288659793814433 0.03 0.03280224929709466
0 0.74125 0.6260543580131209 0.02625 0.030927835051546393
0 0.73125 0.6279287722586692 0.01875 0.019681349578256794
0 0.89875 0.5313964386129335 0.05125 0.03280224929709466
0 0.894375 0.5178069353327085 0.03375 0.019681349578256794
0 0.816875 0.2970946579194002 0.04 0.03655107778819119
0 0.375625 0.485941893158388 0.0175 0.011246485473289597
0 0.290625 0.7525773195876289 0.01625 0.016869728209934397
0 0.08 0.5224929709465792 0.045 0.03561387066541706