1 0.70875 0.5458333333333333 0.29875 0.19416666666666665
1 0.56125 0.64625 0.295 0.19083333333333333
0 0.6875 0.8679166666666667 0.17125 0.11
0 0.538125 0.43083333333333335 0.2125 0.10416666666666667
0 0.8425 0.03875 0.10375 0.06583333333333333
0 0.33875 0.4170833333333333 0.145 0.09166666666666666
0 0.08 0.6879166666666666 0.0775 0.115
0 0.410625 0.7258333333333333 0.11875 0.0975
0 0.554375 0.8608333333333333 0.075 0.041666666666666664
1 0.84625 0.36625 0.08875 0.05416666666666667
0 0.145 0.2683333333333333 0.085 0.06416666666666666
0 0.0275 0.37958333333333333 0.055 0.035833333333333335
0 0.2825 0.45625 0.07375 0.045
0 0.128125 0.5254166666666666 0.06375 0.115
1 0.939375 0.3975 0.11375 0.09333333333333334
0 0.15875 0.6404166666666666 0.095 0.04666666666666667
0 0.045 0.2808333333333333 0.05875 0.04083333333333333
1 0.901875 0.42833333333333334 0.1475 0.09166666666666666
0 0.966875 0.8083333333333333 0.06625 0.03166666666666667
0 0.703125 0.78625 0.05375 0.030833333333333334
0 0.50875 0.8933333333333333 0.06375 0.04
0 0.420625 0.6616666666666666 0.07875 0.041666666666666664
1 0.12375 0.20125 0.15125 0.09
0 0.245625 0.41291666666666665 0.06125 0.03833333333333333
0 0.675 0.48333333333333334 0.05 0.0325
0 0.89625 0.9008333333333334 0.04 0.025
0 0.826875 0.43083333333333335 0.0275 0.015833333333333335
0 0.90625 0.37666666666666665 0.03 0.019166666666666665
0 0.980625 0.3858333333333333 0.02375 0.013333333333333334
0 0.56125 0.3545833333333333 0.0425 0.0275
0 0.24875 0.39 0.03375 0.016666666666666666
0 0.85125 0.62375 0.03875 0.03833333333333333
0 0.651875 0.62 0.0275 0.011666666666666667
0 0.5825 0.5483333333333333 0.03 0.025833333333333333
0 0.64375 0.5320833333333334 0.0225 0.018333333333333333
0 0.665 0.5116666666666667 0.02125 0.021666666666666667
0 0.648125 0.5029166666666667 0.01875 0.01
0 0.940625 0.4608333333333333 0.02 0.011666666666666667
1 0.979375 0.4270833333333333 0.03375 0.04083333333333333