0 0.091875 0.4095595126522962 0.09875 0.08809746954076851
0 0.07375 0.4957825679475164 0.1025 0.07497656982193064
0 0.1875 0.3247422680412371 0.095 0.06279287722586692
1 0.75375 0.48922211808809746 0.1025 0.11808809746954077
0 0.269375 0.19821930646672914 0.07875 0.04967197750702906
0 0.815625 0.5440487347703843 0.04875 0.030927835051546393
0 0.454375 0.33692596063730085 0.04625 0.029053420805998126
0 0.97125 0.4114339268978444 0.0375 0.03748828491096532
0 0.474375 0.6893158388003748 0.04375 0.03467666354264293
1 0.895 0.7633552014995314 0.0575 0.04592314901593252
0 0.751875 0.7099343955014058 0.04125 0.038425492033739454
1 0.175625 0.569821930646673 0.13125 0.14620431115276475
1 0.8411624999999999 0.8358575445173383 0.1098125 0.10282099343955013
0 0.940625 0.7347703842549204 0.03875 0.03936269915651359
1 0.26875 0.6518275538894096 0.2325 0.1415182755388941
0 0.74625 0.5646672914714151 0.04 0.03280224929709466
1 0.469575 0.7280412371134021 0.18283750000000001 0.15331771321462043
1 0.97875 0.7300843486410497 0.0425 0.04873477038425492
1 0.646875 0.689784442361762 0.17875 0.16307403936269915
0 0.01 0.20618556701030927 0.02 0.01874414245548266
0 0.0725 0.2539831302717901 0.04 0.020618556701030927
0 0.025 0.2985004686035614 0.0175 0.014058106841611996
0 0.0125 0.17291471415182755 0.015 0.010309278350515464
0 0.3524625 0.23336457357075913 0.049225000000000005 0.02436738519212746
0 0.563125 0.2727272727272727 0.03625 0.02999062792877226
0 0.424375 0.24039362699156513 0.03375 0.01780693533270853
0 0.831875 0.2572633552014995 0.03875 0.02717900656044986
0 0.699375 0.2685098406747891 0.03375 0.01780693533270853
0 0.29875 0.5759137769447048 0.0175 0.015932521087160263
0 0.5075375 0.3808247422680412 0.0325 0.028116213683223992
0 0.566875 0.6040299906279287 0.02625 0.019681349578256794
0 0.558125 0.5857544517338332 0.02625 0.022492970946579195
0 0.598125 0.373477038425492 0.02625 0.030927835051546393
0 0.703125 0.48078725398313027 0.03625 0.028116213683223992
0 0.9047624999999999 0.6595407685098407 0.032025 0.03323336457357076
0 0.785625 0.5965323336457357 0.01625 0.01218369259606373
0 0.71875 0.5618556701030928 0.0275 0.02717900656044986
0 0.6689 0.4001874414245548 0.0222 0.01874414245548266
0 0.810625 0.5782567947516402 0.01875 0.00937207122774133
0 0.945 0.394095595126523 0.035 0.030927835051546393
0 0.019375 0.7019681349578257 0.03875 0.020618556701030927
0 0.084375 0.796157450796626 0.03375 0.023430178069353328
0 0.1875 0.697282099343955 0.02 0.01499531396438613
0 0.525625 0.7680412371134021 0.02125 0.01218369259606373
0 0.90375 0.6916588566073102 0.0325 0.03561387066541706
0 0.9575 0.9179943767572634 0.02 0.015932521087160263
0 0.3173875 0.5747610121836926 0.017375 0.012764761012183691
0 0.18969999999999998 0.1774133083411434 0.019837499999999997 0.007966260543580132
0 0.6106125 0.360796626054358 0.0177875 0.02921274601686973
0 0.9480124999999999 0.41436738519212746 0.026175 0.02477975632614808
0 0.7683249999999999 0.4215182755388941 0.008425 0.021855670103092785
0 0.8832375 0.9027835051546391 0.044000000000000004 0.02985004686035614
0 0.8605375 0.8606841611996251 0.0463125 0.017094657919400187
0 0.1962375 0.7152483598875351 0.028962500000000002 0.02182755388940956
1 0.087325 0.798116213683224 0.1746375 0.07678537956888473