0 0.08125 0.44189315838800375 0.11 0.09559512652296158
0 0.075625 0.5290534208059982 0.1125 0.08247422680412371
0 0.165 0.3500468603561387 0.10375 0.07029053420805999
1 0.750625 0.46954076850984067 0.11875 0.12558575445173384
0 0.22875 0.21790065604498593 0.085 0.05529522024367385
0 0.82 0.5192127460168697 0.0525 0.03467666354264293
0 0.431875 0.3416119962511715 0.05 0.03280224929709466
0 0.95625 0.37488284910965325 0.0425 0.04029990627928772
0 0.500625 0.6902530459231491 0.04875 0.03748828491096532
1 0.929375 0.7310215557638238 0.06375 0.05060918462980318
0 0.78 0.6888472352389878 0.04625 0.041237113402061855
1 0.186875 0.5946579194001874 0.15125 0.15557638238050608
1 0.88625 0.8074039362699157 0.12375 0.11152764761012184
0 0.97125 0.6991565135895033 0.04375 0.04217432052483599
1 0.29125 0.669165885660731 0.25125 0.15932521087160262
0 0.75375 0.5449859418931584 0.04375 0.03561387066541706
1 0.50125 0.7291471415182755 0.2025 0.1668228678537957
1 0.991875 0.6911902530459232 0.01625 0.05154639175257732
1 0.6725 0.6771321462043112 0.2 0.17619493908153702
0 0.040625 0.28865979381443296 0.0425 0.023430178069353328
0 0.004375 0.3364573570759138 0.00875 0.01499531396438613
0 0.31625 0.246485473289597 0.0525 0.028116213683223992
0 0.53125 0.2689784442361762 0.04 0.03280224929709466
0 0.38875 0.2478912839737582 0.03625 0.020618556701030927
0 0.79625 0.232427366447985 0.0425 0.02999062792877226
0 0.66625 0.2539831302717901 0.03625 0.020618556701030927
0 0.310625 0.5913776944704779 0.02 0.016869728209934397
0 0.490625 0.3809746954076851 0.03625 0.030927835051546393
0 0.58125 0.598406747891284 0.02875 0.02155576382380506
0 0.57 0.5805998125585754 0.02875 0.02436738519212746
0 0.58 0.36644798500468606 0.03 0.03280224929709466
0 0.699375 0.46485473289597 0.04 0.030927835051546393
0 0.925 0.6265229615745079 0.0375 0.03561387066541706
0 0.7975 0.5735707591377694 0.0175 0.013120899718837863
0 0.72625 0.5445173383317713 0.03125 0.029053420805998126
0 0.65375 0.38753514526710403 0.025 0.020618556701030927
0 0.82 0.5534208059981256 0.02 0.011246485473289597
0 0.9275 0.3598875351452671 0.03875 0.033739456419868794
0 0.05 0.7385192127460168 0.04125 0.023430178069353328
0 0.128125 0.8270852858481724 0.03625 0.026241799437675725
0 0.216875 0.7207122774133083 0.0225 0.016869728209934397
0 0.563125 0.7647610121836926 0.0225 0.014058106841611996
0 0.928125 0.6588566073102156 0.0375 0.038425492033739454
0 0.32875 0.5890346766635426 0.01875 0.014058106841611996
0 0.146875 0.20384254920337394 0.02125 0.00937207122774133
0 0.590625 0.3528584817244611 0.02125 0.02999062792877226
0 0.93375 0.3795688847235239 0.03 0.026241799437675725
0 0.755625 0.40112464854732893 0.01125 0.022492970946579195
0 0.9375 0.8706654170571696 0.0475 0.03280224929709466
0 0.90875 0.8303655107778819 0.04875 0.020618556701030927
0 0.228125 0.7375820056232427 0.03125 0.023430178069353328
1 0.13125 0.8289597000937207 0.185 0.08997188378631678