1 0.3863125 0.45187441424554825 0.20818750000000003 0.15418931583880038
1 0.8515999999999999 0.326738519212746 0.1543 0.11690721649484535
1 0.545625 0.358950328022493 0.26375 0.10871602624179943
1 0.6493875 0.3221087160262418 0.2206875 0.11978444236176194
1 0.164375 0.7671040299906279 0.05625 0.038425492033739454
1 0.07875 0.5735707591377694 0.05 0.03936269915651359
1 0.866875 0.4700093720712277 0.05875 0.04029990627928772
1 0.6709 0.7339831302717901 0.21645 0.09425492033739456
1 0.80565 0.1649015932521087 0.0509 0.03201499531396438
1 0.199475 0.45690721649484534 0.2444125 0.09884723523898782
1 0.807075 0.34463917525773197 0.10157500000000001 0.1485285848172446
0 0.435 0.5079662605435802 0.0775 0.03936269915651359
0 0.284375 0.46016869728209936 0.07375 0.026241799437675725
0 0.17125 0.16213683223992503 0.035 0.028116213683223992
0 0.095 0.17478912839737581 0.035 0.03280224929709466
0 0.201875 0.24554826616682288 0.02375 0.01499531396438613
0 0.00625 0.2211808809746954 0.0125 0.033739456419868794
0 0.140625 0.2717900656044986 0.01875 0.013120899718837863
0 0.048049999999999995 0.28132146204311154 0.0325 0.008434864104967198
0 0.21184999999999998 0.14540768509840676 0.02875 0.01218369259606373
0 0.213125 0.281630740393627 0.01625 0.01218369259606373
0 0.7675 0.1780693533270853 0.0325 0.02999062792877226
0 0.9375 0.20243673851921273 0.0325 0.02999062792877226
0 0.843125 0.18603561387066542 0.02375 0.008434864104967198
0 0.088125 0.4395501405810684 0.03125 0.028116213683223992
0 0.96 0.5791940018744143 0.0275 0.016869728209934397
0 0.673125 0.443767572633552 0.01375 0.010309278350515464
0 0.6925 0.4320524835988753 0.02 0.011246485473289597
0 0.72 0.43486410496719774 0.0225 0.011246485473289597
0 0.7419499999999999 0.43015932521087163 0.0189 0.014564198687910028
0 0.695625 0.422680412371134 0.01125 0.007497656982193065
0 0.71 0.44329896907216493 0.02 0.00937207122774133
0 0.991875 0.5773195876288659 0.01625 0.020618556701030927
0 0.5975 0.6855670103092784 0.025 0.019681349578256794
0 0.974375 0.6860356138706654 0.04875 0.016869728209934397
0 0.95 0.7282099343955014 0.0125 0.011246485473289597
0 0.251225 0.2869915651358951 0.0164625 0.010740393626991565
0 0.5024375 0.3225398313027179 0.014025000000000001 0.011883786316776007
0 0.5559499999999999 0.3876850984067479 0.01555 0.010515463917525773
0 0.564325 0.3925960637300843 0.011587499999999999 0.007544517338331772
0 0.6583875 0.3474507966260544 0.013725000000000001 0.010056232427366448
0 0.6710375000000001 0.3479100281162137 0.014637500000000001 0.010056232427366448
0 0.7458625000000001 0.4396438612933459 0.0114625 0.0085941893158388
0 0.7807875 0.323186504217432 0.0093875 0.012502343017806936
0 0.7748 0.3274882849109653 0.009899999999999999 0.020318650421743203
0 0.7672374999999999 0.33598875351452673 0.006775 0.01309278350515464
0 0.7489125 0.7381724461105904 0.025212500000000002 0.011143392689784443
0 0.0172875 0.5546110590440487 0.034575 0.03152764761012184
1 0.3520375 0.49871602624179945 0.3471875 0.17901593252108716
0 0.5093125 0.5791752577319588 0.021525 0.01310215557638238
0 0.5274875 0.5720805998125585 0.008924999999999999 0.009484536082474225
0 0.5629124999999999 0.6149109653233364 0.010775 0.011162136832239926
0 0.774525 0.5883505154639175 0.0088875 0.009203373945641987
0 0.7454000000000001 0.6108809746954076 0.021862499999999997 0.01198687910028116
1 0.6256 0.5426148078725399 0.1724625 0.06787253983130272
1 0.6706624999999999 0.5994751640112465 0.2574375 0.07428303655107779
1 0.650625 0.5800937207122775 0.33752499999999996 0.17229615745079663
1 0.6508125 0.5832708528584818 0.3445625 0.17475164011246486