0 0.68 0.739451476793249 0.05125 0.030239099859353025
0 0.4775 0.3969760900140647 0.0775 0.035161744022503515
0 0.728125 0.7355836849507735 0.05375 0.03234880450070324
0 0.388125 0.24226441631504922 0.075 0.03867791842475387
0 0.440625 0.5446554149085795 0.12875 0.03305203938115331
0 0.15 0.4142053445850914 0.03375 0.053445850914205346
0 0.09625 0.25843881856540085 0.08125 0.0189873417721519
0 0.620625 0.4711673699015471 0.1125 0.02812939521800281
0 0.65375 0.280239099859353 0.06 0.03305203938115331
0 0.6775 0.41947960618846697 0.0725 0.02812939521800281
0 0.444375 0.22855133614627285 0.1275 0.01969057665260197
0 0.11625 0.690225035161744 0.035 0.013361462728551337
0 0.190625 0.630098452883263 0.02875 0.020393811533052038
0 0.131875 0.6367791842475387 0.07375 0.0189873417721519
0 0.148125 0.6455696202531646 0.0575 0.011954992967651195
0 0.18875 0.5446554149085795 0.0425 0.012658227848101266
0 0.15375 0.5309423347398031 0.04375 0.012658227848101266
0 0.12125 0.39662447257383965 0.02375 0.028832630098452883
0 0.045 0.2830520393811533 0.02125 0.017580872011251757
0 0.48875 0.6374824191279888 0.025 0.014064697609001406
0 0.655 0.6571729957805907 0.01375 0.007032348804500703
0 0.45625 0.680379746835443 0.01375 0.007032348804500703
0 0.318125 0.5857946554149086 0.03625 0.016877637130801686
0 0.76375 0.5611814345991561 0.0175 0.007735583684950774
0 0.498125 0.5327004219409283 0.02875 0.015471167369901548
0 0.635625 0.4971870604781997 0.0125 0.005625879043600563
0 0.695625 0.4838255977496484 0.06375 0.014767932489451477
0 0.3475 0.5956399437412095 0.055 0.012658227848101266
0 0.320625 0.45569620253164556 0.0475 0.012658227848101266
0 0.723125 0.4722222222222222 0.06 0.011251758087201125
0 0.63125 0.4011954992967651 0.0475 0.03164556962025317
0 0.491875 0.4778481012658228 0.08625 0.02531645569620253
0 0.3725 0.4462025316455696 0.02125 0.023206751054852322
0 0.3475 0.6047819971870605 0.08875 0.02250351617440225
0 0.3875 0.44479606188466947 0.0125 0.020393811533052038
0 0.6475 0.24648382559774965 0.0325 0.03234880450070324
0 0.698125 0.27039381153305203 0.0275 0.040787623066104076
0 0.653125 0.38959212376933894 0.01875 0.015471167369901548
0 0.6675 0.3139943741209564 0.01875 0.020393811533052038
0 0.830625 0.6526019690576652 0.03875 0.01969057665260197
0 0.823125 0.42264416315049225 0.01875 0.010548523206751054
0 0.894375 0.41983122362869196 0.02375 0.008438818565400843
0 0.13375 0.42229254571026725 0.0225 0.026019690576652602
0 0.10625 0.2707454289732771 0.06625 0.02531645569620253
0 0.42875 0.5615330520393812 0.06375 0.010548523206751054