0 0.4025 0.7887323943661971 0.09375 0.07417840375586854
0 0.044375 0.6647887323943662 0.08875 0.09389671361502347
1 0.8675 0.7178403755868544 0.1675 0.14835680751173708
0 0.211875 0.6549295774647887 0.09125 0.04976525821596244
0 0.67125 0.636150234741784 0.1325 0.09295774647887324
0 0.458125 0.38028169014084506 0.07625 0.051643192488262914
0 0.55 0.8230046948356807 0.0975 0.05352112676056338
0 0.666875 0.41455399061032866 0.08 0.06384976525821597
0 0.4325 0.5929577464788732 0.11125 0.054460093896713614
0 0.029375 0.7422535211267606 0.05875 0.044131455399061034
0 0.591875 0.4014084507042254 0.04625 0.03568075117370892
0 0.365625 0.25023474178403754 0.035 0.03755868544600939
0 0.27125 0.4784037558685446 0.04375 0.04225352112676056
0 0.635625 0.6816901408450704 0.08 0.048826291079812206
0 0.0725 0.7854460093896714 0.0825 0.036619718309859155
0 0.7725 0.6056338028169014 0.06 0.03380281690140845
0 0.56875 0.34460093896713617 0.0475 0.03568075117370892
0 0.248125 0.29107981220657275 0.0325 0.046009389671361506
0 0.519375 0.28450704225352114 0.05625 0.03943661971830986
0 0.295625 0.14553990610328638 0.05875 0.04037558685446009
1 0.320625 0.8389671361502348 0.12 0.07042253521126761
0 0.42 0.2784037558685446 0.045 0.036619718309859155
0 0.543125 0.6028169014084507 0.12625 0.06384976525821597
0 0.258125 0.7366197183098592 0.1725 0.05727699530516432
0 0.594375 0.5375586854460094 0.06 0.03568075117370892
0 0.51 0.49389671361502346 0.05 0.03568075117370892
0 0.5475 0.2596244131455399 0.05125 0.03943661971830986
0 0.42125 0.37981220657276993 0.04875 0.027230046948356807
0 0.49875 0.8615023474178404 0.07375 0.02910798122065728
0 0.245625 0.6948356807511737 0.1175 0.03380281690140845
0 0.636875 0.8046948356807512 0.07 0.046948356807511735
0 0.2575 0.24882629107981222 0.06125 0.04225352112676056
0 0.639375 0.6488262910798122 0.05375 0.028169014084507043
0 0.564375 0.23990610328638498 0.11375 0.03943661971830986
0 0.40375 0.14272300469483568 0.05125 0.038497652582159626
0 0.18875 0.24225352112676057 0.02625 0.020657276995305163
0 0.13625 0.19812206572769953 0.025 0.0215962441314554
0 0.084375 0.1643192488262911 0.02625 0.03474178403755868
0 0.250625 0.1643192488262911 0.04125 0.012206572769953052
0 0.650625 0.7690140845070422 0.0375 0.02629107981220657
0 0.475 0.704225352112676 0.01625 0.013145539906103286
0 0.54625 0.7384976525821596 0.0275 0.012206572769953052
0 0.453125 0.7009389671361502 0.01875 0.014084507042253521
0 0.695 0.7727699530516432 0.0175 0.012206572769953052
0 0.3575 0.532394366197183 0.0325 0.023474178403755867
0 0.336875 0.27136150234741785 0.0225 0.024413145539906103
0 0.54375 0.3694835680751174 0.03875 0.03004694835680751
0 0.703125 0.3131455399061033 0.025 0.04507042253521127
0 0.481875 0.2943661971830986 0.0225 0.01784037558685446
0 0.616875 0.3023474178403756 0.025 0.03380281690140845
1 0.726875 0.14929577464788732 0.04 0.028169014084507043
0 0.65875 0.2671361502347418 0.0425 0.01784037558685446
0 0.6625 0.36807511737089205 0.02375 0.03474178403755868
0 0.6325 0.16854460093896714 0.01875 0.015023474178403756
0 0.45 0.14929577464788732 0.0225 0.01596244131455399
0 0.5875 0.16291079812206571 0.0225 0.018779342723004695
0 0.495625 0.1544600938967136 0.02625 0.020657276995305163
0 0.780625 0.47136150234741786 0.0375 0.03192488262910798
0 0.736875 0.4300469483568075 0.035 0.03004694835680751
1 0.778125 0.15774647887323945 0.03875 0.02629107981220657
0 0.774375 0.17699530516431924 0.00625 0.007511737089201878
0 0.626875 0.6384976525821596 0.01375 0.005633802816901409
0 0.2975 0.7173708920187793 0.02625 0.013145539906103286
0 0.259375 0.6906103286384977 0.02125 0.008450704225352112
0 0.43 0.14413145539906103 0.04125 0.04225352112676056
0 0.533125 0.13004694835680752 0.03 0.010328638497652582
0 0.59875 0.32347417840375586 0.0425 0.030985915492957747
0 0.769375 0.3629107981220657 0.0225 0.0431924882629108
0 0.88 0.8619718309859155 0.07 0.038497652582159626
1 0.856875 0.8394366197183099 0.18375 0.08450704225352113
0 0.690625 0.7619718309859155 0.015 0.009389671361502348
0 0.161875 0.8591549295774648 0.03875 0.02535211267605634