0 0.11375 0.431924882629108 0.0975 0.06948356807511737
0 0.2725 0.15492957746478872 0.12375 0.07605633802816901
1 0.21625 0.77981220657277 0.195 0.12300469483568074
0 0.28875 0.2863849765258216 0.065 0.0676056338028169
0 0.321875 0.6309859154929578 0.12125 0.09765258215962441
0 0.65875 0.4666666666666667 0.0675 0.056338028169014086
0 0.07125 0.5431924882629108 0.07 0.07230046948356808
0 0.616875 0.6239436619718309 0.08375 0.059154929577464786
0 0.375 0.4507042253521127 0.07 0.08262910798122065
0 0.16875 0.14976525821596245 0.0575 0.046009389671361506
0 0.633125 0.5671361502347417 0.04625 0.03380281690140845
0 0.1325 0.0647887323943662 0.04375 0.038497652582159626
0 0.83 0.3948356807511737 0.05 0.02535211267605634
0 0.06125 0.0863849765258216 0.045 0.03755868544600939
0 0.525 0.3276995305164319 0.055 0.03192488262910798
0 0.260625 0.6051643192488263 0.06375 0.059154929577464786
0 0.1125 0.18403755868544602 0.0475 0.06103286384976526
0 0.364375 0.7065727699530516 0.04375 0.044131455399061034
0 0.708125 0.5488262910798122 0.04625 0.03474178403755868
0 0.77375 0.30704225352112674 0.06125 0.023474178403755867
0 0.786875 0.5107981220657277 0.05125 0.04131455399061033
0 0.968125 0.3403755868544601 0.0525 0.0431924882629108
1 0.045625 0.3713615023474178 0.09125 0.0892018779342723
0 0.79375 0.43615023474178405 0.0475 0.03286384976525822
0 0.36375 0.5342723004694836 0.0825 0.09389671361502347
0 0.180625 0.32253521126760565 0.07375 0.12863849765258217
0 0.451875 0.5713615023474179 0.04625 0.044131455399061034
0 0.508125 0.5075117370892018 0.04625 0.036619718309859155
0 0.820625 0.5314553990610329 0.05125 0.03755868544600939
0 0.65875 0.43896713615023475 0.035 0.036619718309859155
0 0.01875 0.5051643192488263 0.0375 0.054460093896713614
0 0.23625 0.31220657276995306 0.0425 0.08732394366197183
0 0.09625 0.607981220657277 0.06125 0.051643192488262914
0 0.83 0.3136150234741784 0.055 0.04507042253521127
0 0.304375 0.6070422535211267 0.03625 0.04037558685446009
0 0.8475 0.543661971830986 0.05 0.08450704225352113
0 0.97375 0.4215962441314554 0.05 0.03755868544600939
0 0.8375 0.2615023474178404 0.0275 0.01971830985915493
0 0.895625 0.2215962441314554 0.02875 0.018779342723004695
0 0.939375 0.18215962441314554 0.04625 0.018779342723004695
0 0.9425 0.30704225352112674 0.015 0.030985915492957747
0 0.144375 0.6178403755868545 0.03375 0.028169014084507043
0 0.2275 0.4849765258215962 0.0175 0.012206572769953052
0 0.183125 0.5389671361502347 0.01625 0.020657276995305163
0 0.231875 0.468075117370892 0.01875 0.014084507042253521
0 0.140625 0.6507042253521127 0.01625 0.013145539906103286
0 0.454375 0.39342723004694835 0.03125 0.024413145539906103
0 0.80125 0.37370892018779345 0.0325 0.016901408450704224
0 0.674375 0.5305164319248826 0.03875 0.028169014084507043
0 0.7525 0.6492957746478873 0.06 0.01784037558685446
0 0.773125 0.48262910798122066 0.02375 0.016901408450704224
0 0.765 0.5845070422535211 0.045 0.01784037558685446
1 0.970625 0.6643192488262911 0.03625 0.02910798122065728
0 0.8125 0.6150234741784038 0.0225 0.03192488262910798
0 0.678125 0.6197183098591549 0.04625 0.016901408450704224
0 0.94375 0.5938967136150235 0.02 0.014084507042253521
0 0.965625 0.4563380281690141 0.02125 0.016901408450704224
0 0.95 0.5596244131455399 0.025 0.016901408450704224
0 0.96 0.49061032863849763 0.0275 0.01971830985915493
0 0.543125 0.7103286384976526 0.04125 0.027230046948356807
0 0.5975 0.6765258215962441 0.04 0.02535211267605634
1 0.960625 0.7028169014084507 0.03375 0.02910798122065728
0 0.935 0.7004694835680751 0.01 0.004694835680751174
0 0.318125 0.5976525821596245 0.0075 0.010328638497652582
0 0.2075 0.3516431924882629 0.0175 0.01971830985915493
0 0.241875 0.32253521126760565 0.01125 0.01596244131455399
0 0.9725 0.4413145539906103 0.055 0.03004694835680751
0 0.993125 0.5183098591549296 0.01375 0.022535211267605635
0 0.736875 0.5708920187793427 0.04 0.030985915492957747
0 0.686875 0.7 0.0575 0.01596244131455399
0 0.025 0.7915492957746478 0.05 0.051643192488262914
1 0.054375 0.7741784037558685 0.10875 0.13708920187793427
0 0.154375 0.647887323943662 0.0125 0.011267605633802818
0 0.01625 0.252112676056338 0.0325 0.02910798122065728