1 0.5814125 0.29162034299231226 0.322675 0.22086930810171496
0 0.7875 0.38675340035481964 0.1325 0.05558840922531047
0 0.23375 0.4917208752217623 0.0775 0.04080425783560024
0 0.220625 0.6005322294500296 0.08875 0.039621525724423415
0 0.8703125 0.17939089296274396 0.14 0.08279124778237729
0 0.255625 0.7560615020697812 0.05125 0.0254287403903016
0 0.9 0.4544648137196925 0.065 0.03725606150206978
0 0.200625 0.5576581904198699 0.09875 0.04849201655824956
0 0.274375 0.5759905381431106 0.06625 0.03075103489059728
0 0.8025 0.34476641040804257 0.0675 0.03075103489059728
0 0.975 0.6096984033116499 0.04 0.03548196333530455
0 0.968125 0.5795387344766411 0.05375 0.03311649911295092
0 0.260625 0.17800118273211119 0.03625 0.017740981667652277
0 0.225625 0.23536369012418687 0.04875 0.017740981667652277
0 0.189375 0.29272619751626255 0.01375 0.010644589000591367
0 0.491875 0.29952690715552927 0.01875 0.012418687167356593
0 0.921875 0.2876995860437611 0.04625 0.02424600827912478
0 0.864375 0.2232406859846245 0.03125 0.01596688350088705
0 0.186875 0.5056179775280899 0.03625 0.01655824955647546
0 0.144375 0.5269071555292726 0.03125 0.03075103489059728
0 0.2225 0.33177409816676523 0.05 0.020065050266114725
0 0.624375 0.4997043169722058 0.01625 0.011827321111768185
0 0.439375 0.6182732111176819 0.02375 0.010053222945002957
0 0.945 0.5783560023654643 0.0375 0.027202838557066823
0 0.990625 0.43997634535777647 0.01375 0.014192785334121822
0 0.7894125 0.6659787108219989 0.0225 0.007078651685393259
0 0.284375 0.7235363690124187 0.03875 0.019515079834417505
0 0.145625 0.8332347723240686 0.02375 0.011827321111768185
0 0.305 0.6652099349497338 0.03 0.010804257835600236
0 0.91 0.7143701951507984 0.0175 0.0059136605558840925
1 0.6802625 0.19060319337670018 0.1347875 0.04083382613837966
1 0.6221875 0.42863985807214666 0.11561249999999999 0.04056179775280899
1 0.532425 0.5288704908338262 0.294025 0.2116380839739799
1 0.4423625 0.6307214665878178 0.1217125 0.03512714370195151
1 0.4902625 0.39500887049083383 0.14029999999999998 0.04206386753400355