1 0.373125 0.7034299231224128 0.37 0.23536369012418687
0 0.18875 0.5984624482554701 0.14375 0.06209343583678297
0 0.763125 0.5212891780011827 0.08625 0.044352454169130695
0 0.8 0.41395623891188643 0.0975 0.04376108811354228
0 0.069375 0.8004139562389119 0.13875 0.0892962743938498
0 0.799375 0.25753991720875224 0.05625 0.027794204612655235
0 0.091875 0.5254287403903016 0.0725 0.04021289178001183
0 0.810625 0.4574216439976345 0.10875 0.05322294500295683
0 0.74125 0.4355410999408634 0.0725 0.033707865168539325
0 0.165 0.6395623891188645 0.07375 0.033707865168539325
0 0.051875 0.3675340035481963 0.0475 0.03725606150206978
0 0.051875 0.3976936723832052 0.06125 0.03548196333530455
0 0.666875 0.8320520402128918 0.04 0.019515079834417505
0 0.714375 0.7767593140153756 0.0525 0.020106445890005913
0 0.763125 0.7214665878178592 0.01625 0.011235955056179775
0 0.46375 0.6998817267888823 0.02125 0.013010053222945003
0 0.03375 0.6904198698994678 0.05125 0.026611472501478415
0 0.07625 0.757244234180958 0.035 0.01714961561206387
0 0.8125 0.5097575399172087 0.04 0.018332347723240685
0 0.859375 0.49083382613837967 0.0375 0.0319337670017741
0 0.73875 0.6809580130100532 0.05375 0.02247191011235955
0 0.37625 0.4940863394441159 0.01875 0.012418687167356593
0 0.58625 0.38527498521584863 0.02625 0.011235955056179775
0 0.075 0.40005913660555886 0.04375 0.02897693672383205
0 0.003125 0.5354819633353045 0.00625 0.01478415138971023
0 0.24875 0.320816085156712 0.02375 0.00827912477823773
0 0.76375 0.2882909520993495 0.0425 0.021289178001182733
0 0.92625 0.1859846244825547 0.02625 0.013010053222945003
0 0.730625 0.34535777646363097 0.0325 0.011827321111768185
0 0.139375 0.2664104080425784 0.01875 0.006505026611472502
1 0.2525 0.7986398580721467 0.14375 0.04730928444707274
1 0.3625 0.5647545830869308 0.12375 0.046126552335895916
1 0.474375 0.46954464813719693 0.33875 0.2253104671791839
1 0.58625 0.372856298048492 0.12875 0.04080425783560024
1 0.486875 0.6049674748669427 0.14875 0.04849201655824956