0 0.6575 0.5535211267605634 0.155 0.11549295774647887
0 0.3475 0.7384976525821596 0.08 0.07042253521126761
0 0.23125 0.8018779342723005 0.0775 0.05258215962441314
0 0.41 0.8014084507042254 0.105 0.09859154929577464
0 0.889375 0.13990610328638498 0.05125 0.04131455399061033
0 0.1932625 0.3855492957746479 0.04125 0.030985915492957747
0 0.460625 0.37370892018779345 0.05125 0.10328638497652583
0 0.8675 0.020657276995305163 0.05 0.04131455399061033
0 0.50375 0.4004694835680751 0.025 0.07793427230046948
1 0.925625 0.7421596244131455 0.14875 0.3699530516431925
0 0.26875 0.2765258215962441 0.035 0.023474178403755867
0 0.2625 0.19107981220657277 0.0275 0.03474178403755868
0 0.25 0.4352112676056338 0.035 0.027230046948356807
0 0.52875 0.4572769953051643 0.015 0.015023474178403756
0 0.0040375 0.46172769953051646 0.0080625 0.013577464788732395
0 0.0045874999999999996 0.5312769953051643 0.009174999999999999 0.012741784037558686
0 0.00445 0.5729483568075118 0.0089 0.010863849765258216
0 0.3354 0.6293333333333333 0.01045 0.009211267605633804
0 0.28915 0.6009389671361502 0.009649999999999999 0.009821596244131457
0 0.3198125 0.6369577464788733 0.0110625 0.005737089201877934
0 0.3197125 0.6312957746478873 0.009649999999999999 0.004985915492957746
0 0.9755750000000001 0.32697652582159625 0.018675 0.014460093896713615