1 0.244375 0.8139643861293346 0.24875 0.1958762886597938
0 0.9375 0.7713214620431116 0.125 0.15557638238050608
0 0.821875 0.33505154639175255 0.20125 0.11996251171508904
0 0.598125 0.7642924086223055 0.07375 0.05435801312089972
0 0.27625 0.16494845360824742 0.1325 0.07497656982193064
0 0.871875 0.1049671977507029 0.11125 0.09746954076850985
0 0.460625 0.15463917525773196 0.08125 0.06747891283973759
0 0.59875 0.6935332708528584 0.07625 0.05529522024367385
0 0.655 0.3641049671977507 0.10625 0.07778819119025304
0 0.438125 0.41611996251171507 0.0625 0.07591377694470477
0 0.549375 0.17104029990627928 0.06375 0.06560449859418932
1 0.396875 0.3776944704779756 0.145 0.2155576382380506
0 0.29 0.7080599812558576 0.06875 0.06841611996251172
0 0.46875 0.31021555763823805 0.0425 0.06841611996251172
0 0.04125 0.12933458294283037 0.04375 0.02436738519212746
0 0.68125 0.8303655107778819 0.1525 0.07497656982193064
0 0.71125 0.6241799437675727 0.05625 0.04967197750702906
0 0.69375 0.25773195876288657 0.15 0.04967197750702906
0 0.659375 0.5510777881911902 0.10125 0.05998125585754452
0 0.064375 0.612464854732896 0.10375 0.05248359887535145
1 0.971875 0.3950328022492971 0.05375 0.1302717900656045
0 0.76625 0.7502343017806935 0.1225 0.08528584817244611
0 0.685 0.6138706654170571 0.1075 0.08153701968134958
0 0.759375 0.8865979381443299 0.1625 0.05810684161199625
0 0.71625 0.39550140581068416 0.1075 0.06091846298031865
0 0.96125 0.23149015932521086 0.06 0.1527647610121837
0 0.726875 0.4451733833177132 0.10375 0.05810684161199625
0 0.425625 0.3139643861293346 0.0175 0.020618556701030927
0 0.83125 0.5309278350515464 0.03 0.01874414245548266
0 0.766875 0.6813495782567948 0.11125 0.05529522024367385
0 0.733125 0.4967197750702905 0.10625 0.05154639175257732
0 0.5375 0.5454545454545454 0.02375 0.01874414245548266
0 0.49625 0.4639175257731959 0.05375 0.03936269915651359
0 0.650625 0.33177132146204313 0.1075 0.07966260543580131
0 0.064375 0.5834114339268979 0.11 0.046860356138706656
0 0.4725 0.5965323336457357 0.0325 0.015932521087160263