1 0.13625 0.5332708528584817 0.2725 0.2268041237113402
0 0.115625 0.10590440487347703 0.08875 0.06935332708528585
0 0.09625 0.39971883786316775 0.09875 0.04592314901593252
0 0.93375 0.44095595126522963 0.08375 0.05998125585754452
0 0.3525 0.7080599812558576 0.06625 0.046860356138706656
0 0.62625 0.8350515463917526 0.0625 0.03936269915651359
0 0.915625 0.2788191190253046 0.085 0.05435801312089972
0 0.375625 0.2549203373945642 0.06375 0.046860356138706656
0 0.660625 0.8617619493908154 0.06 0.041237113402061855
0 0.9625 0.5417057169634489 0.06625 0.04498594189315839
0 0.205625 0.5501405810684161 0.0575 0.04967197750702906
0 0.26875 0.6593252108716027 0.06875 0.04779756326148079
0 0.488125 0.43580131208997186 0.065 0.04779756326148079
0 0.895 0.598875351452671 0.06375 0.04498594189315839
0 0.3525 0.8776944704779757 0.07625 0.05060918462980318
0 0.294375 0.14901593252108716 0.04625 0.03467666354264293
0 0.451875 0.2047797563261481 0.05375 0.05529522024367385
0 0.086875 0.57029053420806 0.06625 0.046860356138706656
0 0.535625 0.4353327085285848 0.04 0.04029990627928772
0 0.50375 0.20524835988753515 0.0625 0.04217432052483599
0 0.76625 0.2000937207122774 0.0525 0.03936269915651359
0 0.80625 0.30084348641049674 0.0475 0.031865042174320526
0 0.695625 0.4414245548266167 0.0375 0.038425492033739454
0 0.9225 0.48406747891283974 0.05625 0.05998125585754452
0 0.819375 0.598406747891284 0.0575 0.04592314901593252
0 0.185625 0.10168697282099344 0.025 0.013120899718837863
0 0.369375 0.3158388003748828 0.03 0.022492970946579195
0 0.39125 0.2952202436738519 0.03 0.02155576382380506
0 0.661875 0.32239925023430177 0.055 0.022492970946579195
0 0.665625 0.18791002811621368 0.03875 0.02530459231490159
0 0.389375 0.4723523898781631 0.0325 0.015932521087160263
0 0.478125 0.5801312089971884 0.025 0.01874414245548266
0 0.436875 0.5754451733833177 0.0325 0.01499531396438613
0 0.40875 0.4901593252108716 0.035 0.015932521087160263
0 0.98375 0.34114339268978444 0.0225 0.02436738519212746
0 0.855625 0.5656044985941893 0.03625 0.03467666354264293
0 0.0575 0.9273664479850047 0.0275 0.019681349578256794
0 0.494375 0.7305529522024368 0.02 0.015932521087160263
0 0.9725 0.662605435801312 0.0275 0.02155576382380506
0 0.9925 0.845360824742268 0.015 0.01499531396438613
0 0.67375 0.7108716026241799 0.02125 0.015932521087160263
0 0.935 0.662605435801312 0.025 0.020618556701030927
0 0.97625 0.6930646672914714 0.0375 0.031865042174320526
0 0.9675 0.6902530459231491 0.01375 0.015932521087160263
0 0.996875 0.48078725398313027 0.00625 0.030927835051546393
0 0.90875 0.8242736644798501 0.03625 0.030927835051546393