1 0.405 0.23430178069353327 0.33625 0.2352389878163074
0 0.57625 0.18650421743205248 0.075 0.07966260543580131
0 0.638125 0.8139643861293346 0.09125 0.07029053420805999
0 0.204375 0.41940018744142454 0.07125 0.05529522024367385
0 0.075 0.6401124648547329 0.06 0.05154639175257732
0 0.85 0.7778819119025304 0.08375 0.07029053420805999
0 0.80625 0.373477038425492 0.07 0.053420805998125584
0 0.05 0.6682286785379569 0.05 0.04873477038425492
0 0.509375 0.8491096532333646 0.06875 0.05529522024367385
0 0.3925 0.2881911902530459 0.0725 0.04967197750702906
0 0.2575 0.35051546391752575 0.0725 0.05716963448922212
0 0.583125 0.48219306466729145 0.07125 0.05435801312089972
0 0.424375 0.8069353327085286 0.0675 0.053420805998125584
0 0.00875 0.4400187441424555 0.0175 0.059044048734770385
0 0.935 0.2985004686035614 0.05125 0.038425492033739454
0 0.883125 0.4231490159325211 0.08 0.04779756326148079
0 0.35 0.20290534208059982 0.07125 0.05529522024367385
0 0.590625 0.5173383317713215 0.0575 0.03467666354264293
0 0.89 0.46157450796626054 0.06375 0.05154639175257732
0 0.933125 0.6560449859418932 0.05875 0.044048734770384255
0 0.805625 0.6996251171508904 0.0475 0.03936269915651359
0 0.605 0.6368322399250235 0.05625 0.03280224929709466
0 0.579375 0.8111527647610122 0.08625 0.04967197750702906
0 0.414375 0.7507029053420806 0.0675 0.04873477038425492
0 0.725625 0.37722586691658855 0.03375 0.02530459231490159
0 0.755625 0.3908153701968135 0.0325 0.02530459231490159
0 0.756875 0.5955951265229615 0.0375 0.044048734770384255
0 0.935 0.5796626054358013 0.03875 0.03280224929709466
0 0.52125 0.41377694470477977 0.02625 0.026241799437675725
0 0.39125 0.4948453608247423 0.02875 0.02155576382380506
0 0.391875 0.46344892221180883 0.025 0.026241799437675725
0 0.500625 0.43064667291471415 0.02625 0.028116213683223992
0 0.776875 0.837394564198688 0.035 0.020618556701030927
0 0.4625 0.7727272727272727 0.05125 0.030927835051546393
0 0.194375 0.5276476101218369 0.02375 0.016869728209934397
0 0.35125 0.8734770384254921 0.0325 0.023430178069353328
0 0.1125 0.9161199625117151 0.0225 0.016869728209934397
0 0.245625 0.6583880037488284 0.02375 0.01780693533270853
0 0.345625 0.8458294283036552 0.03125 0.02155576382380506
0 0.31125 0.880506091846298 0.04625 0.031865042174320526
0 0.31375 0.8734770384254921 0.02375 0.013120899718837863
0 0.594375 0.866447985004686 0.04125 0.008434864104967198
0 0.12875 0.8486410496719775 0.04625 0.030927835051546393