0 0.890625 0.5543580131208997 0.07875 0.05716963448922212
1 0.691875 0.7501499531396438 0.48125 0.37752577319587627
0 0.796875 0.7492970946579194 0.05125 0.03280224929709466
0 0.816875 0.5407685098406748 0.14625 0.10309278350515463
0 0.463125 0.5646672914714151 0.06375 0.02155576382380506
0 0.06 0.17760074976569823 0.03 0.01780693533270853
0 0.0725 0.16869728209934395 0.015 0.00937207122774133
0 0.145 0.14058106841611998 0.025 0.01499531396438613
0 0.06 0.25445173383317715 0.0225 0.014058106841611996
0 0.008125 0.16213683223992503 0.01625 0.01874414245548266
0 0.169375 0.26710402999062793 0.01625 0.016869728209934397
0 0.4175125 0.23169634489222118 0.03 0.029053420805998126
0 0.36375 0.2563261480787254 0.0225 0.019681349578256794
0 0.41 0.25773195876288657 0.02 0.016869728209934397
0 0.461875 0.22024367385192128 0.04375 0.028116213683223992
0 0.4493 0.2226522961574508 0.02465 0.016869728209934397
0 0.595625 0.28116213683223995 0.01625 0.01499531396438613
0 0.395 0.274601686972821 0.0175 0.00937207122774133
0 0.84625 0.2778819119025305 0.02 0.01780693533270853
0 0.870625 0.17994376757263356 0.02125 0.01874414245548266
0 0.74125 0.08575445173383317 0.01 0.008434864104967198
0 0.24125 0.5660731021555764 0.0325 0.022492970946579195
0 0.205 0.5993439550140581 0.0325 0.019681349578256794
0 0.134375 0.6068416119962512 0.04125 0.02530459231490159
0 0.143125 0.5927835051546392 0.02625 0.014058106841611996
0 0.221875 0.5885660731021556 0.02125 0.01499531396438613
0 0.209375 0.5510777881911902 0.01125 0.007497656982193065
0 0.554375 0.6620056232427367 0.03125 0.02315838800374883
0 0.43 0.4006560449859419 0.01 0.006560449859418931
0 0.949375 0.5974695407685099 0.02625 0.019681349578256794
0 0.836875 0.5473289597000938 0.02625 0.016869728209934397
0 0.438125 0.6860356138706654 0.02875 0.022492970946579195
0 0.458125 0.6977507029053421 0.02125 0.015932521087160263
0 0.4325 0.6658481724461106 0.025 0.019765698219306467
0 0.52125 0.8134957825679475 0.0275 0.01874414245548266
0 0.88375 0.6986879100281163 0.025 0.019681349578256794
0 0.6993 0.6696438612933459 0.03125 0.023411433926897846
0 0.1125375 0.18860356138706655 0.009525 0.00542642924086223
0 0.10606249999999999 0.1816119962511715 0.0091375 0.00542642924086223
0 0.0975875 0.17982193064667293 0.008575000000000001 0.0052858481724461105
0 0.091875 0.18296157450796627 0.00895 0.0052858481724461105
0 0.08636250000000001 0.18767572633552015 0.0081875 0.006429240862230554
0 0.7968000000000001 0.4528584817244611 0.0126125 0.008922211808809746
0 0.89565 0.5885848172446111 0.0433 0.02746954076850984
0 0.916325 0.6893720712277412 0.0157625 0.012755388940955951
0 0.5894625 0.5926148078725398 0.0105375 0.008425492033739457
1 0.9148999999999999 0.8505716963448922 0.061825 0.08239925023430178
1 0.2885125 0.7053795688847235 0.4752375 0.37673851921274604
1 0.0663 0.6782380506091846 0.1326125 0.3493345829428304
0 0.400325 0.22677600749765697 0.0130875 0.009597000937207122