1 0.231875 0.2962441314553991 0.3325 0.21220657276995306
1 0.443125 0.3530516431924883 0.305 0.22253521126760564
0 0.68375 0.7032863849765258 0.09625 0.07042253521126761
0 0.651875 0.2375586854460094 0.07 0.0647887323943662
0 0.73125 0.6267605633802817 0.08625 0.05258215962441314
0 0.644375 0.4732394366197183 0.0825 0.04037558685446009
0 0.496875 0.6769953051643193 0.07375 0.04788732394366197
1 0.190625 0.36056338028169016 0.20375 0.14835680751173708
0 0.43125 0.6065727699530516 0.10625 0.051643192488262914
1 0.375625 0.44460093896713615 0.14125 0.09389671361502347
0 0.730625 0.3713615023474178 0.27625 0.07793427230046948
0 0.676875 0.7408450704225352 0.0925 0.046948356807511735
0 0.679375 0.30422535211267604 0.0875 0.03380281690140845
0 0.4525 0.4624413145539906 0.07 0.046948356807511735
0 0.75375 0.7300469483568075 0.08875 0.05258215962441314
0 0.680625 0.4014084507042254 0.0975 0.03004694835680751
0 0.730625 0.8788732394366198 0.08375 0.054460093896713614
0 0.394375 0.680281690140845 0.08375 0.04788732394366197
0 0.75875 0.42488262910798125 0.14375 0.03568075117370892
0 0.99375 0.2605633802816901 0.0125 0.01784037558685446
0 0.938125 0.49483568075117373 0.02625 0.020657276995305163
0 0.924375 0.4755868544600939 0.0175 0.016901408450704224
0 0.82375 0.7910798122065728 0.03875 0.022535211267605635
0 0.844375 0.7610328638497652 0.03 0.01784037558685446
0 0.846875 0.7488262910798122 0.01375 0.010328638497652582
0 0.700625 0.815962441314554 0.01 0.006572769953051643
0 0.45125 0.40375586854460094 0.0375 0.028169014084507043
0 0.46125 0.3779342723004695 0.02125 0.01784037558685446
0 0.448125 0.4244131455399061 0.025 0.016901408450704224
0 0.596875 0.5291079812206573 0.06875 0.023474178403755867
0 0.40375 0.447887323943662 0.0275 0.016901408450704224
0 0.55375 0.7563380281690141 0.035 0.028169014084507043
0 0.449375 0.6549295774647887 0.04125 0.03380281690140845
0 0.52875 0.7985915492957747 0.0475 0.024413145539906103
0 0.5275 0.7591549295774648 0.03 0.02629107981220657
0 0.47625 0.7131455399061033 0.02375 0.01596244131455399
0 0.421875 0.6605633802816901 0.02625 0.018779342723004695
0 0.4975 0.815962441314554 0.0125 0.009389671361502348
0 0.386875 0.7690140845070422 0.01875 0.010328638497652582
0 0.39875 0.7723004694835681 0.015 0.007511737089201878
0 0.431875 0.8605633802816901 0.03625 0.023474178403755867
0 0.153125 0.3976525821596244 0.02375 0.01596244131455399
0 0.11625 0.8173708920187793 0.03 0.02629107981220657
0 0.18 0.8366197183098592 0.0425 0.01971830985915493
0 0.223125 0.7427230046948357 0.01625 0.009389671361502348
0 0.843125 0.3483568075117371 0.27125 0.059154929577464786
0 0.928125 0.3464788732394366 0.0325 0.010328638497652582
0 0.761875 0.7323943661971831 0.0225 0.01596244131455399
0 0.733125 0.739906103286385 0.0175 0.010328638497652582
0 0.67125 0.7248826291079812 0.01625 0.011267605633802818
0 0.59875 0.8713615023474178 0.02 0.006572769953051643
0 0.80375 0.819718309859155 0.00875 0.004694835680751174
0 0.2075 0.6145539906103287 0.025 0.013145539906103286
0 0.136875 0.4070422535211268 0.02375 0.007511737089201878
1 0.166875 0.3807511737089202 0.0775 0.051643192488262914
1 0.27375 0.2892018779342723 0.14 0.10140845070422536
1 0.384375 0.4666666666666667 0.06625 0.036619718309859155
1 0.45875 0.4300469483568075 0.11 0.04788732394366197