1 0.3075 0.7469483568075117 0.2775 0.24694835680751173
1 0.32625 0.5793427230046948 0.2925 0.22629107981220659
0 0.71375 0.31408450704225355 0.0925 0.07136150234741784
0 0.12375 0.45774647887323944 0.085 0.051643192488262914
0 0.603125 0.2995305164319249 0.06875 0.06384976525821597
0 0.428125 0.40187793427230045 0.0525 0.061971830985915494
0 0.728125 0.4563380281690141 0.0625 0.054460093896713614
1 0.400625 0.760093896713615 0.195 0.1511737089201878
0 0.655 0.5220657276995305 0.06625 0.07981220657276995
1 0.46125 0.604225352112676 0.12375 0.10516431924882629
0 0.275 0.36619718309859156 0.09875 0.20751173708920187
0 0.2225 0.06103286384976526 0.045 0.0431924882629108
0 0.764375 0.3089201877934272 0.06125 0.06854460093896714
0 0.201875 0.42065727699530514 0.04375 0.06572769953051644
0 0.46375 0.544131455399061 0.06125 0.05258215962441314
0 0.730625 0.2563380281690141 0.06875 0.06572769953051644
0 0.326875 0.39436619718309857 0.03875 0.07323943661971831
0 0.9275 0.23427230046948358 0.07125 0.06291079812206572
0 0.759375 0.5305164319248826 0.0625 0.06291079812206572
0 0.33625 0.3314553990610329 0.045 0.107981220657277
0 0.0625 0.19718309859154928 0.02375 0.022535211267605635
0 0.048125 0.04037558685446009 0.01875 0.006572769953051643
0 0.38 0.18309859154929578 0.0275 0.018779342723004695
0 0.35875 0.19859154929577466 0.02125 0.013145539906103286
0 0.790625 0.18967136150234742 0.02875 0.028169014084507043
0 0.746875 0.18262910798122065 0.02375 0.022535211267605635
0 0.730625 0.18403755868544602 0.01375 0.010328638497652582
0 0.854375 0.27230046948356806 0.00875 0.007511737089201878
0 0.38875 0.5605633802816902 0.03625 0.028169014084507043
0 0.353125 0.560093896713615 0.02375 0.01596244131455399
0 0.41625 0.5572769953051643 0.0225 0.018779342723004695
0 0.5125 0.4220657276995305 0.03 0.051643192488262914
0 0.458125 0.5830985915492958 0.02125 0.020657276995305163
0 0.815625 0.3948356807511737 0.0375 0.02535211267605634
0 0.7125 0.49671361502347416 0.04375 0.030985915492957747
0 0.87625 0.40187793427230045 0.03125 0.03474178403755868
0 0.82625 0.4131455399061033 0.03375 0.022535211267605635
0 0.78 0.4619718309859155 0.02125 0.01784037558685446
0 0.726875 0.5150234741784038 0.025 0.01971830985915493
0 0.906875 0.4197183098591549 0.0125 0.009389671361502348
0 0.875625 0.5122065727699531 0.01375 0.014084507042253521
0 0.87625 0.5032863849765258 0.01 0.011267605633802818
0 0.98125 0.45586854460093895 0.03125 0.02629107981220657
0 0.458125 0.7784037558685446 0.02125 0.01784037558685446
0 0.995 0.6957746478873239 0.01 0.022535211267605635
0 0.88375 0.6380281690140845 0.01125 0.012206572769953052
0 0.21625 0.29014084507042254 0.075 0.20375586854460093
0 0.191875 0.2291079812206573 0.01375 0.024413145539906103
0 0.73125 0.24976525821596243 0.02125 0.016901408450704224
0 0.748125 0.26901408450704223 0.01375 0.013145539906103286
0 0.744375 0.31690140845070425 0.01375 0.012206572769953052
0 0.951875 0.3323943661971831 0.00875 0.014084507042253521
0 0.8325 0.19671361502347418 0.00625 0.006572769953051643
0 0.723125 0.6821596244131456 0.01625 0.018779342723004695
0 0.474375 0.787793427230047 0.01 0.01784037558685446
1 0.433125 0.7723004694835681 0.0675 0.05727699530516432
1 0.2875 0.7187793427230047 0.1325 0.10422535211267606
1 0.486875 0.5924882629107981 0.04875 0.04976525821596244
1 0.42125 0.547887323943662 0.0625 0.08169014084507042