0 0.920625 0.7619493908153702 0.06625 0.03561387066541706
0 0.855 0.3950328022492971 0.0425 0.044048734770384255
0 0.235 0.1893158388003749 0.05 0.03748828491096532
0 0.356875 0.18603561387066542 0.07125 0.06091846298031865
0 0.13375 0.6644798500468604 0.0575 0.03936269915651359
0 0.0975 0.3458294283036551 0.0625 0.03561387066541706
0 0.454375 0.2830365510777882 0.05875 0.041237113402061855
0 0.440625 0.6082474226804123 0.04875 0.02999062792877226
0 0.1975 0.12417994376757263 0.0425 0.03280224929709466
0 0.41625 0.3336457357075914 0.04 0.03561387066541706
1 0.69 0.6438612933458294 0.0775 0.05998125585754452
0 0.156875 0.08200562324273665 0.04375 0.03280224929709466
0 0.64625 0.4957825679475164 0.0325 0.05248359887535145
0 0.623125 0.39878163074039363 0.0325 0.06935332708528585
1 0.975625 0.5398313027179007 0.04875 0.05248359887535145
0 0.034375 0.04498594189315839 0.04625 0.03748828491096532
0 0.744375 0.7666354264292409 0.01625 0.01874414245548266
0 0.681875 0.7427366447985004 0.02875 0.015932521087160263
0 0.728125 0.7792877225866917 0.01875 0.03467666354264293
0 0.994375 0.6930646672914714 0.01125 0.04592314901593252
0 0.595 0.6991565135895033 0.03 0.016869728209934397
0 0.131875 0.676194939081537 0.05625 0.015932521087160263
0 0.991875 0.6640112464854733 0.01125 0.01780693533270853
0 0.535625 0.6321462043111528 0.03125 0.01780693533270853
0 0.3775 0.5154639175257731 0.0375 0.02999062792877226
0 0.51125 0.5393626991565136 0.0325 0.019681349578256794
0 0.445625 0.5370196813495782 0.02375 0.028116213683223992
0 0.413125 0.5135895032802249 0.02375 0.02999062792877226
0 0.276875 0.4835988753514527 0.03875 0.02999062792877226
0 0.26375 0.5815370196813496 0.0225 0.015932521087160263
0 0.028125 0.5937207122774133 0.03375 0.01780693533270853
0 0.246875 0.43345829428303656 0.04375 0.01780693533270853
0 0.2025 0.35660731021555764 0.0375 0.029053420805998126
0 0.113125 0.6396438612933458 0.01125 0.008434864104967198
0 0.993125 0.12511715089034678 0.01375 0.015932521087160263
0 0.355625 0.2774133083411434 0.03875 0.02999062792877226
0 0.27375 0.29990627928772257 0.0275 0.020618556701030927
0 0.980625 0.5238987816307404 0.02375 0.015932521087160263
0 0.245625 0.4592314901593252 0.03625 0.030927835051546393
0 0.1375 0.3776944704779756 0.035 0.03280224929709466
0 0.038125 0.30880974695407687 0.03875 0.029053420805998126
0 0.698125 0.3139643861293346 0.01375 0.022492970946579195