0 0.38375 0.49014084507042255 0.1 0.10328638497652583
0 0.224375 0.3835680751173709 0.06625 0.04976525821596244
0 0.285 0.4244131455399061 0.055 0.09389671361502347
0 0.39375 0.3807511737089202 0.0375 0.051643192488262914
0 0.1482625 0.268150234741784 0.10125 0.09201877934272301
0 0.365625 0.45492957746478874 0.08875 0.07605633802816901
0 0.499375 0.4694835680751174 0.09375 0.10892018779342723
0 0.1436 0.13286384976525822 0.06 0.023474178403755867
0 0.576875 0.45023474178403755 0.06375 0.08169014084507042
0 0.9027249999999999 0.32933333333333337 0.0429375 0.028666666666666667
0 0.6174000000000001 0.447887323943662 0.0723 0.08450704225352113
0 0.484375 0.4028169014084507 0.06875 0.13896713615023473
0 0.21989999999999998 0.27136150234741785 0.04 0.07323943661971831
0 0.251875 0.25579342723004694 0.04375 0.03286384976525822
0 0.2607 0.28826291079812205 0.0513875 0.03943661971830986
0 0.436875 0.4877934272300469 0.03125 0.04225352112676056
1 0.25451250000000003 0.34556807511737087 0.08875 0.06666666666666667
0 0.078125 0.11924882629107982 0.02875 0.020657276995305163
0 0.07 0.11032863849765258 0.03 0.01784037558685446
0 0.325 0.2 0.015 0.018779342723004695
0 0.3249 0.2395774647887324 0.01375 0.015023474178403756
0 0.355625 0.20751173708920187 0.01875 0.018779342723004695
0 0.355625 0.2591549295774648 0.01875 0.018779342723004695
0 0.506875 0.30093896713615026 0.01125 0.014084507042253521
0 0.3525 0.3107981220657277 0.015 0.015023474178403756
0 0.444375 0.16854460093896714 0.02125 0.03286384976525822
0 0.336425 0.24015962441314556 0.011675 0.013145539906103286
0 0.4930375 0.1724882629107981 0.00875 0.006572769953051643
0 0.895625 0.3103286384976526 0.02375 0.012206572769953052
0 0.244375 0.4877934272300469 0.01875 0.01971830985915493
0 0.32905 0.6370892018779343 0.013112500000000001 0.01596244131455399
0 0.623125 0.636150234741784 0.02625 0.01971830985915493
0 0.641875 0.6535211267605634 0.02375 0.015023474178403756
0 0.545625 0.4971830985915493 0.02375 0.02910798122065728
0 0.449375 0.4112676056338028 0.01375 0.013145539906103286
0 0.439375 0.5046948356807511 0.03375 0.027230046948356807
0 0.466875 0.6474178403755868 0.01375 0.012206572769953052
0 0.466875 0.6328638497652582 0.01625 0.013145539906103286
0 0.438125 0.4849765258215962 0.02875 0.036619718309859155
0 0.483125 0.6530516431924883 0.01375 0.012206572769953052
0 0.54 0.47136150234741786 0.015 0.013145539906103286
0 0.34125 0.3530516431924883 0.0175 0.015023474178403756
0 0.495 0.5629107981220657 0.0175 0.012206572769953052
0 0.351875 0.6183098591549295 0.02375 0.01784037558685446
0 0.42 0.5516431924882629 0.015 0.010328638497652582
0 0.64375 0.576056338028169 0.0175 0.012206572769953052
0 0.345625 0.3403755868544601 0.01625 0.014084507042253521
0 0.45125 0.5577464788732395 0.0125 0.011267605633802818
0 0.3625 0.6098591549295774 0.0175 0.014084507042253521
0 0.48109999999999997 0.5582910798122066 0.015300000000000001 0.010187793427230047
0 0.435625 0.5596244131455399 0.01375 0.009389671361502348
0 0.35627499999999995 0.33654460093896715 0.022925 0.025511737089201878
0 0.570625 0.3826291079812207 0.02125 0.01596244131455399
0 0.7175 0.407981220657277 0.04 0.02910798122065728
0 0.848125 0.5896713615023474 0.03125 0.020657276995305163
0 0.835 0.3539906103286385 0.0375 0.03004694835680751
0 0.8025 0.36666666666666664 0.035 0.02910798122065728
0 0.710625 0.5892018779342723 0.01625 0.012206572769953052
0 0.740625 0.5225352112676056 0.01625 0.01784037558685446
0 0.81875 0.5995305164319249 0.0175 0.01784037558685446
0 0.678125 0.4192488262910798 0.02375 0.023474178403755867
0 0.671875 0.6460093896713615 0.01125 0.009389671361502348
0 0.87875 0.5845070422535211 0.02 0.01596244131455399
0 0.6875 0.4267605633802817 0.035 0.030985915492957747
0 0.081875 0.7807511737089202 0.03875 0.027230046948356807
0 0.01125 0.7028169014084507 0.0225 0.02910798122065728
0 0.3289875 0.7101784037558686 0.022975 0.016262910798122067
0 0.410625 0.7657276995305164 0.03625 0.027230046948356807
0 0.349375 0.7713615023474178 0.03375 0.027230046948356807
0 0.469375 0.7136150234741784 0.02375 0.018779342723004695
0 0.4875 0.6675117370892019 0.0125 0.012732394366197183
0 0.57 0.7507042253521127 0.015 0.010328638497652582
0 0.706875 0.7281690140845071 0.01625 0.014084507042253521
0 0.788125 0.7704225352112676 0.01875 0.014084507042253521
0 0.4801625 0.5508638497652582 0.0154125 0.010309859154929577
0 0.654875 0.5774835680751174 0.0071375 0.010892018779342722
0 0.6535124999999999 0.4503286384976526 0.012525 0.028995305164319248
0 0.6936625 0.4505070422535212 0.045562500000000006 0.030807511737089205
0 0.2757875 0.34144600938967135 0.0115 0.01208450704225352
0 0.204325 0.43457276995305166 0.0115 0.007370892018779342
1 0.197375 0.4451079812206573 0.09207499999999999 0.06914553990610328
0 0.015224999999999999 0.6275305164319249 0.030437500000000003 0.040403755868544604
0 0.0033250000000000003 0.14134272300469483 0.0066500000000000005 0.019220657276995304