0 0.383125 0.4962441314553991 0.10875 0.107981220657277
0 0.214375 0.39812206572769954 0.07125 0.05352112676056338
0 0.27875 0.4356807511737089 0.06375 0.09671361502347418
0 0.383125 0.3863849765258216 0.0425 0.05352112676056338
0 0.1275 0.2868544600938967 0.11 0.09671361502347418
0 0.361875 0.4619718309859155 0.095 0.08075117370892018
0 0.49625 0.4694835680751174 0.10375 0.1136150234741784
0 0.110625 0.15258215962441316 0.0625 0.02629107981220657
0 0.571875 0.44647887323943664 0.07125 0.08450704225352113
0 0.885625 0.3084507042253521 0.045 0.030985915492957747
0 0.6125 0.44178403755868545 0.08 0.08826291079812207
0 0.475625 0.40375586854460094 0.08125 0.14178403755868543
0 0.199375 0.2863849765258216 0.04625 0.07511737089201878
0 0.23 0.26948356807511736 0.04625 0.03474178403755868
0 0.24125 0.30140845070422534 0.055 0.04225352112676056
0 0.435625 0.49107981220657276 0.035 0.044131455399061034
1 0.240625 0.3586854460093897 0.095 0.07136150234741784
0 0.04375 0.14225352112676057 0.03 0.022535211267605635
0 0.035 0.13380281690140844 0.03125 0.01971830985915493
0 0.2975 0.20985915492957746 0.01625 0.01971830985915493
0 0.30125 0.24929577464788732 0.015 0.01596244131455399
0 0.32875 0.215962441314554 0.02 0.01971830985915493
0 0.33375 0.2671361502347418 0.02 0.01971830985915493
0 0.488125 0.30093896713615026 0.0125 0.015023474178403756
0 0.335 0.3187793427230047 0.01625 0.01596244131455399
0 0.41375 0.17230046948356809 0.02375 0.03380281690140845
0 0.3125 0.24976525821596243 0.0125 0.014084507042253521
0 0.4625 0.1732394366197183 0.00875 0.006572769953051643
0 0.876875 0.29014084507042254 0.025 0.013145539906103286
0 0.24375 0.5014084507042254 0.02 0.020657276995305163
0 0.341875 0.6455399061032864 0.01375 0.016901408450704224
0 0.635625 0.6295774647887324 0.0275 0.020657276995305163
0 0.655625 0.6455399061032864 0.025 0.01596244131455399
0 0.545 0.49483568075117373 0.02625 0.03004694835680751
0 0.44125 0.4140845070422535 0.015 0.014084507042253521
0 0.44 0.507981220657277 0.03625 0.02910798122065728
0 0.480625 0.6488262910798122 0.015 0.013145539906103286
0 0.479375 0.6342723004694836 0.0175 0.014084507042253521
0 0.436875 0.48826291079812206 0.0325 0.038497652582159626
0 0.4975 0.6535211267605634 0.015 0.013145539906103286
0 0.5375 0.4694835680751174 0.01625 0.014084507042253521
0 0.328125 0.3615023474178404 0.01875 0.01596244131455399
0 0.500625 0.5629107981220657 0.01875 0.013145539906103286
0 0.363125 0.6258215962441315 0.025 0.018779342723004695
0 0.425 0.5558685446009389 0.01625 0.011267605633802818
0 0.650625 0.5685446009389671 0.01875 0.013145539906103286
0 0.33125 0.3488262910798122 0.0175 0.015023474178403756
0 0.456875 0.560093896713615 0.01375 0.012206572769953052
0 0.373125 0.6169014084507042 0.01875 0.015023474178403756
0 0.486875 0.5591549295774648 0.01625 0.011267605633802818
0 0.44125 0.5629107981220657 0.015 0.010328638497652582
0 0.34125 0.34460093896713617 0.025 0.02629107981220657
0 0.559375 0.37934272300469485 0.0225 0.016901408450704224
0 0.708125 0.3967136150234742 0.0425 0.030985915492957747
0 0.855625 0.5713615023474179 0.0325 0.022535211267605635
0 0.820625 0.33661971830985915 0.04 0.03192488262910798
0 0.789375 0.3511737089201878 0.0375 0.030985915492957747
0 0.718125 0.5779342723004695 0.0175 0.013145539906103286
0 0.741875 0.5098591549295775 0.0175 0.018779342723004695
0 0.8275 0.5826291079812207 0.01875 0.018779342723004695
0 0.67 0.4103286384976526 0.02625 0.024413145539906103
0 0.685 0.6366197183098592 0.0125 0.010328638497652582
0 0.885625 0.564319248826291 0.02125 0.016901408450704224
0 0.68 0.4169014084507042 0.0375 0.03286384976525822
0 0.10875 0.8018779342723005 0.04125 0.02910798122065728
0 0.03125 0.7276995305164319 0.025 0.03004694835680751
0 0.34875 0.7187793427230047 0.02375 0.016901408450704224
0 0.435625 0.7699530516431925 0.03875 0.02910798122065728
0 0.375 0.7784037558685446 0.03625 0.02910798122065728
0 0.489375 0.7145539906103286 0.025 0.01971830985915493
0 0.503125 0.668075117370892 0.01375 0.014084507042253521
0 0.593125 0.7464788732394366 0.01625 0.011267605633802818
0 0.7275 0.7169014084507043 0.0175 0.015023474178403756
0 0.8125 0.7544600938967136 0.02 0.015023474178403756
0 0.485 0.5516431924882629 0.01625 0.011267605633802818
0 0.661875 0.5690140845070423 0.00875 0.011267605633802818
0 0.64875 0.4422535211267606 0.015 0.03004694835680751
0 0.68875 0.44084507042253523 0.0475 0.03286384976525822
0 0.26125 0.35352112676056335 0.0125 0.013145539906103286
0 0.19875 0.45023474178403755 0.0125 0.008450704225352112
1 0.193125 0.4610328638497653 0.09875 0.07417840375586854
0 0.028125 0.6525821596244131 0.03375 0.04225352112676056