1 0.5014 0.3819868791002812 0.5821999999999999 0.42714151827553887
0 0.370625 0.7849109653233365 0.11375 0.06279287722586692
0 0.111875 0.6888472352389878 0.07875 0.04873477038425492
0 0.83125 0.44892221180880976 0.0525 0.046860356138706656
0 0.808125 0.4001874414245548 0.04125 0.03561387066541706
0 0.8816625 0.676194939081537 0.0425 0.030927835051546393
0 0.17625 0.7994376757263355 0.0475 0.03561387066541706
0 0.50095 0.5257731958762887 0.1331125 0.05060918462980318
0 0.196875 0.30740393626991563 0.04375 0.031865042174320526
0 0.080625 0.36785379568884724 0.07125 0.04029990627928772
0 0.425 0.169165885660731 0.04 0.03280224929709466
0 0.0275 0.5651358950328023 0.0525 0.03561387066541706
0 0.813125 0.4817244611059044 0.04125 0.02999062792877226
0 0.711875 0.5665417057169635 0.04375 0.03280224929709466
0 0.251875 0.3542642924086223 0.05125 0.028116213683223992
0 0.328125 0.026710402999062792 0.04625 0.029053420805998126
0 0.803125 0.6063730084348641 0.03625 0.03748828491096532
1 0.918125 0.4554545454545455 0.16375 0.329240862230553
0 0.380625 0.030459231490159326 0.02375 0.015932521087160263
0 0.3425 0.21930646672914714 0.02 0.016869728209934397
0 0.838125 0.1260543580131209 0.03375 0.02530459231490159
0 0.875625 0.14948453608247422 0.02125 0.015932521087160263
0 0.009375 0.6040299906279287 0.01875 0.03280224929709466
0 0.0075 0.3781630740393627 0.015 0.04217432052483599
0 0.471875 0.4020618556701031 0.02125 0.01874414245548266
0 0.66125 0.5042174320524836 0.0225125 0.020618556701030927
0 0.566875 0.4751640112464855 0.02875 0.020618556701030927
0 0.777475 0.3331771321462043 0.00995 0.014048734770384255
0 0.5875 0.7970946579194002 0.0175 0.01218369259606373
0 0.856875 0.746954076850984 0.03625 0.031865042174320526
0 0.9575 0.8181818181818182 0.0275 0.02436738519212746
0 0.8275 0.7685098406747891 0.0325 0.02436738519212746
0 0.7725 0.8758200562324273 0.02 0.019681349578256794
0 0.0920375 0.16472352389878162 0.0513375 0.02161199625117151
0 0.1963375 0.0862136832239925 0.048 0.021593252108716026
0 0.9590625 0.132970946579194 0.0087375 0.006860356138706654
0 0.97985 0.32019681349578255 0.0403 0.020993439550140578
0 0.9961249999999999 0.4576944704779756 0.00775 0.016232427366447984
0 0.9867374999999999 0.5709372071227742 0.026525 0.017497656982193067
0 0.2399375 0.616776007497657 0.0225125 0.009718837863167759
0 0.584375 0.5832989690721649 0.023799999999999998 0.014732895970009372