1 0.523125 0.38331771321462044 0.65625 0.4835988753514527
0 0.31875 0.7685098406747891 0.12375 0.07403936269915651
0 0.080625 0.6466729147141518 0.0875 0.056232427366447985
0 0.8375 0.48406747891283974 0.06125 0.05154639175257732
0 0.82375 0.43345829428303656 0.0475 0.03936269915651359
0 0.845625 0.7141518275538894 0.0475 0.03467666354264293
0 0.12375 0.7628865979381443 0.05375 0.04029990627928772
0 0.49625 0.5257731958762887 0.14 0.06373008434864105
0 0.235625 0.2778819119025305 0.04875 0.03655107778819119
0 0.109375 0.3252108716026242 0.0775 0.04779756326148079
0 0.486875 0.16447985004686036 0.04625 0.03655107778819119
0 0.024375 0.5149953139643861 0.04875 0.04029990627928772
0 0.81375 0.514526710402999 0.04625 0.033739456419868794
0 0.6975 0.5880974695407685 0.05 0.03748828491096532
0 0.28125 0.32989690721649484 0.05625 0.03280224929709466
0 0.416875 0.01499531396438613 0.05125 0.02999062792877226
0 0.780625 0.6368322399250235 0.0425 0.041237113402061855
1 0.905 0.49953139643861294 0.19 0.3430178069353327
0 0.46875 0.022492970946579195 0.02625 0.01780693533270853
0 0.39625 0.2057169634489222 0.0225 0.01874414245548266
0 0.904375 0.16494845360824742 0.0375 0.028116213683223992
0 0.936875 0.19212746016869728 0.02375 0.01780693533270853
0 0.00375 0.5515463917525774 0.0075 0.03467666354264293
0 0.035 0.3280224929709466 0.0225 0.04311152764761012
0 0.490625 0.4001874414245548 0.025 0.020618556701030927
0 0.65875 0.521087160262418 0.02625 0.022492970946579195
0 0.570625 0.48219306466729145 0.0325 0.023430178069353328
0 0.805625 0.36363636363636365 0.0125 0.01499531396438613
0 0.53125 0.8031865042174321 0.02 0.014058106841611996
0 0.8075 0.781630740393627 0.04125 0.03561387066541706
0 0.89375 0.8626991565135895 0.03125 0.02717900656044986
0 0.774375 0.7999062792877226 0.03625 0.02717900656044986
0 0.7 0.9006560449859419 0.02375 0.02155576382380506
0 0.158125 0.12558575445173384 0.055 0.026241799437675725
0 0.27625 0.05857544517338332 0.05125 0.026241799437675725
0 0.993125 0.37207122774133083 0.01375 0.02436738519212746
0 0.996875 0.5098406747891284 0.00625 0.016869728209934397
0 0.96875 0.6208997188378632 0.02875 0.020618556701030927
0 0.220625 0.5885660731021556 0.02375 0.011246485473289597
0 0.568125 0.5913776944704779 0.02625 0.016869728209934397