1 0.520625 0.3828491096532334 0.6475 0.47703842549203374
0 0.325 0.7708528584817245 0.1225 0.07310215557638237
0 0.084375 0.6518275538894096 0.08625 0.05529522024367385
0 0.836875 0.4793814432989691 0.06 0.05154639175257732
0 0.821875 0.42924086223055297 0.04625 0.03936269915651359
0 0.850625 0.7099343955014058 0.0475 0.03467666354264293
0 0.13 0.767572633552015 0.0525 0.03936269915651359
0 0.496875 0.5257731958762887 0.14 0.06279287722586692
0 0.230625 0.28116213683223995 0.04875 0.03561387066541706
0 0.105 0.3303655107778819 0.0775 0.046860356138706656
0 0.479375 0.16494845360824742 0.045 0.03655107778819119
0 0.024375 0.5215557638238051 0.04875 0.04029990627928772
0 0.81375 0.5103092783505154 0.04625 0.033739456419868794
0 0.699375 0.5852858481724461 0.04875 0.03655107778819119
0 0.2775 0.33270852858481725 0.055 0.03280224929709466
0 0.405625 0.015463917525773196 0.05125 0.030927835051546393
0 0.78375 0.6330834114339269 0.0425 0.04029990627928772
1 0.906875 0.4939081537019681 0.18625 0.34114339268978444
0 0.458125 0.02296157450796626 0.02625 0.01780693533270853
0 0.389375 0.20712277413308341 0.0225 0.01874414245548266
0 0.89625 0.15979381443298968 0.0375 0.028116213683223992
0 0.93 0.18650421743205248 0.02375 0.01780693533270853
0 0.00375 0.5581068416119962 0.0075 0.03467666354264293
0 0.03125 0.33411433926897843 0.02125 0.04311152764761012
0 0.488125 0.4001874414245548 0.02375 0.020618556701030927
0 0.659375 0.5187441424554826 0.02625 0.022492970946579195
0 0.570625 0.48125585754451733 0.0325 0.023430178069353328
0 0.8025 0.3598875351452671 0.0125 0.01499531396438613
0 0.53875 0.802717900656045 0.01875 0.014058106841611996
0 0.814375 0.7778819119025304 0.04125 0.03467666354264293
0 0.9025 0.8575445173383318 0.03125 0.026241799437675725
0 0.78125 0.7966260543580131 0.03625 0.02717900656044986
0 0.709375 0.8978444236176195 0.0225 0.02155576382380506
0 0.149375 0.1302717900656045 0.05375 0.026241799437675725
0 0.265625 0.06138706654170572 0.05125 0.02530459231490159
0 0.991875 0.36457357075913777 0.01625 0.02436738519212746
0 0.996875 0.5032802249297095 0.00625 0.016869728209934397
0 0.971875 0.6148078725398313 0.02875 0.019681349578256794
0 0.223125 0.5918462980318651 0.02375 0.011246485473289597
0 0.57 0.5904404873477038 0.02625 0.016869728209934397