0 0.6615384615384615 0.9375 0.08461538461538462 0.08571428571428572
0 0.39487179487179486 0.9017857142857143 0.08717948717948718 0.14642857142857144
0 0.22948717948717948 0.8285714285714286 0.05128205128205128 0.08928571428571429
0 0.2653846153846154 0.7535714285714286 0.05897435897435897 0.10714285714285714
0 0.3243589743589744 0.6892857142857143 0.07948717948717948 0.08928571428571429
0 0.5782051282051283 0.7892857142857143 0.04871794871794872 0.08928571428571429
0 0.49230769230769234 0.5982142857142857 0.05897435897435897 0.1
0 0.735897435897436 0.5589285714285714 0.06153846153846154 0.1
0 0.6269230769230769 0.3607142857142857 0.08461538461538462 0.14285714285714285
0 0.43974358974358974 0.28214285714285714 0.07692307692307693 0.09642857142857143
0 0.28076923076923077 0.2357142857142857 0.06153846153846154 0.08571428571428572
0 0.1935897435897436 0.45535714285714285 0.05897435897435897 0.125
0 0.2064102564102564 0.09642857142857143 0.06153846153846154 0.09642857142857143
0 0.358974358974359 0.055357142857142855 0.046153846153846156 0.07142857142857142
0 0.5166666666666667 0.033928571428571426 0.0641025641025641 0.06785714285714285
0 0.6756410256410257 0.030357142857142857 0.08461538461538462 0.060714285714285714
0 0.7666666666666667 0.21428571428571427 0.046153846153846156 0.125
0 0.35128205128205126 0.4625 0.06153846153846154 0.09642857142857143
0 0.841025641025641 0.8535714285714285 0.020512820512820513 0.11428571428571428