1 0.3625 0.4990610328638498 0.24375 0.24413145539906103
0 0.245625 0.8746478873239436 0.08625 0.06103286384976526
0 0.400625 0.8403755868544601 0.09125 0.06854460093896714
0 0.78 0.6633802816901408 0.0875 0.07793427230046948
0 0.630625 0.719718309859155 0.05375 0.07793427230046948
1 0.571875 0.2248826291079812 0.10625 0.08732394366197183
0 0.805625 0.6281690140845071 0.0775 0.04507042253521127
0 0.608125 0.6422535211267606 0.055 0.048826291079812206
0 0.623125 0.4868544600938967 0.0525 0.03380281690140845
1 0.603125 0.33474178403755867 0.05375 0.044131455399061034
1 0.62875 0.15774647887323945 0.21375 0.1136150234741784
0 0.41625 0.6727699530516432 0.055 0.03004694835680751
0 0.3975 0.7103286384976526 0.0625 0.03943661971830986
1 0.519375 0.4727699530516432 0.13375 0.2
1 0.54625 0.5253521126760563 0.13125 0.09765258215962441
0 0.666875 0.6450704225352113 0.08375 0.03286384976525822
1 0.67375 0.2892018779342723 0.0525 0.0431924882629108
0 0.256875 0.7361502347417841 0.06375 0.028169014084507043
1 0.44625 0.5295774647887324 0.14625 0.16619718309859155
0 0.359375 0.7018779342723005 0.06125 0.054460093896713614
0 0.118125 0.6854460093896714 0.025 0.03192488262910798
0 0.22125 0.7206572769953051 0.02125 0.030985915492957747
0 0.293125 0.7549295774647887 0.05375 0.028169014084507043
0 0.2075 0.631924882629108 0.02 0.030985915492957747
0 0.13 0.6347417840375587 0.0225 0.01971830985915493
0 0.08375 0.64037558685446 0.0225 0.009389671361502348
0 0.25875 0.6131455399061033 0.01875 0.014084507042253521
0 0.194375 0.5929577464788732 0.0175 0.015023474178403756
0 0.274375 0.6239436619718309 0.025 0.009389671361502348
0 0.08625 0.20938967136150236 0.04 0.02629107981220657
0 0.16875 0.17230046948356809 0.01875 0.012206572769953052
0 0.44625 0.6511737089201878 0.05 0.0215962441314554
0 0.499375 0.7474178403755869 0.01375 0.009389671361502348
0 0.594375 0.7492957746478873 0.02 0.01971830985915493
0 0.730625 0.6460093896713615 0.02125 0.018779342723004695
0 0.338125 0.7333333333333333 0.015 0.012206572769953052
0 0.611875 0.8502347417840376 0.02875 0.014084507042253521
0 0.45 0.6647887323943662 0.05125 0.024413145539906103
0 0.579375 0.463849765258216 0.03375 0.024413145539906103
0 0.633125 0.2568075117370892 0.0375 0.03474178403755868
0 0.56 0.3652582159624413 0.04125 0.03755868544600939
0 0.57875 0.21549295774647886 0.01875 0.009389671361502348
0 0.309375 0.26009389671361505 0.0175 0.012206572769953052
0 0.91625 0.5981220657276995 0.02125 0.01784037558685446
0 0.831875 0.4887323943661972 0.03 0.013145539906103286
0 0.741875 0.46854460093896716 0.0275 0.010328638497652582
0 0.70125 0.2577464788732394 0.03875 0.03568075117370892
0 0.220625 0.8169014084507042 0.0375 0.024413145539906103
0 0.251875 0.8704225352112676 0.015 0.012206572769953052
0 0.174375 0.9056338028169014 0.0325 0.008450704225352112
0 0.103125 0.5474178403755868 0.01125 0.009389671361502348
0 0.19 0.6136150234741784 0.025 0.007511737089201878
0 0.305625 0.57981220657277 0.01625 0.014084507042253521
0 0.300625 0.636150234741784 0.02625 0.009389671361502348
0 0.3 0.6286384976525822 0.0225 0.007511737089201878
0 0.370625 0.6967136150234742 0.01375 0.009389671361502348
0 0.410625 0.6600938967136151 0.03 0.020657276995305163
0 0.401875 0.5544600938967136 0.01625 0.009389671361502348
0 0.446875 0.4394366197183099 0.0125 0.008450704225352112
0 0.68625 0.6267605633802817 0.07 0.03755868544600939
0 0.78125 0.6737089201877934 0.02125 0.016901408450704224
0 0.785 0.668075117370892 0.02 0.016901408450704224
0 0.774375 0.6779342723004694 0.00625 0.004694835680751174
0 0.634375 0.7384976525821596 0.01625 0.01784037558685446
0 0.66125 0.29014084507042254 0.01 0.006572769953051643
0 0.564375 0.16338028169014085 0.0125 0.006572769953051643
0 0.608125 0.1352112676056338 0.02125 0.012206572769953052