0 0.45375 0.41458333333333336 0.08 0.050833333333333335
0 0.230625 0.12208333333333334 0.10625 0.0725
0 0.170625 0.4533333333333333 0.11625 0.06666666666666667
0 0.275625 0.6045833333333334 0.10125 0.06416666666666666
0 0.44125 0.5991666666666666 0.12 0.05333333333333334
0 0.16125 0.76125 0.1825 0.0625
0 0.05 0.3541666666666667 0.095 0.06166666666666667
0 0.626875 0.30875 0.07625 0.060833333333333336
0 0.343125 0.41458333333333336 0.09125 0.059166666666666666
0 0.401875 0.34291666666666665 0.09375 0.060833333333333336
0 0.08 0.6345833333333334 0.1225 0.0775
0 0.845625 0.94875 0.09625 0.0625
0 0.29125 0.35208333333333336 0.055 0.034166666666666665
0 0.284375 0.45916666666666667 0.06875 0.04666666666666667
0 0.62375 0.20416666666666666 0.0675 0.041666666666666664
1 0.7549375 0.5888166666666667 0.1467 0.08715833333333334
0 0.05 0.15708333333333332 0.1 0.17583333333333334
1 0.864375 0.6233333333333333 0.08625 0.051666666666666666
1 0.93875 0.44018333333333337 0.1225 0.16916666666666666
0 0.77625 0.17541666666666667 0.0725 0.029166666666666667
1 0.085 0.2975 0.17 0.09
1 0.81375 0.5579166666666666 0.1475 0.08416666666666667
1 0.6775 0.5770833333333333 0.14 0.0875
1 0.256875 0.9095833333333333 0.06625 0.0625
0 0.86 0.08583333333333333 0.04 0.023333333333333334
0 0.704375 0.5666666666666667 0.03125 0.021666666666666667
0 0.8075 0.6091666666666666 0.0275 0.016666666666666666
0 0.893125 0.5575 0.02625 0.015
0 0.685 0.5491666666666667 0.0375 0.02
0 0.735625 0.5966666666666667 0.02375 0.011666666666666667
0 0.388125 0.7495833333333334 0.03375 0.0175
0 0.500625 0.7879166666666667 0.02625 0.014166666666666666
0 0.38375 0.8670833333333333 0.03 0.014166666666666666
0 0.8812000000000001 0.3636583333333333 0.0354625 0.03611666666666667
0 0.9938875 0.11868333333333332 0.012225 0.07095
0 0.78 0.524075 0.0188625 0.010708333333333334