0 0.4675 0.4116666666666667 0.0875 0.05583333333333333
0 0.29125 0.10541666666666667 0.1175 0.07916666666666666
0 0.18 0.43083333333333335 0.12625 0.07416666666666667
0 0.260625 0.5883333333333334 0.11125 0.07083333333333333
0 0.42625 0.5945833333333334 0.1275 0.06166666666666667
0 0.121875 0.73625 0.19125 0.075
0 0.075625 0.32375 0.10375 0.06833333333333333
0 0.65625 0.31875 0.085 0.06583333333333333
0 0.3575 0.4041666666666667 0.1 0.065
0 0.426875 0.33708333333333335 0.1025 0.06666666666666667
0 0.06375 0.6045833333333334 0.1275 0.08583333333333333
0 0.7725 0.9679166666666666 0.105 0.06416666666666666
0 0.315625 0.3383333333333333 0.06 0.0375
0 0.291875 0.44416666666666665 0.07625 0.050833333333333335
0 0.669375 0.21458333333333332 0.07375 0.04583333333333333
1 0.74 0.6058333333333333 0.15875 0.0975
0 0.10625 0.1275 0.1275 0.18166666666666667
1 0.843125 0.6479166666666667 0.09375 0.0575
1 0.935625 0.4708333333333333 0.12875 0.17666666666666667
0 0.825625 0.19625 0.07625 0.034166666666666665
1 0.11875 0.26958333333333334 0.18375 0.10166666666666667
1 0.803125 0.5795833333333333 0.16 0.09416666666666666
1 0.664375 0.5891666666666666 0.1525 0.09666666666666666
1 0.19375 0.8904166666666666 0.07625 0.06666666666666667
0 0.923125 0.11333333333333333 0.04375 0.025833333333333333
0 0.6925 0.5804166666666667 0.035 0.023333333333333334
0 0.78875 0.63 0.03 0.018333333333333333
0 0.881875 0.5845833333333333 0.02875 0.016666666666666666
0 0.67625 0.5616666666666666 0.04 0.0225
0 0.719375 0.6125 0.025 0.013333333333333334
0 0.349375 0.7404166666666666 0.03625 0.02
0 0.455625 0.78625 0.02875 0.015833333333333335
0 0.326875 0.8570833333333333 0.0325 0.015833333333333335
0 0.900625 0.39125 0.04 0.03833333333333333
0 0.774375 0.54375 0.02 0.011666666666666667