0 0.3675 0.5216666666666666 0.08375 0.058333333333333334
0 0.39625 0.7133333333333334 0.11125 0.08416666666666667
0 0.6325 0.6595833333333333 0.10625 0.07416666666666667
0 0.641875 0.5491666666666667 0.0925 0.085
0 0.854375 0.7520833333333333 0.1125 0.1275
0 0.235625 0.7829166666666667 0.1025 0.06916666666666667
0 0.228125 0.3958333333333333 0.09875 0.056666666666666664
0 0.35625 0.595 0.0975 0.06666666666666667
0 0.255625 0.54875 0.1 0.06833333333333333
0 0.656875 0.7925 0.12875 0.08916666666666667
0 0.2575 0.6229166666666667 0.05625 0.04
0 0.41625 0.63875 0.07625 0.050833333333333335
0 0.071875 0.38708333333333333 0.06875 0.049166666666666664
1 0.65875 0.34 0.14625 0.10583333333333333
0 0.03875 0.7670833333333333 0.0775 0.07416666666666667
1 0.721875 0.27125 0.08625 0.0625
1 0.45625 0.20291666666666666 0.265 0.09916666666666667
0 0.04875 0.2833333333333333 0.0425 0.050833333333333335
1 0.154375 0.7541666666666667 0.1525 0.1225
1 0.619375 0.29791666666666666 0.14125 0.10666666666666667
1 0.63375 0.3904166666666667 0.145 0.10166666666666667
0 0.620625 0.37166666666666665 0.035 0.023333333333333334
0 0.695 0.3075 0.0275 0.02
0 0.626875 0.24541666666666667 0.025 0.019166666666666665
0 0.5925 0.3825 0.03375 0.02666666666666667
0 0.66875 0.35375 0.02 0.016666666666666666
0 0.860625 0.6004166666666667 0.03 0.024166666666666666
0 0.929375 0.5295833333333333 0.02375 0.019166666666666665
0 0.336875 0.23291666666666666 0.0575 0.02666666666666667
0 0.565625 0.31708333333333333 0.0175 0.013333333333333334