1 0.8075 0.09090909090909091 0.105 0.1105904404873477
1 0.5425625000000001 0.44543580131208993 0.2245 0.15515463917525774
1 0.563125 0.1635426429240862 0.22375 0.1527647610121837
0 0.82 0.4343955014058107 0.075 0.10965323336457357
0 0.306875 0.42830365510777885 0.08375 0.11996251171508904
1 0.25625 0.8149015932521088 0.07 0.06279287722586692
0 0.69625 0.6293345829428304 0.0775 0.10965323336457357
1 0.4313 0.6255482661668229 0.226475 0.1668416119962512
0 0.438125 0.24320524835988752 0.03375 0.04217432052483599
0 0.321375 0.24133083411433928 0.0402625 0.023430178069353328
0 0.41 0.14526710402999063 0.04 0.022492970946579195
0 0.63875 0.060449859418931585 0.0275 0.01780693533270853
0 0.495625 0.07966260543580131 0.03875 0.022492970946579195
0 0.6425 0.2891283973758201 0.0325 0.030927835051546393
0 0.6175 0.2980318650421743 0.0325 0.02999062792877226
0 0.775 0.11808809746954077 0.03 0.022492970946579195
0 0.235 0.6349578256794751 0.0275 0.04029990627928772
0 0.283125 0.4967197750702905 0.03125 0.026241799437675725
0 0.490625 0.46251171508903466 0.01875 0.019681349578256794
0 0.975625 0.4690721649484536 0.01125 0.008434864104967198
0 0.29875 0.8528584817244611 0.0425 0.02436738519212746
0 0.248125 0.9409559512652296 0.03625 0.022492970946579195
0 0.32 0.8355201499531396 0.02 0.014058106841611996
0 0.608125 0.7858481724461106 0.01375 0.01218369259606373
0 0.97625 0.7160262417994376 0.0325 0.02436738519212746
1 0.5556875 0.18204311152764763 0.07261250000000001 0.054967197750702905
1 0.284225 0.3099812558575445 0.0321375 0.05312089971883786
1 0.31772500000000004 0.31949390815370193 0.0619875 0.0503186504217432
1 0.61595 0.4731771321462043 0.1785875 0.20976569821930646
0 0.6609875 0.4917713214620431 0.012887500000000001 0.01808809746954077
0 0.573425 0.7016401124648547 0.0101875 0.013186504217432053
0 0.37011249999999996 0.6613214620431115 0.0134875 0.01358950328022493
1 0.5142875 0.6444517338331771 0.1971625 0.1917432052483599
0 0.9818375 0.3264292408622306 0.014525 0.024179943767572633
0 0.9915999999999999 0.33789128397375817 0.0168 0.022492970946579195