1 0.235 0.5507042253521127 0.25375 0.23380281690140844
0 0.870625 0.6366197183098592 0.09125 0.06854460093896714
0 0.5375 0.5530516431924882 0.085 0.056338028169014086
0 0.845625 0.7323943661971831 0.09625 0.06009389671361502
0 0.65125 0.37089201877934275 0.06125 0.04225352112676056
0 0.5325 0.5103286384976525 0.05375 0.038497652582159626
0 0.631875 0.6605633802816901 0.065 0.03568075117370892
0 0.6025 0.6460093896713615 0.04875 0.03755868544600939
0 0.525625 0.36056338028169016 0.05125 0.036619718309859155
0 0.4225 0.6206572769953052 0.0675 0.04976525821596244
0 0.305 0.5516431924882629 0.06875 0.06572769953051644
0 0.3475 0.5169014084507042 0.05625 0.03943661971830986
0 0.30125 0.5075117370892018 0.0575 0.038497652582159626
0 0.0675 0.45117370892018777 0.04625 0.044131455399061034
0 0.498125 0.4849765258215962 0.04625 0.03474178403755868
0 0.249375 0.5131455399061032 0.06 0.07605633802816901
0 0.024375 0.5572769953051643 0.02875 0.051643192488262914
0 0.118125 0.6366197183098592 0.035 0.06291079812206572
1 0.279375 0.3164319248826291 0.17875 0.0863849765258216
0 0.375 0.6511737089201878 0.04375 0.05727699530516432
1 0.49375 0.2615023474178404 0.08625 0.07136150234741784
0 0.743125 0.7793427230046949 0.0375 0.03192488262910798
0 0.856875 0.8492957746478873 0.05375 0.02629107981220657
0 0.728125 0.6901408450704225 0.0375 0.024413145539906103
0 0.488125 0.6896713615023474 0.02875 0.024413145539906103
0 0.68 0.6685446009389672 0.03375 0.027230046948356807
0 0.37625 0.7342723004694836 0.0275 0.02629107981220657
0 0.238125 0.7431924882629108 0.02375 0.020657276995305163
0 0.329375 0.7755868544600939 0.02625 0.024413145539906103
0 0.296875 0.7765258215962442 0.01375 0.012206572769953052
0 0.31 0.7107981220657277 0.01125 0.01971830985915493
0 0.19875 0.7375586854460094 0.01125 0.010328638497652582
0 0.2225 0.7455399061032864 0.0075 0.008450704225352112
0 0.940625 0.5544600938967136 0.0375 0.03474178403755868
0 0.459375 0.5169014084507042 0.04125 0.03568075117370892
0 0.53375 0.6234741784037559 0.03125 0.02535211267605634
0 0.49125 0.3492957746478873 0.01875 0.020657276995305163
0 0.475625 0.4004694835680751 0.035 0.027230046948356807
0 0.491875 0.5126760563380282 0.03875 0.030985915492957747
0 0.463125 0.4192488262910798 0.03625 0.028169014084507043
0 0.00625 0.4812206572769953 0.0125 0.0215962441314554
0 0.025 0.5164319248826291 0.025 0.023474178403755867
0 0.236875 0.5136150234741784 0.02875 0.030985915492957747
0 0.22625 0.4676056338028169 0.02375 0.023474178403755867
0 0.2525 0.5629107981220657 0.0125 0.008450704225352112
0 0.234375 0.5309859154929577 0.01 0.008450704225352112
0 0.28 0.48544600938967136 0.025 0.01596244131455399
0 0.254375 0.4821596244131455 0.03625 0.03192488262910798
0 0.478125 0.27793427230046946 0.02375 0.01784037558685446
0 0.4625 0.2568075117370892 0.0225 0.015023474178403756
0 0.468125 0.3154929577464789 0.0175 0.012206572769953052
0 0.045625 0.44366197183098594 0.03125 0.03755868544600939
0 0.041875 0.476056338028169 0.04125 0.03474178403755868
0 0.035 0.47464788732394364 0.03375 0.012206572769953052
0 0.013125 0.5657276995305164 0.01 0.01784037558685446
0 0.015 0.5497652582159624 0.00875 0.012206572769953052
0 0.106875 0.6276995305164319 0.00625 0.011267605633802818
0 0.241875 0.5502347417840375 0.01125 0.007511737089201878
0 0.35125 0.5431924882629108 0.04125 0.02535211267605634
0 0.391875 0.5826291079812207 0.13 0.09389671361502347
0 0.41 0.6300469483568075 0.06 0.04976525821596244
0 0.3575 0.6694835680751173 0.0375 0.04037558685446009
0 0.399375 0.6577464788732394 0.08625 0.12488262910798122
0 0.2975 0.7657276995305164 0.00875 0.007511737089201878
0 0.50125 0.5366197183098591 0.0475 0.03474178403755868
0 0.4 0.503755868544601 0.06375 0.04037558685446009
0 0.455 0.49014084507042255 0.06875 0.048826291079812206
1 0.450625 0.46056338028169014 0.20125 0.09953051643192488
0 0.445625 0.39624413145539905 0.04625 0.03192488262910798
1 0.429375 0.38967136150234744 0.05375 0.061971830985915494
1 0.4525 0.3370892018779343 0.11875 0.11737089201877934
1 0.51625 0.36338028169014086 0.13 0.1539906103286385
1 0.32625 0.3910798122065728 0.3025 0.24882629107981222
0 0.205 0.43145539906103286 0.01375 0.016901408450704224
0 0.21 0.3103286384976526 0.01875 0.009389671361502348
0 0.915625 0.3572769953051643 0.02125 0.015023474178403756
0 0.511875 0.563849765258216 0.0125 0.011267605633802818
0 0.52875 0.5126760563380282 0.03125 0.024413145539906103