1 0.77125 0.4737089201877934 0.22 0.21502347417840376
0 0.1546625 0.3303192488262911 0.0825 0.06103286384976526
0 0.47135 0.44366197183098594 0.0777125 0.04976525821596244
0 0.19412500000000002 0.23742723004694838 0.08875 0.05258215962441314
0 0.3287625 0.6140845070422535 0.055025000000000004 0.03755868544600939
0 0.469375 0.4868544600938967 0.04875 0.03474178403755868
0 0.395 0.3286384976525822 0.06 0.03004694835680751
0 0.421875 0.3455399061032864 0.04375 0.03380281690140845
0 0.451875 0.636150234741784 0.04625 0.03286384976525822
0 0.596125 0.38717370892018776 0.0607875 0.04402816901408451
0 0.7021250000000001 0.4668169014084507 0.0588875 0.061276995305164325
0 0.6542375 0.49738028169014087 0.05125 0.03474178403755868
0 0.69875 0.5107981220657277 0.0525 0.03380281690140845
0 0.9211750000000001 0.5882629107981221 0.0398625 0.04037558685446009
0 0.499375 0.5150234741784038 0.04125 0.030985915492957747
0 0.750775 0.5098591549295775 0.049100000000000005 0.0719718309859155
0 0.9813249999999999 0.4868544600938967 0.021637499999999997 0.04976525821596244
0 0.9013625000000001 0.3995305164319249 0.025 0.06103286384976526
1 0.689375 0.7023474178403756 0.16875 0.07136150234741784
0 0.64875 0.3615023474178404 0.035 0.054460093896713614
1 0.4672 0.7369201877934273 0.0759 0.06471361502347418
0 0.30375 0.20046948356807512 0.0325 0.02910798122065728
0 0.2025 0.12065727699530517 0.05 0.0215962441314554
0 0.304375 0.2906103286384977 0.03375 0.0215962441314554
0 0.5425 0.3126760563380282 0.025 0.022535211267605635
0 0.34875 0.3164319248826291 0.03 0.024413145539906103
0 0.6603874999999999 0.27887323943661974 0.0232625 0.024413145539906103
0 0.79925 0.28262910798122065 0.0210125 0.018779342723004695
0 0.7139624999999999 0.24225352112676057 0.0225 0.022535211267605635
0 0.74625 0.24413145539906103 0.0125 0.011267605633802818
0 0.723125 0.307981220657277 0.00875 0.018779342723004695
0 0.8375 0.292018779342723 0.01 0.009389671361502348
0 0.81525 0.28149295774647887 0.0065249999999999996 0.007746478873239437
0 0.07125 0.4056338028169014 0.0325 0.03192488262910798
0 0.543125 0.4868544600938967 0.03625 0.03286384976525822
0 0.48625 0.3741784037558685 0.0275 0.023474178403755867
0 0.484375 0.6502347417840375 0.01625 0.01971830985915493
0 0.508125 0.6009389671361502 0.03125 0.024413145539906103
0 0.51 0.48826291079812206 0.035 0.028169014084507043
0 0.52375 0.5835680751173709 0.0325 0.02535211267605634
0 0.990625 0.563849765258216 0.01875 0.01971830985915493
0 0.974375 0.5272300469483568 0.02125 0.0215962441314554
0 0.763125 0.5103286384976525 0.02375 0.02910798122065728
0 0.76625 0.5572769953051643 0.02 0.0215962441314554
0 0.755625 0.460093896713615 0.01125 0.007511737089201878
0 0.7686875000000001 0.4932957746478873 0.00875 0.007511737089201878
0 0.71625 0.5347417840375587 0.0225 0.014084507042253521
0 0.740625 0.5403755868544601 0.03125 0.02910798122065728
0 0.485625 0.7225352112676057 0.02125 0.01596244131455399
0 0.4975 0.7446009389671362 0.02 0.013145539906103286
0 0.501875 0.6859154929577465 0.01625 0.010328638497652582
0 0.94195 0.5974366197183099 0.0267125 0.03530516431924883
0 0.950375 0.5657840375586854 0.0359 0.03193427230046948
0 0.9577 0.5675962441314554 0.0328875 0.009661971830985914
0 0.993925 0.47933333333333333 0.0078000000000000005 0.017051643192488263
0 0.9895125 0.4946291079812206 0.006999999999999999 0.01088262910798122
0 0.9108375 0.4095962441314554 0.005562500000000001 0.011051643192488263
0 0.76445 0.47389671361502345 0.010225 0.006187793427230047
0 0.6541 0.47086384976525825 0.03695 0.02227230046948357
0 0.6206499999999999 0.42752112676056336 0.11785 0.08326760563380282
0 0.6106625 0.3795117370892019 0.0520625 0.0451924882629108
0 0.6690375000000001 0.3446666666666667 0.031787499999999996 0.03743661971830985
0 0.625625 0.35276995305164316 0.067925 0.11926760563380281
0 0.7443375 0.2547699530516432 0.007975 0.00612206572769953
0 0.5047875 0.4632582159624413 0.0420875 0.030995305164319246
0 0.5999125 0.5056619718309859 0.058587499999999994 0.0356056338028169
0 0.54295 0.5142159624413145 0.062375 0.043211267605633805
1 0.5424875 0.5434460093896714 0.18863749999999999 0.08264788732394365
0 0.53715 0.6079530516431925 0.041937499999999996 0.02861032863849765
1 0.5527875 0.6158779342723004 0.044837499999999995 0.057868544600938966
1 0.5207625 0.6660657276995305 0.1011875 0.10929577464788733
1 0.4621375 0.634244131455399 0.107125 0.1455868544600939
1 0.655175 0.624093896713615 0.2669125 0.22593427230046947
0 0.782025 0.5946478873239436 0.010662499999999998 0.015812206572769952
0 0.7565875 0.7144131455399061 0.0169 0.007455399061032864
0 0.06434999999999999 0.6038403755868544 0.0186125 0.012854460093896713
0 0.49896250000000003 0.4356056338028169 0.011512500000000002 0.010591549295774647
0 0.4738 0.4850234741784037 0.027725 0.021314553990610326