1 0.501875 0.7056338028169014 0.31125 0.19061032863849764
0 0.76625 0.26291079812206575 0.09125 0.06854460093896714
0 0.578125 0.48544600938967136 0.075 0.06384976525821597
0 0.88375 0.30422535211267604 0.08 0.07230046948356808
0 0.37 0.35821596244131454 0.05625 0.046009389671361506
0 0.52125 0.4788732394366197 0.05125 0.04037558685446009
0 0.739375 0.44272300469483566 0.0475 0.048826291079812206
0 0.71375 0.46056338028169014 0.05 0.036619718309859155
0 0.32625 0.44741784037558685 0.04875 0.038497652582159626
0 0.636875 0.5854460093896714 0.06625 0.05070422535211268
0 0.519375 0.6544600938967137 0.0875 0.051643192488262914
0 0.485 0.6154929577464788 0.0525 0.04225352112676056
0 0.46125 0.6469483568075117 0.05125 0.0431924882629108
0 0.331875 0.8032863849765258 0.05875 0.03474178403755868
0 0.48 0.49765258215962443 0.04625 0.03474178403755868
0 0.45625 0.6854460093896714 0.10125 0.04507042253521127
0 0.45875 0.8605633802816901 0.06875 0.0215962441314554
0 0.58375 0.8112676056338028 0.08375 0.02629107981220657
1 0.209375 0.6164319248826291 0.115 0.13427230046948357
0 0.665 0.6276995305164319 0.07625 0.03286384976525822
1 0.190625 0.4469483568075117 0.095 0.0647887323943662
0 0.92 0.3901408450704225 0.0425 0.028169014084507043
0 0.800625 0.37981220657276993 0.0325 0.028169014084507043
0 0.7425 0.5544600938967136 0.0325 0.0215962441314554
0 0.76125 0.40938967136150234 0.03625 0.02535211267605634
0 0.7725 0.6464788732394366 0.035 0.020657276995305163
0 0.750625 0.7497652582159624 0.0275 0.01784037558685446
0 0.814375 0.6906103286384977 0.0325 0.01971830985915493
0 0.808125 0.7145539906103286 0.01625 0.010328638497652582
0 0.72625 0.6896713615023474 0.02625 0.008450704225352112
0 0.73375 0.7769953051643192 0.01375 0.008450704225352112
0 0.75 0.7615023474178404 0.01125 0.005633802816901409
0 0.676875 0.19201877934272302 0.04625 0.028169014084507043
0 0.511875 0.5338028169014084 0.0475 0.030985915492957747
0 0.668125 0.5051643192488263 0.03375 0.023474178403755867
0 0.303125 0.4699530516431925 0.0275 0.014084507042253521
0 0.365625 0.49389671361502346 0.03625 0.02629107981220657
0 0.514375 0.5089201877934272 0.04125 0.02910798122065728
0 0.386875 0.5075117370892018 0.0375 0.027230046948356807
0 0.355625 0.8582159624413146 0.02875 0.01596244131455399
0 0.40625 0.8502347417840376 0.03125 0.018779342723004695
0 0.454375 0.6948356807511737 0.04125 0.0215962441314554
0 0.391875 0.6915492957746479 0.03125 0.01784037558685446
0 0.521875 0.6953051643192488 0.01125 0.009389671361502348
0 0.475625 0.7014084507042253 0.01125 0.007511737089201878
0 0.4275 0.6568075117370892 0.02125 0.018779342723004695
0 0.4175 0.6746478873239437 0.0425 0.027230046948356807
0 0.2075 0.4619718309859155 0.02375 0.01784037558685446
0 0.176875 0.46854460093896716 0.02 0.016901408450704224
0 0.254375 0.4788732394366197 0.01625 0.013145539906103286
0 0.316875 0.8173708920187793 0.05 0.023474178403755867
0 0.358125 0.828169014084507 0.04625 0.030985915492957747
0 0.355 0.8328638497652582 0.01625 0.02535211267605634
0 0.466875 0.8704225352112676 0.02375 0.007511737089201878
0 0.446875 0.8657276995305164 0.01625 0.006572769953051643
0 0.569375 0.8173708920187793 0.015 0.004694835680751174
0 0.5025 0.7004694835680751 0.01 0.008450704225352112
0 0.519375 0.6187793427230047 0.03375 0.030985915492957747
0 0.580625 0.5985915492957746 0.125 0.09765258215962441
0 0.64625 0.5971830985915493 0.06625 0.04507042253521127
0 0.685 0.6446009389671361 0.05375 0.028169014084507043
0 0.679375 0.611737089201878 0.16625 0.0647887323943662
0 0.79375 0.712206572769953 0.01 0.006572769953051643
0 0.5475 0.507981220657277 0.04625 0.03568075117370892
0 0.480625 0.5737089201877934 0.05375 0.04788732394366197
0 0.47625 0.5305164319248826 0.065 0.051643192488262914
1 0.436875 0.5262910798122066 0.1325 0.1511737089201878
0 0.353125 0.5145539906103287 0.0425 0.03474178403755868
1 0.340625 0.5248826291079812 0.0825 0.04037558685446009
1 0.278125 0.4953051643192488 0.15625 0.0892018779342723
1 0.3275 0.45539906103286387 0.205 0.09765258215962441
1 0.3175 0.6004694835680752 0.33125 0.2272300469483568
0 0.340625 0.6985915492957746 0.0225 0.010328638497652582
0 0.185 0.6652582159624413 0.0125 0.014084507042253521
0 0.41625 0.1624413145539906 0.02 0.01596244131455399
0 0.585 0.5070422535211268 0.015 0.009389671361502348
0 0.523125 0.4821596244131455 0.0325 0.023474178403755867