1 0.5431625 0.36678537956888474 0.2561375 0.14438612933458295
0 0.715 0.5979381443298969 0.065 0.05810684161199625
0 0.335625 0.6232427366447985 0.04875 0.05810684161199625
0 0.650625 0.5552952202436738 0.05125 0.03655107778819119
0 0.77875 0.24133083411433928 0.04 0.04029990627928772
0 0.350625 0.5909090909090909 0.06875 0.053420805998125584
1 0.06475 0.30506091846298033 0.0769875 0.19400187441424555
0 0.854375 0.5656044985941893 0.05125 0.03467666354264293
0 0.720625 0.5595126522961574 0.06375 0.05810684161199625
0 0.84375 0.5182755388940956 0.0325 0.05998125585754452
0 0.70625 0.49531396438612935 0.0375 0.03467666354264293
0 0.93125 0.4240862230552952 0.03 0.06279287722586692
0 0.6 0.6466729147141518 0.045 0.033739456419868794
0 0.735625 0.26288659793814434 0.05125 0.03467666354264293
1 0.07339999999999999 0.5003186504217433 0.0416125 0.048069353327085285
1 0.129725 0.5439643861293345 0.0687 0.08538894095595126
1 0.143275 0.4954451733833177 0.12 0.13402061855670103
0 0.165 0.2736644798500469 0.025 0.020618556701030927
0 0.1125 0.2282099343955014 0.0275 0.04217432052483599
0 0.004375 0.20103092783505155 0.00875 0.02155576382380506
0 0.491875 0.1893158388003749 0.02625 0.02436738519212746
0 0.54625 0.14620431115276475 0.02 0.01499531396438613
0 0.591875 0.32567947516401125 0.02625 0.01218369259606373
0 0.47 0.1888472352389878 0.0125 0.006560449859418931
0 0.58625 0.13776944704779756 0.0125 0.007497656982193065
0 0.36 0.2563261480787254 0.0125 0.006560449859418931
0 0.8225 0.31958762886597936 0.03 0.020618556701030927
0 0.045 0.40674789128397376 0.0425 0.01499531396438613
0 0.008125 0.5370196813495782 0.01625 0.03936269915651359
0 0.17375 0.3458294283036551 0.0325 0.011246485473289597
0 0.0275 0.5267104029990628 0.025 0.01499531396438613
0 0.098125 0.4442361761949391 0.01625 0.00937207122774133
0 0.044375 0.5042174320524836 0.01875 0.02999062792877226
0 0.029375 0.5890346766635426 0.01375 0.008434864104967198
0 0.025 0.422680412371134 0.015 0.011246485473289597
0 0.174375 0.4939081537019681 0.00875 0.007497656982193065
0 0.063125 0.634020618556701 0.01625 0.010309278350515464
0 0.174375 0.3388003748828491 0.01125 0.004686035613870665
0 0.25625 0.35051546391752575 0.015 0.007497656982193065
0 0.161875 0.5 0.01125 0.01218369259606373
0 0.441875 0.5187441424554826 0.02125 0.023430178069353328
0 0.454375 0.4957825679475164 0.01375 0.026241799437675725
0 0.468125 0.5 0.01375 0.023430178069353328
0 0.66375 0.5852858481724461 0.042512499999999995 0.029053420805998126
0 0.345625 0.41658856607310213 0.00625 0.006560449859418931
0 0.5825 0.6633645735707591 0.05 0.024001874414245547
0 0.955 0.39128397375820057 0.0325 0.029053420805998126
0 0.926875 0.6424554826616682 0.03625 0.02530459231490159
0 0.958125 0.5159325210871603 0.02625 0.015932521087160263
0 0.82 0.5178069353327085 0.0225 0.02530459231490159
0 0.435625 0.6865042174320525 0.03625 0.02155576382380506
0 0.481875 0.6855670103092784 0.02625 0.015932521087160263
0 0.858125 0.7169634489222118 0.03625 0.026241799437675725
0 0.71375 0.6958762886597938 0.03 0.023430178069353328
0 0.12638749999999999 0.6710309278350516 0.010425 0.007647610121836926
0 0.0823625 0.5120899718837862 0.011812499999999998 0.010421743205248359
1 0.14932499999999999 0.6035426429240862 0.04425 0.042211808809746953
0 0.036025 0.3606185567010309 0.006725 0.011115276476101218
0 0.041124999999999995 0.34784442361761947 0.0048625000000000005 0.009896907216494846
0 0.060587499999999996 0.30016869728209933 0.00625 0.013552014995313966
0 0.38111249999999997 0.25676663542642925 0.0170625 0.0036925960637300844
0 0.37060000000000004 0.26202436738519214 0.0494625 0.008528584817244611
0 0.33704999999999996 0.28113402061855675 0.010425 0.004123711340206186
0 0.2945125 0.2758013120899719 0.011375 0.005117150890346767
0 0.28342500000000004 0.27857544517338334 0.0111875 0.004123711340206186
0 0.2862625 0.2823430178069353 0.0358125 0.007385192127460169
0 0.2980125 0.2858950328022493 0.062725 0.00880974695407685
0 0.28115 0.2911527647610122 0.040362499999999996 0.00880974695407685
0 0.326725 0.29086223055295224 0.0526875 0.009943767572633551
0 0.342075 0.2842549203373946 0.0170625 0.004123711340206186
0 0.4339125 0.39029990627928773 0.02395 0.012314901593252109
0 0.43816249999999995 0.38385192127460166 0.0189375 0.007825679475164011
0 0.4993125 0.3876194939081537 0.0094625 0.005791940018744142
1 0.5462250000000001 0.37039362699156514 0.252525 0.15280224929709466
1 0.624725 0.3744611059044049 0.10092499999999999 0.15744142455482663
0 0.7350125 0.28104029990627927 0.0305625 0.01626991565135895
0 0.33347499999999997 0.623008434864105 0.010987499999999999 0.008828491096532333
0 0.3442625 0.580506091846298 0.00745 0.005004686035613871
0 0.6546500000000001 0.20986879100281164 0.0279625 0.025164011246485474