1 0.321875 0.4700093720712277 0.1975 0.1949390815370197
0 0.626875 0.33692596063730085 0.07875 0.04967197750702906
0 0.6675 0.6208997188378632 0.07875 0.03748828491096532
0 0.57125 0.38612933458294285 0.05 0.03936269915651359
0 0.15 0.29568884723523897 0.055 0.030927835051546393
0 0.62375 0.6105904404873477 0.0725 0.05248359887535145
1 0.2475 0.8294283036551078 0.26 0.061855670103092786
0 0.58125 0.23336457357075913 0.0475 0.03936269915651359
0 0.575625 0.3336457357075914 0.07875 0.04873477038425492
0 0.518125 0.24179943767572634 0.08 0.02530459231490159
0 0.49 0.34536082474226804 0.0475 0.029053420805998126
0 0.39125 0.1780693533270853 0.08375 0.023430178069353328
0 0.69375 0.422680412371134 0.04625 0.03467666354264293
0 0.179375 0.32755388940955954 0.0475 0.03936269915651359
1 0.508125 0.8200562324273665 0.065 0.031865042174320526
1 0.565 0.7764761012183693 0.115 0.053420805998125584
1 0.5 0.767572633552015 0.18125 0.09184629803186505
0 0.20375 0.7549203373945642 0.0275 0.01874414245548266
0 0.144375 0.7952202436738519 0.05625 0.02155576382380506
0 0.11 0.8767572633552015 0.02875 0.006560449859418931
0 0.085625 0.5117150890346767 0.0325 0.019681349578256794
0 0.0275 0.47141518275538896 0.02 0.01499531396438613
0 0.265625 0.4343955014058107 0.01625 0.019681349578256794
0 0.085625 0.528116213683224 0.00875 0.00937207122774133
0 0.015625 0.44189315838800375 0.01 0.00937207122774133
0 0.1775 0.6091846298031866 0.00875 0.00937207122774133
0 0.25375 0.2614807872539831 0.0275 0.022492970946579195
0 0.38375 0.8425492033739457 0.02125 0.031865042174320526
0 0.558125 0.8683223992502344 0.0525 0.013120899718837863
0 0.3 0.7474226804123711 0.015 0.02436738519212746
0 0.54375 0.8537956888472352 0.02 0.01874414245548266
0 0.4325 0.8022492970946579 0.0125 0.01218369259606373
0 0.51375 0.8416119962511716 0.04 0.01499531396438613
0 0.626875 0.8514526710402999 0.01125 0.010309278350515464
0 0.405 0.8575445173383318 0.015 0.011246485473289597
0 0.4975 0.7441424554826617 0.01 0.006560449859418931
0 0.68625 0.8252108716026242 0.01375 0.01218369259606373
0 0.290625 0.746954076850984 0.00625 0.008434864104967198
0 0.305 0.6855670103092784 0.01 0.011246485473289597
0 0.505625 0.753514526710403 0.01625 0.008434864104967198
0 0.52625 0.5431115276476102 0.03125 0.015932521087160263
0 0.495 0.5342080599812559 0.035 0.010309278350515464
0 0.500625 0.5238987816307404 0.03125 0.010309278350515464
0 0.610625 0.37582005623242737 0.04 0.03280224929709466
0 0.39125 0.6171508903467666 0.00875 0.004686035613870665
0 0.716875 0.4353327085285848 0.03375 0.03748828491096532
0 0.346875 0.16073102155576383 0.03875 0.02530459231490159
0 0.6825 0.17760074976569823 0.035 0.02717900656044986
0 0.513125 0.15651358950328023 0.02125 0.019681349578256794
0 0.518125 0.25960637300843487 0.03375 0.016869728209934397
0 0.75 0.5449859418931584 0.03 0.02717900656044986
0 0.7475 0.5103092783505154 0.02125 0.019681349578256794
0 0.783125 0.22774133083411435 0.03625 0.02717900656044986
0 0.7575 0.3364573570759138 0.03125 0.022492970946579195
0 0.734375 0.7774133083411434 0.01 0.007497656982193065
0 0.52375 0.8125585754451734 0.01375 0.008434864104967198
1 0.644375 0.761012183692596 0.0575 0.033739456419868794
0 0.3225 0.8500468603561387 0.015 0.004686035613870665
0 0.305 0.8467666354264293 0.01375 0.0037488284910965324
0 0.24125 0.8327085285848173 0.0175 0.004686035613870665
0 0.1775 0.5932521087160263 0.005 0.013120899718837863
0 0.185 0.6012183692596064 0.0125 0.03748828491096532
0 0.21125 0.6260543580131209 0.005 0.007497656982193065
0 0.205 0.6579194001874414 0.00625 0.008434864104967198
0 0.208125 0.6663542642924086 0.005 0.008434864104967198
0 0.21375 0.6640112464854733 0.01125 0.02717900656044986
0 0.218125 0.6551077788191191 0.0125 0.046860356138706656
0 0.225 0.6677600749765699 0.0125 0.02999062792877226
0 0.224375 0.633552014995314 0.015 0.03936269915651359
0 0.215 0.6223055295220243 0.005 0.013120899718837863
0 0.355 0.5515463917525774 0.01625 0.01780693533270853
0 0.34625 0.5482661668228679 0.01 0.014058106841611996
0 0.35 0.5023430178069354 0.0075 0.007497656982193065
1 0.32625 0.4676663542642924 0.20875 0.19212746016869728
1 0.330625 0.408622305529522 0.21125 0.07872539831302718
0 0.204375 0.32755388940955954 0.02125 0.022492970946579195
0 0.666875 0.6223055295220243 0.01125 0.008434864104967198
0 0.61 0.6152764761012184 0.00625 0.005623242736644799
0 0.110625 0.38940955951265227 0.03375 0.020618556701030927