0 0.79125 0.6488262910798122 0.0475 0.03568075117370892
1 0.1714875 0.6245915492957747 0.1762625 0.14485446009389671
0 0.851875 0.5704225352112676 0.04125 0.04225352112676056
0 0.6897375 0.36975586854460096 0.04875 0.046009389671361506
1 0.3846125 0.339887323943662 0.158275 0.1708544600938967
0 0.7640125000000001 0.3089201877934272 0.0530375 0.03004694835680751
0 0.60375 0.4450704225352113 0.0525 0.03943661971830986
0 0.7099375000000001 0.6264131455399061 0.052625000000000005 0.039183098591549295
0 0.5425 0.6328638497652582 0.05 0.028169014084507043
0 0.94 0.5849765258215962 0.0425 0.03004694835680751
0 0.551875 0.44647887323943664 0.04875 0.04788732394366197
0 0.76 0.6225352112676056 0.0525 0.04131455399061033
0 0.659375 0.46431924882629105 0.05625 0.044131455399061034
0 0.463125 0.5507042253521127 0.06125 0.03286384976525822
0 0.626175 0.5348356807511737 0.078025 0.03777464788732394
0 0.6221375 0.3586666666666667 0.04375 0.03286384976525822
0 0.076125 0.7535680751173709 0.05225 0.047990610328638494
0 0.037375 0.05789671361502347 0.04 0.03286384976525822
1 0.34475 0.3255117370892019 0.0844625 0.13582159624413145
0 0.059275 0.8046478873239437 0.07856250000000001 0.04141784037558685
0 0.659 0.4946666666666667 0.068 0.0547981220657277
0 0.27 0.19014084507042253 0.0425 0.027230046948356807
0 0.176875 0.24976525821596243 0.03625 0.02629107981220657
0 0.0975 0.3259342723004695 0.0375 0.026525821596244132
0 0.331875 0.18728638497652583 0.0737375 0.01603755868544601
0 0.276875 0.21173708920187792 0.03625 0.0215962441314554
0 0.0125 0.08450704225352113 0.025 0.03755868544600939
0 0.140625 0.19577464788732393 0.03375 0.02910798122065728
0 0.59375 0.2539906103286385 0.0325 0.030985915492957747
0 0.0325 0.4187793427230047 0.0375 0.028169014084507043
0 0.089375 0.3502347417840376 0.03875 0.03004694835680751
0 0.3309375 0.6234741784037559 0.044375 0.024413145539906103
0 0.099375 0.5802816901408451 0.03625 0.02629107981220657
0 0.3256875 0.5835680751173709 0.0413875 0.027230046948356807
0 0.454375 0.6305164319248826 0.03125 0.0215962441314554
0 0.636875 0.37464788732394366 0.03625 0.02629107981220657
0 0.413125 0.5300469483568075 0.02125 0.0215962441314554
0 0.625625 0.39154929577464787 0.02875 0.020657276995305163
0 0.355625 0.6646760563380282 0.03125 0.02419718309859155
0 0.42875 0.5295774647887324 0.0125 0.009389671361502348
0 0.889375 0.476056338028169 0.03625 0.022535211267605635
0 0.779375 0.5708920187793427 0.02625 0.02629107981220657
0 0.83625 0.3460093896713615 0.025 0.01596244131455399
0 0.67625 0.5197183098591549 0.02 0.01971830985915493
0 0.82875 0.5469483568075117 0.03 0.02910798122065728
0 0.9025 0.6488262910798122 0.025 0.018779342723004695
0 0.709375 0.460093896713615 0.02875 0.020657276995305163
0 0.703125 0.4413145539906103 0.02625 0.020657276995305163
0 0.921875 0.5375586854460094 0.02375 0.014084507042253521
0 0.983125 0.615962441314554 0.03125 0.020657276995305163
0 0.921875 0.5525821596244131 0.02125 0.014084507042253521
0 0.695625 0.492018779342723 0.02625 0.016901408450704224
0 0.88125 0.49061032863849763 0.02 0.01596244131455399
0 0.92 0.6413145539906103 0.02 0.011267605633802818
0 0.876875 0.6577464788732394 0.02375 0.014084507042253521
0 0.8325 0.360093896713615 0.0125 0.010328638497652582
0 0.969825 0.43802816901408453 0.0125 0.008450704225352112
0 0.8521 0.6702910798122066 0.0275 0.023652582159624413
0 0.9915125 0.4307887323943662 0.0159 0.009521126760563381
0 0.785625 0.6032863849765259 0.01125 0.006572769953051643
0 0.611875 0.6793427230046948 0.03625 0.02535211267605634
0 0.689375 0.7305164319248826 0.03375 0.02629107981220657
0 0.768125 0.7272300469483568 0.03125 0.023474178403755867
0 0.6980625 0.6560093896713615 0.037975 0.030995305164319246
1 0.26455 0.42347417840375584 0.0408 0.031859154929577464
1 0.2010125 0.49190610328638495 0.08545 0.05871361502347418
1 0.22436250000000002 0.47387793427230046 0.1153 0.15542723004694836
1 0.19699999999999998 0.5116525821596244 0.1296125 0.11274178403755868
1 0.1967875 0.5929107981220658 0.06773749999999999 0.07988732394366196
0 0.43762500000000004 0.5338967136150234 0.013687499999999998 0.009812206572769952
0 0.014575 0.4496338028169014 0.029137499999999997 0.038873239436619716
0 0.3115125 0.18065727699530518 0.0190875 0.007624413145539906
0 0.72185 0.6030892018779342 0.0067125 0.005605633802816901