0 0.736875 0.30422535211267604 0.05375 0.04037558685446009
1 0.618125 0.7619718309859155 0.215 0.1511737089201878
0 0.641875 0.24788732394366197 0.06125 0.036619718309859155
0 0.355 0.3403755868544601 0.0675 0.04225352112676056
1 0.273125 0.563849765258216 0.2475 0.14178403755868543
0 0.285 0.27699530516431925 0.0475 0.0431924882629108
0 0.441875 0.41502347417840374 0.05875 0.044131455399061034
0 0.695625 0.3615023474178404 0.05875 0.044131455399061034
0 0.68125 0.4868544600938967 0.04375 0.04131455399061033
0 0.673125 0.18450704225352113 0.045 0.03568075117370892
0 0.436875 0.4539906103286385 0.07 0.0431924882629108
0 0.6975 0.32347417840375586 0.06125 0.04507042253521127
0 0.475 0.37652582159624415 0.06625 0.04788732394366197
0 0.561875 0.5342723004694836 0.05125 0.04976525821596244
0 0.563125 0.4107981220657277 0.06 0.06291079812206572
0 0.330625 0.38967136150234744 0.05 0.03755868544600939
0 0.775 0.8507042253521127 0.07 0.046009389671361506
1 0.248125 0.5910798122065728 0.19125 0.08262910798122065
0 0.840625 0.8699530516431925 0.065 0.0647887323943662
0 0.515 0.3812206572769953 0.08125 0.05821596244131456
0 0.059375 0.6281690140845071 0.04125 0.03568075117370892
0 0.125 0.7056338028169014 0.04 0.030985915492957747
0 0.214375 0.7751173708920188 0.04 0.03192488262910798
0 0.064375 0.5816901408450704 0.03125 0.05727699530516432
0 0.08875 0.6258215962441315 0.03375 0.03004694835680751
0 0.04875 0.7248826291079812 0.0425 0.02910798122065728
0 0.18875 0.39624413145539905 0.045 0.028169014084507043
0 0.328125 0.8366197183098592 0.0425 0.03192488262910798
0 0.245625 0.7845070422535211 0.045 0.03286384976525822
0 0.639375 0.6431924882629108 0.03875 0.036619718309859155
0 0.55 0.8093896713615023 0.04 0.030985915492957747
0 0.585625 0.6413145539906103 0.04125 0.03474178403755868
0 0.665625 0.5521126760563381 0.0325 0.02629107981220657
0 0.35375 0.3807511737089202 0.04 0.030985915492957747
0 0.5275 0.5690140845070423 0.03125 0.018779342723004695
0 0.374375 0.39154929577464787 0.03125 0.024413145539906103
0 0.696875 0.6305164319248826 0.03625 0.02629107981220657
0 0.529375 0.5572769953051643 0.01375 0.010328638497652582
0 0.5225 0.20704225352112676 0.035 0.03004694835680751
0 0.6325 0.3018779342723005 0.03875 0.023474178403755867
0 0.34375 0.22863849765258215 0.025 0.020657276995305163
0 0.550625 0.37183098591549296 0.02875 0.01784037558685446
0 0.6075 0.2619718309859155 0.0425 0.02629107981220657
0 0.7525 0.2211267605633803 0.02875 0.0215962441314554
0 0.47625 0.33849765258215964 0.03125 0.024413145539906103
0 0.450625 0.3408450704225352 0.03125 0.022535211267605635
0 0.608125 0.19154929577464788 0.02125 0.01971830985915493
0 0.72 0.1568075117370892 0.03125 0.02629107981220657
0 0.628125 0.19342723004694837 0.02125 0.01784037558685446
0 0.516875 0.35352112676056335 0.02625 0.0215962441314554
0 0.540625 0.21502347417840376 0.02375 0.016901408450704224
0 0.745 0.20704225352112676 0.0175 0.016901408450704224
0 0.760625 0.24178403755868544 0.02125 0.01971830985915493
0 0.361875 0.23333333333333334 0.015 0.010328638497652582
0 0.48375 0.14178403755868543 0.0125 0.010328638497652582
0 0.77375 0.2619718309859155 0.035 0.023474178403755867
0 0.4775 0.12488262910798122 0.015 0.013145539906103286
0 0.675625 0.3018779342723005 0.01 0.009389671361502348
0 0.751875 0.44178403755868545 0.03875 0.03004694835680751
0 0.83 0.3910798122065728 0.03875 0.02910798122065728
0 0.836875 0.3323943661971831 0.035 0.02629107981220657
0 0.733125 0.3741784037558685 0.04625 0.03192488262910798
1 0.36625 0.6647887323943662 0.0475 0.03474178403755868
1 0.448125 0.7211267605633803 0.09 0.07136150234741784
1 0.426875 0.7014084507042253 0.22125 0.10704225352112676
1 0.473125 0.7272300469483568 0.16625 0.11267605633802817
1 0.580625 0.7384976525821596 0.115 0.06103286384976526
0 0.535625 0.5511737089201878 0.01375 0.011267605633802818
0 0.36625 0.8544600938967136 0.055 0.02629107981220657
0 0.053125 0.5957746478873239 0.0125 0.015023474178403756
0 0.666875 0.3492957746478873 0.00875 0.005633802816901409