0 0.534375 0.8815049226441631 0.10625 0.0639943741209564
1 0.690625 0.4338959212376934 0.10125 0.07313642756680731
0 0.224375 0.9567510548523207 0.06625 0.04922644163150492
0 0.715625 0.3340365682137834 0.055 0.03164556962025317
0 0.6725 0.9317862165963432 0.05125 0.03727144866385373
0 0.270625 0.9567510548523207 0.07 0.04922644163150492
0 0.753125 0.8867791842475387 0.05125 0.03656821378340366
1 0.454375 0.6417018284106891 0.0925 0.09353023909985936
0 0.1325 0.8568917018284107 0.065 0.05063291139240506
0 0.220625 0.8618143459915611 0.0725 0.04852320675105485
1 0.5225 0.5126582278481012 0.1175 0.07876230661040788
1 0.649375 0.5232067510548524 0.10625 0.07454289732770746
0 0.765 0.6715893108298172 0.05375 0.02812939521800281
0 0.705625 0.820675105485232 0.03875 0.02109704641350211
0 0.508125 0.989451476793249 0.03875 0.02109704641350211
0 0.629375 0.7313642756680732 0.02125 0.017580872011251757
0 0.109375 0.9458509142053446 0.03375 0.02250351617440225
0 0.361875 0.9964838255977496 0.03875 0.007032348804500703
0 0.24 0.870253164556962 0.03125 0.02390998593530239
0 0.701875 0.36357243319268634 0.0525 0.029535864978902954
0 0.6025 0.5886075949367089 0.02375 0.016877637130801686
0 0.69125 0.22679324894514769 0.035 0.028832630098452883
0 0.6425 0.2478902953586498 0.03 0.017580872011251757
0 0.014375 0.48523206751054854 0.02875 0.18565400843881857
0 0.778125 0.6884669479606188 0.01 0.014064697609001406
0 0.7575 0.5784106891701828 0.01 0.015471167369901548
0 0.775625 0.7703938115330521 0.055 0.035864978902953586
0 0.53 0.8976793248945147 0.05625 0.027426160337552744
0 0.169375 0.8670886075949367 0.08625 0.07243319268635724
1 0.44375 0.6441631504922645 0.17375 0.23417721518987342