1 0.40375 0.28444236176194937 0.175 0.13120899718837864
0 0.278125 0.555763823805061 0.0775 0.059044048734770385
0 0.355625 0.6771321462043112 0.075 0.06279287722586692
0 0.4575 0.7553889409559512 0.0825 0.05060918462980318
0 0.173125 0.6307403936269915 0.07125 0.08528584817244611
0 0.596875 0.5576382380506092 0.08 0.04592314901593252
0 0.71125 0.5023430178069354 0.06375 0.06466729147141519
0 0.2225 0.5740393626991566 0.06375 0.05154639175257732
0 0.195 0.23336457357075913 0.05875 0.046860356138706656
0 0.710625 0.7282099343955014 0.07125 0.06091846298031865
0 0.52875 0.33552014995313967 0.05125 0.033739456419868794
0 0.235625 0.4231490159325211 0.105 0.12652296157450796
0 0.64125 0.3795688847235239 0.05875 0.053420805998125584
1 0.1075 0.44048734770384257 0.05375 0.03748828491096532
0 0.545 0.5820056232427366 0.08625 0.04498594189315839
1 0.735625 0.23758200562324275 0.1025 0.07403936269915651
0 0.394375 0.577788191190253 0.0625 0.04029990627928772
0 0.213125 0.3219306466729147 0.13625 0.046860356138706656
1 0.30125 0.3514526710402999 0.17625 0.1218369259606373
0 0.4525 0.5449859418931584 0.06375 0.028116213683223992
0 0.82 0.7338331771321462 0.05 0.03655107778819119
0 0.578125 0.3013120899718838 0.14125 0.053420805998125584
0 0.493125 0.13402061855670103 0.035 0.022492970946579195
0 0.633125 0.28772258669165884 0.03875 0.02999062792877226
0 0.488125 0.22492970946579194 0.0375 0.029053420805998126
0 0.605 0.2867853795688847 0.02125 0.015932521087160263
0 0.298125 0.24273664479850046 0.0175 0.014058106841611996
0 0.4625 0.12839737582005623 0.03625 0.00937207122774133
0 0.446875 0.2225866916588566 0.01875 0.01499531396438613
0 0.54625 0.45313964386129335 0.03625 0.02436738519212746
0 0.448125 0.4592314901593252 0.03 0.023430178069353328
0 0.453125 0.48500468603561386 0.045 0.028116213683223992
0 0.635625 0.4400187441424555 0.03625 0.026241799437675725
0 0.279375 0.45220243673851923 0.03875 0.029053420805998126
0 0.561875 0.6021555763823805 0.06375 0.023430178069353328
0 0.615 0.6724461105904405 0.03625 0.02530459231490159
0 0.738125 0.6663542642924086 0.04 0.02530459231490159
0 0.55125 0.6302717900656045 0.06125 0.02155576382380506
0 0.475 0.8500468603561387 0.02375 0.016869728209934397
0 0.41 0.6396438612933458 0.02875 0.020618556701030927
0 0.04 0.37488284910965325 0.03625 0.033739456419868794
0 0.07875 0.20290534208059982 0.035 0.03280224929709466
0 0.091875 0.28350515463917525 0.03375 0.030927835051546393
0 0.038125 0.18041237113402062 0.03375 0.023430178069353328
0 0.094375 0.5407685098406748 0.03375 0.02530459231490159
0 0.23625 0.8786316776007498 0.0325 0.026241799437675725
0 0.2675 0.7525773195876289 0.04 0.031865042174320526
0 0.295 0.7713214620431116 0.03875 0.028116213683223992
0 0.12875 0.7089971883786317 0.0325 0.026241799437675725
0 0.143125 0.8364573570759137 0.02625 0.022492970946579195
0 0.293125 0.8917525773195877 0.07625 0.022492970946579195
0 0.090625 0.915651358950328 0.015 0.011246485473289597
0 0.275625 0.8144329896907216 0.0225 0.01499531396438613
0 0.17375 0.9095595126522962 0.01375 0.005623242736644799
0 0.76375 0.35238987816307404 0.02375 0.013120899718837863
0 0.73125 0.225398313027179 0.0175 0.00937207122774133
0 0.420625 0.2717900656044986 0.0175 0.01499531396438613
0 0.6025 0.5801312089971884 0.04375 0.01780693533270853