0 0.47 0.19540768509840675 0.125 0.09278350515463918
0 0.715625 0.3125585754451734 0.10875 0.07685098406747891
0 0.08 0.4217432052483599 0.055 0.041237113402061855
0 0.87 0.1944704779756326 0.0525 0.04311152764761012
0 0.94 0.31724461105904406 0.04625 0.04217432052483599
0 0.86 0.5009372071227741 0.04875 0.03467666354264293
0 0.644375 0.29896907216494845 0.10875 0.05529522024367385
0 0.895625 0.5079662605435802 0.0525 0.038425492033739454
0 0.623125 0.3767572633552015 0.0525 0.04311152764761012
0 0.395 0.46954076850984067 0.0525 0.038425492033739454
0 0.935625 0.5646672914714151 0.03 0.020618556701030927
0 0.9625 0.5229615745079662 0.0375 0.030927835051546393
0 0.70125 0.6190253045923149 0.04375 0.02717900656044986
0 0.909375 0.43158388003748827 0.04375 0.03280224929709466
0 0.94125 0.6377694470477976 0.035 0.02717900656044986
0 0.736875 0.704311152764761 0.02625 0.01499531396438613
0 0.936875 0.717900656044986 0.025 0.01780693533270853
0 0.699375 0.8013120899718837 0.02125 0.014058106841611996
0 0.714375 0.6986879100281163 0.02375 0.013120899718837863
0 0.355 0.2830365510777882 0.04 0.03280224929709466
0 0.33625 0.5346766635426429 0.0375 0.031865042174320526
0 0.673125 0.5468603561387066 0.04625 0.028116213683223992
0 0.575 0.555763823805061 0.045 0.02999062792877226
0 0.31625 0.514058106841612 0.0325 0.02155576382380506
0 0.555625 0.3889409559512652 0.02875 0.02155576382380506
0 0.4175 0.5501405810684161 0.02125 0.016869728209934397
0 0.496875 0.5510777881911902 0.01875 0.01499531396438613
0 0.335 0.5023430178069354 0.02375 0.01499531396438613
0 0.608125 0.5852858481724461 0.0225 0.014058106841611996
0 0.255 0.7296157450796626 0.03125 0.022492970946579195
0 0.493125 0.7619493908153702 0.02875 0.02155576382380506
0 0.390625 0.7567947516401125 0.02375 0.019681349578256794
0 0.4025 0.7104029990627929 0.02125 0.01499531396438613
0 0.559375 0.7474226804123711 0.01625 0.014058106841611996
0 0.405 0.7910028116213683 0.02 0.015932521087160263
0 0.13125 0.2436738519212746 0.03375 0.029053420805998126
0 0.22 0.25960637300843487 0.035 0.02999062792877226
0 0.294375 0.36879100281162136 0.03375 0.02717900656044986
0 0.215625 0.5112464854732895 0.0275 0.02436738519212746
0 0.084375 0.6780693533270853 0.03375 0.02436738519212746
0 0.25 0.7455482661668229 0.025 0.01499531396438613
0 0.615625 0.3289597000937207 0.11125 0.07497656982193064
0 0.498125 0.22774133083411435 0.02125 0.01499531396438613
0 0.304375 0.5318650421743205 0.02125 0.013120899718837863
0 0.34125 0.5079662605435802 0.02625 0.016869728209934397