0 0.8925 0.4198687910028116 0.11125 0.08528584817244611
0 0.78625 0.6227741330834115 0.0925 0.07403936269915651
0 0.960625 0.8842549203373946 0.07875 0.06279287722586692
0 0.5225 0.17572633552014996 0.04875 0.03748828491096532
0 0.970625 0.7141518275538894 0.0525 0.03467666354264293
0 0.823125 0.788659793814433 0.0525 0.02999062792877226
0 0.5675 0.7652296157450796 0.04125 0.03280224929709466
0 0.790625 0.5679475164011246 0.0625 0.07778819119025304
0 0.565 0.7928772258669166 0.04625 0.03561387066541706
0 0.685 0.5670103092783505 0.0525 0.03467666354264293
0 0.52 0.41705716963448924 0.04625 0.03561387066541706
0 0.49875 0.8331771321462043 0.025 0.020618556701030927
0 0.558125 0.8448922211808809 0.0375 0.02530459231490159
0 0.383125 0.6710402999062793 0.03125 0.030927835051546393
0 0.668125 0.788191190253046 0.04 0.02999062792877226
0 0.40375 0.8509840674789129 0.03375 0.023430178069353328
0 0.67 0.9058106841611996 0.04125 0.029053420805998126
0 0.278125 0.7132146204311153 0.0175 0.01780693533270853
0 0.298125 0.8631677600749765 0.02125 0.01780693533270853
0 0.14375 0.704311152764761 0.0175 0.014058106841611996
0 0.280625 0.6954076850984068 0.015 0.016869728209934397
0 0.75625 0.3514526710402999 0.04 0.026241799437675725
0 0.423125 0.38612933458294285 0.03875 0.02530459231490159
0 0.471875 0.6363636363636364 0.0325 0.03280224929709466
0 0.44125 0.5656044985941893 0.035 0.030927835051546393
0 0.44625 0.3673851921274602 0.02625 0.022492970946579195
0 0.65625 0.5196813495782568 0.02625 0.019681349578256794
0 0.41875 0.4484536082474227 0.02125 0.01499531396438613
0 0.4325 0.5074976569821931 0.0175 0.01218369259606373
0 0.465625 0.37910028116213684 0.01875 0.015932521087160263
0 0.40875 0.5955951265229615 0.0175 0.01499531396438613
0 0.1525 0.3631677600749766 0.0275 0.02155576382380506
0 0.155625 0.5449859418931584 0.02625 0.019681349578256794
0 0.1425 0.46860356138706655 0.025 0.015932521087160263
0 0.205625 0.4681349578256795 0.01875 0.014058106841611996
0 0.186875 0.5909090909090909 0.01625 0.010309278350515464
0 0.10125 0.4854732895970009 0.01875 0.014058106841611996
0 0.765 0.17994376757263356 0.03625 0.022492970946579195
0 0.76125 0.2478912839737582 0.0375 0.023430178069353328
0 0.6325 0.3233364573570759 0.03375 0.022492970946579195
0 0.430625 0.2928772258669166 0.03 0.01874414245548266
0 0.1875 0.2282099343955014 0.03 0.023430178069353328
0 0.130625 0.3626991565135895 0.0175 0.016869728209934397
0 0.745625 0.5524835988753515 0.08875 0.07591377694470477
0 0.99375 0.8603561387066542 0.0125 0.031865042174320526
0 0.855625 0.4465791940018744 0.01875 0.014058106841611996
0 0.42125 0.36176194939081535 0.01625 0.014058106841611996
0 0.459375 0.3847235238987816 0.01875 0.01780693533270853