0 0.753125 0.21743205248359887 0.145 0.08903467666354264
0 0.645625 0.18041237113402062 0.11625 0.10590440487347703
0 0.329375 0.6035613870665417 0.085 0.05998125585754452
1 0.874375 0.3542642924086223 0.235 0.1134020618556701
0 0.93625 0.563261480787254 0.055 0.04029990627928772
0 0.3425 0.7361761949390815 0.04375 0.033739456419868794
0 0.130625 0.8181818181818182 0.17875 0.11433926897844424
0 0.25375 0.7052483598875351 0.0825 0.05435801312089972
0 0.25625 0.6415182755388941 0.08375 0.06654170571696345
0 0.99125 0.7525773195876289 0.0175 0.06373008434864105
0 0.51625 0.36785379568884724 0.09625 0.10684161199625117
0 0.5425 0.44283036551077787 0.10375 0.14901593252108716
0 0.394375 0.31115276476101217 0.0925 0.10965323336457357
0 0.488125 0.42736644798500467 0.095 0.10684161199625117
0 0.3675 0.19072164948453607 0.03875 0.02436738519212746
0 0.4675 0.3584817244611059 0.1025 0.14995313964386128
1 0.11125 0.38003748828491096 0.2225 0.3270852858481724
0 0.276875 0.1569821930646673 0.0225 0.015932521087160263
0 0.2925 0.16307403936269915 0.015 0.013120899718837863
0 0.559375 0.23477038425492033 0.04875 0.022492970946579195
0 0.54125 0.0951265229615745 0.08125 0.01874414245548266
0 0.943125 0.29568884723523897 0.045 0.026241799437675725
0 0.961875 0.211340206185567 0.025 0.023430178069353328
0 0.5375 0.654639175257732 0.0625 0.019681349578256794
0 0.3925 0.38753514526710403 0.03875 0.026241799437675725
0 0.45375 0.42783505154639173 0.02875 0.029053420805998126
0 0.42125 0.6246485473289597 0.05625 0.015932521087160263
0 0.389375 0.5323336457357076 0.02 0.014058106841611996
0 0.4875 0.5107778819119025 0.02875 0.016869728209934397
0 0.443125 0.4939081537019681 0.03125 0.02155576382380506
0 0.459375 0.6307403936269915 0.03375 0.014058106841611996
0 0.615 0.6260543580131209 0.02875 0.029053420805998126
0 0.733125 0.5454545454545454 0.0175 0.014058106841611996
0 0.919375 0.6115276476101218 0.03125 0.05248359887535145
0 0.640625 0.866447985004686 0.06875 0.02155576382380506
0 0.506875 0.7858481724461106 0.05125 0.02155576382380506
0 0.480625 0.7717900656044986 0.035 0.01218369259606373
0 0.39125 0.8303655107778819 0.0275 0.02155576382380506
0 0.59 0.8369259606373008 0.03375 0.013120899718837863
0 0.579375 0.6940018744142455 0.03375 0.010309278350515464
0 0.434375 0.6804123711340206 0.03625 0.013120899718837863
0 0.9925 0.6907216494845361 0.015 0.01499531396438613
0 0.21 0.39971883786316775 0.02 0.020618556701030927
0 0.076875 0.4690721649484536 0.03375 0.020618556701030927
0 0.931875 0.3725398313027179 0.04625 0.020618556701030927
0 0.375 0.267572633552015 0.04 0.01874414245548266
0 0.473125 0.2849109653233365 0.03125 0.015932521087160263
0 0.525 0.3233364573570759 0.03 0.015932521087160263
0 0.546875 0.5074976569821931 0.0325 0.016869728209934397
0 0.049375 0.895032802249297 0.03 0.028116213683223992
0 0.925625 0.6452671040299907 0.045 0.028116213683223992
0 0.64625 0.6059044048734771 0.05125 0.026241799437675725