0 0.74625 0.21415182755388942 0.14625 0.09090909090909091
0 0.638125 0.17853795688847235 0.11875 0.10684161199625117
0 0.331875 0.60543580131209 0.08625 0.06091846298031865
1 0.870625 0.34957825679475163 0.2375 0.1162136832239925
0 0.9375 0.5571696344892221 0.055 0.04029990627928772
0 0.3475 0.7380506091846298 0.045 0.03467666354264293
0 0.138125 0.8228678537956888 0.18 0.1162136832239925
0 0.258125 0.7080599812558576 0.0825 0.05529522024367385
0 0.259375 0.6447985004686035 0.085 0.06747891283973759
0 0.99375 0.7460168697282099 0.0125 0.06373008434864105
0 0.51375 0.36785379568884724 0.09875 0.1077788191190253
0 0.54125 0.4423617619493908 0.10625 0.14995313964386128
0 0.39 0.3125585754451734 0.095 0.1105904404873477
0 0.48625 0.42736644798500467 0.09625 0.10871602624179943
0 0.360625 0.19259606373008434 0.03875 0.02436738519212746
0 0.464375 0.358950328022493 0.105 0.15089034676663543
1 0.11125 0.38612933458294285 0.2225 0.32989690721649484
0 0.26875 0.15979381443298968 0.0225 0.015932521087160263
0 0.285 0.16588566073102157 0.015 0.013120899718837863
0 0.553125 0.2338331771321462 0.05 0.022492970946579195
0 0.531875 0.09465791940018745 0.08125 0.020618556701030927
0 0.93875 0.2900656044985942 0.045 0.02717900656044986
0 0.955 0.20524835988753515 0.025 0.023430178069353328
0 0.54125 0.6541705716963448 0.0625 0.020618556701030927
0 0.39 0.3889409559512652 0.03875 0.026241799437675725
0 0.451875 0.42830365510777885 0.03 0.02999062792877226
0 0.424375 0.6260543580131209 0.05625 0.016869728209934397
0 0.390625 0.5342080599812559 0.02 0.014058106841611996
0 0.4875 0.5112464854732895 0.02875 0.01780693533270853
0 0.443125 0.4948453608247423 0.0325 0.02155576382380506
0 0.4625 0.6312089971883786 0.03375 0.014058106841611996
0 0.618125 0.6246485473289597 0.03 0.02999062792877226
0 0.73375 0.542642924086223 0.0175 0.014058106841611996
0 0.921875 0.6059044048734771 0.0325 0.053420805998125584
0 0.649375 0.8645735707591378 0.06875 0.022492970946579195
0 0.513125 0.7853795688847235 0.0525 0.02155576382380506
0 0.486875 0.7717900656044986 0.035 0.01218369259606373
0 0.39875 0.8317713214620431 0.02875 0.022492970946579195
0 0.598125 0.8355201499531396 0.03375 0.013120899718837863
0 0.58375 0.6930646672914714 0.03375 0.010309278350515464
0 0.438125 0.6813495782567948 0.03625 0.013120899718837863
0 0.995 0.6841611996251171 0.01 0.01499531396438613
0 0.2075 0.4034676663542643 0.02125 0.020618556701030927
0 0.07625 0.4746954076850984 0.035 0.020618556701030927
0 0.92875 0.3669165885660731 0.0475 0.02155576382380506
0 0.369375 0.2689784442361762 0.04 0.019681349578256794
0 0.468125 0.28537956888472354 0.03125 0.015932521087160263
0 0.520625 0.3233364573570759 0.03 0.015932521087160263
0 0.5475 0.506560449859419 0.0325 0.016869728209934397
0 0.05875 0.901124648547329 0.03 0.029053420805998126
0 0.929375 0.6396438612933458 0.045 0.029053420805998126
0 0.64875 0.6040299906279287 0.05125 0.026241799437675725