0 0.6625 0.2347417840375587 0.09 0.04225352112676056
0 0.633125 0.41220657276995304 0.08625 0.054460093896713614
1 0.385 0.3173708920187793 0.215 0.05821596244131456
0 0.479375 0.5098591549295775 0.04625 0.03474178403755868
0 0.988125 0.36338028169014086 0.02375 0.03192488262910798
0 0.46 0.8173708920187793 0.0525 0.03380281690140845
0 0.669375 0.447887323943662 0.03625 0.0676056338028169
0 0.341875 0.1272300469483568 0.0725 0.03380281690140845
1 0.706875 0.284037558685446 0.315 0.13896713615023473
1 0.499375 0.2784037558685446 0.30625 0.10516431924882629
0 0.80375 0.19389671361502347 0.11375 0.03943661971830986
0 0.434375 0.8469483568075117 0.0575 0.04225352112676056
0 0.08875 0.4807511737089202 0.04375 0.03943661971830986
0 0.58375 0.20751173708920187 0.075 0.03192488262910798
0 0.854375 0.5460093896713615 0.06125 0.03943661971830986
0 0.351875 0.8136150234741784 0.0525 0.05539906103286385
0 0.3475 0.7061032863849765 0.04375 0.04131455399061033
0 0.77375 0.5211267605633803 0.09875 0.03380281690140845
1 0.803125 0.2892018779342723 0.225 0.08544600938967137
0 0.759375 0.2676056338028169 0.04875 0.020657276995305163
0 0.926875 0.3056338028169014 0.04875 0.02535211267605634
0 0.8675 0.39342723004694835 0.05 0.03192488262910798
0 0.818125 0.33286384976525824 0.0475 0.03192488262910798
0 0.945625 0.5150234741784038 0.045 0.027230046948356807
0 0.894375 0.5732394366197183 0.03875 0.020657276995305163
0 0.7475 0.604225352112676 0.03375 0.023474178403755867
0 0.841875 0.5225352112676056 0.01875 0.010328638497652582
0 0.80375 0.5460093896713615 0.02875 0.01596244131455399
0 0.760625 0.6605633802816901 0.0325 0.02629107981220657
0 0.763125 0.6953051643192488 0.02625 0.04037558685446009
0 0.7375 0.6605633802816901 0.02625 0.022535211267605635
0 0.571875 0.25023474178403754 0.04875 0.027230046948356807
0 0.38375 0.24694835680751173 0.03875 0.023474178403755867
0 0.488125 0.23427230046948358 0.0175 0.012206572769953052
0 0.6925 0.3474178403755869 0.0175 0.011267605633802818
0 0.569375 0.3657276995305164 0.02 0.016901408450704224
0 0.439375 0.12253521126760564 0.02875 0.009389671361502348
0 0.334375 0.536150234741784 0.03 0.022535211267605635
0 0.606875 0.5699530516431925 0.03 0.022535211267605635
0 0.51 0.5286384976525822 0.03 0.01971830985915493
0 0.368125 0.44553990610328637 0.02625 0.01971830985915493
0 0.579375 0.564319248826291 0.03125 0.0215962441314554
0 0.691875 0.6107981220657277 0.03125 0.022535211267605635
0 0.310625 0.40938967136150234 0.045 0.023474178403755867
0 0.67875 0.8427230046948356 0.0375 0.020657276995305163
0 0.320625 0.6267605633802817 0.03375 0.028169014084507043
0 0.27625 0.6244131455399061 0.02625 0.02910798122065728
0 0.5625 0.8436619718309859 0.04375 0.03380281690140845
0 0.37625 0.6807511737089202 0.025 0.01596244131455399
0 0.36625 0.8488262910798122 0.025 0.01784037558685446
0 0.540625 0.852112676056338 0.03375 0.023474178403755867
0 0.543125 0.8732394366197183 0.055 0.015023474178403756
0 0.2025 0.284037558685446 0.015 0.009389671361502348
0 0.253125 0.3089201877934272 0.01625 0.013145539906103286
0 0.223125 0.2953051643192488 0.01375 0.010328638497652582
0 0.289375 0.24694835680751173 0.01 0.006572769953051643
0 0.17 0.2647887323943662 0.0175 0.009389671361502348
0 0.145625 0.49765258215962443 0.055 0.024413145539906103
0 0.26 0.44647887323943664 0.03 0.05352112676056338
0 0.10875 0.823943661971831 0.0375 0.028169014084507043
0 0.179375 0.7779342723004695 0.0325 0.028169014084507043
0 0.224375 0.6253521126760564 0.03125 0.020657276995305163
0 0.254375 0.6882629107981221 0.0275 0.024413145539906103
0 0.2375 0.7431924882629108 0.02625 0.03004694835680751
0 0.214375 0.8413145539906103 0.07125 0.038497652582159626
0 0.2375 0.8455399061032863 0.04 0.03004694835680751
0 0.395625 0.8417840375586855 0.07 0.05258215962441314
0 0.4 0.8633802816901408 0.02375 0.01596244131455399
0 0.461875 0.784037558685446 0.0625 0.036619718309859155
0 0.52 0.8389671361502348 0.0275 0.020657276995305163
0 0.54 0.8248826291079813 0.0125 0.007511737089201878
1 0.591875 0.6995305164319249 0.2075 0.12769953051643193
1 0.61125 0.6751173708920187 0.15875 0.07323943661971831
1 0.3125 0.57981220657277 0.09125 0.051643192488262914
1 0.2825 0.5563380281690141 0.17125 0.0835680751173709
0 0.3125 0.5943661971830986 0.0175 0.012206572769953052
0 0.376875 0.6896713615023474 0.015 0.009389671361502348
0 0.36875 0.6938967136150235 0.01375 0.009389671361502348
1 0.408125 0.5779342723004695 0.13 0.05821596244131456
1 0.424375 0.5938967136150235 0.0775 0.048826291079812206
1 0.50125 0.6244131455399061 0.035 0.01971830985915493
1 0.446875 0.5985915492957746 0.17625 0.06103286384976526
0 0.82625 0.5253521126760563 0.01625 0.009389671361502348
0 0.700625 0.5122065727699531 0.055 0.03192488262910798
0 0.673125 0.49765258215962443 0.05 0.02910798122065728
0 0.748125 0.5018779342723004 0.02 0.013145539906103286
0 0.749375 0.4943661971830986 0.0175 0.010328638497652582
0 0.490625 0.4107981220657277 0.21 0.048826291079812206
0 0.410625 0.4089201877934272 0.13625 0.03568075117370892
0 0.656875 0.23427230046948358 0.0125 0.007511737089201878