0 0.1338 0.4013896713615024 0.04875 0.0647887323943662
0 0.371875 0.407981220657277 0.06625 0.06103286384976526
1 0.2675 0.6018779342723005 0.06 0.15774647887323945
0 0.515 0.5145539906103287 0.0425 0.03192488262910798
0 0.2769375 0.1352112676056338 0.03875 0.03568075117370892
0 0.9245749999999999 0.5023004694835681 0.041075 0.036488262910798125
0 0.416475 0.377793427230047 0.0875 0.0215962441314554
0 0.019375 0.6507042253521127 0.03875 0.05258215962441314
1 0.19533750000000003 0.36371830985915493 0.15885 0.22707042253521129
1 0.20596250000000002 0.5194835680751174 0.11442500000000001 0.22300469483568075
0 0.0675 0.2995305164319249 0.0425 0.08262910798122065
0 0.369375 0.10892018779342723 0.03875 0.03380281690140845
0 0.965625 0.5187793427230047 0.05125 0.04037558685446009
0 0.510625 0.8093896713615023 0.04875 0.03004694835680751
0 0.10505 0.4629107981220657 0.03625 0.054460093896713614
0 0.53 0.23098591549295774 0.0475 0.0431924882629108
0 0.9287375 0.5834366197183098 0.069975 0.034854460093896714
0 0.786875 0.596244131455399 0.05125 0.03004694835680751
0 0.504375 0.2934272300469484 0.03625 0.07230046948356808
1 0.19390000000000002 0.2913521126760564 0.0951375 0.16309859154929576
0 0.1696125 0.32609389671361505 0.023275 0.03435680751173709
0 0.205 0.19765258215962442 0.03 0.03474178403755868
0 0.27 0.08732394366197183 0.03 0.028169014084507043
0 0.327125 0.23427230046948358 0.0392625 0.03474178403755868
0 0.250625 0.2765258215962441 0.03875 0.03286384976525822
0 0.203125 0.1272300469483568 0.01125 0.012206572769953052
0 0.48125 0.1652582159624413 0.0325 0.03192488262910798
0 0.5625 0.19859154929577466 0.025 0.027230046948356807
0 0.616875 0.3056338028169014 0.02875 0.023474178403755867
0 0.5 0.24225352112676057 0.0125 0.013145539906103286
0 0.534375 0.26854460093896715 0.01875 0.020657276995305163
0 0.69 0.29107981220657275 0.0325 0.022535211267605635
0 0.73625 0.2859154929577465 0.0525 0.01596244131455399
0 0.6925 0.3084507042253521 0.0275 0.01784037558685446
0 0.1625 0.468075117370892 0.0325 0.03474178403755868
0 0.174375 0.6089201877934273 0.02875 0.027230046948356807
0 0.14875 0.531924882629108 0.015 0.012206572769953052
0 0.280625 0.3694835680751174 0.01375 0.012206572769953052
0 0.315625 0.4596244131455399 0.02125 0.014084507042253521
0 0.005 0.5784037558685446 0.01 0.020657276995305163
0 0.5625 0.6206572769953052 0.0275 0.020657276995305163
0 0.58375 0.4140845070422535 0.0275 0.020657276995305163
0 0.536875 0.49014084507042255 0.02375 0.020657276995305163
0 0.439375 0.6032863849765259 0.02375 0.01784037558685446
0 0.578125 0.4352112676056338 0.02625 0.0215962441314554
0 0.63 0.34694835680751174 0.0275 0.0215962441314554
0 0.39625 0.6497652582159624 0.0275 0.03192488262910798
0 0.938725 0.33623474178403756 0.0249625 0.026131455399061032
0 0.68375 0.6230046948356808 0.035 0.023474178403755867
0 0.684375 0.6568075117370892 0.03625 0.01784037558685446
0 0.950625 0.42347417840375584 0.04125 0.03004694835680751
0 0.750625 0.5769953051643193 0.01875 0.01784037558685446
0 0.974375 0.5694835680751174 0.02125 0.01784037558685446
0 0.963125 0.43896713615023475 0.02875 0.023474178403755867
0 0.99125 0.4352112676056338 0.015 0.04037558685446009
0 0.239375 0.7413145539906103 0.01125 0.010328638497652582
0 0.268125 0.7014084507042253 0.01625 0.011267605633802818
0 0.2525 0.7248826291079812 0.0125 0.009389671361502348
0 0.1825 0.67981220657277 0.0075 0.007511737089201878
0 0.216875 0.7676056338028169 0.01125 0.012206572769953052
0 0.5275 0.7652582159624414 0.0275 0.03943661971830986
0 0.45 0.684037558685446 0.07 0.01784037558685446
0 0.96375 0.7643192488262911 0.035 0.02629107981220657
0 0.89625 0.7154929577464789 0.035 0.022535211267605635
0 0.69 0.6953051643192488 0.025 0.0215962441314554
0 0.77125 0.6676244131455399 0.03 0.018732394366197183
0 0.845625 0.6751173708920187 0.03875 0.016901408450704224
0 0.97725 0.6839154929577465 0.0455125 0.050976525821596244
0 0.9815375000000001 0.6659999999999999 0.036925 0.026779342723004695
0 0.96245 0.5481408450704225 0.0653125 0.048882629107981225
0 0.9905625 0.5429765258215963 0.018875 0.016938967136150233
0 0.8801749999999999 0.5036150234741784 0.0434 0.04371830985915493
0 0.9474125 0.4556150234741784 0.0253625 0.01903286384976526
0 0.9275375 0.44198122065727696 0.00835 0.008751173708920187
1 0.7566375 0.4136807511737089 0.1541375 0.14694835680751173
1 0.7224124999999999 0.4013239436619718 0.0849375 0.11434741784037558
1 0.621675 0.6334272300469483 0.06105000000000001 0.06509859154929577
1 0.5940124999999999 0.6576807511737088 0.0971875 0.12274178403755868
0 0.6413375000000001 0.6321032863849766 0.015375000000000002 0.012497652582159624
0 0.7626375 0.575568075117371 0.0116 0.010197183098591548
0 0.7690375 0.5811267605633803 0.0116 0.009596244131455399
1 0.6110625000000001 0.5621408450704225 0.0659 0.09375586854460094
1 0.6315375 0.5484225352112676 0.058499999999999996 0.05461032863849765
1 0.6649875000000001 0.48818779342723 0.023975 0.024450704225352112
1 0.635425 0.5307981220657276 0.0659125 0.12886384976525822
0 0.5052875 0.25346478873239436 0.011575 0.011699530516431926
0 0.49888750000000004 0.3486009389671361 0.0384625 0.03812206572769953
0 0.48192500000000005 0.3704037558685446 0.0347 0.03529577464788733
0 0.480475 0.3142347417840376 0.016175 0.01392488262910798
0 0.47064999999999996 0.3143004694835681 0.013049999999999999 0.011859154929577466
0 0.3823625 0.5152582159624414 0.047424999999999995 0.1547230046948357
0 0.387 0.5747230046948357 0.036675 0.1003943661971831
0 0.133625 0.4057840375586855 0.0088125 0.008807511737089203