0 0.723125 0.6883786316776007 0.0875 0.059044048734770385
0 0.3525 0.598406747891284 0.0775 0.10590440487347703
0 0.956875 0.5548266166822868 0.05375 0.044048734770384255
0 0.04 0.4053420805998126 0.0525 0.04498594189315839
0 0.870625 0.5276476101218369 0.055 0.04967197750702906
0 0.9825 0.7366447985004686 0.035 0.033739456419868794
0 0.39625 0.8477038425492034 0.05 0.03748828491096532
0 0.713125 0.316776007497657 0.04625 0.08247422680412371
0 0.433125 0.23430178069353327 0.0725 0.02530459231490159
0 0.52625 0.4456419868791003 0.07125 0.02436738519212746
0 0.154375 0.24273664479850046 0.0325 0.030927835051546393
0 0.06375 0.3416119962511715 0.03 0.029053420805998126
0 0.203125 0.15885660731021556 0.0175 0.01780693533270853
0 0.19125 0.16494845360824742 0.01625 0.02530459231490159
0 0.4825 0.6494845360824743 0.03 0.022492970946579195
0 0.415 0.8776944704779757 0.04 0.019681349578256794
0 0.599375 0.8406747891283973 0.01375 0.011246485473289597
0 0.465625 0.5337394564198688 0.03625 0.02999062792877226
0 0.670625 0.46579194001874413 0.03 0.05529522024367385
0 0.654375 0.4442361761949391 0.0175 0.02530459231490159
0 0.49125 0.3753514526710403 0.02625 0.03748828491096532
0 0.45 0.46672914714151825 0.03375 0.014058106841611996
0 0.54 0.4568884723523899 0.03125 0.011246485473289597
0 0.2625 0.48406747891283974 0.05375 0.015932521087160263
0 0.626875 0.20665417057169636 0.06875 0.02155576382380506
0 0.38 0.14386129334582942 0.03875 0.023430178069353328
0 0.308125 0.17666354264292408 0.02875 0.01218369259606373
0 0.831875 0.8416119962511716 0.0225 0.013120899718837863
0 0.928125 0.3701968134957826 0.0275 0.023430178069353328
0 0.83 0.27225866916588565 0.01875 0.02530459231490159
0 0.825 0.17197750702905343 0.02875 0.02530459231490159
0 0.916875 0.225398313027179 0.015 0.01780693533270853
0 0.238125 0.4761012183692596 0.0575 0.016869728209934397
0 0.28875 0.46579194001874413 0.01375 0.02436738519212746
0 0.38875 0.2591377694470478 0.025 0.04967197750702906
0 0.375625 0.25164011246485474 0.0125 0.02530459231490159
0 0.370625 0.14104967197750704 0.03625 0.015932521087160263
0 0.460625 0.33177132146204313 0.01625 0.02530459231490159
0 0.478125 0.35051546391752575 0.02375 0.04592314901593252
0 0.56375 0.6724461105904405 0.04875 0.03561387066541706
0 0.6025 0.7000937207122774 0.05125 0.03467666354264293