0 0.319375 0.2881911902530459 0.0825 0.05435801312089972
0 0.66625 0.4198687910028116 0.06625 0.10309278350515463
0 0.060625 0.3922211808809747 0.04875 0.041237113402061855
0 0.934375 0.6471415182755389 0.04875 0.04217432052483599
0 0.14 0.42924086223055297 0.05 0.046860356138706656
0 0.065625 0.20805998125585753 0.045 0.030927835051546393
0 0.675 0.16869728209934395 0.04625 0.03467666354264293
0 0.25125 0.6560449859418932 0.0375 0.08059981255857544
0 0.510625 0.7703842549203374 0.07125 0.020618556701030927
0 0.4625 0.5506091846298032 0.07 0.019681349578256794
0 0.7875 0.7942830365510778 0.03 0.029053420805998126
0 0.898125 0.7075913776944704 0.0275 0.028116213683223992
0 0.7225 0.8716026241799437 0.01625 0.016869728209934397
0 0.735 0.8673851921274601 0.01375 0.02436738519212746
0 0.54875 0.3547328959700094 0.02875 0.020618556701030927
0 0.6625 0.1373008434864105 0.03875 0.016869728209934397
0 0.473125 0.15182755388940955 0.0125 0.010309278350515464
0 0.540625 0.4704779756326148 0.03375 0.028116213683223992
0 0.324375 0.5135895032802249 0.02375 0.05435801312089972
0 0.335625 0.5370196813495782 0.015 0.02436738519212746
0 0.4825 0.6241799437675727 0.02125 0.03655107778819119
0 0.5425 0.5384254920337395 0.0325 0.01218369259606373
0 0.45125 0.5374882849109653 0.03 0.00937207122774133
0 0.73125 0.5435801312089972 0.0525 0.01218369259606373
0 0.313125 0.7750702905342081 0.0675 0.01780693533270853
0 0.544375 0.865979381443299 0.0375 0.02155576382380506
0 0.6225 0.8416119962511716 0.0275 0.010309278350515464
0 0.24375 0.12371134020618557 0.02125 0.01218369259606373
0 0.05 0.577788191190253 0.025 0.022492970946579195
0 0.126875 0.6860356138706654 0.01625 0.02436738519212746
0 0.110625 0.7858481724461106 0.02625 0.02436738519212746
0 0.03125 0.7221180880974696 0.01375 0.016869728209934397
0 0.75375 0.5543580131208997 0.05625 0.014058106841611996
0 0.701875 0.5585754451733833 0.01125 0.023430178069353328
0 0.559375 0.7511715089034676 0.02 0.04873477038425492
0 0.57125 0.7596063730084348 0.01 0.02436738519212746
0 0.553125 0.8697282099343955 0.03375 0.014058106841611996
0 0.50375 0.6705716963448922 0.01375 0.02436738519212746
0 0.490625 0.6504217432052484 0.01875 0.04498594189315839
0 0.473125 0.3219306466729147 0.045 0.03280224929709466
0 0.440625 0.2900656044985942 0.0475 0.031865042174320526