1 0.824375 0.18228678537956888 0.1175 0.09934395501405811
1 0.915625 0.45032802249297094 0.16875 0.1190253045923149
1 0.50375 0.09278350515463918 0.1175 0.09746954076850985
1 0.654375 0.12886597938144329 0.28375 0.1274601686972821
0 0.376875 0.5454545454545454 0.06 0.031865042174320526
0 0.170625 0.45735707591377694 0.09 0.07778819119025304
0 0.796875 0.08106841611996252 0.08125 0.028116213683223992
0 0.45625 0.4414245548266167 0.0575 0.033739456419868794
0 0.905 0.7432052483598875 0.045 0.03280224929709466
0 0.439375 0.32005623242736647 0.04875 0.038425492033739454
0 0.17875 0.7122774133083412 0.0475 0.03936269915651359
0 0.46875 0.21415182755388942 0.19 0.07685098406747891
0 0.03625 0.5899718837863168 0.065 0.019681349578256794
0 0.014375 0.6237113402061856 0.02875 0.04779756326148079
0 0.966875 0.7680412371134021 0.03125 0.022492970946579195
0 0.93125 0.7286785379568884 0.015 0.01218369259606373
0 0.845625 0.7652296157450796 0.02125 0.013120899718837863
0 0.2725 0.7122774133083412 0.02625 0.014058106841611996
0 0.076875 0.6776007497656982 0.03375 0.02436738519212746
0 0.27125 0.7216494845360825 0.025 0.011246485473289597
0 0.851875 0.5042174320524836 0.0225 0.013120899718837863
0 0.915625 0.46438612933458295 0.01625 0.014058106841611996
0 0.655 0.42830365510777885 0.02125 0.013120899718837863
0 0.4875 0.4386129334582943 0.0175 0.01499531396438613
0 0.648125 0.41705716963448924 0.0225 0.01218369259606373
0 0.353125 0.34817244611059045 0.035 0.03655107778819119
0 0.203125 0.4587628865979381 0.0225 0.01780693533270853
0 0.1925 0.44189315838800375 0.02375 0.01874414245548266
0 0.284375 0.5679475164011246 0.02375 0.029053420805998126
0 0.261875 0.5609184629803187 0.03625 0.020618556701030927
0 0.14375 0.40487347703842547 0.02625 0.01218369259606373
0 0.011875 0.5604498594189316 0.02375 0.022492970946579195
0 0.125 0.6251171508903468 0.02375 0.00937207122774133
0 0.813125 0.3425492033739456 0.03 0.01780693533270853
0 0.464375 0.32052483598875353 0.015 0.014058106841611996
0 0.478125 0.31208997188378634 0.01375 0.01218369259606373
0 0.38625 0.1527647610121837 0.015 0.013120899718837863
0 0.28375 0.3134957825679475 0.03875 0.02436738519212746
0 0.2825 0.3013120899718838 0.01875 0.014058106841611996
0 0.325625 0.07122774133083412 0.01625 0.01499531396438613
0 0.31875 0.15370196813495782 0.02125 0.01218369259606373
0 0.3475 0.2624179943767573 0.04 0.04217432052483599
0 0.35 0.2511715089034677 0.0175 0.016869728209934397
0 0.0375 0.6021555763823805 0.02375 0.010309278350515464
0 0.724375 0.1302717900656045 0.1425 0.07029053420805999
0 0.0575 0.2511715089034677 0.05625 0.023430178069353328
0 0.01625 0.30178069353327086 0.0075 0.011246485473289597