1 0.604375 0.3436619718309859 0.245 0.2291079812206573
0 0.40625 0.8187793427230047 0.11125 0.07981220657276995
0 0.563125 0.44647887323943664 0.11 0.0892018779342723
0 0.726875 0.4183098591549296 0.075 0.10516431924882629
1 0.495 0.1676056338028169 0.1125 0.09389671361502347
0 0.271875 0.26572769953051645 0.055 0.051643192488262914
0 0.5075 0.2924882629107981 0.05125 0.044131455399061034
0 0.4275 0.3788732394366197 0.04625 0.030985915492957747
0 0.200625 0.7713615023474178 0.1125 0.046948356807511735
0 0.201875 0.6530516431924883 0.0975 0.036619718309859155
0 0.381875 0.39436619718309857 0.05 0.038497652582159626
1 0.71125 0.1643192488262911 0.12625 0.06572769953051644
0 0.50375 0.612206572769953 0.105 0.03943661971830986
1 0.81125 0.19812206572769953 0.11 0.12112676056338029
0 0.1125 0.31784037558685446 0.04625 0.03568075117370892
1 0.240625 0.2596244131455399 0.13125 0.14929577464788732
0 0.056875 0.7943661971830986 0.11375 0.03004694835680751
1 0.750625 0.19671361502347418 0.1025 0.12488262910798122
1 0.880625 0.19906103286384977 0.14375 0.11737089201877934
1 0.435 0.13427230046948357 0.07375 0.03192488262910798
1 0.54625 0.19154929577464788 0.10375 0.1352112676056338
1 0.229375 0.1352112676056338 0.335 0.06103286384976526
0 0.22875 0.7004694835680751 0.02375 0.012206572769953052
0 0.18 0.6765258215962441 0.03125 0.01784037558685446
0 0.055625 0.6328638497652582 0.015 0.014084507042253521
0 0.140625 0.37183098591549296 0.0375 0.03004694835680751
0 0.018125 0.36103286384976524 0.015 0.027230046948356807
0 0.076875 0.5657276995305164 0.0225 0.009389671361502348
0 0.121875 0.360093896713615 0.03625 0.03286384976525822
0 0.18375 0.4624413145539906 0.025 0.015023474178403756
0 0.071875 0.25258215962441316 0.04625 0.03004694835680751
0 0.254375 0.3136150234741784 0.0225 0.016901408450704224
0 0.210625 0.35070422535211265 0.04625 0.02910798122065728
0 0.281875 0.643661971830986 0.02875 0.0215962441314554
0 0.583125 0.8544600938967136 0.02375 0.01971830985915493
0 0.35 0.6896713615023474 0.03625 0.015023474178403756
0 0.421875 0.6953051643192488 0.0225 0.0215962441314554
0 0.46375 0.8694835680751174 0.02625 0.011267605633802818
0 0.37875 0.563849765258216 0.0225 0.016901408450704224
0 0.28125 0.49671361502347416 0.0225 0.016901408450704224
0 0.39125 0.5342723004694836 0.02 0.009389671361502348
0 0.378125 0.547887323943662 0.01125 0.009389671361502348
0 0.545625 0.20328638497652582 0.025 0.027230046948356807
0 0.82875 0.8619718309859155 0.0225 0.01784037558685446
0 0.705 0.643661971830986 0.02125 0.012206572769953052
0 0.8775 0.40938967136150234 0.01375 0.015023474178403756
0 0.865625 0.5140845070422535 0.0275 0.011267605633802818
0 0.8225 0.4272300469483568 0.015 0.016901408450704224
0 0.53625 0.8657276995305164 0.0525 0.028169014084507043
0 0.56125 0.7244131455399061 0.02875 0.013145539906103286
0 0.62 0.5849765258215962 0.02375 0.010328638497652582
0 0.62 0.5746478873239437 0.02125 0.010328638497652582
0 0.686875 0.28356807511737087 0.03375 0.023474178403755867
0 0.196875 0.4755868544600939 0.0275 0.014084507042253521
1 0.05375 0.11032863849765258 0.04 0.023474178403755867