0 0.92625 0.45313964386129335 0.1475 0.1077788191190253
0 0.745 0.2881911902530459 0.12375 0.09465791940018745
0 0.294375 0.5862230552952202 0.0775 0.05998125585754452
0 0.13875 0.7750702905342081 0.10625 0.1134020618556701
0 0.878125 0.1893158388003749 0.09875 0.06560449859418932
0 0.233125 0.9587628865979382 0.0825 0.06091846298031865
1 0.5725 0.5253045923149016 0.28625 0.10965323336457357
0 0.120625 0.9343955014058107 0.085 0.06279287722586692
0 0.338125 0.6391752577319587 0.06 0.05998125585754452
0 0.43 0.46579194001874413 0.0675 0.06841611996251172
1 0.399375 0.8144329896907216 0.27875 0.17432052483598875
0 0.208125 0.7310215557638238 0.065 0.09559512652296158
0 0.880625 0.5164011246485474 0.05625 0.044048734770384255
0 0.149375 0.711340206185567 0.07625 0.059044048734770385
0 0.9075 0.6883786316776007 0.10625 0.05154639175257732
0 0.96 0.7263355201499532 0.075 0.04967197750702906
0 0.11 0.3003748828491096 0.04625 0.04311152764761012
1 0.5775 0.3922211808809747 0.15125 0.24461105904404873
1 0.53625 0.6733833177132146 0.10125 0.17713214620431114
0 0.338125 0.4793814432989691 0.045 0.08247422680412371
0 0.235 0.4250234301780694 0.04375 0.07872539831302718
0 0.965625 0.3856607310215558 0.045 0.061855670103092786
1 0.96625 0.6508903467666354 0.0675 0.04967197750702906
0 0.589375 0.676663542642924 0.04 0.06935332708528585
0 0.051875 0.36879100281162136 0.0375 0.022492970946579195
0 0.25375 0.2713214620431115 0.03625 0.022492970946579195
0 0.156875 0.2839737582005623 0.0375 0.02436738519212746
0 0.138125 0.32239925023430177 0.015 0.011246485473289597
0 0.583125 0.21415182755388942 0.04125 0.03280224929709466
0 0.3375 0.25773195876288657 0.02625 0.02155576382380506
0 0.495625 0.31443298969072164 0.015 0.01218369259606373
0 0.85875 0.274601686972821 0.04 0.02717900656044986
0 0.28875 0.6251171508903468 0.02875 0.02155576382380506
0 0.016875 0.4301780693533271 0.03375 0.02436738519212746
0 0.014375 0.5543580131208997 0.02375 0.03936269915651359
0 0.12625 0.3880037488284911 0.02 0.02155576382380506
0 0.20375 0.6916588566073102 0.0425 0.016869728209934397
0 0.134375 0.5684161199625117 0.015 0.014058106841611996
0 0.369375 0.49765698219306465 0.01875 0.01218369259606373
0 0.5725 0.32989690721649484 0.01625 0.014058106841611996
0 0.37125 0.422680412371134 0.01875 0.015932521087160263
0 0.466875 0.42033739456419866 0.01875 0.015932521087160263
0 0.36 0.3612933458294283 0.01875 0.031865042174320526
0 0.3875 0.584817244611059 0.01625 0.014058106841611996
0 0.51625 0.6419868791002812 0.01375 0.01874414245548266
0 0.583125 0.4639175257731959 0.02375 0.023430178069353328
0 0.150625 0.96485473289597 0.0175 0.015932521087160263
0 0.995 0.5796626054358013 0.01 0.03655107778819119
0 0.96625 0.6597938144329897 0.01375 0.007497656982193065
0 0.9875 0.669165885660731 0.025 0.011246485473289597
0 0.900625 0.7666354264292409 0.01125 0.008434864104967198
0 0.58 0.6888472352389878 0.03625 0.059044048734770385
0 0.5225 0.6602624179943768 0.00625 0.008434864104967198
0 0.226875 0.9690721649484536 0.03 0.019681349578256794
0 0.206875 0.7132146204311153 0.0225 0.016869728209934397
0 0.205625 0.6977507029053421 0.0225 0.011246485473289597
0 0.011875 0.5178069353327085 0.02375 0.02530459231490159
0 0.026875 0.4990627928772259 0.0375 0.02436738519212746
0 0.2375 0.4414245548266167 0.025 0.020618556701030927
0 0.333125 0.4845360824742268 0.015 0.022492970946579195
0 0.483125 0.3013120899718838 0.01125 0.01874414245548266
0 0.49 0.3003748828491096 0.01 0.01780693533270853
0 0.806875 0.1893158388003749 0.05 0.02999062792877226
0 0.6325 0.5018744142455482 0.025 0.01780693533270853
0 0.395 0.5801312089971884 0.01375 0.014058106841611996