0 0.931875 0.49812558575445176 0.13375 0.09465791940018745
0 0.781875 0.3158388003748828 0.10875 0.08434864104967198
0 0.280625 0.563730084348641 0.06875 0.053420805998125584
0 0.09125 0.7347703842549204 0.0875 0.1049671977507029
0 0.931875 0.23195876288659795 0.08875 0.05716963448922212
0 0.150625 0.9264292408622306 0.07375 0.053420805998125584
1 0.566875 0.5328022492970946 0.27375 0.08153701968134958
0 0.04375 0.8908153701968134 0.075 0.05529522024367385
0 0.31375 0.6208997188378632 0.05 0.05529522024367385
0 0.436875 0.4587628865979381 0.05625 0.06279287722586692
1 0.34216250000000004 0.8008434864104967 0.253175 0.14901593252108716
0 0.168125 0.6982193064667291 0.04875 0.09184629803186505
0 0.87375 0.555763823805061 0.05 0.03936269915651359
0 0.11375 0.6729147141518276 0.0675 0.05248359887535145
0 0.86875 0.7291471415182755 0.1 0.041237113402061855
0 0.91375 0.7722586691658857 0.0675 0.04311152764761012
0 0.150625 0.2614807872539831 0.03875 0.03936269915651359
1 0.596875 0.40159325210871605 0.10875 0.2352389878163074
1 0.5036 0.6751265229615745 0.069775 0.17123711340206185
0 0.34375 0.46251171508903466 0.03 0.07966260543580131
0 0.25125 0.3978444236176195 0.03 0.07591377694470477
0 0.9825 0.4353327085285848 0.035 0.059044048734770385
1 0.940625 0.6986879100281163 0.07375 0.04217432052483599
0 0.5559125 0.6842924086223056 0.026924999999999998 0.06774133083411434
0 0.080625 0.3233364573570759 0.03375 0.01874414245548266
0 0.29875 0.2478912839737582 0.0325 0.019681349578256794
0 0.200625 0.25023430178069356 0.03375 0.020618556701030927
0 0.174375 0.28631677600749766 0.01375 0.010309278350515464
0 0.635625 0.225398313027179 0.03625 0.029053420805998126
0 0.38375 0.24320524835988752 0.0225 0.019681349578256794
0 0.53 0.3158388003748828 0.0125 0.011246485473289597
0 0.896875 0.31443298969072164 0.03625 0.023430178069353328
0 0.2675 0.6016869728209935 0.025 0.01874414245548266
0 0.0325 0.380506091846298 0.035 0.020618556701030927
0 0.00875 0.5032802249297095 0.0175 0.03748828491096532
0 0.150625 0.3500468603561387 0.01625 0.019681349578256794
0 0.17125 0.6588566073102156 0.04 0.013120899718837863
0 0.125 0.5295220243673852 0.0125 0.013120899718837863
0 0.37125 0.48406747891283974 0.0175 0.010309278350515464
0 0.603125 0.3392689784442362 0.01375 0.013120899718837863
0 0.386875 0.41002811621368324 0.01625 0.014058106841611996
0 0.481875 0.4175257731958763 0.01625 0.014058106841611996
0 0.386875 0.34817244611059045 0.01375 0.030927835051546393
0 0.3733625 0.5721087160262418 0.014225000000000002 0.013280224929709466
0 0.49 0.6424554826616682 0.01 0.01780693533270853
0 0.58875 0.47282099343955014 0.02 0.02155576382380506
0 0.0675 0.9236176194939082 0.015 0.014058106841611996
0 0.9869499999999999 0.6318369259606372 0.0261125 0.03413308341143393
0 0.9321625 0.7068322399250235 0.012962499999999998 0.0069728209934395505
0 0.9524625 0.7189784442361762 0.0259375 0.00803186504217432
0 0.8474625 0.806157450796626 0.0098625 0.00739456419868791
0 0.5443125 0.6952014995313964 0.026637499999999998 0.05714151827553889
0 0.492275 0.6614058106841613 0.0049625 0.0085941893158388
0 0.1422875 0.9358013120899719 0.027737500000000002 0.017094657919400187
0 0.1698375 0.6805623242736645 0.0205125 0.015379568884723523
0 0.1717375 0.6650328022492972 0.021275 0.009400187441424554
0 0.011587499999999999 0.4666166822867854 0.023174999999999998 0.023355201499531398
0 0.0319125 0.44981255857544516 0.0342 0.020506091846298032
0 0.2503875 0.41491096532333643 0.021275 0.01851921274601687
0 0.3375875 0.4673289597000937 0.011012500000000001 0.02193064667291471
0 0.51985 0.3014432989690721 0.007212499999999999 0.017535145267104032
0 0.5266375 0.301340206185567 0.0080875 0.01731958762886598
0 0.8609375 0.2243580131208997 0.046174999999999994 0.025435801312089973
0 0.6305625 0.5156419868791003 0.0226875 0.016363636363636365
0 0.381175 0.5684161199625117 0.011175 0.012877225866916588