0 0.5825 0.4104967197750703 0.1075 0.07497656982193064
0 0.466875 0.8134957825679475 0.0875 0.06373008434864105
0 0.93375 0.4901593252108716 0.11125 0.08903467666354264
0 0.3575 0.2924086223055295 0.085 0.053420805998125584
0 0.578125 0.17994376757263356 0.07875 0.05154639175257732
1 0.27125 0.6593252108716027 0.23875 0.16494845360824742
1 0.081875 0.5529522024367385 0.16375 0.10121836925960637
0 0.66125 0.8547328959700093 0.08125 0.059044048734770385
0 0.5875 0.25679475164011245 0.0825 0.05529522024367385
0 0.93125 0.4119025304592315 0.08 0.05998125585754452
0 0.85 0.4835988753514527 0.095 0.06279287722586692
0 0.891875 0.3294283036551078 0.08375 0.04498594189315839
0 0.765625 0.4971883786316776 0.06625 0.09278350515463918
0 0.719375 0.42924086223055297 0.07625 0.04967197750702906
0 0.676875 0.46860356138706655 0.09375 0.08434864104967198
0 0.860625 0.35941893158388005 0.09 0.04967197750702906
0 0.655 0.49343955014058105 0.0975 0.06279287722586692
0 0.033125 0.3402061855670103 0.06125 0.04029990627928772
0 0.750625 0.6283973758200563 0.09125 0.05529522024367385
0 0.531875 0.6438612933458294 0.0525 0.03467666354264293
0 0.463125 0.48687910028116216 0.065 0.053420805998125584
0 0.29125 0.44892221180880976 0.06875 0.046860356138706656
0 0.198125 0.6710402999062793 0.05625 0.033739456419868794
0 0.043125 0.36035613870665417 0.05875 0.02999062792877226
0 0.50625 0.549203373945642 0.0625 0.05529522024367385
0 0.2025 0.4465791940018744 0.0775 0.038425492033739454
0 0.193125 0.3069353327085286 0.04125 0.02155576382380506
0 0.303125 0.2619493908153702 0.02625 0.01874414245548266
0 0.4275 0.24320524835988752 0.03875 0.020618556701030927
0 0.73375 0.16119962511715089 0.05 0.028116213683223992
0 0.898125 0.25585754451733833 0.04125 0.022492970946579195
0 0.6725 0.2760074976569822 0.02 0.013120899718837863
0 0.695625 0.22352389878163073 0.0375 0.020618556701030927
0 0.20625 0.627460168697282 0.02375 0.015932521087160263
0 0.265625 0.6447985004686035 0.025 0.014058106841611996
0 0.25875 0.6574507966260543 0.02125 0.013120899718837863
0 0.28375 0.6790065604498594 0.06125 0.02717900656044986
0 0.118125 0.41611996251171507 0.02125 0.019681349578256794
0 0.00375 0.3908153701968135 0.0075 0.031865042174320526
0 0.445 0.3402061855670103 0.04 0.02155576382380506
0 0.8125 0.6152764761012184 0.02125 0.01499531396438613
0 0.34 0.8317713214620431 0.01875 0.011246485473289597
0 0.975625 0.6583880037488284 0.04875 0.029053420805998126
0 0.861875 0.7877225866916588 0.04625 0.026241799437675725
0 0.790625 0.7727272727272727 0.02375 0.01499531396438613
0 0.79875 0.7905342080599812 0.02375 0.015932521087160263
0 0.969375 0.3655107778819119 0.025 0.031865042174320526
0 0.901875 0.3612933458294283 0.02125 0.013120899718837863
0 0.131875 0.4287722586691659 0.025 0.01874414245548266
0 0.660625 0.6241799437675727 0.0625 0.04498594189315839
0 0.664375 0.6415182755388941 0.1025 0.07122774133083412
0 0.62875 0.6466729147141518 0.11875 0.08434864104967198