0 0.620625 0.5599812558575445 0.10125 0.08153701968134958
0 0.08125 0.4803186504217432 0.08625 0.06654170571696345
0 0.520625 0.8247422680412371 0.12 0.08434864104967198
0 0.774375 0.38940955951265227 0.0725 0.06466729147141519
0 0.928125 0.5529522024367385 0.07 0.05998125585754452
1 0.283125 0.331302717900656 0.22375 0.18088097469540768
1 0.421875 0.18697282099343954 0.1375 0.12558575445173384
0 0.041875 0.6251171508903468 0.05375 0.059044048734770385
0 0.825625 0.5613870665417057 0.075 0.061855670103092786
0 0.625 0.8214620431115276 0.08125 0.06091846298031865
0 0.528125 0.7619493908153702 0.085 0.07216494845360824
0 0.734375 0.7910028116213683 0.06125 0.06279287722586692
0 0.50875 0.6991565135895033 0.12375 0.05060918462980318
0 0.598125 0.6635426429240863 0.0675 0.05810684161199625
0 0.545 0.6321462043111528 0.11375 0.07122774133083412
0 0.69375 0.7680412371134021 0.0675 0.06841611996251172
0 0.51125 0.6157450796626054 0.085 0.07403936269915651
0 0.705 0.1471415182755389 0.05375 0.04592314901593252
0 0.333125 0.6902530459231491 0.075 0.06935332708528585
0 0.30875 0.5267104029990628 0.0475 0.04029990627928772
0 0.516875 0.471883786316776 0.07125 0.04873477038425492
0 0.564375 0.3425492033739456 0.0625 0.05248359887535145
0 0.266875 0.2769447047797563 0.04625 0.04217432052483599
0 0.678125 0.15510777881911902 0.04125 0.04498594189315839
0 0.435 0.5051546391752577 0.075 0.04779756326148079
0 0.565 0.2755388940955951 0.0525 0.05810684161199625
0 0.751875 0.2666354264292409 0.03 0.031865042174320526
0 0.814375 0.34817244611059045 0.02625 0.020618556701030927
0 0.84125 0.44095595126522963 0.0275 0.029053420805998126
0 0.95625 0.669165885660731 0.0375 0.03748828491096532
0 0.8325 0.7942830365510778 0.03125 0.031865042174320526
0 0.801875 0.6255857544517338 0.0175 0.01499531396438613
0 0.8725 0.6419868791002812 0.0275 0.028116213683223992
0 0.325 0.28209934395501407 0.02125 0.01780693533270853
0 0.3025 0.3270852858481724 0.02 0.01874414245548266
0 0.285625 0.3219306466729147 0.0175 0.015932521087160263
0 0.2575 0.3406747891283974 0.0375 0.04592314901593252
0 0.605 0.21227741330834116 0.02625 0.015932521087160263
0 0.63625 0.11574507966260543 0.0425 0.02717900656044986
0 0.711875 0.45595126522961577 0.02875 0.030927835051546393
0 0.351875 0.7361761949390815 0.02 0.015932521087160263
0 0.055 0.3856607310215558 0.015 0.014058106841611996
0 0.296875 0.8603561387066542 0.03875 0.038425492033739454
0 0.1225 0.7764761012183693 0.03625 0.03467666354264293
0 0.14125 0.7225866916588566 0.02 0.01780693533270853
0 0.118125 0.7291471415182755 0.02125 0.01780693533270853
0 0.6875 0.8495782567947516 0.0425 0.019681349578256794
0 0.6925 0.7989690721649485 0.0175 0.015932521087160263
0 0.588125 0.22305529522024367 0.02625 0.019681349578256794
0 0.3375 0.6227741330834115 0.06125 0.04779756326148079
0 0.31375 0.6255857544517338 0.09625 0.07778819119025304
0 0.30625 0.598875351452671 0.11375 0.08997188378631678