0 0.31875 0.5788732394366197 0.14 0.0647887323943662
0 0.64375 0.6671361502347418 0.0675 0.051643192488262914
0 0.710625 0.336150234741784 0.06625 0.0431924882629108
0 0.2292125 0.321981220657277 0.048425 0.08434741784037558
0 0.465725 0.43590610328638496 0.0564625 0.07092018779342724
0 0.7033625000000001 0.5971079812206572 0.0542125 0.03366197183098592
1 0.043125 0.4535211267605634 0.08625 0.16150234741784036
0 0.0275 0.1779342723004695 0.015 0.010328638497652582
0 0.075625 0.18779342723004694 0.01875 0.013145539906103286
0 0.545625 0.28826291079812205 0.02625 0.024413145539906103
0 0.5975 0.2943661971830986 0.0175 0.01784037558685446
0 0.68625 0.30657276995305166 0.03 0.01971830985915493
0 0.953125 0.26384976525821596 0.02625 0.020657276995305163
0 0.984375 0.23708920187793428 0.02625 0.036619718309859155
0 0.63875 0.5694835680751174 0.0375 0.027230046948356807
0 0.4875 0.5450704225352113 0.04 0.027230046948356807
0 0.654375 0.6056338028169014 0.02125 0.018779342723004695
0 0.49375 0.42347417840375584 0.025 0.024413145539906103
0 0.52375 0.6032863849765259 0.0125 0.006572769953051643
0 0.484375 0.6638497652582159 0.01125 0.005633802816901409
0 0.479375 0.44553990610328637 0.02125 0.0215962441314554
0 0.72625 0.6253521126760564 0.025 0.020657276995305163
0 0.718125 0.5732394366197183 0.04625 0.02535211267605634
0 0.785625 0.44272300469483566 0.03875 0.02910798122065728
0 0.7875 0.42300469483568076 0.0175 0.014084507042253521
0 0.6703749999999999 0.4775399061032864 0.03925 0.03300469483568075
0 0.79875 0.3615023474178404 0.025 0.020657276995305163
0 0.850625 0.5535211267605634 0.01625 0.014084507042253521
0 0.740625 0.7173708920187793 0.03375 0.024413145539906103
0 0.68125 0.7356807511737089 0.0275 0.0215962441314554
0 0.7025 0.6746478873239437 0.0275 0.01596244131455399
0 0.3802125 0.547924882629108 0.10552500000000001 0.0455774647887324
0 0.3785625 0.5529953051643193 0.0732 0.02006572769953052
0 0.43939999999999996 0.49379342723004693 0.038587500000000004 0.02699530516431925
0 0.4375875 0.49429107981220655 0.01385 0.011145539906103286
0 0.4994125 0.5437089201877934 0.0161625 0.014366197183098593
0 0.6290125 0.40957746478873236 0.038587500000000004 0.03443192488262911
0 0.6980875000000001 0.4983755868544601 0.043525 0.034178403755868544
0 0.7154 0.501849765258216 0.00825 0.013868544600938967
0 0.7299125 0.3278309859154929 0.0247375 0.01956807511737089
0 0.01895 0.4293615023474178 0.00555 0.007295774647887323