0 0.6812 0.3995117370892019 0.09052500000000001 0.06107981220657277
0 0.6434000000000001 0.2693990610328639 0.13570000000000002 0.11285446009389671
0 0.7695000000000001 0.6544600938967137 0.1355 0.07099530516431925
0 0.338125 0.4784037558685446 0.12375 0.07981220657276995
0 0.1792625 0.38306103286384974 0.0815 0.11248826291079812
0 0.539625 0.5606572769953052 0.07825 0.0580281690140845
0 0.602125 0.4213802816901408 0.12145 0.09013145539906103
0 0.373975 0.3491737089201878 0.104475 0.11006572769953052
0 0.83195 0.3728920187793427 0.0932375 0.06515492957746478
0 0.15733750000000002 0.3161220657276995 0.099625 0.09219718309859155
0 0.25 0.7056338028169014 0.145 0.05727699530516432
0 0.6380125 0.671830985915493 0.125975 0.07417840375586854
0 0.47015 0.30096713615023474 0.0642 0.121981220657277
0 0.369375 0.7356807511737089 0.07625 0.05539906103286385
0 0.0801625 0.17467605633802816 0.047162499999999996 0.03562441314553991
0 0.0397125 0.3993333333333334 0.04375 0.033258215962441315
0 0.603625 0.7109859154929578 0.0662625 0.048460093896713616
0 0.355875 0.5930516431924883 0.10025 0.038319248826291084
0 0.2406125 0.19611267605633803 0.054712500000000004 0.03653521126760563
0 0.22011250000000002 0.6338967136150235 0.1367625 0.0400093896713615
0 0.06445000000000001 0.3844694835680751 0.0461 0.032938967136150236
0 0.06787499999999999 0.7643192488262911 0.05625 0.02629107981220657
0 0.22125 0.33881690140845067 0.0625 0.02660093896713615
0 0.116875 0.6693896713615023 0.1562625 0.04226291079812206
0 0.256875 0.47746478873239434 0.03625 0.03286384976525822
0 0.229375 0.5089201877934272 0.01875 0.015023474178403756
0 0.21875 0.5009389671361503 0.025 0.0215962441314554
0 0.008125 0.33173708920187794 0.01625 0.021971830985915493
0 0.43 0.4568075117370892 0.035 0.023474178403755867
0 0.988125 0.6230046948356808 0.02125 0.01596244131455399
0 0.290625 0.8084507042253521 0.01875 0.013145539906103286
0 0.34090000000000004 0.9046948356807512 0.0407125 0.030985915492957747
0 0.34462499999999996 0.7037558685446009 0.0332375 0.02910798122065728
0 0.211225 0.3267793427230047 0.0264 0.007577464788732394
0 0.9107875 0.1592206572769953 0.1411375 0.01936150234741784
0 0.44789999999999996 0.5788356807511738 0.026175 0.019107981220657277
0 0.2645375 0.7172300469483568 0.020225 0.008807511737089203