1 0.3525 0.5974695407685099 0.1325 0.11527647610121837
1 0.585625 0.6991565135895033 0.0975 0.08153701968134958
1 0.461875 0.6579194001874414 0.09125 0.07778819119025304
0 0.290625 0.3570759137769447 0.0875 0.08247422680412371
0 0.325 0.31958762886597936 0.09 0.07310215557638237
0 0.62 0.24133083411433928 0.1 0.06373008434864105
0 0.41375 0.34910965323336457 0.08 0.059044048734770385
0 0.37 0.38940955951265227 0.07375 0.053420805998125584
1 0.71875 0.7811621368322399 0.13125 0.08622305529522024
0 0.71875 0.18697282099343954 0.0725 0.05716963448922212
0 0.65125 0.309746954076851 0.1275 0.08059981255857544
0 0.768125 0.3149015932521087 0.06 0.046860356138706656
0 0.716875 0.27085285848172447 0.11375 0.05998125585754452
0 0.69625 0.7230552952202437 0.09625 0.04311152764761012
0 0.52625 0.6171508903467666 0.04875 0.03561387066541706
0 0.48125 0.5941893158388004 0.04625 0.038425492033739454
0 0.6125 0.3823805060918463 0.0825 0.1190253045923149
1 0.679375 0.8589503280224929 0.0825 0.02436738519212746
0 0.170625 0.7760074976569822 0.02375 0.023430178069353328
0 0.123125 0.6611996251171509 0.03125 0.02436738519212746
0 0.1575 0.563261480787254 0.0225 0.02155576382380506
0 0.2525 0.5463917525773195 0.01 0.008434864104967198
0 0.21625 0.2666354264292409 0.0325 0.023430178069353328
0 0.114375 0.17525773195876287 0.0275 0.02155576382380506
0 0.248125 0.2000937207122774 0.0225 0.01780693533270853
0 0.09875 0.3631677600749766 0.02125 0.015932521087160263
0 0.11125 0.3795688847235239 0.01 0.008434864104967198
0 0.166875 0.22446110590440488 0.0225 0.023430178069353328
0 0.37375 0.8444236176194939 0.0275 0.02436738519212746
0 0.67375 0.5398313027179007 0.01875 0.01780693533270853
0 0.30375 0.38940955951265227 0.0625 0.01780693533270853
0 0.454375 0.3983130271790066 0.01875 0.014058106841611996
0 0.446875 0.2511715089034677 0.0375 0.019681349578256794
0 0.59625 0.18181818181818182 0.0325 0.026241799437675725
0 0.62625 0.13636363636363635 0.02375 0.01780693533270853
0 0.66 0.16635426429240863 0.03375 0.02436738519212746
0 0.459375 0.3280224929709466 0.01 0.01218369259606373
0 0.49625 0.23055295220243674 0.01 0.007497656982193065
0 0.919375 0.6391752577319587 0.03 0.038425492033739454
0 0.785 0.6860356138706654 0.03 0.026241799437675725
0 0.88 0.8331771321462043 0.01 0.011246485473289597
0 0.743125 0.6119962511715089 0.0275 0.02155576382380506
0 0.72125 0.1471415182755389 0.0325 0.02717900656044986
0 0.926875 0.31208997188378634 0.0125 0.01218369259606373
0 0.793125 0.12371134020618557 0.035 0.01218369259606373
0 0.284375 0.27647610121836924 0.0225 0.022492970946579195
0 0.1325 0.3612933458294283 0.03625 0.03467666354264293
0 0.144375 0.3612933458294283 0.0075 0.011246485473289597
0 0.320625 0.3580131208997188 0.02875 0.038425492033739454
0 0.349375 0.3083411433926898 0.03625 0.033739456419868794
0 0.469375 0.3270852858481724 0.00875 0.011246485473289597
0 0.919375 0.2268041237113402 0.01125 0.007497656982193065
0 0.34125 0.2769447047797563 0.0075 0.006560449859418931