0 0.63625 0.4272300469483568 0.07625 0.06291079812206572
0 0.426875 0.18732394366197183 0.07 0.046009389671361506
0 0.141875 0.20610328638497652 0.04625 0.04037558685446009
0 0.575625 0.41173708920187796 0.07875 0.0647887323943662
0 0.753125 0.2633802816901408 0.04625 0.04788732394366197
1 0.548125 0.7084507042253522 0.1025 0.19812206572769953
0 0.52875 0.5258215962441315 0.05875 0.05727699530516432
0 0.450625 0.39154929577464787 0.04125 0.09671361502347418
0 0.450625 0.49671361502347416 0.06375 0.030985915492957747
0 0.615625 0.4699530516431925 0.15125 0.046009389671361506
0 0.46875 0.8629107981220657 0.05375 0.02910798122065728
0 0.649375 0.5896713615023474 0.08125 0.07042253521126761
0 0.8475 0.23615023474178404 0.04125 0.02629107981220657
0 0.96 0.107981220657277 0.01125 0.018779342723004695
0 0.85875 0.11455399061032864 0.0425 0.0215962441314554
0 0.858125 0.35070422535211265 0.02 0.020657276995305163
0 0.944375 0.15586854460093896 0.04375 0.02629107981220657
0 0.89625 0.8004694835680751 0.03875 0.023474178403755867
0 0.81 0.8295774647887324 0.03875 0.02535211267605634
0 0.936875 0.7605633802816901 0.01875 0.01971830985915493
0 0.945 0.7154929577464789 0.0125 0.014084507042253521
0 0.944375 0.6751173708920187 0.01375 0.014084507042253521
0 0.5125 0.20938967136150236 0.0425 0.03192488262910798
0 0.349375 0.3131455399061033 0.03 0.027230046948356807
0 0.314375 0.22769953051643194 0.05375 0.02629107981220657
0 0.455625 0.27230046948356806 0.0225 0.024413145539906103
0 0.415 0.3117370892018779 0.02 0.0215962441314554
0 0.591875 0.5887323943661972 0.03 0.054460093896713614
0 0.355625 0.46056338028169014 0.01875 0.014084507042253521
0 0.480625 0.5854460093896714 0.0125 0.011267605633802818
0 0.7225 0.8370892018779342 0.0375 0.02535211267605634
0 0.366875 0.6511737089201878 0.0225 0.030985915492957747
0 0.209375 0.24929577464788732 0.055 0.024413145539906103
0 0.245 0.3075117370892019 0.02125 0.022535211267605635
0 0.21625 0.26009389671361505 0.01625 0.011267605633802818
0 0.20375 0.4610328638497653 0.0275 0.02910798122065728
0 0.249375 0.47981220657276996 0.03125 0.012206572769953052
0 0.41875 0.46056338028169014 0.105 0.018779342723004695
0 0.34625 0.4694835680751174 0.02125 0.006572769953051643
1 0.341875 0.3516431924882629 0.38875 0.2563380281690141
0 0.243125 0.887793427230047 0.02 0.005633802816901409