0 0.39875 0.4004694835680751 0.08625 0.059154929577464786
0 0.08625 0.5657276995305164 0.0625 0.05352112676056338
0 0.121875 0.7793427230046949 0.055 0.03568075117370892
0 0.38 0.4460093896713615 0.08875 0.06103286384976526
0 0.17625 0.3183098591549296 0.065 0.036619718309859155
1 0.775625 0.4563380281690141 0.26625 0.0835680751173709
0 0.533125 0.47746478873239434 0.0775 0.046009389671361506
0 0.3575 0.5408450704225352 0.12875 0.03380281690140845
0 0.4975 0.5370892018779343 0.04375 0.048826291079812206
0 0.45625 0.4140845070422535 0.06625 0.11455399061032864
0 0.981875 0.5107981220657277 0.03625 0.04131455399061033
0 0.61375 0.38497652582159625 0.09625 0.06291079812206572
0 0.136875 0.24835680751173708 0.03625 0.03192488262910798
0 0.28875 0.23615023474178404 0.0275 0.01596244131455399
0 0.02625 0.1784037558685446 0.03625 0.03380281690140845
0 0.88625 0.19201877934272302 0.0325 0.02910798122065728
0 0.9275 0.25586854460093894 0.035 0.02910798122065728
0 0.83125 0.16291079812206571 0.02625 0.015023474178403756
0 0.77125 0.15868544600938966 0.01875 0.009389671361502348
0 0.7175 0.16056338028169015 0.01875 0.010328638497652582
0 0.113125 0.5009389671361503 0.04375 0.03286384976525822
0 0.256875 0.6197183098591549 0.0375 0.023474178403755867
0 0.144375 0.6488262910798122 0.03625 0.04037558685446009
0 0.19875 0.5413145539906103 0.03375 0.01784037558685446
0 0.2525 0.5704225352112676 0.02875 0.01596244131455399
0 0.615 0.428169014084507 0.07375 0.024413145539906103
0 0.4525 0.6098591549295774 0.01875 0.014084507042253521
0 0.614375 0.5117370892018779 0.015 0.009389671361502348
0 0.940625 0.3211267605633803 0.035 0.028169014084507043
0 0.705625 0.5948356807511737 0.04125 0.01784037558685446
0 0.176875 0.7272300469483568 0.03375 0.04131455399061033
0 0.253125 0.6981220657276995 0.03 0.01596244131455399
0 0.19125 0.7211267605633803 0.015 0.012206572769953052
0 0.458125 0.723943661971831 0.04 0.0215962441314554
0 0.481875 0.6887323943661972 0.01625 0.023474178403755867
0 0.45 0.5624413145539906 0.02875 0.07887323943661972
0 0.465 0.6164319248826291 0.01 0.016901408450704224
1 0.308125 0.6239436619718309 0.3525 0.2995305164319249