1 0.364375 0.2887323943661972 0.12625 0.09389671361502347
1 0.44375 0.37183098591549296 0.19 0.15211267605633802
0 0.548125 0.48826291079812206 0.08875 0.07511737089201878
0 0.4475 0.6741784037558686 0.13625 0.14366197183098592
0 0.245 0.7051643192488263 0.14375 0.1267605633802817
0 0.618125 0.39154929577464787 0.0875 0.07136150234741784
0 0.118125 0.7084507042253522 0.10375 0.07230046948356808
0 0.694375 0.4488262910798122 0.07 0.05821596244131456
0 0.33125 0.6694835680751173 0.09875 0.08450704225352113
0 0.61625 0.5098591549295775 0.05125 0.04225352112676056
1 0.511875 0.18826291079812207 0.18375 0.13615023474178403
0 0.396875 0.5183098591549296 0.06875 0.06103286384976526
0 0.194375 0.3854460093896714 0.0625 0.05539906103286385
0 0.4875 0.5295774647887324 0.07 0.05258215962441314
1 0.669375 0.5624413145539906 0.12 0.09014084507042254
0 0.646875 0.7971830985915493 0.07625 0.04037558685446009
0 0.6775 0.5018779342723004 0.06625 0.051643192488262914
0 0.273125 0.5450704225352113 0.0725 0.05070422535211268
0 0.374375 0.44553990610328637 0.05375 0.04037558685446009
0 0.3575 0.4136150234741784 0.0575 0.036619718309859155
1 0.81125 0.18826291079812207 0.145 0.10328638497652583
0 0.433125 0.14835680751173708 0.06375 0.04225352112676056
0 0.710625 0.16103286384976526 0.0575 0.04976525821596244
0 0.434375 0.5028169014084507 0.05 0.038497652582159626
0 0.8625 0.560093896713615 0.04375 0.04037558685446009
0 0.95375 0.5201877934272301 0.05125 0.04225352112676056
0 0.965625 0.4694835680751174 0.05 0.03943661971830986
1 0.8475 0.5704225352112676 0.11 0.09014084507042254
0 0.369375 0.860093896713615 0.07625 0.022535211267605635
1 0.675625 0.15821596244131456 0.175 0.059154929577464786
0 0.045 0.6145539906103287 0.01625 0.01596244131455399
0 0.0975 0.5422535211267606 0.04625 0.027230046948356807
0 0.08625 0.42769953051643195 0.01875 0.020657276995305163
0 0.2075 0.45117370892018777 0.02 0.015023474178403756
0 0.298125 0.1539906103286385 0.06875 0.01784037558685446
0 0.169375 0.14460093896713616 0.02625 0.010328638497652582
0 0.308125 0.14178403755868543 0.01625 0.012206572769953052
0 0.52375 0.7220657276995305 0.04 0.030985915492957747
0 0.410625 0.8267605633802817 0.02875 0.023474178403755867
0 0.424375 0.7845070422535211 0.03375 0.02535211267605634
0 0.460625 0.7751173708920188 0.02 0.013145539906103286
0 0.480625 0.7784037558685446 0.0275 0.0215962441314554
0 0.549375 0.8056338028169014 0.02 0.01596244131455399
0 0.47 0.7605633802816901 0.02875 0.020657276995305163
0 0.39125 0.8309859154929577 0.0175 0.015023474178403756
0 0.44 0.8061032863849765 0.02875 0.022535211267605635
0 0.415625 0.8070422535211268 0.02625 0.0215962441314554
0 0.393125 0.8150234741784037 0.03125 0.023474178403755867
0 0.450625 0.8244131455399061 0.04 0.030985915492957747
0 0.65 0.6154929577464788 0.045 0.030985915492957747
0 0.29625 0.37652582159624415 0.04375 0.02910798122065728
0 0.474375 0.3995305164319249 0.0325 0.036619718309859155
0 0.42125 0.4610328638497653 0.03 0.030985915492957747
0 0.695 0.5591549295774648 0.035 0.03286384976525822
0 0.80125 0.40375586854460094 0.04 0.03286384976525822
0 0.915625 0.5746478873239437 0.04125 0.03192488262910798
0 0.86125 0.5896713615023474 0.0275 0.01596244131455399
0 0.808125 0.5981220657276995 0.015 0.010328638497652582
0 0.62625 0.1807511737089202 0.085 0.018779342723004695
0 0.56 0.13427230046948357 0.04875 0.01784037558685446
0 0.070625 0.4267605633802817 0.01375 0.01971830985915493
0 0.43 0.8173708920187793 0.01625 0.012206572769953052
0 0.490625 0.7615023474178404 0.0175 0.013145539906103286
0 0.700625 0.5572769953051643 0.01375 0.011267605633802818
0 0.6875 0.5830985915492958 0.0175 0.009389671361502348
0 0.868125 0.5586854460093896 0.01625 0.011267605633802818
0 0.8625 0.46431924882629105 0.0425 0.03568075117370892
0 0.71 0.5788732394366197 0.02 0.015023474178403756