1 0.771525 0.3835680751173709 0.1175 0.0892018779342723
1 0.66625 0.4488262910798122 0.19 0.13333333333333333
0 0.51875 0.5352112676056338 0.095 0.061971830985915494
0 0.265 0.4727699530516432 0.1825 0.09295774647887324
0 0.21 0.32300469483568073 0.16 0.09953051643192488
0 0.6525 0.5807511737089202 0.09 0.06103286384976526
0 0.19649999999999998 0.22839436619718312 0.09 0.07323943661971831
0 0.5811375000000001 0.6422535211267606 0.07375 0.048826291079812206
0 0.263125 0.3854460093896714 0.10625 0.06854460093896714
0 0.495 0.5877934272300469 0.0525 0.03568075117370892
1 0.915025 0.4874178403755869 0.16995000000000002 0.12930516431924882
0 0.46875 0.423943661971831 0.0775 0.04788732394366197
0 0.6306125 0.26268544600938964 0.07 0.0431924882629108
0 0.459975 0.49244131455399065 0.06625 0.048826291079812206
1 0.4289125 0.6316525821596245 0.11241250000000001 0.08431924882629108
0 0.115625 0.6309859154929578 0.04875 0.054460093896713614
0 0.51 0.6333333333333333 0.065 0.046009389671361506
0 0.424675 0.3331924882629108 0.0625 0.051643192488262914
0 0.56375 0.40187793427230045 0.05 0.03755868544600939
0 0.6049375 0.3875211267605634 0.045587499999999996 0.0412300469483568
1 0.9355 0.7110892018779342 0.129 0.1027793427230047
0 0.9625 0.4253521126760563 0.0525 0.04507042253521127
0 0.964925 0.6342723004694836 0.0625 0.04037558685446009
0 0.491875 0.45117370892018777 0.04875 0.03474178403755868
0 0.445625 0.7755868544600939 0.05125 0.03004694835680751
0 0.5051625 0.8413145539906103 0.0529 0.03568075117370892
0 0.5731875 0.8468450704225352 0.05 0.03474178403755868
1 0.4304625 0.7654553990610329 0.113425 0.07738967136150235
0 0.0125 0.4272300469483568 0.025 0.056338028169014086
1 0.9664 0.608131455399061 0.0672 0.12902347417840376
0 0.31625 0.1671361502347418 0.02 0.011267605633802818
0 0.415625 0.20140845070422536 0.03375 0.03286384976525822
0 0.566875 0.1848732394366197 0.02625 0.013352112676056339
0 0.544375 0.2774647887323944 0.01875 0.014084507042253521
0 0.945625 0.3245727699530517 0.01875 0.05100469483568075
0 0.94875 0.2272300469483568 0.0125 0.018779342723004695
0 0.9625 0.3315305164319249 0.015 0.011417840375586855
0 0.206875 0.5333333333333333 0.03875 0.028169014084507043
0 0.06 0.45586854460093895 0.03 0.01971830985915493
0 0.116875 0.46338028169014084 0.03125 0.023474178403755867
0 0.131875 0.4896713615023474 0.01625 0.014084507042253521
0 0.12875 0.5046948356807511 0.0275 0.01971830985915493
0 0.0975 0.5582159624413146 0.02 0.014084507042253521
0 0.151875 0.49577464788732395 0.02625 0.020657276995305163
0 0.053125 0.44178403755868545 0.01875 0.012206572769953052
0 0.089375 0.4765258215962441 0.02875 0.01971830985915493
0 0.08625 0.4582159624413146 0.0275 0.018779342723004695
0 0.074375 0.44178403755868545 0.02875 0.0215962441314554
0 0.065625 0.48544600938967136 0.03875 0.028169014084507043
0 0.356875 0.6206572769953052 0.03875 0.03192488262910798
0 0.6502375 0.3383755868544601 0.03625 0.03076056338028169
0 0.631875 0.4737089201877934 0.04625 0.0215962441314554
0 0.54625 0.4384976525821596 0.04 0.020657276995305163
0 0.43501249999999997 0.6501877934272301 0.04085 0.024291079812206573
0 0.6487875 0.7190704225352113 0.0406375 0.028169014084507043
0 0.43 0.8164319248826291 0.04 0.02910798122065728
0 0.40625 0.7769953051643192 0.02 0.01971830985915493
0 0.39125 0.7375586854460094 0.0125 0.010328638497652582
0 0.9322374999999999 0.5721220657276995 0.0192375 0.06268544600938968
0 0.989875 0.5190704225352112 0.020237500000000002 0.036056338028169016
0 0.5675125 0.1732300469483568 0.024787499999999997 0.009408450704225352
0 0.0734875 0.4694741784037559 0.0149875 0.011248826291079813
0 0.15205 0.5114929577464788 0.016837500000000002 0.01215962441314554
0 0.43825000000000003 0.6543380281690141 0.01355 0.009615023474178403
0 0.40273749999999997 0.6467136150234741 0.0111375 0.011793427230046949
0 0.44755 0.7796525821596244 0.0133125 0.01088262910798122
0 0.57235 0.7690328638497652 0.044487500000000006 0.029577464788732393
0 0.41009999999999996 0.6628638497652583 0.018625 0.013971830985915494