0 0.436875 0.6869728209934396 0.0725 0.05810684161199625
0 0.185 0.5871602624179943 0.1375 0.1105904404873477
0 0.13375 0.39128397375820057 0.04875 0.03561387066541706
0 0.390625 0.6494845360824743 0.08125 0.06654170571696345
0 0.089375 0.5379568884723523 0.04875 0.03561387066541706
0 0.316875 0.6504217432052484 0.06375 0.053420805998125584
0 0.633125 0.8130271790065604 0.18 0.07685098406747891
0 0.33875 0.2000937207122774 0.05625 0.038425492033739454
0 0.72 0.7933458294283037 0.1325 0.07310215557638237
0 0.77875 0.7108716026241799 0.13875 0.07029053420805999
0 0.73 0.7633552014995314 0.17875 0.07310215557638237
0 0.8775 0.1401124648547329 0.0375 0.029053420805998126
0 0.858125 0.16729147141518275 0.02375 0.01780693533270853
0 0.704375 0.2624179943767573 0.03 0.026241799437675725
0 0.9175 0.246485473289597 0.01125 0.007497656982193065
0 0.750625 0.29662605435801315 0.0225 0.02155576382380506
0 0.880625 0.8163074039362699 0.0275 0.03280224929709466
0 0.956875 0.6288659793814433 0.02125 0.01499531396438613
0 0.95 0.6401124648547329 0.0175 0.013120899718837863
0 0.921875 0.6925960637300843 0.03125 0.026241799437675725
0 0.450625 0.1485473289597001 0.0325 0.02530459231490159
0 0.57875 0.5295220243673852 0.02375 0.016869728209934397
0 0.563125 0.37300843486410495 0.01875 0.01499531396438613
0 0.378125 0.39456419868791004 0.02125 0.016869728209934397
0 0.579375 0.37300843486410495 0.01875 0.01780693533270853
0 0.388125 0.8294283036551078 0.025 0.04217432052483599
0 0.689375 0.7160262417994376 0.035 0.026241799437675725
0 0.425 0.8767572633552015 0.035 0.020618556701030927
0 0.55 0.7811621368322399 0.0225 0.023430178069353328
0 0.646875 0.7558575445173383 0.035 0.01874414245548266
0 0.56875 0.7516401124648547 0.0275 0.02530459231490159
0 0.519375 0.7174320524835989 0.01625 0.014058106841611996
0 0.415625 0.7502343017806935 0.0225 0.03655107778819119
0 0.410625 0.7750702905342081 0.01625 0.022492970946579195
0 0.35375 0.7642924086223055 0.015 0.02155576382380506
0 0.345 0.8598875351452671 0.01125 0.02436738519212746
0 0.1025 0.2970946579194002 0.04375 0.03280224929709466
0 0.0425 0.2380506091846298 0.03125 0.02436738519212746
0 0.239375 0.8247422680412371 0.02875 0.033739456419868794
0 0.184375 0.7563261480787254 0.02625 0.01780693533270853
0 0.25375 0.8050609184629803 0.01625 0.02155576382380506
0 0.188125 0.8819119025304593 0.015 0.02155576382380506
0 0.285625 0.7122774133083412 0.0425 0.030927835051546393
0 0.15625 0.9048734770384255 0.01625 0.01874414245548266
0 0.651875 0.2225866916588566 0.03875 0.03561387066541706
0 0.568125 0.38753514526710403 0.01375 0.010309278350515464
0 0.50625 0.46860356138706655 0.02875 0.019681349578256794
0 0.490625 0.45220243673851923 0.02625 0.02155576382380506
0 0.426875 0.415651358950328 0.02625 0.019681349578256794
0 0.198125 0.1579194001874414 0.035 0.013120899718837863
0 0.55625 0.8270852858481724 0.015 0.02155576382380506
0 0.646875 0.7764761012183693 0.12875 0.06935332708528585
0 0.77375 0.802717900656045 0.02 0.019681349578256794
0 0.816875 0.7666354264292409 0.01875 0.019681349578256794
0 0.83375 0.7010309278350515 0.01875 0.019681349578256794
0 0.664375 0.5974695407685099 0.0225 0.014058106841611996
1 0.676875 0.4287722586691659 0.50625 0.37488284910965325
1 0.474375 0.2914714151827554 0.52375 0.3767572633552015