1 0.6386999999999999 0.6097639653815893 0.1601125 0.12040912667191188
1 0.40625 0.5318646734854445 0.2825 0.0975609756097561
1 0.9425 0.6365066876475216 0.115 0.12116443745082613
1 0.214375 0.4972462627852085 0.19875 0.07238394964594808
0 0.0475 0.4205350118017309 0.045 0.03068450039339103
0 0.1 0.24862313139260425 0.0575 0.06923682140047208
0 0.6555374999999999 0.25452399685287175 0.036062500000000004 0.024390243902439025
0 0.516875 0.23603461841070023 0.03375 0.025177025963808025
0 0.373125 0.24311565696302123 0.08125 0.00944138473642801
0 0.5515875 0.31537372147915027 0.01625 0.007081038552321007
0 0.625625 0.3013375295043273 0.01875 0.011014948859166011
0 0.595 0.3139260424862313 0.015 0.007867820613690008
0 0.42875 0.24114870180959874 0.015 0.00865460267505901
0 0.428125 0.23485444531864674 0.01375 0.007081038552321007
0 0.015 0.42014162077104644 0.0275 0.022029897718332022
0 0.016875 0.5279307631785995 0.02875 0.015735641227380016
0 0.0121125 0.5446892210857592 0.01875 0.020456333595594022
0 0.56375 0.45751376868607396 0.025 0.022816679779701022
0 0.44125 0.493705743509048 0.0425 0.016522423288749016
0 0.43875 0.37136113296616835 0.015 0.00944138473642801
0 0.463125 0.528324154209284 0.02375 0.011801730920535013
0 0.626875 0.3760818253343824 0.00875 0.015735641227380016
0 0.5893625 0.6079779701022817 0.018825 0.00948859166011015
0 0.8125 0.35877261998426435 0.04 0.023603461841070025
0 0.7375 0.51573564122738 0.0325 0.013375295043273014
0 0.94875 0.4901652242328875 0.025 0.012588512981904013
0 0.830625 0.3422501966955153 0.03875 0.01888276947285602
0 0.815 0.3910306845003934 0.015 0.02832415420928403
0 0.7875 0.45121951219512196 0.015 0.00865460267505901
0 0.506875 0.6982690794649882 0.02125 0.013375295043273014
0 0.895625 0.7057435090479937 0.03125 0.007867820613690008
0 0.687 0.29598741148701807 0.011962500000000001 0.01070023603461841
0 0.701125 0.29704169944925257 0.0134 0.00948859166011015
0 0.7454000000000001 0.2612588512981904 0.0105375 0.008135326514555468
0 0.82595 0.17673485444531864 0.01365 0.008434303697875688
0 0.567075 0.31286388670338316 0.011012500000000001 0.050173092053501185
0 0.0420125 0.2455153422501967 0.062474999999999996 0.01070023603461841
0 0.045125 0.23398898505114082 0.049550000000000004 0.008135326514555468
0 0.0073 0.37892997639653814 0.0064624999999999995 0.02109362706530291