1 0.314375 0.5774980330448466 0.205 0.1109362706530291
1 0.4575 0.43863099921321796 0.17875 0.18568056648308418
1 0.245625 0.7655389457120377 0.20125 0.08261211644374508
1 0.529375 0.3210070810385523 0.1325 0.13060582218725414
0 0.665 0.22305271439811172 0.0525 0.03068450039339103
0 0.9325 0.2710464201416208 0.115 0.041699449252557044
0 0.875 0.6188040912667191 0.04125 0.025177025963808025
0 0.91625 0.5334382376081825 0.0425 0.023603461841070025
0 0.9175 0.4429583005507474 0.0225 0.05192761605035405
0 0.7875 0.5487804878048781 0.0125 0.011014948859166011
0 0.80375 0.5959874114870181 0.01875 0.012588512981904013
0 0.78625 0.5759244689221086 0.01375 0.010228166797797011
0 0.915625 0.477970102281668 0.015 0.010228166797797011
0 0.925625 0.477970102281668 0.0125 0.00944138473642801
0 0.66875 0.20298977183320221 0.0375 0.01888276947285602
0 0.498125 0.1947285601888277 0.0275 0.01966955153422502
0 0.471875 0.19000786782061369 0.03375 0.013375295043273014
0 0.561875 0.5436664044059796 0.03875 0.01730920535011802
0 0.515 0.46380802517702596 0.03 0.02832415420928403
0 0.70875 0.47285601888276946 0.01625 0.010228166797797011
0 0.458125 0.47442958300550747 0.02125 0.015735641227380016
0 0.685 0.5904799370574351 0.02625 0.007081038552321007
0 0.321875 0.5468135326514555 0.01625 0.012588512981904013
0 0.69625 0.7081038552321007 0.04125 0.02675059008654603
0 0.454375 0.6475216365066876 0.02375 0.021243115656963022
0 0.47625 0.7820613690007868 0.0225 0.016522423288749016
0 0.720625 0.7210857592446892 0.03375 0.025963808025177025
0 0.645 0.7069236821400472 0.04625 0.011801730920535013
0 0.551875 0.6845003933910306 0.015 0.010228166797797011
0 0.185625 0.48701809598741147 0.0225 0.014162077104642014
0 0.14 0.7301337529504327 0.015 0.020456333595594022
0 0.806875 0.6349331235247836 0.01875 0.00865460267505901
0 0.80375 0.6439811172305271 0.01625 0.00944138473642801
0 0.85625 0.6746656176239182 0.01375 0.007081038552321007
0 0.790625 0.5582218725413061 0.08125 0.011801730920535013
0 0.9425 0.23485444531864674 0.0225 0.04012588512981904
0 0.960625 0.23800157356412274 0.01625 0.03225806451612903
0 0.735 0.2018095987411487 0.03375 0.0055074744295830055