1 0.526875 0.6070422535211267 0.14375 0.12488262910798122
1 0.809375 0.6206572769953052 0.16 0.12769953051643193
1 0.174375 0.5089201877934272 0.16875 0.07793427230046948
1 0.333125 0.5380281690140845 0.2375 0.1107981220657277
0 0.06 0.26854460093896715 0.05375 0.06948356807511737
0 0.286875 0.2549295774647887 0.06875 0.012206572769953052
0 0.02 0.26666666666666666 0.04 0.015023474178403756
0 0.52125 0.2568075117370892 0.03 0.024413145539906103
0 0.405625 0.24272300469483568 0.02875 0.02535211267605634
0 0.499375 0.30375586854460096 0.0175 0.012206572769953052
0 0.33375 0.25023474178403754 0.0125 0.008450704225352112
0 0.439375 0.31971830985915495 0.01375 0.008450704225352112
0 0.47625 0.3173708920187793 0.0125 0.007511737089201878
0 0.55 0.2953051643192488 0.0125 0.009389671361502348
0 0.331875 0.24413145539906103 0.0125 0.007511737089201878
0 0.560625 0.2962441314553991 0.01 0.008450704225352112
0 0.4525 0.315962441314554 0.0125 0.05070422535211268
0 0.655625 0.17464788732394365 0.00875 0.007511737089201878
0 0.01375 0.5460093896713615 0.02375 0.01596244131455399
0 0.031875 0.4394366197183099 0.03875 0.03192488262910798
0 0.008125 0.43990610328638496 0.01625 0.0215962441314554
0 0.01125 0.5615023474178403 0.01625 0.020657276995305163
0 0.361875 0.49859154929577465 0.0375 0.01784037558685446
0 0.605 0.5107981220657277 0.0275 0.013145539906103286
0 0.459375 0.45868544600938965 0.02125 0.023474178403755867
0 0.35 0.37746478873239436 0.01375 0.010328638497652582
0 0.6425 0.4460093896713615 0.0125 0.008450704225352112
0 0.50625 0.376056338028169 0.00875 0.018779342723004695
0 0.491875 0.6051643192488263 0.02 0.012206572769953052
0 0.3825 0.532394366197183 0.02 0.010328638497652582
0 0.671875 0.33661971830985915 0.0325 0.0215962441314554
0 0.9475 0.49953051643192486 0.02 0.028169014084507043
0 0.8875 0.38403755868544603 0.02125 0.015023474178403756
0 0.779375 0.4788732394366197 0.0225 0.013145539906103286
0 0.656875 0.3544600938967136 0.0325 0.024413145539906103
0 0.93 0.48169014084507045 0.01875 0.03474178403755868
0 0.42875 0.6962441314553991 0.01875 0.014084507042253521
0 0.97375 0.6769953051643193 0.02 0.011267605633802818
0 0.749375 0.692018779342723 0.02875 0.008450704225352112
0 0.94625 0.6793427230046948 0.02625 0.008450704225352112
0 0.01875 0.25586854460093894 0.0375 0.010328638497652582
0 0.65875 0.38028169014084506 0.00625 0.016901408450704224
0 0.664375 0.392018779342723 0.0075 0.016901408450704224
0 0.4125 0.5248826291079812 0.00625 0.004694835680751174
0 0.595 0.26009389671361505 0.01 0.010328638497652582