1 0.42625 0.2607167955024596 0.17625 0.11454673225579762
1 0.5575 0.25404075895994377 0.1275 0.07519325368938862
0 0.9 0.370695713281799 0.07375 0.04567814476458187
0 0.679375 0.4177793394237526 0.085 0.05200281096275474
0 0.52375 0.46029515108924807 0.08125 0.044975404075895994
0 0.643125 0.6268446943078004 0.0625 0.03443429374560787
0 0.210625 0.3102600140548138 0.05875 0.03443429374560787
0 0.5125 0.4297259311314125 0.0625 0.035839775122979624
0 0.2175 0.26879831342234717 0.0625 0.03162333099086437
0 0.4275 0.39704848910751933 0.05 0.03794799718903725
0 0.603125 0.7543921293042867 0.07125 0.0421644413211525
0 0.51875 0.6384399156711174 0.1275 0.05130007027406887
0 0.4325 0.7273366127898805 0.06625 0.03865073787772312
0 0.349375 0.49859451862262827 0.12125 0.04427266338721012
0 0.31125 0.3253689388615601 0.0475 0.035137034434293744
0 0.391875 0.49226985242445537 0.06875 0.036542515811665496
0 0.338125 0.5245959241040056 0.12875 0.03724525650035137
0 0.548125 0.657062543921293 0.06875 0.036542515811665496
0 0.51875 0.607167955024596 0.145 0.036542515811665496
0 0.34625 0.3422347153900211 0.0525 0.03373155305692199
0 0.65375 0.30815179198875614 0.115 0.06324666198172874
0 0.086875 0.6264933239634575 0.04875 0.029515108924806747
0 0.13375 0.6215741391426564 0.0425 0.024595924104005622
0 0.163125 0.6036542515811666 0.03 0.017568517217146872
0 0.05375 0.7167955024595924 0.02 0.009135628952916374
0 0.05125 0.7269852424455376 0.0175 0.008432888264230498
0 0.05875 0.4578355586788475 0.035 0.024595924104005622
0 0.080625 0.3858046380885453 0.035 0.016865776528460996
0 0.11125 0.4139142656359803 0.0225 0.011946591707659873
0 0.39125 0.7434996486296557 0.0375 0.02108222066057625
0 0.153125 0.6946591707659874 0.0375 0.02600140548137737
0 0.418125 0.7543921293042867 0.03375 0.020379479971890373
0 0.58625 0.7336612789880534 0.0175 0.007730147575544624
0 0.42625 0.5274068868587491 0.05125 0.030920590302178495
0 0.224375 0.4497540407589599 0.0375 0.02600140548137737
0 0.38375 0.3995080815179199 0.05625 0.024595924104005622
0 0.811875 0.2870695713281799 0.04625 0.030217849613492623
0 0.6975 0.2466619817287421 0.025 0.014054813773717497
0 0.680625 0.34680252986647925 0.0325 0.023190442726633873
0 0.994375 0.4947294448348559 0.01125 0.012649332396345749
0 0.861875 0.4817287420941673 0.02375 0.012649332396345749
0 0.86625 0.55024595924104 0.0375 0.02108222066057625
0 0.64375 0.2916373858046381 0.02125 0.012649332396345749
0 0.39625 0.3510189739985945 0.055 0.03162333099086437