1 0.09125 0.5783555867884751 0.1825 0.084328882642305
1 0.05875 0.5066760365425158 0.1175 0.06184118060435699
0 0.21 0.2983134223471539 0.0725 0.035839775122979624
0 0.3275 0.41321152494729446 0.0825 0.040758959943780745
0 0.905 0.18657765284609978 0.0725 0.03724525650035137
0 0.42625 0.49297259311314123 0.07 0.04005621925509487
0 0.700625 0.4005621925509487 0.05375 0.030920590302178495
0 0.211875 0.6904427266338721 0.05375 0.02881236823612087
0 0.374375 0.5042164441321153 0.05625 0.030217849613492623
0 0.138125 0.6929023190442727 0.04875 0.030920590302178495
0 0.330625 0.55621925509487 0.06125 0.023190442726633873
0 0.930625 0.40302178496134927 0.06625 0.03443429374560787
0 0.740625 0.4680252986647927 0.07375 0.06605762473647224
0 0.91 0.5017568517217147 0.06 0.03232607167955025
0 0.52125 0.583977512297962 0.0625 0.06324666198172874
0 0.2225 0.6321152494729445 0.0575 0.02178496134926212
0 0.503125 0.5611384399156711 0.05625 0.03443429374560787
0 0.56875 0.5860857343640197 0.0475 0.06886858749121574
0 0.768125 0.44869992972593115 0.05625 0.03443429374560787
0 0.685625 0.4729444834855938 0.04375 0.07870695713281799
0 0.246875 0.6099789177793394 0.05375 0.025298664792691498
0 0.13875 0.4444834855938159 0.0975 0.05692199578355587
0 0.786875 0.7097680955727337 0.04625 0.023893183415319746
0 0.770625 0.6844694307800422 0.03875 0.02108222066057625
0 0.96125 0.7719606465214336 0.04 0.014757554462403373
0 0.735 0.6707659873506676 0.0275 0.014757554462403373
0 0.950625 0.7139845397048489 0.01375 0.009838369641602248
0 0.96875 0.713633169360506 0.0125 0.009135628952916374
0 0.495 0.7515811665495432 0.04 0.016163035839775124
0 0.365 0.7508784258608573 0.025 0.017568517217146872
0 0.409375 0.7294448348559381 0.01875 0.011243851018973999
0 0.64 0.7937456078706957 0.0175 0.009135628952916374
0 0.945 0.5221363316936051 0.0325 0.018271257905832748
0 0.89625 0.6623330990864371 0.0425 0.017568517217146872
0 0.96 0.505621925509487 0.0325 0.016163035839775124
0 0.896875 0.415671117357695 0.01125 0.009135628952916374
0 0.559375 0.5365425158116655 0.04875 0.024595924104005622
0 0.455 0.6609276177090654 0.0425 0.017568517217146872
0 0.341875 0.5801124385101898 0.03625 0.02881236823612087
0 0.076875 0.3601546029515109 0.04875 0.02178496134926212
0 0.024375 0.43007730147575546 0.02125 0.012649332396345749
0 0.2025 0.42375263527758256 0.0375 0.015460295151089248
0 0.41375 0.22206605762473647 0.02 0.012649332396345749
0 0.41125 0.3018271257905833 0.02 0.011946591707659873
0 0.53125 0.2888264230498946 0.0325 0.018271257905832748
0 0.225625 0.19395643007730148 0.02125 0.012649332396345749
0 0.11125 0.4529163738580464 0.02 0.010541110330288124
0 0.254375 0.5808151791988756 0.05 0.026704146170063246