1 0.5875 0.49343955014058105 0.195 0.13964386129334583
0 0.1475 0.3697282099343955 0.1625 0.11527647610121837
1 0.685 0.5979381443298969 0.1975 0.13120899718837864
1 0.905 0.887535145267104 0.1875 0.13683223992502344
1 0.45125 0.34723523898781633 0.24 0.16588566073102157
1 0.656725 0.3069353327085286 0.23153749999999998 0.16588566073102157
1 0.7424875 0.1210215557638238 0.21747499999999997 0.18432052483598874
1 0.275625 0.5955951265229615 0.21125 0.13214620431115276
1 0.3275 0.6958762886597938 0.175 0.1077788191190253
0 0.60125 0.3486410496719775 0.0625 0.05998125585754452
0 0.7025 0.05576382380506092 0.065 0.044048734770384255
0 0.426875 0.7150890346766635 0.08875 0.07122774133083412
0 0.93 0.24133083411433928 0.0475 0.03280224929709466
0 0.9325 0.3580131208997188 0.0575 0.033739456419868794
1 0.465625 0.5393626991565136 0.23125 0.12839737582005623
0 0.058125 0.4784442361761949 0.11625 0.09840674789128398
0 0.191875 0.8139643861293346 0.03625 0.02717900656044986
0 0.88375 0.39456419868791004 0.0425 0.026241799437675725
0 0.735 0.19962511715089035 0.04 0.046860356138706656
0 0.665625 0.7029053420805998 0.03375 0.02999062792877226
0 0.053125 0.2582005623242737 0.10625 0.19962511715089035
0 0.05625 0.7014995313964386 0.0425 0.03280224929709466
0 0.955 0.5693533270852859 0.0575 0.03467666354264293
0 0.177275 0.7291752577319588 0.0854375 0.058153701968134956
0 0.38375 0.5046860356138707 0.045 0.038425492033739454
0 0.450625 0.5693533270852859 0.13625 0.06279287722586692
1 0.8 0.2760074976569822 0.11 0.08716026241799438
0 0.09 0.6494845360824743 0.0425 0.028116213683223992
0 0.704375 0.6241799437675727 0.04875 0.033739456419868794
0 0.081875 0.6227741330834115 0.03875 0.029053420805998126
0 0.72125 0.6466729147141518 0.0425 0.02999062792877226
0 0.468125 0.7450796626054358 0.07875 0.07497656982193064
0 0.014375 0.704311152764761 0.02875 0.03467666354264293
0 0.75125 0.7019681349578257 0.085 0.07685098406747891
0 0.869375 0.14386129334582942 0.05875 0.038425492033739454
0 0.22215 0.6057075913776945 0.055650000000000005 0.026785379568884722
0 0.44125 0.43767572633552015 0.0675 0.02999062792877226
0 0.090625 0.5229615745079662 0.05375 0.026241799437675725
0 0.045625 0.33692596063730085 0.04375 0.02155576382380506
0 0.990625 0.29615745079662603 0.01625 0.033739456419868794
0 0.605 0.2900656044985942 0.0175 0.010309278350515464
0 0.626875 0.6771321462043112 0.03875 0.019681349578256794
0 0.986875 0.5374882849109653 0.02625 0.02530459231490159
0 0.618125 0.5885660731021556 0.01625 0.011246485473289597
0 0.016875 0.5360824742268041 0.03375 0.016869728209934397
0 0.0099875 0.3487066541705717 0.019975 0.010159325210871602
0 0.3621625 0.6122024367385193 0.025212500000000002 0.01964386129334583
0 0.7769625000000001 0.5890346766635426 0.0084 0.011865042174320524
0 0.7517499999999999 0.9250609184629803 0.011375 0.011490159325210872
1 0.8966124999999999 0.920796626054358 0.0519125 0.03188378631677601
0 0.6415000000000001 0.39941893158388003 0.0796 0.032989690721649485