1 0.588125 0.49812558575445176 0.2075 0.14995313964386128
0 0.160625 0.3514526710402999 0.1725 0.12371134020618557
1 0.675625 0.6073102155576382 0.20875 0.1415182755388941
1 0.868125 0.9076850984067479 0.2 0.14620431115276475
1 0.465625 0.344892221180881 0.255 0.1780693533270853
1 0.674375 0.3158388003748828 0.24625 0.17713214620431114
1 0.776875 0.1344892221180881 0.23375 0.1958762886597938
1 0.2675 0.5834114339268979 0.2225 0.14245548266166824
1 0.31 0.6865042174320525 0.185 0.1162136832239925
0 0.615 0.3542642924086223 0.0675 0.06279287722586692
0 0.743125 0.06747891283973759 0.06875 0.04779756326148079
0 0.406875 0.7108716026241799 0.095 0.07591377694470477
0 0.953125 0.2642924086223055 0.05 0.03561387066541706
0 0.944375 0.3809746954076851 0.06 0.03655107778819119
1 0.461875 0.5374882849109653 0.2425 0.14058106841611998
0 0.061875 0.4550140581068416 0.12375 0.10402999062792877
0 0.163125 0.7970946579194002 0.03875 0.029053420805998126
0 0.8925 0.4147141518275539 0.045 0.028116213683223992
0 0.7625 0.21274601686972822 0.04375 0.04873477038425492
0 0.64625 0.7108716026241799 0.03625 0.031865042174320526
0 0.076875 0.2352389878163074 0.125 0.204311152764761
0 0.03875 0.6776007497656982 0.045 0.03467666354264293
0 0.9475 0.5927835051546392 0.06 0.03748828491096532
0 0.156875 0.711808809746954 0.09 0.06279287722586692
0 0.38375 0.4985941893158388 0.04875 0.04029990627928772
0 0.444375 0.5665417057169635 0.14125 0.06935332708528585
1 0.82 0.2924086223055295 0.1175 0.09278350515463918
0 0.076875 0.627460168697282 0.045 0.02999062792877226
0 0.6925 0.6344892221180881 0.05125 0.03655107778819119
0 0.07125 0.6007497656982193 0.04125 0.030927835051546393
0 0.706875 0.6579194001874414 0.045 0.031865042174320526
0 0.445625 0.7427366447985004 0.085 0.07872539831302718
0 0.00625 0.6780693533270853 0.0125 0.03655107778819119
0 0.731875 0.7146204311152765 0.0925 0.08153701968134958
0 0.901875 0.1640112464854733 0.0625 0.041237113402061855
0 0.2125 0.5909090909090909 0.05875 0.02999062792877226
0 0.4475 0.43486410496719774 0.07 0.033739456419868794
0 0.089375 0.5014058106841612 0.05625 0.029053420805998126
0 0.061875 0.3134957825679475 0.04625 0.023430178069353328
0 0.624375 0.29615745079662603 0.01875 0.011246485473289597
0 0.61 0.683223992502343 0.04 0.02155576382380506
0 0.9825 0.5627928772258669 0.02875 0.026241799437675725
0 0.609375 0.5946579194001874 0.0175 0.01218369259606373
0 0.01625 0.5107778819119025 0.0325 0.01874414245548266
0 0.025 0.3233364573570759 0.02125 0.011246485473289597
0 0.351875 0.6044985941893158 0.02625 0.020618556701030927
0 0.768125 0.6030927835051546 0.01 0.01218369259606373
0 0.711875 0.9372071227741331 0.0125 0.01218369259606373
1 0.856875 0.9404873477038426 0.055 0.03467666354264293
0 0.65 0.40674789128397376 0.0825 0.03655107778819119