1 0.83 0.20899718837863168 0.20875 0.16026241799437677
1 0.795 0.3655107778819119 0.21125 0.15370196813495782
1 0.648125 0.5791940018744143 0.1525 0.11433926897844424
0 0.264375 0.8139643861293346 0.07125 0.05529522024367385
0 0.725 0.6705716963448922 0.10625 0.06560449859418932
1 0.62 0.6677600749765699 0.15 0.10590440487347703
0 0.54 0.8134957825679475 0.1325 0.06747891283973759
0 0.9325 0.5955951265229615 0.135 0.09278350515463918
1 0.501875 0.7225866916588566 0.21125 0.1471415182755389
0 0.218125 0.8458294283036552 0.04 0.02999062792877226
1 0.72375 0.506560449859419 0.22 0.11527647610121837
0 0.3125 0.7802249297094658 0.03875 0.02999062792877226
0 0.409375 0.8055295220243673 0.045 0.033739456419868794
0 0.534375 0.13636363636363635 0.05 0.03561387066541706
0 0.303125 0.1583880037488285 0.04125 0.03655107778819119
0 0.60875 0.7647610121836926 0.0475 0.031865042174320526
0 0.52375 0.6588566073102156 0.07 0.030927835051546393
0 0.644375 0.5487347703842549 0.04 0.031865042174320526
0 0.45875 0.8106841611996252 0.04375 0.033739456419868794
0 0.4675 0.7905342080599812 0.05875 0.033739456419868794
0 0.569375 0.7591377694470478 0.07 0.05248359887535145
0 0.77125 0.5182755388940956 0.08125 0.06373008434864105
0 0.1875 0.8894095595126523 0.03125 0.031865042174320526
0 0.29 0.6574507966260543 0.02375 0.019681349578256794
0 0.0675 0.8903467666354264 0.02 0.029053420805998126
0 0.42625 0.6958762886597938 0.03625 0.016869728209934397
0 0.299375 0.8833177132146204 0.0325 0.028116213683223992
0 0.1325 0.6813495782567948 0.01375 0.008434864104967198
0 0.74125 0.7586691658856607 0.02625 0.02155576382380506
0 0.646875 0.7764761012183693 0.02625 0.022492970946579195
0 0.939375 0.7422680412371134 0.03 0.022492970946579195
0 0.974375 0.7642924086223055 0.03 0.019681349578256794
0 0.575 0.8589503280224929 0.0275 0.023430178069353328
0 0.845 0.8416119962511716 0.02875 0.011246485473289597
0 0.523125 0.16307403936269915 0.015 0.00937207122774133
1 0.698125 0.14386129334582942 0.18125 0.09372071227741331
0 0.76625 0.5299906279287723 0.02 0.01499531396438613