1 0.113125 0.7488284910965324 0.1925 0.14901593252108716
1 0.180625 0.5979381443298969 0.19625 0.14245548266166824
1 0.37 0.4044048734770384 0.1425 0.10590440487347703
0 0.798125 0.21743205248359887 0.06625 0.05154639175257732
0 0.313125 0.30506091846298033 0.1 0.05998125585754452
1 0.41625 0.32005623242736647 0.13875 0.09840674789128398
0 0.525625 0.18556701030927836 0.12625 0.059044048734770385
0 0.088125 0.3537956888472352 0.13375 0.08528584817244611
1 0.544375 0.2797563261480787 0.1975 0.13495782567947517
0 0.850625 0.19165885660731022 0.0375 0.028116213683223992
1 0.28 0.46719775070290537 0.21125 0.10309278350515463
0 0.74375 0.2450796626054358 0.03625 0.028116213683223992
0 0.653125 0.20852858481724462 0.04125 0.030927835051546393
0 0.39 0.8552014995313965 0.04625 0.03280224929709466
0 0.623125 0.8603561387066542 0.0375 0.03467666354264293
0 0.4475 0.22586691658856609 0.045 0.029053420805998126
0 0.51 0.3402061855670103 0.0675 0.02717900656044986
0 0.3675 0.4353327085285848 0.03625 0.02999062792877226
0 0.605625 0.19775070290534208 0.04 0.030927835051546393
0 0.5925 0.2169634489222118 0.05625 0.030927835051546393
0 0.485625 0.23617619493908154 0.065 0.04873477038425492
0 0.235625 0.4498594189315839 0.075 0.059044048734770385
0 0.89 0.15182755388940955 0.0275 0.030927835051546393
0 0.74 0.36879100281162136 0.0225 0.01874414245548266
0 0.61375 0.3149015932521087 0.035 0.01499531396438613
0 0.778125 0.14479850046860357 0.03 0.026241799437675725
0 0.90125 0.3641049671977507 0.0125 0.007497656982193065
0 0.315625 0.21602624179943766 0.025 0.020618556701030927
0 0.413125 0.2099343955014058 0.02375 0.02155576382380506
0 0.11625 0.20899718837863168 0.02875 0.020618556701030927
0 0.08625 0.18322399250234303 0.02875 0.01780693533270853
0 0.500625 0.13683223992502344 0.025 0.022492970946579195
0 0.230625 0.1218369259606373 0.0275 0.00937207122774133
0 0.406875 0.8298969072164949 0.01375 0.008434864104967198
1 0.23 0.8284910965323337 0.17375 0.08341143392689784
0 0.243125 0.4395501405810684 0.0175 0.013120899718837863