0 0.49 0.53514526710403 0.1025 0.09934395501405811
0 0.413125 0.14620431115276475 0.12375 0.07872539831302718
0 0.48625 0.38144329896907214 0.07 0.08247422680412371
1 0.729375 0.46719775070290537 0.18125 0.11715089034676664
0 0.32125 0.2666354264292409 0.1175 0.06279287722586692
1 0.80625 0.8209934395501406 0.1 0.06935332708528585
0 0.074375 0.267572633552015 0.14875 0.10965323336457357
0 0.183125 0.35941893158388005 0.08875 0.12089971883786317
1 0.8175 0.5627928772258669 0.1225 0.07778819119025304
0 0.25875 0.5970009372071228 0.15 0.06935332708528585
0 0.651875 0.22352389878163073 0.04125 0.03280224929709466
0 0.2575 0.5257731958762887 0.0325 0.04311152764761012
1 0.90625 0.6757263355201499 0.1 0.07310215557638237
0 0.9475 0.49250234301780693 0.0375 0.029053420805998126
1 0.856875 0.7492970946579194 0.09875 0.07591377694470477
0 0.156875 0.563730084348641 0.08375 0.053420805998125584
0 0.2825 0.14761012183692596 0.0425 0.03655107778819119
0 0.085 0.7300843486410497 0.0325 0.03561387066541706
0 0.036875 0.43908153701968133 0.07375 0.08341143392689784
0 0.97375 0.2614807872539831 0.0475 0.02436738519212746
0 0.634375 0.443767572633552 0.01625 0.01218369259606373
0 0.843125 0.26991565135895035 0.03375 0.022492970946579195
0 0.565475 0.6420431115276476 0.013537500000000001 0.012521087160262418
0 0.5499 0.5555951265229616 0.0121875 0.01556701030927835
0 0.861225 0.7609746954076851 0.0206875 0.0157825679475164
0 0.907325 0.7051827553889409 0.0156125 0.007619493908153703
0 0.9234749999999999 0.7010965323336458 0.0123375 0.0081630740393627