0 0.4525 0.4943767572633552 0.1375 0.08153701968134958
0 0.954375 0.41658856607310213 0.0875 0.09559512652296158
0 0.6575 0.4835988753514527 0.11375 0.05716963448922212
1 0.555625 0.6701030927835051 0.165 0.1415182755388941
0 0.80125 0.3537956888472352 0.09 0.09090909090909091
1 0.08875 0.7460168697282099 0.0975 0.07872539831302718
0 0.7875 0.169165885660731 0.15375 0.11715089034676664
0 0.670625 0.25538894095595127 0.16625 0.07310215557638237
1 0.433125 0.7408622305529522 0.11 0.09559512652296158
0 0.358125 0.32427366447985007 0.1 0.1162136832239925
0 0.87625 0.5993439550140581 0.04625 0.03280224929709466
0 0.453125 0.31958762886597936 0.05875 0.026241799437675725
1 0.2875 0.8134957825679475 0.1025 0.07872539831302718
0 0.533125 0.8345829428303655 0.04125 0.02999062792877226
1 0.186875 0.7802249297094658 0.10625 0.07778819119025304
0 0.396875 0.246485473289597 0.075 0.06560449859418932
0 0.958125 0.31865042174320524 0.05125 0.033739456419868794
0 0.171875 0.2014995313964386 0.04875 0.026241799437675725
0 0.556875 0.14995313964386128 0.115 0.05998125585754452
0 0.8425 0.8420805998125586 0.035 0.03655107778819119
0 0.581875 0.5974695407685099 0.0175 0.013120899718837863
0 0.824375 0.7450796626054358 0.03125 0.026241799437675725
0 0.314375 0.5567010309278351 0.0175 0.011246485473289597
0 0.428125 0.5402999062792877 0.0225 0.010309278350515464
0 0.17125 0.7839737582005624 0.0225 0.016869728209934397
0 0.248125 0.8158388003748829 0.01125 0.011246485473289597
0 0.254375 0.8280224929709465 0.0125 0.00937207122774133