0 0.920625 0.8626991565135895 0.12875 0.08434864104967198
1 0.230625 0.45454545454545453 0.1825 0.1471415182755389
1 0.7925 0.47375820056232426 0.415 0.3158388003748828
0 0.0425 0.5201499531396439 0.04 0.03655107778819119
1 0.8275 0.6087160262417994 0.19875 0.24554826616682288
0 0.023125 0.23336457357075913 0.0425 0.033739456419868794
0 0.0125 0.36363636363636365 0.025 0.04311152764761012
0 0.021875 0.4400187441424555 0.04375 0.04029990627928772
0 0.295 0.40815370196813494 0.05625 0.05810684161199625
0 0.829375 0.7521087160262419 0.04625 0.04029990627928772
0 0.906875 0.6068416119962512 0.05 0.03655107778819119
1 0.23125 0.5838800374882849 0.175 0.13495782567947517
0 0.84625 0.8786316776007498 0.04375 0.038425492033739454
0 0.105625 0.6635426429240863 0.04 0.04029990627928772
1 0.15 0.739456419868791 0.26625 0.2642924086223055
0 0.7775 0.3936269915651359 0.05 0.03936269915651359
0 0.595625 0.33177132146204313 0.0675 0.04217432052483599
0 0.1625 0.46672914714151825 0.0425 0.061855670103092786
0 0.125625 0.8608247422680413 0.0525 0.02530459231490159
0 0.085625 0.8931583880037488 0.05125 0.044048734770384255
0 0.268125 0.9803186504217432 0.04375 0.03936269915651359
1 0.65125 0.43673851921274603 0.16125 0.19962511715089035
0 0.918125 0.5004686035613871 0.10625 0.1105904404873477
0 0.273125 0.810215557638238 0.02875 0.04311152764761012
0 0.61875 0.647610121836926 0.02875 0.02530459231490159
0 0.811875 0.8420805998125586 0.025 0.044048734770384255
0 0.5725 0.718369259606373 0.0225 0.020618556701030927
0 0.738125 0.5187441424554826 0.01 0.00937207122774133
0 0.156875 0.774601686972821 0.03125 0.026241799437675725
0 0.55 0.711340206185567 0.01875 0.023430178069353328
0 0.309375 0.9615745079662605 0.0225 0.014058106841611996
0 0.06 0.8542642924086223 0.01125 0.014058106841611996
0 0.21625 0.6391752577319587 0.025 0.013120899718837863
0 0.2575 0.6185567010309279 0.02125 0.01218369259606373
0 0.0625 0.8706654170571696 0.01375 0.013120899718837863
0 0.059375 0.19119025304592316 0.02625 0.015932521087160263
0 0.105625 0.3547328959700094 0.025 0.01499531396438613
0 0.176875 0.22446110590440488 0.025 0.013120899718837863
0 0.20625 0.42642924086223055 0.0525 0.015932521087160263
0 0.180625 0.17478912839737581 0.015 0.01218369259606373
0 0.32375 0.49203373945641987 0.0275 0.033739456419868794
0 0.23875 0.30740393626991563 0.01 0.010309278350515464
0 0.2375 0.42924086223055297 0.01625 0.01218369259606373
0 0.31875 0.5829428303655108 0.02875 0.04029990627928772
0 0.5125 0.507029053420806 0.01375 0.008434864104967198
0 0.56375 0.6968134957825679 0.01125 0.00937207122774133
0 0.571875 0.7014995313964386 0.0125 0.01499531396438613
0 0.73375 0.8734770384254921 0.01 0.007497656982193065
0 0.895 0.506560449859419 0.0125 0.014058106841611996