0 0.14125 0.10168697282099344 0.1175 0.07403936269915651
1 0.7602249999999999 0.5698031865042175 0.16204999999999997 0.13305529522024367
1 0.20111249999999997 0.4991565135895033 0.37825000000000003 0.2830365510777882
0 0.9575 0.5220243673851921 0.035 0.033739456419868794
1 0.19225 0.3623242736644799 0.1619875 0.2320618556701031
0 0.93 0.8083411433926898 0.0375 0.030927835051546393
0 0.975 0.6813495782567948 0.045 0.03936269915651359
0 0.965625 0.6026241799437676 0.03875 0.03748828491096532
0 0.68875 0.6101218369259607 0.0475 0.05435801312089972
0 0.21375 0.2197750702905342 0.04 0.03655107778819119
0 0.9475 0.9381443298969072 0.045 0.033739456419868794
0 0.11375 0.35660731021555764 0.045 0.03280224929709466
1 0.780625 0.4414245548266167 0.15625 0.1218369259606373
0 0.218125 0.09278350515463918 0.03875 0.03561387066541706
0 0.918125 0.3739456419868791 0.03375 0.03748828491096532
1 0.88625 0.2942830365510778 0.2275 0.24554826616682288
0 0.2075 0.5801312089971884 0.045 0.03561387066541706
0 0.3775 0.6583880037488284 0.0625 0.03655107778819119
0 0.829375 0.563730084348641 0.03375 0.059044048734770385
0 0.93 0.17619493908153702 0.05 0.020618556701030927
0 0.975 0.14761012183692596 0.045 0.04029990627928772
0 0.8075 0.044048734770384255 0.0375 0.03748828491096532
1 0.339375 0.5486316776007497 0.1317375 0.18930646672914714
0 0.085 0.4611059044048735 0.09 0.10309278350515463
0 0.7756875 0.21296157450796624 0.0225 0.041237113402061855
0 0.40625 0.3425492033739456 0.025 0.023430178069353328
0 0.24625 0.13214620431115276 0.0175 0.04311152764761012
0 0.4639125 0.2763917525773196 0.020325000000000003 0.01892221180880975
0 0.266875 0.4597000937207123 0.00875 0.008434864104967198
0 0.885 0.25866916588566075 0.0275 0.02436738519212746
0 0.485 0.2858481724461106 0.015 0.022492970946579195
0 0.764375 0.05951265229615745 0.02125 0.01218369259606373
0 0.994375 0.18837863167760074 0.00875 0.013120899718837863
0 0.804375 0.3880037488284911 0.02375 0.011246485473289597
0 0.76 0.4044048734770384 0.02 0.010309278350515464
0 0.994375 0.17197750702905343 0.01125 0.01218369259606373
0 0.886875 0.8467666354264293 0.02375 0.014058106841611996
0 0.8675 0.6804123711340206 0.0225 0.013120899718837863
0 0.775625 0.8031865042174321 0.02375 0.011246485473289597
0 0.779375 0.5998125585754451 0.05125 0.011246485473289597
0 0.764375 0.851921274601687 0.01375 0.011246485473289597
0 0.67375 0.5238987816307404 0.0225 0.031865042174320526
0 0.728125 0.7150890346766635 0.00875 0.00937207122774133
0 0.74875 0.5941893158388004 0.015 0.011246485473289597
0 0.6929125 0.43419868791002814 0.023125 0.03846298031865042
0 0.4886125 0.4922211808809747 0.0121375 0.0075164011246485465
0 0.46862499999999996 0.29883786316776006 0.0098625 0.00803186504217432
0 0.4610125 0.2933458294283037 0.0098625 0.013945641986879101
0 0.328525 0.10767572633552015 0.0087375 0.00655107778819119
0 0.108575 0.45716963448922215 0.0094875 0.01310215557638238