1 0.6181640625 0.17683823529411766 0.2890625 0.3536764705882353
1 0.465576171875 0.18970588235294117 0.58642578125 0.37941176470588234
1 0.49169921875 0.3790441176470588 0.54443359375 0.43014705882352944
1 0.57568359375 0.6775735294117647 0.40625 0.5764705882352941
1 0.702880859375 0.7003676470588235 0.25537109375 0.5955882352941176
1 0.814697265625 0.6794117647058824 0.04541015625 0.5360294117647059
1 0.81689453125 0.4540441176470588 0.0302734375 0.09558823529411764
1 0.8193359375 0.41875 0.02392578125 0.03897058823529412
1 0.820556640625 0.3871323529411765 0.02099609375 0.03161764705882353
1 0.817626953125 0.34448529411764706 0.02587890625 0.06102941176470588
1 0.811279296875 0.17647058823529413 0.03857421875 0.35294117647058826
0 0.82080078125 0.08198529411764706 0.01318359375 0.03823529411764706
0 0.78564453125 0.37573529411764706 0.0439453125 0.0661764705882353
0 0.83154296875 0.8647058823529412 0.009765625 0.04852941176470588
0 0.515625 0.07463235294117647 0.01806640625 0.03308823529411765
0 0.2451171875 0.5036764705882353 0.0205078125 0.016176470588235296