0 0.923095703125 0.773193359375 0.07373046875 0.09716796875
0 0.845703125 0.7802734375 0.03759765625 0.04833984375
0 0.86865234375 0.865478515625 0.046875 0.046875
0 0.779296875 0.87890625 0.048828125 0.04296875
0 0.64404296875 0.868408203125 0.0517578125 0.0458984375
0 0.659423828125 0.9560546875 0.06591796875 0.0625
0 0.57373046875 0.97265625 0.05615234375 0.03369140625
0 0.48828125 0.983154296875 0.0517578125 0.03369140625
0 0.59814453125 0.705810546875 0.216796875 0.22802734375
0 0.4228515625 0.830322265625 0.263671875 0.26806640625
0 0.296630859375 0.993408203125 0.03466796875 0.01318359375
0 0.292724609375 0.9150390625 0.04833984375 0.06884765625
0 0.203369140625 0.924560546875 0.09326171875 0.1298828125
0 0.109375 0.93212890625 0.0234375 0.0244140625
0 0.0478515625 0.82373046875 0.029296875 0.05029296875
0 0.031494140625 0.671142578125 0.046875 0.15625
0 0.08056640625 0.71435546875 0.05810546875 0.0546875
0 0.51611328125 0.5791015625 0.025390625 0.03955078125
0 0.59619140625 0.56640625 0.0234375 0.02392578125
0 0.629150390625 0.486572265625 0.05224609375 0.04931640625
0 0.70654296875 0.555419921875 0.05810546875 0.068359375
0 0.960205078125 0.439697265625 0.07958984375 0.16259765625
0 0.93603515625 0.248779296875 0.078125 0.05712890625
0 0.86767578125 0.212890625 0.0693359375 0.0703125
0 0.87109375 0.321533203125 0.08154296875 0.06689453125
0 0.801513671875 0.3310546875 0.08935546875 0.0712890625
0 0.72119140625 0.275146484375 0.07763671875 0.05908203125
0 0.635498046875 0.17333984375 0.166015625 0.18017578125
0 0.477783203125 0.434326171875 0.08447265625 0.078125
0 0.34619140625 0.330078125 0.0341796875 0.0302734375
0 0.281494140625 0.222900390625 0.052734375 0.03857421875
0 0.204833984375 0.219482421875 0.0439453125 0.03369140625
0 0.13720703125 0.285888671875 0.04443359375 0.03271484375
0 0.064697265625 0.540771484375 0.03466796875 0.05078125
0 0.037109375 0.171142578125 0.07421875 0.08447265625
0 0.430908203125 0.1494140625 0.04150390625 0.0380859375