0 0.932373046875 0.75830078125 0.076171875 0.09912109375
0 0.85546875 0.76806640625 0.0390625 0.04931640625
0 0.881103515625 0.8525390625 0.0478515625 0.0478515625
0 0.792236328125 0.868896484375 0.0498046875 0.0439453125
0 0.656982421875 0.86328125 0.05322265625 0.04736328125
0 0.675048828125 0.9501953125 0.0673828125 0.064453125
0 0.59033203125 0.9697265625 0.056640625 0.03515625
0 0.5048828125 0.982666015625 0.052734375 0.03466796875
0 0.605224609375 0.702392578125 0.22314453125 0.23388671875
0 0.4345703125 0.832763671875 0.2705078125 0.27490234375
0 0.307373046875 0.922119140625 0.05078125 0.0703125
0 0.218017578125 0.934326171875 0.09716796875 0.13134765625
0 0.124755859375 0.945556640625 0.0244140625 0.02490234375
0 0.059326171875 0.839111328125 0.03076171875 0.05078125
0 0.037841796875 0.6875 0.05224609375 0.15625
0 0.08837890625 0.728759765625 0.0595703125 0.056640625
0 0.518798828125 0.57861328125 0.0263671875 0.0400390625
0 0.598388671875 0.56298828125 0.02392578125 0.0244140625
0 0.628662109375 0.482177734375 0.0537109375 0.05078125
0 0.708251953125 0.548095703125 0.06005859375 0.06982421875
0 0.957763671875 0.42333984375 0.08447265625 0.1640625
0 0.927001953125 0.233642578125 0.07958984375 0.0595703125
0 0.857421875 0.2001953125 0.0712890625 0.07177734375
0 0.86474609375 0.308837890625 0.08349609375 0.0693359375
0 0.79541015625 0.32080078125 0.09130859375 0.07373046875
0 0.71337890625 0.267578125 0.07861328125 0.0615234375
0 0.6240234375 0.1689453125 0.1708984375 0.1845703125
0 0.475341796875 0.43505859375 0.08642578125 0.08056640625
0 0.340576171875 0.33544921875 0.03515625 0.03125
0 0.27197265625 0.230712890625 0.0537109375 0.0400390625
0 0.1953125 0.22998046875 0.04443359375 0.03466796875
0 0.1298828125 0.298583984375 0.04541015625 0.0341796875
0 0.06640625 0.555908203125 0.0361328125 0.05126953125
0 0.0322265625 0.188232421875 0.064453125 0.08740234375
0 0.418701171875 0.152099609375 0.04248046875 0.0390625