0 0.982421875 0.01611328125 0.03466796875 0.03173828125
0 0.82275390625 0.11328125 0.09033203125 0.06298828125
0 0.8203125 0.19091796875 0.044921875 0.0322265625
0 0.90771484375 0.1787109375 0.0419921875 0.0419921875
0 0.91015625 0.26904296875 0.03759765625 0.04443359375
0 0.88330078125 0.40185546875 0.04052734375 0.04736328125
0 0.97216796875 0.3974609375 0.0556640625 0.0595703125
0 0.97802734375 0.484375 0.02734375 0.05322265625
0 0.9794921875 0.57080078125 0.03076171875 0.04833984375
0 0.71630859375 0.427734375 0.2060546875 0.193359375
0 0.818359375 0.61669921875 0.2412109375 0.23583984375
0 0.97998046875 0.763671875 0.03955078125 0.0302734375
0 0.88671875 0.75634765625 0.064453125 0.041015625
0 0.88525390625 0.84619140625 0.12109375 0.0791015625
0 0.88134765625 0.9404296875 0.02197265625 0.02099609375
0 0.76611328125 0.98828125 0.0478515625 0.0234375
0 0.61279296875 0.98583984375 0.15380859375 0.0283203125
0 0.66162109375 0.9423828125 0.048828125 0.052734375
0 0.58056640625 0.49365234375 0.037109375 0.02099609375
0 0.57763671875 0.41259765625 0.021484375 0.02099609375
0 0.50244140625 0.3701171875 0.0439453125 0.04736328125
0 0.580078125 0.3017578125 0.0625 0.05078125
0 0.49658203125 0.033203125 0.15576171875 0.06591796875
0 0.3037109375 0.03662109375 0.048828125 0.07275390625
0 0.259765625 0.10009765625 0.06298828125 0.06201171875
0 0.3681640625 0.10986328125 0.05810546875 0.0751953125
0 0.369140625 0.18017578125 0.0615234375 0.08251953125
0 0.3037109375 0.2529296875 0.05078125 0.07177734375
0 0.1923828125 0.32568359375 0.16357421875 0.14697265625
0 0.43212890625 0.51416015625 0.0693359375 0.07666015625
0 0.3125 0.6318359375 0.02685546875 0.03125
0 0.1982421875 0.68310546875 0.03271484375 0.04931640625
0 0.185546875 0.7587890625 0.02880859375 0.04052734375
0 0.2431640625 0.833984375 0.02783203125 0.04150390625
0 0.4873046875 0.93701171875 0.04736328125 0.029296875
0 0.115234375 0.9375 0.072265625 0.103515625
0 0.1435546875 0.52587890625 0.03369140625 0.03759765625