1 0.855 0.2197750702905342 0.15375 0.11996251171508904
0 0.60875 0.6569821930646673 0.13625 0.10121836925960637
1 0.289375 0.3458294283036551 0.17375 0.09372071227741331
1 0.57 0.3650421743205248 0.23125 0.10309278350515463
1 0.57 0.5927835051546392 0.19125 0.09559512652296158
1 0.710625 0.37722586691658855 0.205 0.1021555763823805
0 0.33375 0.7750702905342081 0.08875 0.05716963448922212
0 0.296875 0.8214620431115276 0.08875 0.06279287722586692
1 0.40875 0.4620431115276476 0.16125 0.10402999062792877
1 0.724375 0.2104029990627929 0.15125 0.1190253045923149
0 0.470625 0.6893158388003748 0.07375 0.04967197750702906
1 0.448125 0.5782567947516402 0.1825 0.09559512652296158
1 0.14875 0.4343955014058107 0.13875 0.10028116213683223
1 0.414375 0.3547328959700094 0.22 0.09840674789128398
0 0.615 0.8462980318650422 0.08625 0.05060918462980318
0 0.684375 0.683223992502343 0.03875 0.03280224929709466
1 0.576875 0.17713214620431114 0.14375 0.10590440487347703
1 0.876875 0.866447985004686 0.0775 0.04873477038425492
0 0.556875 0.8687910028116214 0.0925 0.03561387066541706
1 0.735625 0.8716026241799437 0.2325 0.07497656982193064
1 0.174375 0.15229615745079664 0.12875 0.10965323336457357
0 0.215 0.704311152764761 0.03625 0.03467666354264293
1 0.291875 0.1583880037488285 0.1725 0.1162136832239925
1 0.274375 0.4484536082474227 0.1775 0.1049671977507029
0 0.04 0.6237113402061856 0.02875 0.031865042174320526
0 0.1 0.612933458294283 0.02375 0.019681349578256794
0 0.041875 0.739456419868791 0.0325 0.033739456419868794
0 0.05875 0.7924086223055296 0.0225 0.01780693533270853
0 0.456875 0.16729147141518275 0.0275 0.020618556701030927
0 0.128125 0.1260543580131209 0.02125 0.016869728209934397
0 0.43 0.47891283973758203 0.03125 0.02436738519212746
0 0.08875 0.11808809746954077 0.03125 0.03467666354264293
0 0.42875 0.23149015932521086 0.01125 0.011246485473289597
0 0.920625 0.26382380506091846 0.02125 0.02436738519212746
0 0.8225 0.6260543580131209 0.0325 0.02155576382380506
0 0.878125 0.5965323336457357 0.015 0.011246485473289597
0 0.831875 0.23430178069353327 0.02875 0.02155576382380506
0 0.89625 0.3181818181818182 0.02375 0.01874414245548266
0 0.67375 0.18697282099343954 0.025 0.01780693533270853
0 0.88625 0.20243673851921273 0.0225 0.022492970946579195
0 0.611875 0.845360824742268 0.01875 0.015932521087160263
0 0.54 0.8711340206185567 0.02125 0.015932521087160263
1 0.43875 0.16869728209934395 0.1725 0.11715089034676664