1 0.685 0.8265060240963855 0.1275 0.12289156626506025
1 0.07625 0.1614457831325301 0.14 0.13253012048192772
0 0.948125 0.8048192771084337 0.08625 0.13493975903614458
1 0.049375 0.34518072289156626 0.09875 0.12650602409638553
0 0.0375 0.8114457831325301 0.075 0.0783132530120482
0 0.655 0.22048192771084338 0.1875 0.10843373493975904
0 0.870625 0.3409638554216867 0.21875 0.1686746987951807
0 0.338125 0.8036144578313253 0.13125 0.04096385542168675
0 0.2728625 0.1765180722891566 0.0643875 0.051891566265060245
0 0.7870999999999999 0.32909638554216863 0.015025 0.01497590361445783
1 0.95695 0.7534337349397591 0.0861125 0.24630120481927711
0 0.25420000000000004 0.7748072289156627 0.0825125 0.018819277108433733
0 0.41612499999999997 0.7782289156626505 0.0603375 0.02053012048192771
1 0.315425 0.8073132530120483 0.3841875 0.2052530120481928