1 0.82125 0.29397590361445786 0.13875 0.13373493975903614
1 0.186875 0.9313253012048193 0.14875 0.13734939759036144
0 0.77625 0.045180722891566265 0.1475 0.09036144578313253
1 0.379375 0.9463855421686747 0.13875 0.10602409638554217
0 0.8625 0.9168674698795181 0.0875 0.0783132530120482
0 0.1975 0.3753012048192771 0.12875 0.1891566265060241
0 0.303125 0.1578313253012048 0.19375 0.2253012048192771
0 0.828125 0.6289156626506024 0.05375 0.13012048192771083
0 0.185625 0.7457831325301205 0.05875 0.06746987951807229
0 0.298125 0.2391566265060241 0.01625 0.01566265060240964
1 0.721875 0.04578313253012048 0.26125 0.09156626506024096
0 0.805625 0.7120481927710843 0.0275 0.08072289156626505
0 0.795 0.5560240963855422 0.02625 0.05903614457831325
1 0.83375 0.65 0.245 0.38674698795180723