1 0.655 0.8409638554216867 0.13875 0.13373493975903614
1 0.10875 0.12710843373493977 0.15125 0.14337349397590363
0 0.91875 0.841566265060241 0.0975 0.14216867469879518
1 0.065 0.30783132530120483 0.11 0.13373493975903614
0 0.025625 0.7710843373493976 0.05125 0.08433734939759036
0 0.679375 0.23433734939759035 0.19625 0.12409638554216867
0 0.883125 0.37289156626506026 0.23375 0.18674698795180722
0 0.31125 0.7891566265060241 0.135 0.051807228915662654
0 0.303125 0.15843373493975904 0.07 0.056626506024096385
0 0.80125 0.3536144578313253 0.01625 0.01566265060240964
1 0.9325 0.7909638554216868 0.10875 0.25180722891566265
0 0.230625 0.7530120481927711 0.08375 0.02650602409638554
0 0.39125 0.7704819277108433 0.06125 0.02530120481927711
1 0.28875 0.7903614457831325 0.40125 0.236144578313253