0 0.24462890625 0.23598615916955018 0.166015625 0.19930795847750865
0 0.18896484375 0.427681660899654 0.1025390625 0.1370242214532872
0 0.17041015625 0.6664359861591695 0.1279296875 0.14256055363321798
0 0.32568359375 0.7778546712802769 0.14453125 0.1259515570934256
0 0.30615234375 0.6581314878892733 0.1259765625 0.13356401384083044
0 0.259765625 0.542560553633218 0.15087890625 0.15017301038062283
0 0.27783203125 0.43252595155709345 0.0966796875 0.10449826989619378
0 0.38671875 0.13217993079584775 0.10595703125 0.12041522491349481
0 0.52099609375 0.1695501730103806 0.087890625 0.09757785467128027
0 0.47314453125 0.33148788927335643 0.140625 0.19100346020761247
0 0.376953125 0.47474048442906575 0.0947265625 0.09065743944636678
0 0.4140625 0.5750865051903115 0.099609375 0.12664359861591695
0 0.42822265625 0.696885813148789 0.11279296875 0.12179930795847752
0 0.5126953125 0.6276816608996539 0.1103515625 0.12525951557093426
0 0.5654296875 0.7038062283737024 0.11669921875 0.10380622837370242
0 0.615234375 0.5418685121107266 0.09716796875 0.11557093425605536
0 0.57861328125 0.4311418685121107 0.103515625 0.12802768166089964
0 0.630859375 0.3342560553633218 0.1171875 0.11280276816608996
0 0.59814453125 0.24083044982698962 0.08984375 0.11487889273356401
0 0.77099609375 0.36262975778546713 0.16357421875 0.16539792387543253
0 0.6787109375 0.4290657439446367 0.09033203125 0.09065743944636678
0 0.7294921875 0.5266435986159169 0.09912109375 0.11833910034602076
0 0.8291015625 0.49896193771626296 0.10888671875 0.15432525951557094
0 0.85302734375 0.6636678200692041 0.1103515625 0.14602076124567473
0 0.708984375 0.6685121107266436 0.1376953125 0.18339100346020762