0 0.74169921875 0.7885813148788927 0.17529296875 0.21522491349480968
0 0.806640625 0.6027681660899654 0.10888671875 0.1467128027681661
0 0.8369140625 0.36643598615916956 0.134765625 0.15501730103806227
0 0.6875 0.24013840830449826 0.150390625 0.1397923875432526
0 0.701171875 0.3612456747404844 0.13232421875 0.14602076124567473
0 0.74169921875 0.48131487889273356 0.15771484375 0.16470588235294117
0 0.71826171875 0.5892733564013841 0.1015625 0.11349480968858132
0 0.594970703125 0.8782006920415225 0.11181640625 0.13079584775086506
0 0.462890625 0.827681660899654 0.09228515625 0.10588235294117647
0 0.5185546875 0.6705882352941176 0.14990234375 0.2041522491349481
0 0.62158203125 0.5373702422145329 0.09912109375 0.09965397923875433
0 0.58935546875 0.43356401384083043 0.10546875 0.13633217993079585
0 0.581298828125 0.3107266435986159 0.11865234375 0.1328719723183391
0 0.49365234375 0.371280276816609 0.1162109375 0.1356401384083045
0 0.44482421875 0.2903114186851211 0.12158203125 0.11487889273356401
0 0.38720703125 0.4467128027681661 0.1025390625 0.1245674740484429
0 0.418212890625 0.5608996539792388 0.109375 0.13771626297577855
0 0.361328125 0.6522491349480969 0.12255859375 0.12387543252595155
0 0.389404296875 0.7487889273356402 0.09521484375 0.12318339100346021
0 0.222900390625 0.6103806228373703 0.17138671875 0.18131487889273357
0 0.318115234375 0.5529411764705883 0.0947265625 0.09965397923875433
0 0.2724609375 0.4508650519031142 0.1044921875 0.12802768166089964
0 0.171630859375 0.4685121107266436 0.1162109375 0.16470588235294117
0 0.156005859375 0.3017301038062284 0.1171875 0.156401384083045
0 0.2998046875 0.3110726643598616 0.146484375 0.19653979238754327