1 0.398125 0.3528584817244611 0.11625 0.12089971883786317
0 0.06875 0.6344892221180881 0.12 0.09372071227741331
1 0.42875 0.6494845360824743 0.12125 0.1387066541705717
1 0.14125 0.5951265229615745 0.11875 0.13495782567947517
1 0.65625 0.5164011246485474 0.1325 0.09934395501405811
1 0.14 0.5107778819119025 0.11625 0.1302717900656045
0 0.989375 0.7952202436738519 0.02125 0.04217432052483599
1 0.275625 0.457825679475164 0.12625 0.1105904404873477
1 0.418125 0.549203373945642 0.125 0.16026241799437677
1 0.645625 0.717900656044986 0.13625 0.10590440487347703
1 0.405625 0.44048734770384257 0.12 0.15370196813495782
0 0.01875 0.5445173383317713 0.0375 0.05154639175257732
1 0.61625 0.23570759137769448 0.12625 0.08716026241799438
1 0.633125 0.6251171508903468 0.135 0.10309278350515463
1 0.2675 0.2802249297094658 0.11875 0.10309278350515463
0 0.2575 0.1077788191190253 0.035 0.02717900656044986
0 0.01875 0.23851921274601687 0.0375 0.02155576382380506
0 0.04125 0.2755388940955951 0.025 0.016869728209934397
0 0.255 0.4765698219306467 0.03 0.02155576382380506
0 0.145625 0.14058106841611998 0.03875 0.01874414245548266
0 0.641875 0.43252108716026244 0.02 0.016869728209934397
0 0.623125 0.07263355201499531 0.0375 0.020618556701030927
0 0.643125 0.1991565135895033 0.01875 0.01499531396438613
0 0.52375 0.06888472352389878 0.02375 0.01499531396438613
0 0.5225 0.05810684161199625 0.02375 0.01218369259606373
0 0.645 0.1696344892221181 0.03875 0.019681349578256794
0 0.575625 0.07450796626054358 0.02125 0.00937207122774133
0 0.895 0.4189315838800375 0.0125 0.008434864104967198
0 0.563125 0.42549203373945643 0.0125 0.007497656982193065
0 0.046875 0.6925960637300843 0.0425 0.026241799437675725
0 0.138125 0.7788191190253045 0.02875 0.023430178069353328
0 0.9525 0.8439550140581068 0.0175 0.013120899718837863
0 0.531875 0.7661668228678538 0.0225 0.016869728209934397
0 0.096875 0.9039362699156513 0.03 0.02530459231490159
0 0.59 0.8491096532333646 0.025 0.01874414245548266
0 0.603125 0.7727272727272727 0.02875 0.014058106841611996
0 0.519375 0.9076850984067479 0.02875 0.020618556701030927
0 0.964375 0.7239925023430178 0.02 0.014058106841611996
0 0.656875 0.5862230552952202 0.0225 0.01780693533270853
0 0.901875 0.8369259606373008 0.01375 0.011246485473289597
0 0.619375 0.704311152764761 0.025 0.019681349578256794
0 0.669375 0.7352389878163074 0.02625 0.015932521087160263
0 0.185 0.8111527647610122 0.01375 0.011246485473289597
1 0.628125 0.3191190253045923 0.13 0.1162136832239925
1 0.641875 0.42033739456419866 0.13375 0.11808809746954077
1 0.269375 0.36879100281162136 0.12 0.1274601686972821