1 0.415625 0.3467666354264292 0.10375 0.11433926897844424
0 0.055 0.6059044048734771 0.11 0.08716026241799438
1 0.411875 0.6443298969072165 0.10625 0.13214620431115276
1 0.131875 0.5712277413308341 0.10375 0.12839737582005623
1 0.65375 0.5267104029990628 0.1225 0.09184629803186505
1 0.140275 0.4873851921274601 0.10305 0.12377694470477975
0 0.971875 0.8270852858481724 0.05375 0.038425492033739454
1 0.28125 0.44329896907216493 0.115 0.10309278350515463
1 0.4127 0.543767572633552 0.1079 0.15406747891283973
1 0.62 0.7268041237113402 0.125 0.09840674789128398
1 0.413125 0.4343955014058107 0.10375 0.1471415182755389
0 0.015625 0.5131208997188379 0.03125 0.04967197750702906
1 0.64625 0.24414245548266167 0.1175 0.07966260543580131
1 0.618125 0.633552014995314 0.12375 0.09559512652296158
1 0.294025 0.26548266166822865 0.10805 0.09610121836925961
0 0.30375 0.09325210871602624 0.0325 0.02530459231490159
0 0.048125 0.20805998125585753 0.04125 0.01874414245548266
0 0.069375 0.246485473289597 0.02375 0.01499531396438613
0 0.25875 0.4606373008434864 0.0275 0.019681349578256794
0 0.18875 0.11855670103092783 0.0375 0.015932521087160263
0 0.649375 0.44189315838800375 0.01875 0.015932521087160263
0 0.6725 0.08247422680412371 0.035 0.01874414245548266
0 0.6775 0.20946579194001874 0.0175 0.014058106841611996
0 0.57375 0.07216494845360824 0.0225 0.013120899718837863
0 0.57375 0.06138706654170572 0.0225 0.010309278350515464
0 0.683125 0.18041237113402062 0.03625 0.01780693533270853
0 0.625 0.08106841611996252 0.02 0.008434864104967198
0 0.903125 0.4451733833177132 0.01125 0.007497656982193065
0 0.571875 0.42970946579194 0.01125 0.006560449859418931
0 0.02625 0.662136832239925 0.04 0.023430178069353328
0 0.106875 0.7539831302717901 0.02625 0.02155576382380506
0 0.910625 0.8720712277413308 0.01625 0.01218369259606373
0 0.500625 0.7671040299906279 0.02125 0.015932521087160263
0 0.05125 0.8758200562324273 0.0275 0.023430178069353328
0 0.54875 0.8537956888472352 0.0225 0.016869728209934397
0 0.57125 0.7783505154639175 0.0275 0.01218369259606373
0 0.471875 0.9072164948453608 0.02625 0.01874414245548266
0 0.936875 0.753514526710403 0.01875 0.013120899718837863
0 0.64625 0.5960637300843487 0.02 0.016869728209934397
0 0.86125 0.8617619493908154 0.0125 0.010309278350515464
0 0.595 0.711340206185567 0.0225 0.01874414245548266
0 0.64125 0.7455482661668229 0.025 0.014058106841611996
0 0.15 0.7895970009372071 0.0125 0.010309278350515464
1 0.64845 0.3281068416119962 0.1175 0.10867853795688846
1 0.650925 0.42978444236176194 0.12135 0.11032802249297094
1 0.28578749999999997 0.35424554826616683 0.105975 0.12061855670103092