1 0.1525 0.6223055295220243 0.305 0.17619493908153702
1 0.4825 0.6466729147141518 0.31125 0.17713214620431114
0 0.311875 0.7366447985004686 0.14875 0.09934395501405811
1 0.971875 0.2511715089034677 0.05625 0.10121836925960637
1 0.174375 0.1635426429240862 0.13 0.14620431115276475
0 0.489375 0.8252108716026242 0.09125 0.06091846298031865
1 0.455625 0.19962511715089035 0.1825 0.12933458294283037
0 0.25125 0.38331771321462044 0.0625 0.03936269915651359
0 0.07875 0.44048734770384257 0.0725 0.05060918462980318
0 0.029375 0.6344892221180881 0.05875 0.04498594189315839
1 0.6275 0.21274601686972822 0.22375 0.13683223992502344
0 0.63 0.3064667291471415 0.08875 0.10028116213683223
0 0.6975 0.46672914714151825 0.05875 0.04311152764761012
1 0.3075 0.16447985004686036 0.18 0.12933458294283037
0 0.760625 0.3978444236176195 0.1125 0.13214620431115276
0 0.95125 0.6251171508903468 0.05 0.04029990627928772
0 0.421875 0.5529522024367385 0.0575 0.04311152764761012
0 0.593125 0.4943767572633552 0.055 0.041237113402061855
0 0.565 0.8683223992502344 0.0575 0.03561387066541706
0 0.9175 0.5824742268041238 0.05 0.04217432052483599
0 0.23625 0.4611059044048735 0.04125 0.02999062792877226
0 0.4325 0.5159325210871603 0.055 0.03748828491096532
0 0.64 0.5056232427366448 0.05625 0.041237113402061855
0 0.45375 0.4053420805998126 0.055 0.033739456419868794
0 0.294375 0.42830365510777885 0.04125 0.029053420805998126
0 0.553125 0.6522961574507966 0.04125 0.038425492033739454
0 0.169375 0.5309278350515464 0.055 0.03467666354264293
0 0.025 0.682755388940956 0.05 0.02717900656044986
1 0.78 0.21087160262417995 0.185 0.1134020618556701
0 0.054375 0.8303655107778819 0.0425 0.015932521087160263
0 0.139375 0.16541705716963448 0.025 0.026241799437675725
0 0.725625 0.584817244611059 0.04 0.02717900656044986
0 0.8275 0.5590440487347704 0.03875 0.026241799437675725
0 0.52875 0.5656044985941893 0.04125 0.02436738519212746
0 0.8225 0.5970009372071228 0.03625 0.026241799437675725
0 0.899375 0.4662605435801312 0.0325 0.028116213683223992
0 0.611875 0.6471415182755389 0.035 0.02530459231490159
0 0.56 0.7155576382380506 0.03 0.022492970946579195
0 0.98375 0.44611059044048734 0.02125 0.016869728209934397
0 0.76 0.2647610121836926 0.0225 0.014058106841611996
0 0.91875 0.3252108716026242 0.02375 0.01874414245548266
0 0.94875 0.2366447985004686 0.01625 0.01499531396438613
1 0.874375 0.16776007497656983 0.135 0.033739456419868794
1 0.754375 0.15604498594189317 0.125 0.031865042174320526
1 0.624375 0.14995313964386128 0.1525 0.04498594189315839
1 0.14875 0.1148078725398313 0.1675 0.06373008434864105