1 0.295 0.2521087160262418 0.2 0.2211808809746954
1 0.30375 0.5046860356138707 0.2025 0.21649484536082475
0 0.16375 0.3889409559512652 0.1175 0.10121836925960637
1 0.88875 0.8495782567947516 0.125 0.08716026241799438
1 0.9054000000000001 0.21643861293345829 0.1825 0.08153701968134958
0 0.068125 0.5318650421743205 0.07125 0.06279287722586692
1 0.892725 0.4301780693533271 0.15375 0.12371134020618557
0 0.624375 0.30084348641049674 0.04625 0.04311152764761012
0 0.075 0.02530459231490159 0.0625 0.04873477038425492
0 0.5275 0.1794751640112465 0.06 0.04967197750702906
0 0.264375 0.16447985004686036 0.05375 0.044048734770384255
1 0.895625 0.5599812558575445 0.15875 0.15463917525773196
0 0.771875 0.5731021555763823 0.12625 0.05529522024367385
0 0.568125 0.6429240862230553 0.05125 0.03936269915651359
1 0.9208750000000001 0.31572633552014995 0.15375 0.1218369259606373
0 0.666875 0.6813495782567948 0.16625 0.06935332708528585
0 0.389375 0.8509840674789129 0.04875 0.033739456419868794
0 0.420625 0.4484536082474227 0.05125 0.038425492033739454
0 0.51875 0.5684161199625117 0.05 0.03655107778819119
0 0.166875 0.06279287722586692 0.04125 0.04311152764761012
0 0.020625 0.5932521087160263 0.04125 0.03936269915651359
0 0.441875 0.8205248359887535 0.05125 0.03280224929709466
0 0.519375 0.29896907216494845 0.03625 0.028116213683223992
0 0.470625 0.45173383317713217 0.04375 0.03748828491096532
0 0.509375 0.604967197750703 0.04875 0.038425492033739454
0 0.619375 0.45407685098406747 0.03875 0.038425492033739454
0 0.57 0.338331771321462 0.035 0.028116213683223992
0 0.305 0.5581068416119962 0.0475 0.02717900656044986
0 0.41875 0.25773195876288657 0.04 0.03748828491096532
0 0.2 0.16635426429240863 0.03 0.04029990627928772
1 0.916725 0.6727835051546391 0.13155 0.1272727272727273
1 0.02375 0.09613870665417057 0.0475 0.14699156513589504
0 0.008125 0.20852858481724462 0.01625 0.030927835051546393
0 0.89875 0.19072164948453607 0.0325 0.015932521087160263
0 0.415 0.6780693533270853 0.0325 0.02717900656044986
0 0.461875 0.7507029053420806 0.03125 0.026241799437675725
0 0.416875 0.5295220243673852 0.02875 0.028116213683223992
0 0.410625 0.7516401124648547 0.03125 0.02436738519212746
0 0.593125 0.7933458294283037 0.03375 0.02155576382380506
0 0.31875 0.6012183692596064 0.03 0.023430178069353328
0 0.221875 0.5707591377694471 0.02625 0.020618556701030927
0 0.63 0.8533270852858482 0.02 0.014058106841611996
0 0.843125 0.6649484536082474 0.01625 0.015932521087160263
0 0.7825 0.7905342080599812 0.0225 0.015932521087160263
0 0.903125 0.8017806935332709 0.01875 0.010309278350515464
0 0.6175 0.9390815370196813 0.01 0.00937207122774133
0 0.0079625 0.06154639175257732 0.015925 0.027582005623242735
1 0.985925 0.7381255857544518 0.028149999999999998 0.09962511715089034
1 0.986475 0.6475632614807872 0.02705 0.09221180880974696
1 0.9785124999999999 0.5495782567947516 0.042975000000000006 0.11115276476101218
1 0.9669875 0.19163074039362699 0.0660375 0.12061855670103092