0 0.080625 0.5515463917525774 0.10625 0.08434864104967198
0 0.21 0.7624179943767573 0.1025 0.07872539831302718
0 0.283125 0.8753514526710403 0.1 0.06841611996251172
0 0.09 0.6298031865042174 0.09875 0.07966260543580131
1 0.6725 0.6265229615745079 0.385 0.3767572633552015
0 0.560625 0.4245548266166823 0.09 0.08247422680412371
0 0.69375 0.373477038425492 0.11875 0.06841611996251172
1 0.490625 0.6654170571696345 0.35375 0.3373945641986879
0 0.414375 0.4095595126522962 0.1175 0.05716963448922212
0 0.424375 0.5435801312089972 0.13875 0.06091846298031865
0 0.28125 0.42033739456419866 0.0475 0.02999062792877226
1 0.759375 0.6555763823805061 0.48125 0.3083411433926898
0 0.7975 0.3580131208997188 0.04125 0.030927835051546393
0 0.4025 0.7174320524835989 0.08625 0.053420805998125584
0 0.52125 0.46579194001874413 0.10375 0.06747891283973759
0 0.379375 0.24414245548266167 0.08 0.06091846298031865
1 0.498125 0.2296157450796626 0.2725 0.23992502343017807
0 0.555625 0.19962511715089035 0.06 0.061855670103092786
1 0.360625 0.27085285848172447 0.25625 0.2830365510777882
0 0.646875 0.8317713214620431 0.11375 0.07122774133083412
0 0.52375 0.15745079662605435 0.065 0.04873477038425492
0 0.9375 0.6724461105904405 0.07 0.04217432052483599
0 0.506875 0.49203373945641987 0.05375 0.03280224929709466
0 0.385625 0.6902530459231491 0.035 0.02436738519212746
0 0.156875 0.8425492033739457 0.035 0.016869728209934397
0 0.22875 0.3931583880037488 0.0425 0.02717900656044986
0 0.236875 0.46251171508903466 0.0425 0.02717900656044986
0 0.354375 0.3280224929709466 0.015 0.01499531396438613
0 0.796875 0.35754451733833176 0.04 0.02999062792877226
0 0.75375 0.4006560449859419 0.03875 0.028116213683223992
0 0.86375 0.7000937207122774 0.02375 0.015932521087160263
0 0.64375 0.3402061855670103 0.035 0.026241799437675725
0 0.840625 0.7408622305529522 0.01875 0.014058106841611996
0 0.96625 0.41424554826616683 0.03375 0.02530459231490159
0 0.7325 0.7422680412371134 0.0325 0.01780693533270853
0 0.731875 0.7994376757263355 0.02125 0.019681349578256794
0 0.816875 0.16447985004686036 0.02 0.01499531396438613
0 0.730625 0.8439550140581068 0.04625 0.020618556701030927
0 0.55625 0.8219306466729147 0.0325 0.01780693533270853
0 0.126875 0.1850984067478913 0.04625 0.03467666354264293
0 0.545 0.8711340206185567 0.05375 0.01218369259606373
1 0.64 0.1583880037488285 0.25625 0.1330834114339269