0 0.4825 0.18181818181818182 0.1025 0.07122774133083412
0 0.188125 0.2521087160262418 0.095 0.06935332708528585
0 0.035 0.2928772258669166 0.07 0.06841611996251172
0 0.378125 0.1790065604498594 0.09625 0.06654170571696345
0 0.866875 0.10356138706654171 0.10625 0.08153701968134958
1 0.31125 0.612933458294283 0.47 0.25023430178069356
0 0.5925 0.5543580131208997 0.1025 0.059044048734770385
0 0.64375 0.6593252108716027 0.07875 0.08341143392689784
0 0.311875 0.09044048734770384 0.08375 0.07216494845360824
1 0.2825 0.47282099343955014 0.41875 0.23055295220243674
0 0.63 0.4475164011246485 0.06375 0.08434864104967198
0 0.45125 0.4386129334582943 0.06625 0.10028116213683223
0 0.6325 0.3467666354264292 0.035 0.03280224929709466
0 0.94625 0.13636363636363635 0.0775 0.07685098406747891
1 0.259375 0.6986879100281163 0.35625 0.3823805060918463
0 0.725 0.05576382380506092 0.05375 0.04592314901593252
0 0.3825 0.09184629803186505 0.06125 0.05248359887535145
0 0.651875 0.738987816307404 0.0375 0.028116213683223992
0 0.22375 0.4006560449859419 0.0625 0.05998125585754452
0 0.543125 0.5201499531396439 0.08 0.07122774133083412
0 0.853125 0.4414245548266167 0.07375 0.05435801312089972
1 0.855 0.5313964386129335 0.29 0.17994376757263356
0 0.890625 0.577788191190253 0.0775 0.038425492033739454
1 0.820625 0.4240862230552952 0.3575 0.16213683223992503
0 0.043125 0.5688847235238987 0.08375 0.07872539831302718
0 0.950625 0.5595126522961574 0.06 0.044048734770384255
0 0.218125 0.8045923149015932 0.04875 0.04873477038425492
0 0.509375 0.5060918462980318 0.0375 0.03748828491096532
0 0.620625 0.10637300843486411 0.03375 0.03280224929709466
0 0.259375 0.1218369259606373 0.035 0.031865042174320526
0 0.2625 0.3917525773195876 0.02875 0.02436738519212746
0 0.088125 0.20290534208059982 0.01875 0.02436738519212746
0 0.674375 0.31115276476101217 0.0325 0.029053420805998126
0 0.581875 0.30880974695407687 0.0325 0.029053420805998126
0 0.745625 0.41237113402061853 0.01875 0.010309278350515464
0 0.6525 0.7385192127460168 0.03625 0.02717900656044986
0 0.600625 0.7010309278350515 0.03375 0.026241799437675725
0 0.190625 0.746485473289597 0.02 0.016869728209934397
0 0.694375 0.6265229615745079 0.0325 0.023430178069353328
0 0.139375 0.7239925023430178 0.01625 0.01218369259606373
0 0.556875 0.8570759137769447 0.03125 0.023430178069353328
0 0.150625 0.6438612933458294 0.02 0.023430178069353328
0 0.075625 0.6363636363636364 0.02375 0.014058106841611996
0 0.905625 0.7769447047797563 0.0175 0.013120899718837863
0 0.01625 0.6298031865042174 0.0225 0.033739456419868794
0 0.066875 0.5023430178069354 0.02 0.023430178069353328
0 0.9625 0.260543580131209 0.04125 0.030927835051546393
0 0.004375 0.48828491096532334 0.00875 0.03936269915651359
1 0.93 0.6457357075913777 0.14 0.18181818181818182