0 0.4975 0.18134957825679476 0.1 0.06841611996251172
0 0.2 0.24414245548266167 0.0925 0.06654170571696345
0 0.039375 0.28069353327085284 0.07875 0.06654170571696345
0 0.393125 0.17619493908153702 0.09375 0.06373008434864105
0 0.885 0.1134020618556701 0.1025 0.07872539831302718
1 0.306125 0.607750702905342 0.45854999999999996 0.23833177132146205
0 0.59 0.5567010309278351 0.1 0.056232427366447985
0 0.63625 0.6630740393626992 0.075 0.08153701968134958
0 0.33125 0.08575445173383317 0.08 0.07029053420805999
1 0.2835625 0.4671040299906279 0.409225 0.2203655107778819
0 0.6325 0.450796626054358 0.06 0.08247422680412371
0 0.454375 0.4372071227741331 0.06125 0.09840674789128398
0 0.639375 0.35051546391752575 0.03375 0.031865042174320526
0 0.963125 0.14807872539831302 0.07375 0.07497656982193064
1 0.2502375 0.6919962511715089 0.338575 0.3736551077788191
0 0.745625 0.061855670103092786 0.05125 0.04498594189315839
0 0.401875 0.08903467666354264 0.05875 0.05060918462980318
0 0.640625 0.7427366447985004 0.03625 0.02717900656044986
0 0.22875 0.3936269915651359 0.06 0.05810684161199625
0 0.541875 0.521087160262418 0.07625 0.06935332708528585
0 0.855625 0.450796626054358 0.07125 0.05248359887535145
1 0.8563875 0.540618556701031 0.287225 0.17203373945641987
0 0.886875 0.5880974695407685 0.07625 0.03655107778819119
1 0.82375 0.43252108716026244 0.35 0.1527647610121837
0 0.04 0.5567010309278351 0.08 0.07685098406747891
0 0.9475 0.5712277413308341 0.0575 0.04217432052483599
0 0.2044125 0.797319587628866 0.046174999999999994 0.04824742268041237
0 0.509375 0.506560449859419 0.03625 0.03655107778819119
0 0.63875 0.10965323336457357 0.0325 0.031865042174320526
0 0.276875 0.11574507966260543 0.03375 0.030927835051546393
0 0.2675 0.3856607310215558 0.0275 0.023430178069353328
0 0.1025 0.19212746016869728 0.0175 0.02436738519212746
0 0.683125 0.3158388003748828 0.03125 0.028116213683223992
0 0.590625 0.31115276476101217 0.03125 0.028116213683223992
0 0.749375 0.4189315838800375 0.01875 0.00937207122774133
0 0.64125 0.7422680412371134 0.035 0.026241799437675725
0 0.59125 0.7033739456419869 0.0325 0.02530459231490159
0 0.179375 0.7380506091846298 0.01875 0.015932521087160263
0 0.688125 0.6316776007497656 0.03125 0.022492970946579195
0 0.129375 0.7146204311152765 0.01625 0.01218369259606373
0 0.54 0.8584817244611059 0.03 0.022492970946579195
0 0.144375 0.6344892221180881 0.01875 0.022492970946579195
0 0.069375 0.6251171508903468 0.02375 0.013120899718837863
0 0.8925 0.7872539831302718 0.0175 0.013120899718837863
0 0.010625 0.6171508903467666 0.02125 0.03280224929709466
0 0.066875 0.49109653233364575 0.01875 0.022492970946579195
0 0.9728249999999999 0.2728303655107779 0.040025000000000005 0.03037488284910965
0 0.00415 0.4752202436738519 0.0083 0.03915651358950328
1 0.9284375 0.6571040299906279 0.143125 0.1783880037488285