0 0.161875 0.2774133083411434 0.12625 0.1162136832239925
1 0.964375 0.5524835988753515 0.07125 0.10402999062792877
1 0.310625 0.5913776944704779 0.19125 0.14807872539831302
0 0.355 0.22867853795688847 0.10875 0.08247422680412371
1 0.8375 0.47891283973758203 0.15625 0.13964386129334583
1 0.14875 0.4784442361761949 0.135 0.09934395501405811
1 0.735 0.5960637300843487 0.1525 0.10121836925960637
0 0.533125 0.2549203373945642 0.1075 0.06841611996251172
1 0.055625 0.3936269915651359 0.11125 0.08247422680412371
0 0.038125 0.683223992502343 0.04375 0.10590440487347703
0 0.8075 0.7863167760074976 0.0975 0.07872539831302718
0 0.578125 0.2839737582005623 0.06625 0.06373008434864105
0 0.463125 0.16776007497656983 0.18625 0.09653233364573571
0 0.54 0.1850984067478913 0.16 0.09372071227741331
1 0.648125 0.5576382380506092 0.1875 0.11152764761012184
1 0.758125 0.42736644798500467 0.1525 0.10684161199625117
1 0.550625 0.5220243673851921 0.16 0.09465791940018745
0 0.105625 0.6644798500468604 0.0525 0.03280224929709466
1 0.919375 0.5154639175257731 0.16125 0.07685098406747891
0 0.616875 0.19259606373008434 0.0825 0.09934395501405811
0 0.370625 0.7282099343955014 0.10125 0.07122774133083412
0 0.640625 0.2849109653233365 0.05 0.04498594189315839
0 0.911875 0.1724461105904405 0.04 0.029053420805998126
0 0.140625 0.35238987816307404 0.0425 0.026241799437675725
0 0.149375 0.18416119962511715 0.0425 0.03748828491096532
0 0.651875 0.24695407685098406 0.095 0.07591377694470477
0 0.299375 0.6635426429240863 0.0475 0.030927835051546393
0 0.71 0.6513589503280225 0.0575 0.05435801312089972
1 0.38875 0.5468603561387066 0.1425 0.09934395501405811
0 0.35375 0.48641049671977504 0.05 0.030927835051546393
0 0.23875 0.46579194001874413 0.045 0.029053420805998126
0 0.29375 0.15370196813495782 0.10125 0.03655107778819119
0 0.369375 0.7647610121836926 0.0425 0.04029990627928772
0 0.78 0.11433926897844424 0.0475 0.02999062792877226
1 0.233125 0.5229615745079662 0.18 0.07872539831302718
0 0.194375 0.8181818181818182 0.03375 0.026241799437675725
0 0.21375 0.7806935332708529 0.02875 0.02436738519212746
0 0.45375 0.5613870665417057 0.03375 0.029053420805998126
0 0.29625 0.3416119962511715 0.04125 0.02717900656044986
0 0.140625 0.35238987816307404 0.0425 0.026241799437675725
0 0.336875 0.31115276476101217 0.0225 0.02436738519212746
0 0.29125 0.2849109653233365 0.02125 0.022492970946579195
0 0.104375 0.16026241799437677 0.0425 0.013120899718837863
0 0.069375 0.3725398313027179 0.03 0.02530459231490159
0 0.41125 0.34817244611059045 0.01375 0.011246485473289597
0 0.94125 0.14058106841611998 0.02625 0.02999062792877226
0 0.718125 0.25585754451733833 0.02875 0.022492970946579195
0 0.83875 0.21227741330834116 0.0275 0.022492970946579195
0 0.725625 0.18416119962511715 0.02625 0.02155576382380506
0 0.878125 0.20759137769447047 0.02 0.016869728209934397
0 0.87125 0.4835988753514527 0.015 0.011246485473289597
0 0.5225 0.36176194939081535 0.01375 0.01218369259606373
0 0.57625 0.6513589503280225 0.015 0.01218369259606373
0 0.69625 0.4442361761949391 0.01875 0.013120899718837863
0 0.9675 0.2591377694470478 0.00375 0.013120899718837863
1 0.251875 0.4484536082474227 0.16125 0.10309278350515463
1 0.32375 0.4915651358950328 0.1675 0.06747891283973759
0 0.77875 0.8369259606373008 0.0475 0.02999062792877226
0 0.82625 0.8350515463917526 0.035 0.033739456419868794
0 0.59875 0.7235238987816307 0.0125 0.013120899718837863