0 0.5525 0.6101218369259607 0.11 0.07216494845360824
0 0.856875 0.5590440487347704 0.19625 0.1274601686972821
1 0.75875 0.15885660731021556 0.13 0.10402999062792877
0 0.74625 0.6701030927835051 0.08375 0.05154639175257732
0 0.330625 0.4878163074039363 0.1025 0.05716963448922212
0 0.324375 0.3823805060918463 0.0575 0.04873477038425492
0 0.328125 0.4329896907216495 0.05625 0.04311152764761012
0 0.496875 0.739456419868791 0.0525 0.04217432052483599
0 0.43625 0.47375820056232426 0.0975 0.06747891283973759
1 0.25125 0.1696344892221181 0.19 0.09465791940018745
0 0.903125 0.37300843486410495 0.0525 0.04592314901593252
0 0.0225 0.41658856607310213 0.045 0.044048734770384255
0 0.441875 0.7952202436738519 0.05875 0.02999062792877226
0 0.32875 0.21790065604498593 0.0575 0.02155576382380506
1 0.360625 0.16541705716963448 0.2775 0.10871602624179943
1 0.115625 0.5749765698219307 0.165 0.10871602624179943
0 0.916875 0.7671040299906279 0.06875 0.03280224929709466
0 0.976875 0.6415182755388941 0.04625 0.04967197750702906
0 0.726875 0.351921274601687 0.07125 0.03561387066541706
0 0.265 0.6101218369259607 0.04 0.022492970946579195
0 0.16625 0.6415182755388941 0.02875 0.023430178069353328
0 0.12875 0.8242736644798501 0.0275 0.015932521087160263
0 0.141875 0.8022492970946579 0.0325 0.029053420805998126
0 0.8375 0.08716026241799438 0.03125 0.023430178069353328
0 0.176875 0.30927835051546393 0.01375 0.01218369259606373
0 0.094375 0.633552014995314 0.13 0.08247422680412371
0 0.344375 0.8462980318650422 0.02625 0.007497656982193065
0 0.2875 0.852389878163074 0.03 0.006560449859418931