0 0.04946808510638298 0.337037037037037 0.09893617021276596 0.22407407407407406
0 0.08191489361702127 0.05185185185185185 0.06914893617021277 0.10185185185185185
0 0.18882978723404256 0.046296296296296294 0.05425531914893617 0.07962962962962963
0 0.298936170212766 0.05925925925925926 0.11063829787234042 0.11851851851851852
0 0.474468085106383 0.044444444444444446 0.06489361702127659 0.08888888888888889
0 0.6531914893617021 0.04259259259259259 0.06170212765957447 0.08333333333333333
0 0.8382978723404255 0.13796296296296295 0.05319148936170213 0.09074074074074075
0 0.9063829787234042 0.1175925925925926 0.09787234042553192 0.1574074074074074
0 0.9627659574468085 0.037037037037037035 0.06489361702127659 0.07407407407407407
0 0.7175531914893617 0.13703703703703704 0.07872340425531915 0.12407407407407407
0 0.5920212765957447 0.1425925925925926 0.06170212765957447 0.08518518518518518
0 0.7074468085106383 0.3490740740740741 0.05851063829787234 0.09074074074074075
0 0.8840425531914894 0.33425925925925926 0.06595744680851064 0.13148148148148148
0 0.9797872340425532 0.3453703703703704 0.04042553191489362 0.12222222222222222
0 0.8297872340425532 0.44351851851851853 0.052127659574468084 0.07777777777777778
0 0.8872340425531915 0.4546296296296296 0.06808510638297872 0.0962962962962963
0 0.9441489361702128 0.5537037037037037 0.07872340425531915 0.14444444444444443
0 0.8175531914893617 0.6509259259259259 0.13085106382978723 0.11296296296296296
0 0.9281914893617021 0.8361111111111111 0.09468085106382979 0.16111111111111112
0 0.8148936170212766 0.8342592592592593 0.04148936170212766 0.06111111111111111
0 0.8106382978723404 0.9277777777777778 0.04680851063829787 0.06481481481481481
0 0.8617021276595744 0.9296296296296296 0.05106382978723404 0.05555555555555555
0 0.750531914893617 0.962037037037037 0.026595744680851064 0.03518518518518519
0 0.7047872340425532 0.8342592592592593 0.08297872340425531 0.07777777777777778
0 0.5882978723404255 0.9287037037037037 0.07872340425531915 0.10555555555555556
0 0.5877659574468085 0.8314814814814815 0.05851063829787234 0.07592592592592592
0 0.5877659574468085 0.6333333333333333 0.045744680851063826 0.06666666666666667
0 0.7037234042553191 0.6435185185185185 0.045744680851063826 0.09444444444444444
0 0.6484042553191489 0.5425925925925926 0.08297872340425531 0.13703703703703704
0 0.5893617021276596 0.5361111111111111 0.0425531914893617 0.08333333333333333
0 0.5904255319148937 0.44722222222222224 0.06489361702127659 0.06666666666666667
0 0.5367021276595745 0.3435185185185185 0.08085106382978724 0.16111111111111112
0 0.423936170212766 0.3472222222222222 0.052127659574468084 0.07407407407407407
0 0.3638297872340426 0.35185185185185186 0.05106382978723404 0.07592592592592592
0 0.3617021276595745 0.4564814814814815 0.11382978723404255 0.1
0 0.4787234042553192 0.5435185185185185 0.05638297872340425 0.09259259259259259
0 0.4765957446808511 0.7324074074074074 0.11063829787234042 0.12777777777777777
0 0.4271276595744681 0.8203703703703704 0.05531914893617021 0.08518518518518518
0 0.48138297872340424 0.9092592592592592 0.05531914893617021 0.08888888888888889
0 0.375 0.9814814814814815 0.05638297872340425 0.037037037037037035
0 0.33085106382978724 0.7425925925925926 0.08085106382978724 0.11296296296296296
0 0.3675531914893617 0.6361111111111111 0.059574468085106386 0.07407407407407407
0 0.423936170212766 0.5259259259259259 0.07021276595744681 0.12222222222222222
0 0.22287234042553192 0.5675925925925925 0.026595744680851064 0.06111111111111111
0 0.15691489361702127 0.9268518518518518 0.05531914893617021 0.05185185185185185
0 0.22074468085106383 0.9148148148148149 0.06595744680851064 0.06851851851851852
0 0.300531914893617 0.35648148148148145 0.06914893617021277 0.08518518518518518
0 0.19840425531914893 0.34814814814814815 0.1127659574468085 0.1685185185185185
0 0.24840425531914895 0.14907407407407408 0.12872340425531914 0.12407407407407407
0 0.4175531914893617 0.1388888888888889 0.05319148936170213 0.0962962962962963
0 0.8781914893617021 0.31851851851851853 0.02553191489361702 0.06296296296296296