0 0.22127659574468084 0.7851851851851852 0.08297872340425531 0.2074074074074074
0 0.2372340425531915 0.48055555555555557 0.059574468085106386 0.12407407407407407
0 0.2611702127659574 0.17222222222222222 0.05638297872340425 0.11851851851851852
0 0.32393617021276594 0.075 0.08191489361702127 0.15
0 0.30957446808510636 0.2916666666666667 0.0574468085106383 0.11851851851851852
0 0.4430851063829787 0.12129629629629629 0.059574468085106386 0.11296296296296296
0 0.6234042553191489 0.05648148148148148 0.06914893617021277 0.07592592592592592
0 0.7978723404255319 0.13240740740740742 0.023404255319148935 0.05
0 0.7186170212765958 0.1935185185185185 0.05531914893617021 0.1537037037037037
0 0.7563829787234042 0.4074074074074074 0.07127659574468086 0.15
0 0.700531914893617 0.39444444444444443 0.05106382978723404 0.1111111111111111
0 0.5882978723404255 0.3675925925925926 0.04468085106382979 0.08888888888888889
0 0.6101063829787234 0.1685185185185185 0.059574468085106386 0.09259259259259259
0 0.5446808510638298 0.25 0.08936170212765958 0.16296296296296298
0 0.5329787234042553 0.3509259259259259 0.05319148936170213 0.08518518518518518
0 0.4824468085106383 0.337037037037037 0.04680851063829787 0.12037037037037036
0 0.41595744680851066 0.4148148148148148 0.10319148936170212 0.16111111111111112
0 0.4026595744680851 0.6101851851851852 0.04893617021276596 0.1
0 0.39680851063829786 0.7138888888888889 0.05 0.09814814814814815
0 0.45585106382978724 0.7324074074074074 0.07234042553191489 0.20925925925925926
0 0.5218085106382979 0.5425925925925926 0.06063829787234042 0.10925925925925926
0 0.6287234042553191 0.5731481481481482 0.08829787234042553 0.20925925925925926
0 0.6723404255319149 0.6703703703703704 0.05638297872340425 0.10740740740740741
0 0.7303191489361702 0.5888888888888889 0.05851063829787234 0.10740740740740741
0 0.7563829787234042 0.7824074074074074 0.02872340425531915 0.10185185185185185
0 0.6143617021276596 0.825 0.07553191489361702 0.15555555555555556
0 0.5590425531914893 0.7472222222222222 0.05 0.11296296296296296
0 0.5042553191489362 0.6351851851851852 0.0797872340425532 0.1388888888888889
0 0.5 0.9796296296296296 0.03829787234042553 0.040740740740740744
0 0.6978723404255319 0.9879629629629629 0.04468085106382979 0.024074074074074074
0 0.3904255319148936 0.8240740740740741 0.05851063829787234 0.13148148148148148
0 0.376063829787234 0.937037037037037 0.10212765957446808 0.0962962962962963
0 0.2675531914893617 0.8601851851851852 0.08404255319148936 0.18888888888888888
0 0.28297872340425534 0.5916666666666667 0.06170212765957447 0.10555555555555556