0 0.7760638297872341 0.2064814814814815 0.08085106382978724 0.20555555555555555
0 0.7627659574468085 0.5111111111111111 0.05851063829787234 0.12222222222222222
0 0.7420212765957447 0.8203703703703704 0.05531914893617021 0.11666666666666667
0 0.6803191489361702 0.9203703703703704 0.08085106382978724 0.15185185185185185
0 0.6925531914893617 0.7027777777777777 0.05638297872340425 0.11666666666666667
0 0.5606382978723404 0.8768518518518519 0.05851063829787234 0.11296296296296296
0 0.38085106382978723 0.9472222222222222 0.06914893617021277 0.07407407407407407
0 0.20585106382978724 0.8768518518518519 0.023404255319148935 0.05
0 0.2845744680851064 0.812962962962963 0.05425531914893617 0.1537037037037037
0 0.24468085106382978 0.6 0.07021276595744681 0.14814814814814814
0 0.300531914893617 0.6111111111111112 0.05 0.1111111111111111
0 0.41329787234042553 0.6351851851851852 0.043617021276595745 0.08703703703703704
0 0.3930851063829787 0.8342592592592593 0.059574468085106386 0.09074074074074075
0 0.4574468085106383 0.7509259259259259 0.08829787234042553 0.15925925925925927
0 0.46861702127659577 0.65 0.05319148936170213 0.08333333333333333
0 0.5191489361702127 0.662962962962963 0.045744680851063826 0.12037037037037036
0 0.5845744680851064 0.5824074074074074 0.10212765957446808 0.15925925925925927
0 0.5962765957446808 0.387037037037037 0.04893617021276596 0.1
0 0.601063829787234 0.2824074074074074 0.05 0.09814814814814815
0 0.5414893617021277 0.26666666666666666 0.07127659574468086 0.20925925925925926
0 0.4776595744680851 0.4583333333333333 0.059574468085106386 0.10925925925925926
0 0.3702127659574468 0.43148148148148147 0.08617021276595745 0.2074074074074074
0 0.326063829787234 0.3351851851851852 0.05531914893617021 0.10555555555555556
0 0.2691489361702128 0.41759259259259257 0.0574468085106383 0.10555555555555556
0 0.24095744680851064 0.225 0.027659574468085105 0.10185185185185185
0 0.3824468085106383 0.17777777777777778 0.07446808510638298 0.1537037037037037
0 0.43829787234042555 0.25462962962962965 0.05 0.1111111111111111
0 0.4946808510638298 0.36574074074074076 0.07872340425531915 0.13703703703703704
0 0.4952127659574468 0.019444444444444445 0.03723404255319149 0.03888888888888889
0 0.29521276595744683 0.012962962962962963 0.043617021276595745 0.025925925925925925
0 0.6063829787234043 0.17314814814814813 0.0574468085106383 0.12962962962962962
0 0.6186170212765958 0.058333333333333334 0.10106382978723404 0.09259259259259259
0 0.7292553191489362 0.13333333333333333 0.08297872340425531 0.18703703703703703
0 0.7159574468085106 0.40185185185185185 0.06170212765957447 0.1037037037037037