1 0.21375 0.6715089034676663 0.29375 0.32146204311152765
1 0.184375 0.29568884723523897 0.29125 0.33083411433926896
0 0.546875 0.6349578256794751 0.07125 0.03655107778819119
1 0.115625 0.7642924086223055 0.23125 0.14995313964386128
1 0.910625 0.6710402999062793 0.17875 0.23430178069353327
0 0.57875 0.8013120899718837 0.0475 0.033739456419868794
0 0.48625 0.823805060918463 0.0475 0.03561387066541706
0 0.47625 0.5187441424554826 0.0675 0.04217432052483599
0 0.503125 0.5937207122774133 0.04875 0.03655107778819119
0 0.34125 0.07497656982193064 0.0525 0.03748828491096532
0 0.581875 0.3580131208997188 0.03875 0.028116213683223992
0 0.676875 0.8406747891283973 0.06375 0.11433926897844424
0 0.43875 0.8205248359887535 0.05 0.038425492033739454
1 0.545 0.260543580131209 0.23125 0.1134020618556701
0 0.60625 0.5107778819119025 0.04 0.028116213683223992
0 0.56875 0.8673851921274601 0.0375 0.02717900656044986
0 0.356875 0.8645735707591378 0.06125 0.04779756326148079
0 0.454375 0.45313964386129335 0.06875 0.038425492033739454
0 0.53625 0.4761012183692596 0.04 0.02436738519212746
1 0.779375 0.5412371134020618 0.17 0.23898781630740393
0 0.489375 0.3322399250234302 0.03625 0.030927835051546393
0 0.579375 0.7061855670103093 0.03375 0.030927835051546393
0 0.74375 0.8889409559512652 0.0375 0.03655107778819119
0 0.44375 0.788659793814433 0.04 0.029053420805998126
0 0.62 0.8059981255857545 0.0425 0.02999062792877226
1 0.043125 0.4761012183692596 0.08625 0.12839737582005623
0 0.78 0.45032802249297094 0.09125 0.03655107778819119
0 0.290625 0.5941893158388004 0.03625 0.02999062792877226
1 0.9525 0.6166822867853796 0.095 0.1668228678537957
1 0.946875 0.246485473289597 0.10625 0.12652296157450796
0 0.103125 0.3992502343017807 0.04125 0.03748828491096532
1 0.054375 0.6401124648547329 0.10875 0.17150890346766634
0 0.068125 0.44704779756326146 0.03375 0.041237113402061855
0 0.578125 0.2717900656044986 0.0575 0.031865042174320526
0 0.638125 0.6091846298031866 0.02125 0.016869728209934397
0 0.865625 0.6841611996251171 0.01875 0.013120899718837863
0 0.25 0.634020618556701 0.035 0.02530459231490159
0 0.46125 0.6569821930646673 0.0275 0.01874414245548266
0 0.374375 0.6808809746954076 0.02625 0.019681349578256794
0 0.489375 0.7596063730084348 0.02625 0.023430178069353328
0 0.38625 0.5538894095595126 0.0275 0.01874414245548266
0 0.208125 0.6368322399250235 0.03375 0.019681349578256794
0 0.429375 0.5590440487347704 0.02375 0.01780693533270853
0 0.26375 0.6110590440487348 0.035 0.016869728209934397
0 0.02 0.816776007497657 0.0375 0.015932521087160263
0 0.066875 0.8223992502343018 0.04125 0.01780693533270853
0 0.2175 0.2366447985004686 0.0325 0.02530459231490159
0 0.403125 0.4006560449859419 0.03125 0.019681349578256794
0 0.2725 0.28537956888472354 0.02 0.01780693533270853
0 0.401875 0.3692596063730084 0.02625 0.01874414245548266
0 0.673125 0.4901593252108716 0.03125 0.022492970946579195
0 0.22375 0.31865042174320524 0.0275 0.02436738519212746
0 0.538125 0.07263355201499531 0.02625 0.015932521087160263
0 0.31 0.4268978444236176 0.015 0.01218369259606373
0 0.63 0.11246485473289597 0.025 0.01499531396438613
0 0.296875 0.18744142455482662 0.01875 0.013120899718837863
0 0.695 0.4372071227741331 0.0225 0.014058106841611996
0 0.46625 0.22586691658856609 0.015 0.00937207122774133
0 0.733125 0.07357075913776945 0.01125 0.010309278350515464
0 0.62125 0.2755388940955951 0.0175 0.013120899718837863
0 0.59125 0.60543580131209 0.03625 0.026241799437675725
0 0.681875 0.6457357075913777 0.03625 0.02530459231490159
0 0.224375 0.28209934395501407 0.01125 0.011246485473289597