0 0.9727272727272728 0.546448087431694 0.05454545454545454 0.1092896174863388
0 0.8527272727272728 0.7404371584699454 0.14181818181818182 0.17486338797814208
0 0.7181818181818181 0.9153005464480874 0.11272727272727273 0.16939890710382513
0 0.5618181818181818 0.8715846994535519 0.11272727272727273 0.19672131147540983
0 0.4254545454545455 0.8633879781420765 0.10545454545454545 0.1912568306010929
0 0.2781818181818182 0.8469945355191257 0.09090909090909091 0.1092896174863388
0 0.10545454545454545 0.8114754098360656 0.10181818181818182 0.19672131147540983
0 0.02909090909090909 0.5491803278688525 0.05818181818181818 0.09289617486338798
0 0.16 0.5737704918032787 0.08 0.11475409836065574
0 0.2872727272727273 0.5901639344262295 0.10545454545454545 0.21311475409836064
0 0.19454545454545455 0.38524590163934425 0.08727272727272728 0.1366120218579235
0 0.06 0.35792349726775957 0.09090909090909091 0.09836065573770492
0 0.11454545454545455 0.16666666666666666 0.10181818181818182 0.14754098360655737
0 0.05818181818181818 0.03551912568306011 0.05090909090909091 0.07103825136612021
0 0.23454545454545456 0.20491803278688525 0.09454545454545454 0.12568306010928962
0 0.3418181818181818 0.23224043715846995 0.09090909090909091 0.10382513661202186
0 0.3836363636363636 0.07923497267759563 0.08363636363636363 0.10382513661202186
0 0.49818181818181817 0.09562841530054644 0.07272727272727272 0.08196721311475409
0 0.6090909090909091 0.12295081967213115 0.07272727272727272 0.08743169398907104
0 0.48363636363636364 0.26229508196721313 0.07272727272727272 0.08196721311475409
0 0.4672727272727273 0.4262295081967213 0.15272727272727274 0.20218579234972678
0 0.4527272727272727 0.6420765027322405 0.08727272727272728 0.14207650273224043
0 0.6054545454545455 0.44808743169398907 0.08363636363636363 0.12021857923497267
0 0.5963636363636363 0.6530054644808743 0.08 0.12021857923497267
0 0.7327272727272728 0.5027322404371585 0.08 0.12021857923497267
0 0.7272727272727273 0.31693989071038253 0.09090909090909091 0.09836065573770492
0 0.8436363636363636 0.3360655737704918 0.08363636363636363 0.09836065573770492
0 0.7236363636363636 0.13934426229508196 0.08 0.08196721311475409
0 0.9527272727272728 0.20765027322404372 0.08 0.10382513661202186