0 0.8418181818181818 0.4726775956284153 0.11272727272727273 0.1366120218579235
0 0.8836363636363637 0.27049180327868855 0.09090909090909091 0.18032786885245902
0 0.7872727272727272 0.20218579234972678 0.13818181818181818 0.17486338797814208
0 0.7727272727272727 0.38524590163934425 0.12363636363636364 0.16393442622950818
0 0.6581818181818182 0.6693989071038251 0.3018181818181818 0.3551912568306011
0 0.6618181818181819 0.4016393442622951 0.15272727272727274 0.37158469945355194
0 0.4490909090909091 0.7568306010928961 0.13818181818181818 0.16939890710382513
0 0.31636363636363635 0.6994535519125683 0.12363636363636364 0.12568306010928962
0 0.20363636363636364 0.6830601092896175 0.10909090909090909 0.1912568306010929
0 0.49272727272727274 0.6147540983606558 0.09818181818181818 0.08743169398907104
0 0.3927272727272727 0.5710382513661202 0.07272727272727272 0.1092896174863388
0 0.5581818181818182 0.5327868852459017 0.06545454545454546 0.12021857923497267
0 0.49818181818181817 0.5437158469945356 0.06909090909090909 0.09289617486338798
0 0.42 0.5136612021857924 0.08 0.1366120218579235
0 0.49272727272727274 0.45901639344262296 0.08 0.09836065573770492
0 0.5581818181818182 0.43989071038251365 0.06181818181818182 0.09289617486338798
0 0.5709090909090909 0.3087431693989071 0.03272727272727273 0.04371584699453552
0 0.5381818181818182 0.3114754098360656 0.04 0.04371584699453552
0 0.5763636363636364 0.26229508196721313 0.04 0.0546448087431694
0 0.5381818181818182 0.26229508196721313 0.04 0.04918032786885246
0 0.5018181818181818 0.27595628415300544 0.03272727272727273 0.0546448087431694
0 0.48545454545454547 0.2185792349726776 0.02909090909090909 0.07103825136612021
0 0.5163636363636364 0.19672131147540983 0.03272727272727273 0.06557377049180328
0 0.5472727272727272 0.20491803278688525 0.03636363636363636 0.06557377049180328
0 0.5909090909090909 0.21584699453551912 0.03272727272727273 0.04918032786885246
0 0.5745454545454546 0.1721311475409836 0.02909090909090909 0.060109289617486336
0 0.45636363636363636 0.319672131147541 0.05818181818181818 0.12021857923497267
0 0.3981818181818182 0.22131147540983606 0.06909090909090909 0.10382513661202186
0 0.3981818181818182 0.3333333333333333 0.07636363636363637 0.15300546448087432
0 0.34 0.3442622950819672 0.06909090909090909 0.10382513661202186
0 0.33636363636363636 0.42896174863387976 0.08 0.07103825136612021
0 0.2727272727272727 0.36065573770491804 0.06545454545454546 0.09836065573770492
0 0.25636363636363635 0.273224043715847 0.06545454545454546 0.08743169398907104
0 0.32545454545454544 0.23770491803278687 0.07272727272727272 0.10382513661202186
0 0.24545454545454545 0.5710382513661202 0.12 0.17486338797814208
0 0.2018181818181818 0.40437158469945356 0.08363636363636363 0.14754098360655737
0 0.12 0.4644808743169399 0.10545454545454545 0.1366120218579235
0 0.12363636363636364 0.30327868852459017 0.09090909090909091 0.1366120218579235