0 0.3418181818181818 0.9453551912568307 0.10181818181818182 0.06557377049180328
0 0.21454545454545454 0.8224043715846995 0.12363636363636364 0.16939890710382513
0 0.2509090909090909 0.587431693989071 0.13454545454545455 0.17486338797814208
0 0.26 0.3825136612021858 0.13090909090909092 0.16393442622950818
0 0.2727272727272727 0.16120218579234974 0.07272727272727272 0.1366120218579235
0 0.4527272727272727 0.02459016393442623 0.06909090909090909 0.04918032786885246
0 0.44363636363636366 0.18032786885245902 0.14181818181818182 0.15846994535519127
0 0.5781818181818181 0.05737704918032787 0.08727272727272728 0.10382513661202186
0 0.7018181818181818 0.10655737704918032 0.08363636363636363 0.14207650273224043
0 0.6818181818181818 0.2677595628415301 0.06909090909090909 0.1366120218579235
0 0.7836363636363637 0.3333333333333333 0.06909090909090909 0.12568306010928962
0 0.769090909090909 0.5027322404371585 0.05818181818181818 0.1092896174863388
0 0.7490909090909091 0.6693989071038251 0.06181818181818182 0.1092896174863388
0 0.6581818181818182 0.4808743169398907 0.05818181818181818 0.1092896174863388
0 0.5490909090909091 0.45081967213114754 0.13818181818181818 0.23497267759562843
0 0.4072727272727273 0.4262295081967213 0.09454545454545454 0.13114754098360656
0 0.5327272727272727 0.6612021857923497 0.08 0.13114754098360656
0 0.39636363636363636 0.6420765027322405 0.08 0.12568306010928962
0 0.49454545454545457 0.8497267759562842 0.08363636363636363 0.12021857923497267
0 0.6181818181818182 0.8442622950819673 0.06545454545454546 0.1366120218579235
0 0.6054545454545455 0.9754098360655737 0.06181818181818182 0.04918032786885246
0 0.7363636363636363 0.8415300546448088 0.05454545454545454 0.12568306010928962