0 0.15818181818181817 0.4726775956284153 0.10545454545454545 0.12021857923497267
0 0.10181818181818182 0.6666666666666666 0.08 0.16939890710382513
0 0.19272727272727272 0.7513661202185792 0.12727272727272726 0.15846994535519127
0 0.22 0.5710382513661202 0.11272727272727273 0.14754098360655737
0 0.35454545454545455 0.30601092896174864 0.28 0.3114754098360656
0 0.3327272727272727 0.5737704918032787 0.12727272727272726 0.3551912568306011
0 0.5690909090909091 0.25136612021857924 0.12727272727272726 0.14754098360655737
0 0.6963636363636364 0.33060109289617484 0.11636363636363636 0.1092896174863388
0 0.8072727272727273 0.3633879781420765 0.09818181818181818 0.17486338797814208
0 0.5145454545454545 0.3879781420765027 0.09454545454545454 0.07103825136612021
0 0.610909090909091 0.4453551912568306 0.06545454545454546 0.09836065573770492
0 0.44363636363636366 0.45901639344262296 0.05818181818181818 0.1092896174863388
0 0.5054545454545455 0.4562841530054645 0.06545454545454546 0.08196721311475409
0 0.58 0.5 0.07272727272727272 0.12568306010928962
0 0.5036363636363637 0.5409836065573771 0.07272727272727272 0.08743169398907104
0 0.4381818181818182 0.5519125683060109 0.05454545454545454 0.08743169398907104
0 0.4163636363636364 0.680327868852459 0.02909090909090909 0.03825136612021858
0 0.4490909090909091 0.680327868852459 0.03636363636363636 0.03825136612021858
0 0.4072727272727273 0.7240437158469946 0.03636363636363636 0.04918032786885246
0 0.44545454545454544 0.7295081967213115 0.03636363636363636 0.04371584699453552
0 0.4818181818181818 0.7213114754098361 0.02909090909090909 0.04918032786885246
0 0.49454545454545457 0.7814207650273224 0.025454545454545455 0.06557377049180328
0 0.4618181818181818 0.7978142076502732 0.02909090909090909 0.060109289617486336
0 0.43272727272727274 0.7868852459016393 0.03272727272727273 0.060109289617486336
0 0.3890909090909091 0.76775956284153 0.02909090909090909 0.04371584699453552
0 0.4036363636363636 0.8142076502732241 0.025454545454545455 0.0546448087431694
0 0.5309090909090909 0.6857923497267759 0.05090909090909091 0.11475409836065574
0 0.5818181818181818 0.7923497267759563 0.06181818181818182 0.09289617486338798
0 0.5890909090909091 0.680327868852459 0.06545454545454546 0.14207650273224043
0 0.649090909090909 0.680327868852459 0.06181818181818182 0.09289617486338798
0 0.6581818181818182 0.5956284153005464 0.07636363636363637 0.060109289617486336
0 0.7163636363636363 0.674863387978142 0.05818181818181818 0.08743169398907104
0 0.7272727272727273 0.7650273224043715 0.06181818181818182 0.07650273224043716
0 0.6545454545454545 0.7868852459016393 0.06545454545454546 0.09289617486338798
0 0.7581818181818182 0.46994535519125685 0.10909090909090909 0.15846994535519127
0 0.7890909090909091 0.6420765027322405 0.07636363636363637 0.1366120218579235
0 0.8745454545454545 0.5956284153005464 0.09818181818181818 0.12021857923497267
0 0.86 0.7540983606557377 0.08363636363636363 0.12568306010928962