0 0.9128205128205128 0.08147713950762016 0.040293040293040296 0.029308323563892145
0 0.8710622710622711 0.19079718640093787 0.03663003663003663 0.022860492379835874
0 0.7571428571428571 0.15357561547479484 0.0336996336996337 0.021101992966002344
0 0.6743589743589744 0.13071512309495897 0.10329670329670329 0.06096131301289566
0 0.6117216117216118 0.1667643610785463 0.0695970695970696 0.05744431418522861
0 0.6897435897435897 0.22039859320046892 0.04249084249084249 0.029894490035169988
0 0.6582417582417582 0.21512309495896834 0.02857142857142857 0.020515826494724502
0 0.6688644688644688 0.2552754982415006 0.01904761904761905 0.016998827667057445
0 0.7021978021978021 0.2731535756154748 0.054945054945054944 0.05627198124267292
0 0.8234432234432234 0.2661195779601407 0.041025641025641026 0.038100820633059786
0 0.7637362637362637 0.2693434935521688 0.05274725274725275 0.04337631887456037
0 0.9336996336996337 0.2913247362250879 0.08058608058608059 0.08440797186400938
0 0.9706959706959707 0.3716295427901524 0.04249084249084249 0.11254396248534584
0 0.978021978021978 0.46922626025791325 0.04395604395604396 0.053341148886283704
0 0.9908424908424909 0.5131887456037515 0.018315018315018316 0.041617819460726846
0 0.9882783882783883 0.548358733880422 0.023443223443223443 0.02403282532239156
0 0.9684981684981685 0.5855803048065651 0.063003663003663 0.04689331770222743
0 0.9534798534798535 0.5398593200468933 0.06446886446886448 0.09671746776084408
0 0.9120879120879121 0.593200468933177 0.1010989010989011 0.07678780773739742
0 0.8575091575091575 0.5841148886283705 0.04468864468864469 0.04572098475967175
0 0.9091575091575091 0.5117233294255569 0.08937728937728938 0.08323563892145369
0 0.945054945054945 0.4575029308323564 0.05054945054945055 0.05744431418522861
0 0.9322344322344323 0.42672919109026963 0.05274725274725275 0.03399765533411489
0 0.8923076923076924 0.4536928487690504 0.06593406593406594 0.04865181711606096
0 0.9010989010989011 0.4015240328253224 0.0315018315018315 0.023446658851113716
0 0.8633699633699634 0.4287807737397421 0.024175824175824177 0.016998827667057445
0 0.8457875457875458 0.3795427901524033 0.035897435897435895 0.041617819460726846
0 0.8948717948717949 0.3525791324736225 0.04395604395604396 0.03634232121922626
0 0.9362637362637363 0.37280187573270807 0.07106227106227106 0.0873388042203986
0 0.8871794871794871 0.30656506447831183 0.05201465201465202 0.043962485345838215
0 0.8549450549450549 0.2825322391559203 0.046886446886446886 0.02813599062133646
0 0.7934065934065934 0.28927315357561545 0.03296703296703297 0.029308323563892145
0 0.7336996336996336 0.29689331770222743 0.05714285714285714 0.05216881594372802
0 0.7402930402930403 0.34378663540445487 0.02271062271062271 0.025205158264947247
0 0.7347985347985349 0.38686987104337633 0.021245421245421246 0.022274325908558032
0 0.7750915750915751 0.41178194607268465 0.04835164835164835 0.041617819460726846
0 0.8095238095238095 0.4331770222743259 0.041025641025641026 0.029894490035169988
0 0.843956043956044 0.4070926143024619 0.03663003663003663 0.032825322391559206
0 0.8084249084249084 0.3939038686987104 0.03076923076923077 0.022860492379835874
0 0.8285714285714286 0.34466588511137164 0.035897435897435895 0.02579132473622509
0 0.798901098901099 0.3429073856975381 0.04322344322344322 0.03927315357561548
0 0.7633699633699633 0.3645955451348183 0.05054945054945055 0.06799531066822978
0 0.8087912087912088 0.3150644783118406 0.11062271062271062 0.04865181711606096
0 0.8677655677655678 0.33411488862837047 0.04322344322344322 0.041031652989449004
0 0.8432234432234432 0.4510550996483001 0.023443223443223443 0.031066822977725676
0 0.8677655677655678 0.47772567409144195 0.0315018315018315 0.020515826494724502
0 0.852014652014652 0.5032239155920282 0.041025641025641026 0.03634232121922626
0 0.8428571428571429 0.4768464243845252 0.02857142857142857 0.025205158264947247
0 0.8124542124542125 0.4824150058616647 0.03882783882783883 0.031066822977725676
0 0.7860271333333333 0.4387635562719812 0.7530683765567765 0.4105496846424384 0.7319004454212454 0.39261510492379836 0.7147687428571429 0.39087676670574445 0.7026654644688645 0.3997058634232122 0.7028625304029305 0.4198494982415006 0.707377578021978 0.4407533862837046 0.7231040673992674 0.45326202286049233 0.7465893450549451 0.46879296834701056 0.7753310791208792 0.47834632297772567 0.8025670373626372 0.47809244255568584 0.8107313406593407 0.46898153165298945 0.8046456263736265 0.4499795562719812 0.7860271333333333 0.4387635562719812
0 0.793040293040293 0.5064478311840562 0.08571428571428572 0.07209847596717468
0 0.7626373626373626 0.5287221570926143 0.034432234432234435 0.03341148886283705
0 0.8575091575091575 0.5392731535756154 0.07545787545787545 0.05216881594372802
0 0.7952380952380952 0.548358733880422 0.02564102564102564 0.022860492379835874
0 0.7663003663003664 0.5553927315357562 0.03076923076923077 0.02813599062133646
0 0.736996336996337 0.552168815943728 0.0336996336996337 0.038100820633059786
0 0.7043956043956044 0.5867526377491208 0.020512820512820513 0.02403282532239156
0 0.7714285714285715 0.6184056271981243 0.05787545787545788 0.05803048065650645
0 0.8241758241758241 0.5923212192262602 0.08058608058608059 0.0738569753810082
0 0.7197802197802198 0.6611957796014069 0.02271062271062271 0.01817116060961313
0 0.8318681318681319 0.611664712778429 0.026373626373626374 0.022860492379835874
0 0.7146520146520147 0.3701641266119578 0.03076923076923077 0.03751465416178194
0 0.7084249084249085 0.3264947245017585 0.063003663003663 0.04865181711606096
0 0.6410256410256411 0.31887456037514655 0.11135531135531136 0.0984759671746776
0 0.6608058608058608 0.2804806565064478 0.026373626373626374 0.03399765533411489
0 0.610989010989011 0.26143024618991795 0.021245421245421246 0.015240328253223915
0 0.5542124542124542 0.26699882766705746 0.02197802197802198 0.016412661195779603
0 0.5864468864468865 0.2857561547479484 0.01978021978021978 0.019343493552168817
0 0.5669140717948719 0.31749379425556856 0.5816061194139194 0.33971780128956625 0.5941282981684982 0.3609341535756154 0.6122326271062272 0.3664192696365768 0.6210109018315019 0.3617471201641266 0.579219873992674 0.2963654824150059 0.5770127377289377 0.2965916981242673 0.5653437824175824 0.3057300339976553 0.5669140717948719 0.31749379425556856
0 0.5598076534798534 0.4588655029308324 0.5590611238095238 0.4662241101992966 0.5618378087912087 0.4864134618991794 0.5696062234432234 0.4874296307151231 0.6051724205128205 0.48255570515826496 0.6363147948717949 0.4765915076201641 0.6592617318681319 0.4700324876905041 0.6646682974358975 0.4676150691676436 0.6607673047619047 0.4641013276670574 0.5657017941391942 0.45848321981242673 0.5598076534798534 0.4588655029308324
0 0.6273770168498168 0.43853751934349355 0.6250105604395604 0.44699445076201644 0.6268685934065934 0.4559331811254396 0.6255590827838828 0.4563714736225088 0.6338925538461538 0.45896110550996483 0.6386945076923076 0.4587697737397421 0.6422293018315018 0.45437045779601404 0.6432176000000001 0.45310346424384523 0.6459368402930403 0.44733688686987105 0.6421637164835166 0.4404844577960141 0.6392258014652015 0.43811284876905043 0.6379532183150183 0.43286470222743256 0.6351120505494505 0.433785866940211 0.6273770168498168 0.43853751934349355
0 0.6615384615384615 0.4211606096131301 0.02564102564102564 0.021101992966002344
0 0.672893772893773 0.45515826494724504 0.040293040293040296 0.050996483001172335
0 0.7153846153846154 0.46365767878077374 0.03663003663003663 0.02637749120750293
0 0.6989010989010989 0.4894490035169988 0.030036630036630037 0.03634232121922626
0 0.6956043956043956 0.42995310668229775 0.03736263736263736 0.050996483001172335
0 0.6315018315018315 0.4056271981242673 0.05567765567765568 0.05041031652989449
0 0.5813186813186814 0.43376318874560377 0.08278388278388278 0.043962485345838215
0 0.5765567765567765 0.4059202813599062 0.05201465201465202 0.031652989449003514
0 0.5853479853479854 0.4501758499413834 0.01611721611721612 0.01992966002344666
0 0.5505494505494506 0.47479484173505276 0.02564102564102564 0.021688159437280186
0 0.5794871794871795 0.49941383352872215 0.03296703296703297 0.02637749120750293
0 0.6153846153846154 0.5169988276670574 0.02564102564102564 0.029894490035169988
0 0.6402930402930402 0.4903282532239156 0.024175824175824177 0.02403282532239156
0 0.6717948717948717 0.5117233294255569 0.023443223443223443 0.01992966002344666
0 0.6659340659340659 0.48710433763188743 0.034432234432234435 0.032825322391559206
0 0.6073260073260073 0.3786635404454865 0.04468864468864469 0.031066822977725676
0 0.6604395604395604 0.37075029308323565 0.060805860805860805 0.03341148886283705
0 0.6846153846153846 0.39449003516998826 0.07032967032967033 0.032825322391559206
0 0.5875457875457876 0.522274325908558 0.03736263736263736 0.0246189917936694
0 0.5908424908424909 0.5401524032825322 0.02857142857142857 0.02579132473622509
0 0.6201465201465202 0.5600820633059789 0.02490842490842491 0.03751465416178194
0 0.6373626373626373 0.5360492379835874 0.04542124542124542 0.06565064478311841
0 0.6417582417582418 0.6055099648300117 0.035897435897435895 0.0369284876905041
0 0.6780219780219781 0.5553927315357562 0.046153846153846156 0.038100820633059786
0 0.7065934065934066 0.5290152403282532 0.06373626373626373 0.03985932004689332
0 0.726007326007326 0.5035169988276671 0.054212454212454214 0.03927315357561548
0 0.663003663003663 0.6638335287221571 0.018315018315018316 0.014654161781946073
0 0.643611526007326 0.6454979830011722 0.6482265875457875 0.6515116107854632 0.6727234175824176 0.6459576389214536 0.7137534454212454 0.6253883247362251 0.7648611377289377 0.5986189783118405 0.8016193282051283 0.5775241471277843 0.8279113296703297 0.5619469906213365 0.8259764168498168 0.5494386570926143 0.819808380952381 0.5460394712778429 0.6490784388278389 0.6339892778429074 0.643611526007326 0.6454979830011722
0 0.6946908102564103 0.6123728429073857 0.6994717465201465 0.6062593763188745 0.680728180952381 0.608360815943728 0.643793178021978 0.6283040363423212 0.639730189010989 0.6368431828839389 0.6502172058608058 0.6345897133645956 0.674168550915751 0.6235866570926143 0.6946908102564103 0.6123728429073857
0 0.6069597069597069 0.6661781946072685 0.018315018315018316 0.012895662368112544
0 0.5523809523809524 0.6699882766705745 0.017582417582417582 0.0123094958968347
0 0.5886446886446887 0.6371629542790153 0.05128205128205128 0.04044548651817116
0 0.5615384615384615 0.6069753810082064 0.05641025641025641 0.050996483001172335
0 0.6010989010989011 0.5864595545134819 0.0380952380952381 0.027549824150058615
0 0.5227106227106227 0.6365767878077374 0.021245421245421246 0.016998827667057445
0 0.5552747706959706 0.6301248616647127 0.5424974835164835 0.6210041148886284 0.5368985501831502 0.596191756154748 0.5279612593406593 0.5923355926143025 0.521300473992674 0.5923023745603752 0.5179221106227105 0.6022911670574442 0.5214372542124542 0.6165583698710434 0.5323452285714286 0.6310941113716295 0.5409027758241758 0.6417868288393904 0.5490751194139194 0.6458501025791324 0.562508263003663 0.6431747784290739 0.5694694864468864 0.6395036324736225 0.5687513355311354 0.6331186043376319 0.5552747706959706 0.6301248616647127
0 0.5652014652014652 0.5630128956623681 0.0380952380952381 0.04279015240328253
0 0.5402930402930403 0.5847010550996483 0.017582417582417582 0.016998827667057445
0 0.5172161172161173 0.552168815943728 0.13113553113553114 0.09788980070339977
0 0.47216117216117215 0.6216295427901524 0.02197802197802198 0.020515826494724502
0 0.47435897435897434 0.6186987104337632 0.08791208791208792 0.07327080890973037
0 0.44542124542124545 0.6740914419695193 0.01904761904761905 0.01406799531066823
0 0.49926739926739927 0.671746776084408 0.01978021978021978 0.016412661195779603
0 0.5234432234432235 0.47362250879249707 0.0695970695970696 0.06858147713950762
0 0.4857142857142857 0.4645369284876905 0.05347985347985348 0.04220398593200469
0 0.4989010989010989 0.49531066822977726 0.046886446886446886 0.045134818288393906
0 0.4879120879120879 0.4361078546307151 0.04468864468864469 0.02403282532239156
0 0.4586080586080586 0.414126611957796 0.035897435897435895 0.02403282532239156
0 0.4816849816849817 0.3634232121922626 0.035164835164835165 0.050996483001172335
0 0.515018315018315 0.35873388042203985 0.04835164835164835 0.03458382180539273
0 0.5432234432234432 0.3839390386869871 0.05128205128205128 0.03458382180539273
0 0.521978021978022 0.40621336459554513 0.0652014652014652 0.05451348182883939
0 0.47435897435897434 0.5032239155920282 0.04249084249084249 0.025205158264947247
0 0.5047619047619047 0.5216881594372802 0.02857142857142857 0.020515826494724502
0 0.4582417582417582 0.529601406799531 0.03736263736263736 0.031652989449003514
0 0.42747252747252745 0.5501172332942555 0.027106227106227107 0.022274325908558032
0 0.43956043956043955 0.5756154747948418 0.03736263736263736 0.032825322391559206
0 0.4087912087912088 0.6283704572098476 0.0673992673992674 0.06799531066822978
0 0.38534798534798537 0.5978898007033998 0.05787545787545788 0.0369284876905041
0 0.40695970695970696 0.5738569753810082 0.029304029304029304 0.027549824150058615
0 0.37216117216117217 0.5512895662368112 0.041025641025641026 0.03634232121922626
0 0.37252747252747254 0.5096717467760844 0.04395604395604396 0.03634232121922626
0 0.39157509157509157 0.48681125439624856 0.026373626373626374 0.029308323563892145
0 0.42454212454212453 0.5076201641266119 0.08644688644688645 0.07327080890973037
0 0.4472527472527473 0.46805392731535755 0.0380952380952381 0.02813599062133646
0 0.40915750915750915 0.46395076201641267 0.034432234432234435 0.02813599062133646
0 0.384981684981685 0.4437280187573271 0.03956043956043956 0.050996483001172335
0 0.36117216117216117 0.4686400937866354 0.04249084249084249 0.03223915592028136
0 0.35421245421245423 0.4223329425556858 0.0380952380952381 0.041031652989449004
0 0.3457875457875458 0.37924970691676435 0.023443223443223443 0.04220398593200469
0 0.40286636923076924 0.423517631887456 0.4140633457875458 0.42725773036342324 0.43062855604395606 0.42930566588511143 0.4400595860805861 0.42528090504103166 0.438214443956044 0.415953572098476 0.43101551794871795 0.40596170457209846 0.4228120417582417 0.4055926864009378 0.4134823098901099 0.3979493956623681 0.4183428586080586 0.39278587221570926 0.4190229655677656 0.3850344665885111 0.41519047545787546 0.37899806565064476 0.40153473992673994 0.378383511137163 0.3836280622710622 0.3814710093786635 0.37179865934065937 0.39219708264947245 0.364118347985348 0.412824101992966 0.3714877010989011 0.4171557485345838 0.3832545692307692 0.41583257444314187 0.39312116483516485 0.41437316178194605 0.40120843809523804 0.4151250638921454 0.40286636923076924 0.423517631887456
0 0.43223443223443225 0.3939038686987104 0.027106227106227107 0.022860492379835874
0 0.4230769230769231 0.3516998827667057 0.024175824175824177 0.01992966002344666
0 0.4227106227106227 0.3481828839390387 0.08571428571428572 0.0738569753810082
0 0.4139194139194139 0.3226846424384525 0.02197802197802198 0.014654161781946073
0 0.36996336996337 0.3601992966002345 0.04322344322344322 0.05627198124267292
0 0.4380952380952381 0.4425556858147714 0.05128205128205128 0.03575615474794842
0 0.5333333333333333 0.3332356389214537 0.03076923076923077 0.03751465416178194
0 0.5758241758241758 0.3798358733880422 0.020512820512820513 0.021688159437280186
0 0.5703296703296703 0.3552168815943728 0.041025641025641026 0.031652989449003514
0 0.5315018315018315 0.29835873388042206 0.07692307692307693 0.03985932004689332
0 0.4970695970695971 0.27432590855803046 0.01684981684981685 0.01406799531066823
0 0.4728937728937729 0.3018757327080891 0.07252747252747253 0.05803048065650645
0 0.44285714285714284 0.27960140679953105 0.020512820512820513 0.013481828839390387
0 0.41611721611721614 0.30363423212192264 0.026373626373626374 0.0246189917936694
0 0.3882783882783883 0.28634232121922626 0.01978021978021978 0.015826494724501757
0 0.3597069597069597 0.3083235638921454 0.06593406593406594 0.06447831184056271
0 0.30512820512820515 0.4481242672919109 0.01391941391941392 0.011137162954279016
0 0.2868131868131868 0.4932590855803048 0.02271062271062271 0.021688159437280186
0 0.31978021978021975 0.5392731535756154 0.01098901098901099 0.011723329425556858
0 0.304029304029304 0.6002344665885111 0.014652014652014652 0.011137162954279016
0 0.336996336996337 0.6623681125439624 0.014652014652014652 0.012895662368112544
0 0.28827838827838825 0.6403868698710434 0.017582417582417582 0.016998827667057445
0 0.2692307692307692 0.664126611957796 0.04322344322344322 0.04044548651817116
0 0.258974358974359 0.623094958968347 0.015384615384615385 0.013481828839390387
0 0.23882783882783884 0.6436107854630715 0.015384615384615385 0.01406799531066823
0 0.2315018315018315 0.6034583821805393 0.014652014652014652 0.011723329425556858
0 0.2523809523809524 0.582063305978898 0.018315018315018316 0.015826494724501757
0 0.24468864468864468 0.5407385697538101 0.017582417582417582 0.016998827667057445
0 0.23846153846153847 0.4985345838218054 0.040293040293040296 0.05041031652989449
0 0.2175824175824176 0.5213950762016413 0.015384615384615385 0.0123094958968347
0 0.19523809523809524 0.5433763188745604 0.017582417582417582 0.015826494724501757
0 0.20146520146520147 0.5855803048065651 0.034432234432234435 0.05041031652989449
0 0.18827838827838828 0.5026377491207503 0.01684981684981685 0.016412661195779603
0 0.20805860805860807 0.48007033997655335 0.01904761904761905 0.015826494724501757
0 0.2293040293040293 0.45603751465416176 0.021245421245421246 0.01817116060961313
0 0.17985347985347985 0.46131301289566234 0.01978021978021978 0.01875732708089097
0 0.17252747252747253 0.4211606096131301 0.03882783882783883 0.047479484173505275
0 0.1945054945054945 0.3947831184056272 0.017582417582417582 0.01406799531066823
0 0.22271062271062272 0.41324736225087927 0.01904761904761905 0.01817116060961313
0 0.2153846153846154 0.37192262602579135 0.01684981684981685 0.013481828839390387
0 0.18754578754578755 0.35228604923798357 0.014652014652014652 0.0123094958968347
0 0.1597069597069597 0.332063305978898 0.013186813186813187 0.015240328253223915
0 0.2032967032967033 0.3399765533411489 0.029304029304029304 0.017584994138335287
0 0.23626373626373626 0.34642438452520513 0.020512820512820513 0.016412661195779603
0 0.2681318681318681 0.388042203985932 0.01391941391941392 0.0123094958968347
0 0.21721611721611722 0.6650058616647128 0.01684981684981685 0.011723329425556858
0 0.3058608058608059 0.21219226260257915 0.01611721611721612 0.012895662368112544
0 0.33589743589743587 0.2224501758499414 0.01904761904761905 0.01406799531066823
0 0.3882783882783883 0.21365767878077374 0.02271062271062271 0.016412661195779603
0 0.447985347985348 0.20193434935521687 0.06593406593406594 0.04337631887456037
0 0.37985347985347984 0.17878077373974208 0.047619047619047616 0.038100820633059786
0 0.319047619047619 0.14038686987104337 0.07765567765567766 0.05509964830011723
0 0.18534798534798536 0.1336459554513482 0.02197802197802198 0.007033997655334115
0 0.4032967032967033 0.11635404454865182 0.06886446886446887 0.02579132473622509
0 0.5663003663003663 0.10023446658851114 0.041758241758241756 0.022860492379835874
0 0.5388278388278388 0.14302461899179367 0.05934065934065934 0.03634232121922626
0 0.9666666666666667 0.3335287221570926 0.021245421245421246 0.0246189917936694
1 0.8435897435897436 0.40357561547479487 0.11501831501831501 0.11078546307151231
1 0.5706959706959707 0.09935521688159438 0.2315018315018315 0.047479484173505275
1 0.6802197802197802 0.6122508792497069 0.19853479853479852 0.10082063305978899
0 0.7336996336996336 0.757327080890973 0.01904761904761905 0.010550996483001172
1 0.49157509157509155 0.3593200468933177 0.1304029304029304 0.08851113716295428