0 0.025454545454545455 0.5491803278688525 0.05090909090909091 0.09836065573770492
0 0.1290909090909091 0.3360655737704918 0.13090909090909092 0.14754098360655737
0 0.24363636363636362 0.12568306010928962 0.09818181818181818 0.16393442622950818
0 0.4036363636363636 0.1448087431693989 0.09818181818181818 0.18032786885245902
0 0.54 0.12568306010928962 0.09090909090909091 0.17486338797814208
0 0.6872727272727273 0.1092896174863388 0.08363636363636363 0.09289617486338798
0 0.8618181818181818 0.1092896174863388 0.08727272727272728 0.18032786885245902
0 0.9872727272727273 0.11202185792349727 0.025454545454545455 0.12568306010928962
0 0.9672727272727273 0.34972677595628415 0.06545454545454546 0.08196721311475409
0 0.8290909090909091 0.3551912568306011 0.07272727272727272 0.09836065573770492
0 0.7018181818181818 0.366120218579235 0.08727272727272728 0.19672131147540983
0 0.8127272727272727 0.5491803278688525 0.07636363636363637 0.12021857923497267
0 0.9490909090909091 0.5491803278688525 0.08363636363636363 0.08196721311475409
0 0.9127272727272727 0.7486338797814208 0.09090909090909091 0.13114754098360656
0 0.98 0.8879781420765027 0.04 0.10382513661202186
0 0.7909090909090909 0.7377049180327869 0.08363636363636363 0.1092896174863388
0 0.6818181818181818 0.73224043715847 0.08363636363636363 0.08743169398907104
0 0.6545454545454545 0.8934426229508197 0.07636363636363637 0.08743169398907104
0 0.54 0.8989071038251366 0.06545454545454546 0.07103825136612021
0 0.42727272727272725 0.8961748633879781 0.06545454545454546 0.07650273224043716
0 0.5381818181818182 0.73224043715847 0.06545454545454546 0.07103825136612021
0 0.54 0.5655737704918032 0.13818181818181818 0.17486338797814208
0 0.5345454545454545 0.34972677595628415 0.07636363636363637 0.12568306010928962
0 0.4 0.5737704918032787 0.07636363636363637 0.10382513661202186
0 0.39090909090909093 0.36885245901639346 0.07272727272727272 0.10382513661202186
0 0.2690909090909091 0.546448087431694 0.06909090909090909 0.1092896174863388
0 0.2927272727272727 0.7295081967213115 0.08363636363636363 0.08196721311475409
0 0.17454545454545456 0.7349726775956285 0.07636363636363637 0.08196721311475409
0 0.31272727272727274 0.9043715846994536 0.07636363636363637 0.06557377049180328
0 0.07818181818181819 0.8852459016393442 0.07272727272727272 0.08743169398907104