0 0.3654513888888889 0.825 0.1527777777777778 0.11481481481481481
0 0.2170138888888889 0.7842592592592592 0.20833333333333334 0.07037037037037037
0 0.2934027777777778 0.7486111111111111 0.06076388888888889 0.028703703703703703
0 0.021701388888888888 0.6930555555555555 0.043402777777777776 0.028703703703703703
0 0.3784722222222222 0.7125 0.06076388888888889 0.02962962962962963
0 0.2204861111111111 0.6532407407407408 0.036458333333333336 0.012962962962962963
0 0.1935763888888889 0.6462962962962963 0.024305555555555556 0.022222222222222223
0 0.4123263888888889 0.6615740740740741 0.06076388888888889 0.028703703703703703
0 0.10590277777777778 0.5726851851851852 0.21180555555555555 0.14907407407407408
0 0.5277777777777778 0.5990740740740741 0.15104166666666666 0.09814814814814815
0 0.5659722222222222 0.5430555555555555 0.041666666666666664 0.030555555555555555
0 0.2552083333333333 0.4689814814814815 0.125 0.08055555555555556
0 0.13541666666666666 0.4217592592592593 0.16145833333333334 0.1111111111111111
0 0.6762152777777778 0.39861111111111114 0.07118055555555555 0.06111111111111111
0 0.5607638888888888 0.37824074074074077 0.03125 0.017592592592592594
0 0.6241319444444444 0.35833333333333334 0.029513888888888888 0.01574074074074074
0 0.6762152777777778 0.3074074074074074 0.020833333333333332 0.018518518518518517
0 0.5763888888888888 0.2759259259259259 0.12152777777777778 0.07592592592592592
1 0.6145833333333334 0.19675925925925927 0.1736111111111111 0.10925925925925926
1 0.46875 0.23194444444444445 0.1753472222222222 0.12222222222222222
1 0.2126736111111111 0.6685185185185185 0.140625 0.10277777777777777
0 0.625 0.4305555555555556 0.020833333333333332 0.016666666666666666