0 0.9583333333333334 0.7356481481481482 0.04513888888888889 0.06851851851851852
0 0.9809027777777778 0.6226851851851852 0.017361111111111112 0.020370370370370372
0 0.9861111111111112 0.49398148148148147 0.027777777777777776 0.028703703703703703
0 0.9644097222222222 0.5393518518518519 0.024305555555555556 0.012962962962962963
0 0.9105902777777778 0.6064814814814815 0.043402777777777776 0.025925925925925925
0 0.8880208333333334 0.6430555555555556 0.03819444444444445 0.025925925925925925
0 0.8723958333333334 0.7425925925925926 0.029513888888888888 0.022222222222222223
0 0.9166666666666666 0.2564814814814815 0.06770833333333333 0.025925925925925925
0 0.8715277777777778 0.5731481481481482 0.022569444444444444 0.012037037037037037
0 0.8107638888888888 0.611574074074074 0.043402777777777776 0.026851851851851852
0 0.7855902777777778 0.7412037037037037 0.03298611111111111 0.022222222222222223
0 0.7960069444444444 0.5078703703703704 0.027777777777777776 0.014814814814814815
0 0.7890625 0.35833333333333334 0.2204861111111111 0.075
0 0.7083333333333334 0.6180555555555556 0.041666666666666664 0.026851851851851852
0 0.6944444444444444 0.5731481481481482 0.022569444444444444 0.010185185185185186
0 0.6692708333333334 0.4486111111111111 0.1076388888888889 0.12037037037037036
0 0.6102430555555556 0.7375 0.09895833333333333 0.025
0 0.5199652777777778 0.7324074074074074 0.019097222222222224 0.010185185185185186
0 0.5138888888888888 0.6157407407407407 0.05381944444444445 0.04259259259259259
0 0.5260416666666666 0.287962962962963 0.06944444444444445 0.04351851851851852
0 0.5008680555555556 0.3523148148148148 0.24479166666666666 0.06666666666666667
0 0.4826388888888889 0.48842592592592593 0.019097222222222224 0.009259259259259259
0 0.4001736111111111 0.6310185185185185 0.11979166666666667 0.06018518518518518
0 0.4123263888888889 0.412962962962963 0.03819444444444445 0.023148148148148147
0 0.3810763888888889 0.5402777777777777 0.019097222222222224 0.010185185185185186
0 0.2725694444444444 0.6518518518518519 0.03993055555555555 0.022222222222222223
0 0.2673611111111111 0.47824074074074074 0.020833333333333332 0.011111111111111112
0 0.21354166666666666 0.6435185185185185 0.052083333333333336 0.022222222222222223
0 0.19791666666666666 0.6875 0.029513888888888888 0.020370370370370372
0 0.2204861111111111 0.2462962962962963 0.06944444444444445 0.03333333333333333
0 0.1701388888888889 0.5837962962962963 0.10590277777777778 0.05555555555555555
0 0.17100694444444445 0.3435185185185185 0.1701388888888889 0.1175925925925926
1 0.06163194444444445 0.45231481481481484 0.0763888888888889 0.05277777777777778
1 0.0763888888888889 0.637962962962963 0.1527777777777778 0.07592592592592592
1 0.23177083333333334 0.6805555555555556 0.2204861111111111 0.11851851851851852
1 0.3680555555555556 0.7162037037037037 0.14583333333333334 0.04537037037037037
1 0.6059027777777778 0.6092592592592593 0.3055555555555556 0.14351851851851852
1 0.2526041666666667 0.5023148148148148 0.1111111111111111 0.08055555555555556
1 0.9817708333333334 0.3384259259259259 0.036458333333333336 0.03611111111111111
1 0.9027777777777778 0.649074074074074 0.1371527777777778 0.044444444444444446