0 0.22743055555555555 0.23194444444444445 0.10590277777777778 0.08703703703703704
0 0.4348958333333333 0.2324074074074074 0.10243055555555555 0.05185185185185185
0 0.3489583333333333 0.2412037037037037 0.05381944444444445 0.025
0 0.3072916666666667 0.29398148148148145 0.052083333333333336 0.025
0 0.15538194444444445 0.3162037037037037 0.14930555555555555 0.08055555555555556
0 0.2682291666666667 0.3476851851851852 0.05381944444444445 0.023148148148148147
0 0.5338541666666666 0.34629629629629627 0.029513888888888888 0.019444444444444445
0 0.13541666666666666 0.38055555555555554 0.03298611111111111 0.022222222222222223
0 0.22743055555555555 0.4 0.052083333333333336 0.023148148148148147
0 0.042534722222222224 0.41574074074074074 0.08506944444444445 0.0962962962962963
0 0.09635416666666667 0.46805555555555556 0.1909722222222222 0.0962962962962963
0 0.3446180555555556 0.475 0.125 0.06759259259259259
0 0.4774305555555556 0.4726851851851852 0.1527777777777778 0.09074074074074075
0 0.07378472222222222 0.5296296296296297 0.0625 0.03148148148148148
0 0.050347222222222224 0.5546296296296296 0.06076388888888889 0.03518518518518519
0 0.17274305555555555 0.5550925925925926 0.026041666666666668 0.012037037037037037
0 0.15711805555555555 0.5597222222222222 0.013888888888888888 0.010185185185185186
0 0.4696180555555556 0.5638888888888889 0.1701388888888889 0.08055555555555556
0 0.2421875 0.575925925925926 0.05555555555555555 0.030555555555555555
0 0.06684027777777778 0.6625 0.10243055555555555 0.06944444444444445
0 0.3463541666666667 0.7277777777777777 0.1076388888888889 0.07777777777777778
1 0.1736111111111111 0.7236111111111111 0.2986111111111111 0.08611111111111111
1 0.1840277777777778 0.5449074074074074 0.0954861111111111 0.09722222222222222
1 0.5850694444444444 0.5763888888888888 0.1388888888888889 0.19814814814814816
1 0.5138888888888888 0.3597222222222222 0.08333333333333333 0.09907407407407408