0 0.9644097222222222 0.3263888888888889 0.03125 0.03333333333333333
0 0.9748263888888888 0.5583333333333333 0.050347222222222224 0.024074074074074074
0 0.9036458333333334 0.4912037037037037 0.19270833333333334 0.0712962962962963
0 0.8715277777777778 0.2814814814814815 0.0798611111111111 0.05185185185185185
0 0.9131944444444444 0.7055555555555556 0.1111111111111111 0.02962962962962963
0 0.8454861111111112 0.3851851851851852 0.06597222222222222 0.023148148148148147
0 0.8376736111111112 0.7342592592592593 0.043402777777777776 0.03518518518518519
0 0.7682291666666666 0.26064814814814813 0.07118055555555555 0.04537037037037037
0 0.7439236111111112 0.26296296296296295 0.052083333333333336 0.028703703703703703
0 0.7473958333333334 0.4217592592592593 0.043402777777777776 0.019444444444444445
0 0.7213541666666666 0.5166666666666667 0.09027777777777778 0.032407407407407406
0 0.6814236111111112 0.7555555555555555 0.036458333333333336 0.011111111111111112
0 0.6215277777777778 0.6236111111111111 0.08680555555555555 0.041666666666666664
0 0.5590277777777778 0.45694444444444443 0.05555555555555555 0.025925925925925925
0 0.5321180555555556 0.6356481481481482 0.03298611111111111 0.016666666666666666
0 0.4722222222222222 0.31851851851851853 0.034722222222222224 0.016666666666666666
0 0.5017361111111112 0.5800925925925926 0.08506944444444445 0.03888888888888889
0 0.4635416666666667 0.31574074074074077 0.022569444444444444 0.010185185185185186
0 0.4583333333333333 0.30694444444444446 0.024305555555555556 0.011111111111111112
0 0.4123263888888889 0.5115740740740741 0.06597222222222222 0.04259259259259259
0 0.3637152777777778 0.3212962962962963 0.052083333333333336 0.02962962962962963
0 0.4105902777777778 0.687962962962963 0.19270833333333334 0.08425925925925926
0 0.3871527777777778 0.6523148148148148 0.03125 0.016666666666666666
0 0.3715277777777778 0.5833333333333334 0.06597222222222222 0.03611111111111111
0 0.3498263888888889 0.6152777777777778 0.052083333333333336 0.027777777777777776
0 0.2994791666666667 0.43148148148148147 0.13020833333333334 0.06944444444444445
0 0.2595486111111111 0.27546296296296297 0.046875 0.026851851851851852
0 0.2786458333333333 0.5296296296296297 0.07291666666666667 0.041666666666666664
0 0.2230902777777778 0.27314814814814814 0.041666666666666664 0.03333333333333333
0 0.24305555555555555 0.6680555555555555 0.03125 0.014814814814814815
0 0.1970486111111111 0.6287037037037037 0.1076388888888889 0.06388888888888888
0 0.11024305555555555 0.5106481481481482 0.052083333333333336 0.03518518518518519
0 0.028645833333333332 0.5546296296296296 0.050347222222222224 0.04814814814814815
0 0.010416666666666666 0.46805555555555556 0.020833333333333332 0.025
0 0.046875 0.7708333333333334 0.027777777777777776 0.027777777777777776
1 0.3263888888888889 0.3287037037037037 0.3211805555555556 0.18981481481481483
1 0.7465277777777778 0.27870370370370373 0.125 0.11388888888888889
1 0.8602430555555556 0.2851851851851852 0.1284722222222222 0.10648148148148148
1 0.8819444444444444 0.7222222222222222 0.2361111111111111 0.06851851851851852