0 0.9079861111111112 0.7949074074074074 0.050347222222222224 0.020370370370370372
0 0.6605902777777778 0.7800925925925926 0.036458333333333336 0.01574074074074074
0 0.1189236111111111 0.788425925925926 0.13368055555555555 0.05925925925925926
0 0.3307291666666667 0.7759259259259259 0.041666666666666664 0.022222222222222223
0 0.5711805555555556 0.7615740740740741 0.05381944444444445 0.022222222222222223
0 0.4835069444444444 0.7509259259259259 0.024305555555555556 0.012962962962962963
0 0.3515625 0.7300925925925926 0.050347222222222224 0.024074074074074074
0 0.28125 0.7231481481481481 0.04861111111111111 0.021296296296296296
0 0.09375 0.7268518518518519 0.041666666666666664 0.016666666666666666
0 0.9887152777777778 0.6907407407407408 0.022569444444444444 0.037037037037037035
0 0.4097222222222222 0.7055555555555556 0.022569444444444444 0.012037037037037037
0 0.3298611111111111 0.6782407407407407 0.052083333333333336 0.024074074074074074
0 0.0859375 0.6805555555555556 0.041666666666666664 0.018518518518518517
0 0.5217013888888888 0.6574074074074074 0.027777777777777776 0.014814814814814815
0 0.7986111111111112 0.6361111111111111 0.1440972222222222 0.11851851851851852
0 0.3055555555555556 0.624537037037037 0.052083333333333336 0.023148148148148147
0 0.3880208333333333 0.612037037037037 0.019097222222222224 0.012037037037037037
0 0.6163194444444444 0.5833333333333334 0.22743055555555555 0.05925925925925926
0 0.07118055555555555 0.5875 0.04861111111111111 0.053703703703703705
0 0.0703125 0.5388888888888889 0.019097222222222224 0.010185185185185186
0 0.2864583333333333 0.5212962962962963 0.08159722222222222 0.02962962962962963
0 0.8975694444444444 0.487962962962963 0.08333333333333333 0.03796296296296296
0 0.7751736111111112 0.4824074074074074 0.1284722222222222 0.13148148148148148
0 0.5190972222222222 0.48935185185185187 0.017361111111111112 0.011111111111111112
0 0.2439236111111111 0.46296296296296297 0.11458333333333333 0.06481481481481481
0 0.6510416666666666 0.44305555555555554 0.043402777777777776 0.021296296296296296
0 0.4105902777777778 0.44212962962962965 0.019097222222222224 0.010185185185185186
0 0.19010416666666666 0.39814814814814814 0.041666666666666664 0.022222222222222223
0 0.5121527777777778 0.37407407407407406 0.020833333333333332 0.011111111111111112
0 0.19791666666666666 0.3662037037037037 0.043402777777777776 0.028703703703703703
0 0.11371527777777778 0.362962962962963 0.03819444444444445 0.01574074074074074
0 0.9375 0.3212962962962963 0.0642361111111111 0.037037037037037035
0 0.3038194444444444 0.33564814814814814 0.10590277777777778 0.05740740740740741
0 0.7517361111111112 0.30694444444444446 0.2222222222222222 0.09259259259259259
1 0.5347222222222222 0.262037037037037 0.10069444444444445 0.041666666666666664
1 0.18836805555555555 0.2865740740740741 0.14583333333333334 0.09537037037037037
1 0.1310763888888889 0.3800925925925926 0.22569444444444445 0.11944444444444445
1 0.08159722222222222 0.4564814814814815 0.08854166666666667 0.0787037037037037
1 0.3098958333333333 0.5694444444444444 0.2725694444444444 0.16574074074074074
1 0.4652777777777778 0.36944444444444446 0.1527777777777778 0.06111111111111111
1 0.8645833333333334 0.7703703703703704 0.0763888888888889 0.08888888888888889
1 0.9149305555555556 0.7953703703703704 0.1701388888888889 0.06111111111111111
1 0.2717013888888889 0.7314814814814815 0.08506944444444445 0.07407407407407407