0 0.5373263888888888 0.1675925925925926 0.1232638888888889 0.10555555555555556
0 0.6961805555555556 0.19583333333333333 0.19444444444444445 0.05462962962962963
0 0.9826388888888888 0.2037037037037037 0.03125 0.025925925925925925
0 0.6310763888888888 0.23703703703703705 0.05381944444444445 0.024074074074074074
0 0.9253472222222222 0.26851851851851855 0.05555555555555555 0.024074074074074074
0 0.5581597222222222 0.2800925925925926 0.05381944444444445 0.025
0 0.7309027777777778 0.32546296296296295 0.034722222222222224 0.010185185185185186
0 0.7595486111111112 0.3300925925925926 0.019097222222222224 0.021296296296296296
0 0.5390625 0.3333333333333333 0.05381944444444445 0.024074074074074074
0 0.8888888888888888 0.39305555555555555 0.21875 0.13240740740740742
0 0.4435763888888889 0.4046296296296296 0.1267361111111111 0.08888888888888889
0 0.421875 0.46296296296296297 0.034722222222222224 0.027777777777777776
0 0.7508680555555556 0.5101851851851852 0.10590277777777778 0.07222222222222222
0 0.8828125 0.5467592592592593 0.13368055555555555 0.10092592592592593
0 0.3559027777777778 0.6148148148148148 0.05555555555555555 0.05740740740740741
0 0.4756944444444444 0.625462962962963 0.027777777777777776 0.01574074074074074
0 0.4192708333333333 0.6504629629629629 0.026041666666666668 0.013888888888888888
0 0.3828125 0.7050925925925926 0.015625 0.017592592592592594
0 0.4904513888888889 0.7277777777777777 0.10243055555555555 0.06851851851851852
1 0.4756944444444444 0.8092592592592592 0.14583333333333334 0.09814814814814815
1 0.609375 0.7620370370370371 0.1440972222222222 0.1111111111111111
1 0.734375 0.30972222222222223 0.11458333333333333 0.09444444444444444
0 0.3967013888888889 0.5791666666666667 0.015625 0.01574074074074074