0 0.9496527777777778 0.21574074074074073 0.052083333333333336 0.022222222222222223
0 0.7855902777777778 0.25555555555555554 0.05381944444444445 0.022222222222222223
0 0.4210069444444444 0.26944444444444443 0.0954861111111111 0.08333333333333333
0 0.5373263888888888 0.2791666666666667 0.15104166666666666 0.04537037037037037
0 0.8116319444444444 0.29583333333333334 0.036458333333333336 0.032407407407407406
0 0.8472222222222222 0.31342592592592594 0.04861111111111111 0.032407407407407406
0 0.4765625 0.31666666666666665 0.03993055555555555 0.018518518518518517
0 0.7092013888888888 0.31851851851851853 0.050347222222222224 0.020370370370370372
0 0.9887152777777778 0.3453703703703704 0.022569444444444444 0.06851851851851852
0 0.421875 0.35509259259259257 0.03819444444444445 0.017592592592592594
0 0.5243055555555556 0.3800925925925926 0.013888888888888888 0.008333333333333333
0 0.546875 0.3819444444444444 0.017361111111111112 0.01574074074074074
0 0.4019097222222222 0.3972222222222222 0.036458333333333336 0.016666666666666666
0 0.7960069444444444 0.4078703703703704 0.050347222222222224 0.028703703703703703
0 0.6684027777777778 0.42592592592592593 0.19444444444444445 0.10740740740740741
0 0.3333333333333333 0.44675925925925924 0.08680555555555555 0.06481481481481481
0 0.3125 0.4912037037037037 0.020833333333333332 0.017592592592592594
0 0.9288194444444444 0.4976851851851852 0.06944444444444445 0.032407407407407406
0 0.5347222222222222 0.5226851851851851 0.08680555555555555 0.05648148148148148
0 0.6354166666666666 0.5504629629629629 0.10416666666666667 0.08055555555555556
0 0.7838541666666666 0.5740740740740741 0.09895833333333333 0.037037037037037035
0 0.3289930555555556 0.6041666666666666 0.019097222222222224 0.012037037037037037
0 0.2916666666666667 0.6199074074074075 0.017361111111111112 0.010185185185185186
0 0.8828125 0.6472222222222223 0.05381944444444445 0.02962962962962963
0 0.9782986111111112 0.6444444444444445 0.043402777777777776 0.03148148148148148
0 0.3272569444444444 0.6736111111111112 0.06770833333333333 0.04722222222222222
0 0.7899305555555556 0.7416666666666667 0.04861111111111111 0.020370370370370372
1 0.3072916666666667 0.7296296296296296 0.09027777777777778 0.06296296296296296
1 0.4019097222222222 0.7023148148148148 0.09895833333333333 0.07777777777777778
1 0.5486111111111112 0.3625 0.09722222222222222 0.07685185185185185
1 0.9782986111111112 0.2300925925925926 0.043402777777777776 0.058333333333333334
1 0.9305555555555556 0.21666666666666667 0.1388888888888889 0.05648148148148148