0 0.18229166666666666 0.2050925925925926 0.041666666666666664 0.01574074074074074
0 0.7673611111111112 0.20833333333333334 0.13541666666666666 0.05555555555555555
0 0.5321180555555556 0.2175925925925926 0.043402777777777776 0.022222222222222223
0 0.2734375 0.22870370370370371 0.06076388888888889 0.024074074074074074
0 0.3663194444444444 0.23981481481481481 0.027777777777777776 0.014814814814814815
0 0.9461805555555556 0.2587962962962963 0.10416666666666667 0.04722222222222222
0 0.5026041666666666 0.2662037037037037 0.050347222222222224 0.023148148148148147
0 0.578125 0.275 0.04513888888888889 0.020370370370370372
0 0.7838541666666666 0.27546296296296297 0.043402777777777776 0.01574074074074074
0 0.4366319444444444 0.2898148148148148 0.022569444444444444 0.011111111111111112
0 0.5199652777777778 0.3212962962962963 0.050347222222222224 0.022222222222222223
0 0.7838541666666666 0.32546296296296295 0.03993055555555555 0.017592592592592594
0 0.3081597222222222 0.3365740740740741 0.026041666666666668 0.013888888888888888
0 0.04079861111111111 0.350462962962963 0.08159722222222222 0.1175925925925926
0 0.9869791666666666 0.36666666666666664 0.022569444444444444 0.07222222222222222
0 0.5373263888888888 0.37777777777777777 0.050347222222222224 0.022222222222222223
0 0.4444444444444444 0.3888888888888889 0.020833333333333332 0.011111111111111112
0 0.8862847222222222 0.4009259259259259 0.05381944444444445 0.037037037037037035
0 0.19618055555555555 0.41064814814814815 0.2361111111111111 0.05092592592592592
0 0.8819444444444444 0.42453703703703705 0.034722222222222224 0.017592592592592594
0 0.7855902777777778 0.425 0.043402777777777776 0.053703703703703705
0 0.7786458333333334 0.47685185185185186 0.022569444444444444 0.011111111111111112
0 0.5442708333333334 0.49166666666666664 0.0954861111111111 0.03518518518518519
0 0.9800347222222222 0.49398148148148147 0.026041666666666668 0.012037037037037037
0 0.03298611111111111 0.5138888888888888 0.06597222222222222 0.12129629629629629
0 0.2821180555555556 0.512962962962963 0.019097222222222224 0.011111111111111112
0 0.5746527777777778 0.5509259259259259 0.11284722222222222 0.06296296296296296
0 0.1284722222222222 0.5564814814814815 0.04513888888888889 0.020370370370370372
0 0.3897569444444444 0.5662037037037037 0.019097222222222224 0.011111111111111112
0 0.8602430555555556 0.5717592592592593 0.022569444444444444 0.013888888888888888
0 0.6171875 0.6222222222222222 0.036458333333333336 0.022222222222222223
0 0.8914930555555556 0.6388888888888888 0.06076388888888889 0.027777777777777776
0 0.6024305555555556 0.6560185185185186 0.03819444444444445 0.028703703703703703
0 0.6875 0.663425925925926 0.036458333333333336 0.01574074074074074
0 0.4852430555555556 0.6847222222222222 0.10590277777777778 0.05462962962962963
0 0.0546875 0.6930555555555555 0.109375 0.08611111111111111
0 0.9626736111111112 0.7263888888888889 0.07118055555555555 0.06944444444444445
1 0.5980902777777778 0.7425925925925926 0.15104166666666666 0.1
1 0.6779513888888888 0.6435185185185185 0.22916666666666666 0.11944444444444445
1 0.7465277777777778 0.5643518518518519 0.08159722222222222 0.08518518518518518
1 0.5260416666666666 0.43703703703703706 0.2743055555555556 0.1648148148148148
1 0.5894097222222222 0.2652777777777778 0.0920138888888889 0.07777777777777778
1 0.9375 0.22361111111111112 0.125 0.11574074074074074