0 0.9809027777777778 0.36574074074074076 0.017361111111111112 0.032407407407407406
0 0.9791666666666666 0.4152777777777778 0.027777777777777776 0.01574074074074074
0 0.9635416666666666 0.7245370370370371 0.07291666666666667 0.058333333333333334
0 0.9375 0.48935185185185187 0.04513888888888889 0.027777777777777776
0 0.9253472222222222 0.5296296296296297 0.03993055555555555 0.025
0 0.9348958333333334 0.6393518518518518 0.03125 0.024074074074074074
0 0.890625 0.4550925925925926 0.022569444444444444 0.012962962962962963
0 0.8359375 0.5013888888888889 0.043402777777777776 0.027777777777777776
0 0.8420138888888888 0.6421296296296296 0.034722222222222224 0.022222222222222223
0 0.7960069444444444 0.38935185185185184 0.027777777777777776 0.014814814814814815
0 0.7560763888888888 0.24768518518518517 0.22395833333333334 0.05
0 0.7751736111111112 0.7523148148148148 0.1371527777777778 0.01574074074074074
0 0.7309027777777778 0.513425925925926 0.043402777777777776 0.027777777777777776
0 0.7048611111111112 0.4648148148148148 0.022569444444444444 0.012037037037037037
0 0.7057291666666666 0.700462962962963 0.07291666666666667 0.030555555555555555
0 0.6510416666666666 0.3333333333333333 0.1076388888888889 0.1287037037037037
0 0.6614583333333334 0.6995370370370371 0.034722222222222224 0.019444444444444445
0 0.6553819444444444 0.6481481481481481 0.10243055555555555 0.025925925925925925
0 0.5581597222222222 0.6472222222222223 0.022569444444444444 0.012962962962962963
0 0.5182291666666666 0.5231481481481481 0.07118055555555555 0.05277777777777778
0 0.5364583333333334 0.7555555555555555 0.024305555555555556 0.014814814814814815
0 0.4496527777777778 0.2518518518518518 0.2309027777777778 0.041666666666666664
0 0.4644097222222222 0.38472222222222224 0.022569444444444444 0.011111111111111112
0 0.4088541666666667 0.5425925925925926 0.1232638888888889 0.06296296296296296
0 0.375 0.3050925925925926 0.03993055555555555 0.025
0 0.3706597222222222 0.4449074074074074 0.022569444444444444 0.011111111111111112
0 0.3845486111111111 0.6958333333333333 0.027777777777777776 0.012962962962962963
0 0.2769097222222222 0.5689814814814815 0.043402777777777776 0.020370370370370372
0 0.2604166666666667 0.7157407407407408 0.05555555555555555 0.03425925925925926
0 0.21354166666666666 0.5625 0.05555555555555555 0.022222222222222223
0 0.20399305555555555 0.6083333333333333 0.03125 0.020370370370370372
0 0.15364583333333334 0.5018518518518519 0.1076388888888889 0.05925925925925926
0 0.1154513888888889 0.27314814814814814 0.16666666666666666 0.06296296296296296
0 0.10069444444444445 0.7583333333333333 0.13368055555555555 0.041666666666666664
1 0.07552083333333333 0.5643518518518519 0.14583333333333334 0.08425925925925926
1 0.2404513888888889 0.6023148148148149 0.2361111111111111 0.1287037037037037
1 0.3923611111111111 0.6347222222222222 0.16319444444444445 0.04814814814814815
1 0.6189236111111112 0.5106481481481482 0.3229166666666667 0.15462962962962962
1 0.9340277777777778 0.5356481481481481 0.13194444444444445 0.05277777777777778
1 0.9644097222222222 0.7199074074074074 0.07118055555555555 0.06944444444444445