0 0.8828125 0.7722222222222223 0.04513888888888889 0.018518518518518517
0 0.3012152777777778 0.8069444444444445 0.14756944444444445 0.06388888888888888
0 0.5329861111111112 0.7824074074074074 0.04861111111111111 0.025
0 0.7864583333333334 0.7546296296296297 0.06597222222222222 0.027777777777777776
0 0.6918402777777778 0.749537037037037 0.03125 0.016666666666666666
0 0.11197916666666667 0.7685185185185185 0.11458333333333333 0.053703703703703705
0 0.5512152777777778 0.7324074074074074 0.05555555555555555 0.025925925925925925
0 0.4739583333333333 0.7282407407407407 0.04861111111111111 0.023148148148148147
0 0.2699652777777778 0.7412037037037037 0.046875 0.018518518518518517
0 0.6111111111111112 0.7046296296296296 0.024305555555555556 0.012037037037037037
0 0.5208333333333334 0.6787037037037037 0.05555555555555555 0.025
0 0.2578125 0.6916666666666667 0.043402777777777776 0.020370370370370372
0 0.7274305555555556 0.649537037037037 0.029513888888888888 0.01574074074074074
0 0.9678819444444444 0.6185185185185185 0.0642361111111111 0.12222222222222222
0 0.046875 0.6638888888888889 0.03819444444444445 0.07314814814814814
0 0.4904513888888889 0.6236111111111111 0.05555555555555555 0.025
0 0.5807291666666666 0.6064814814814815 0.022569444444444444 0.012037037037037037
0 0.1388888888888889 0.6236111111111111 0.0625 0.03981481481481482
0 0.8220486111111112 0.5689814814814815 0.2465277777777778 0.06574074074074074
0 0.13802083333333334 0.5995370370370371 0.03819444444444445 0.019444444444444445
0 0.23350694444444445 0.5930555555555556 0.05555555555555555 0.05648148148148148
0 0.2282986111111111 0.5412037037037037 0.024305555555555556 0.012037037037037037
0 0.4583333333333333 0.5111111111111111 0.10243055555555555 0.040740740740740744
0 0.025173611111111112 0.5370370370370371 0.027777777777777776 0.013888888888888888
0 0.9565972222222222 0.45601851851851855 0.08680555555555555 0.125
0 0.7135416666666666 0.47314814814814815 0.020833333333333332 0.012037037037037037
0 0.4140625 0.45416666666666666 0.1267361111111111 0.06944444444444445
0 0.8559027777777778 0.4199074074074074 0.04861111111111111 0.023148148148148147
0 0.5946180555555556 0.4273148148148148 0.020833333333333332 0.012037037037037037
0 0.12586805555555555 0.45231481481481484 0.026041666666666668 0.014814814814814815
0 0.3559027777777778 0.3861111111111111 0.041666666666666664 0.024074074074074074
0 0.0798611111111111 0.3875 0.06597222222222222 0.03148148148148148
0 0.3628472222222222 0.35185185185185186 0.04513888888888889 0.030555555555555555
0 0.2769097222222222 0.35 0.03993055555555555 0.017592592592592594
0 0.4722222222222222 0.31574074074074077 0.11805555555555555 0.06111111111111111
0 0.8975694444444444 0.2796296296296296 0.1284722222222222 0.09259259259259259
0 0.015625 0.3050925925925926 0.03125 0.07314814814814814
1 0.3472222222222222 0.2657407407407407 0.1736111111111111 0.10925925925925926
1 0.2907986111111111 0.36898148148148147 0.2552083333333333 0.13333333333333333
1 0.2404513888888889 0.45231481481481484 0.10069444444444445 0.08981481481481482
1 0.4887152777777778 0.5643518518518519 0.3107638888888889 0.1814814814814815
1 0.4652777777777778 0.7388888888888889 0.109375 0.08333333333333333
1 0.1293402777777778 0.8027777777777778 0.15104166666666666 0.12314814814814815