0 0.0876736111111111 0.13240740740740742 0.1527777777777778 0.06759259259259259
0 0.3385416666666667 0.14629629629629629 0.043402777777777776 0.022222222222222223
0 0.265625 0.17222222222222222 0.09895833333333333 0.05925925925925926
0 0.1171875 0.20277777777777778 0.046875 0.020370370370370372
0 0.1293402777777778 0.25555555555555554 0.046875 0.021296296296296296
0 0.4826388888888889 0.24814814814814815 0.10069444444444445 0.0824074074074074
0 0.3732638888888889 0.28425925925925927 0.09027777777777778 0.08148148148148149
0 0.2526041666666667 0.3287037037037037 0.0642361111111111 0.04259259259259259
0 0.15538194444444445 0.36203703703703705 0.0625 0.062037037037037036
0 0.2604166666666667 0.35555555555555557 0.050347222222222224 0.024074074074074074
0 0.5130208333333334 0.38472222222222224 0.024305555555555556 0.012037037037037037
0 0.15885416666666666 0.41944444444444445 0.024305555555555556 0.012962962962962963
0 0.3654513888888889 0.4212962962962963 0.027777777777777776 0.012962962962962963
0 0.5138888888888888 0.4449074074074074 0.1284722222222222 0.0824074074074074
0 0.4340277777777778 0.4722222222222222 0.034722222222222224 0.017592592592592594
0 0.010416666666666666 0.5189814814814815 0.020833333333333332 0.028703703703703703
0 0.2543402777777778 0.5120370370370371 0.027777777777777776 0.01574074074074074
0 0.4774305555555556 0.5324074074074074 0.1388888888888889 0.09074074074074075
0 0.6875 0.5347222222222222 0.029513888888888888 0.017592592592592594
0 0.2916666666666667 0.5791666666666667 0.06597222222222222 0.03148148148148148
0 0.07725694444444445 0.6217592592592592 0.043402777777777776 0.019444444444444445
0 0.6206597222222222 0.6013888888888889 0.036458333333333336 0.020370370370370372
0 0.3967013888888889 0.6648148148148149 0.13194444444444445 0.075
1 0.625 0.5851851851851851 0.3923611111111111 0.1935185185185185
1 0.10503472222222222 0.5986111111111111 0.19444444444444445 0.12314814814814815
1 0.0625 0.6944444444444444 0.06076388888888889 0.0824074074074074
1 0.022569444444444444 0.45601851851851855 0.04513888888888889 0.03611111111111111
1 0.1388888888888889 0.5138888888888888 0.11284722222222222 0.09074074074074075
1 0.3229166666666667 0.1337962962962963 0.2708333333333333 0.1388888888888889