0 0.08246527777777778 0.24351851851851852 0.046875 0.032407407407407406
0 0.10590277777777778 0.2037037037037037 0.026041666666666668 0.004629629629629629
0 0.029513888888888888 0.5037037037037037 0.04861111111111111 0.03148148148148148
0 0.034722222222222224 0.7092592592592593 0.06944444444444445 0.053703703703703705
0 0.0390625 0.6472222222222223 0.078125 0.09444444444444444
0 0.11371527777777778 0.49722222222222223 0.06944444444444445 0.023148148148148147
0 0.0859375 0.6888888888888889 0.043402777777777776 0.026851851851851852
0 0.15538194444444445 0.4787037037037037 0.06944444444444445 0.030555555555555555
0 0.1362847222222222 0.5546296296296296 0.046875 0.03148148148148148
0 0.2743055555555556 0.23703703703703705 0.027777777777777776 0.014814814814814815
0 0.14930555555555555 0.7273148148148149 0.043402777777777776 0.026851851851851852
0 0.2734375 0.3851851851851852 0.2152777777777778 0.07962962962962963
0 0.2230902777777778 0.6708333333333333 0.017361111111111112 0.010185185185185186
0 0.2300347222222222 0.6564814814814814 0.034722222222222224 0.013888888888888888
0 0.2309027777777778 0.7416666666666667 0.041666666666666664 0.017592592592592594
0 0.3263888888888889 0.5217592592592593 0.06944444444444445 0.03425925925925926
0 0.3975694444444444 0.30185185185185187 0.11631944444444445 0.125
0 0.3411458333333333 0.5935185185185186 0.24479166666666666 0.12685185185185185
0 0.5234375 0.462037037037037 0.06944444444444445 0.03981481481481482
0 0.5520833333333334 0.4027777777777778 0.2378472222222222 0.07314814814814814
0 0.5902777777777778 0.2671296296296296 0.020833333333333332 0.011111111111111112
0 0.5147569444444444 0.6861111111111111 0.1284722222222222 0.06018518518518518
0 0.6501736111111112 0.34629629629629627 0.041666666666666664 0.025925925925925925
0 0.5833333333333334 0.6319444444444444 0.18229166666666666 0.07222222222222222
0 0.6527777777777778 0.5513888888888889 0.09027777777777778 0.062037037037037036
0 0.8064236111111112 0.2828703703703704 0.027777777777777776 0.012962962962962963
0 0.8072916666666666 0.5083333333333333 0.06770833333333333 0.03333333333333333
0 0.8706597222222222 0.41898148148148145 0.18229166666666666 0.11851851851851852
0 0.9765625 0.5731481481481482 0.024305555555555556 0.028703703703703703
1 0.06510416666666667 0.3972222222222222 0.09375 0.03888888888888889
1 0.1953125 0.6527777777777778 0.1701388888888889 0.07037037037037037
1 0.8168402777777778 0.2777777777777778 0.11284722222222222 0.053703703703703705
1 0.9782986111111112 0.31342592592592594 0.043402777777777776 0.06574074074074074
1 0.859375 0.7800925925925926 0.140625 0.040740740740740744