0 0.9600694444444444 0.2023148148148148 0.03993055555555555 0.028703703703703703
0 0.5703125 0.24212962962962964 0.10590277777777778 0.09444444444444444
0 0.6927083333333334 0.24351851851851852 0.1684027777777778 0.05648148148148148
0 0.8880208333333334 0.27824074074074073 0.0625 0.025925925925925925
0 0.6302083333333334 0.29074074074074074 0.043402777777777776 0.023148148148148147
0 0.5729166666666666 0.33564814814814814 0.043402777777777776 0.021296296296296296
0 0.6779513888888888 0.3587962962962963 0.017361111111111112 0.009259259259259259
0 0.7074652777777778 0.3592592592592593 0.024305555555555556 0.017592592592592594
0 0.5546875 0.3814814814814815 0.043402777777777776 0.021296296296296296
0 0.9765625 0.3768518518518518 0.029513888888888888 0.03518518518518519
0 0.8480902777777778 0.40370370370370373 0.22916666666666666 0.12407407407407407
0 0.4878472222222222 0.4388888888888889 0.09375 0.07222222222222222
0 0.4696180555555556 0.48842592592592593 0.026041666666666668 0.018518518518518517
0 0.7022569444444444 0.5162037037037037 0.09722222222222222 0.06388888888888888
0 0.8185763888888888 0.5467592592592593 0.12152777777777778 0.09444444444444444
0 0.4496527777777778 0.5777777777777777 0.022569444444444444 0.016666666666666666
0 0.9670138888888888 0.5722222222222222 0.06597222222222222 0.044444444444444446
0 0.4930555555555556 0.6111111111111112 0.020833333333333332 0.012962962962962963
0 0.4548611111111111 0.6287037037037037 0.017361111111111112 0.011111111111111112
0 0.4973958333333333 0.6856481481481481 0.07465277777777778 0.053703703703703705
0 0.9930555555555556 0.7685185185185185 0.013888888888888888 0.027777777777777776
1 0.7100694444444444 0.33611111111111114 0.11458333333333333 0.09074074074074075
1 0.4809027777777778 0.7458333333333333 0.09722222222222222 0.07037037037037037
1 0.5763888888888888 0.7189814814814814 0.109375 0.08425925925925926