0 0.5798611111111112 0.10046296296296296 0.041666666666666664 0.023148148148148147
0 0.4878472222222222 0.12129629629629629 0.11284722222222222 0.06111111111111111
0 0.03993055555555555 0.13287037037037036 0.05555555555555555 0.025
0 0.3003472222222222 0.14212962962962963 0.052083333333333336 0.021296296296296296
0 0.3003472222222222 0.2023148148148148 0.052083333333333336 0.021296296296296296
0 0.6961805555555556 0.2273148148148148 0.09027777777777778 0.08425925925925926
0 0.5668402777777778 0.2564814814814815 0.08159722222222222 0.08703703703703704
0 0.009548611111111112 0.25787037037037036 0.019097222222222224 0.030555555555555555
0 0.4201388888888889 0.2949074074074074 0.0642361111111111 0.04537037037037037
0 0.3012152777777778 0.3236111111111111 0.057291666666666664 0.06759259259259259
0 0.4166666666666667 0.324537037037037 0.04513888888888889 0.023148148148148147
0 0.7005208333333334 0.37916666666666665 0.022569444444444444 0.012037037037037037
0 0.2881944444444444 0.38796296296296295 0.027777777777777776 0.012962962962962963
0 0.013020833333333334 0.4013888888888889 0.026041666666666668 0.020370370370370372
0 0.5269097222222222 0.4078703703703704 0.03298611111111111 0.013888888888888888
0 0.6892361111111112 0.44583333333333336 0.12152777777777778 0.08611111111111111
0 0.59375 0.46944444444444444 0.034722222222222224 0.016666666666666666
0 0.050347222222222224 0.4736111111111111 0.10069444444444445 0.08055555555555556
0 0.3784722222222222 0.5 0.027777777777777776 0.016666666666666666
0 0.6310763888888888 0.5398148148148149 0.1371527777777778 0.09444444444444444
0 0.8758680555555556 0.5597222222222222 0.029513888888888888 0.017592592592592594
0 0.0720486111111111 0.562962962962963 0.03993055555555555 0.025925925925925925
0 0.4097222222222222 0.5791666666666667 0.07291666666666667 0.03425925925925926
0 0.2829861111111111 0.059722222222222225 0.16666666666666666 0.0712962962962963
0 0.046875 0.6041666666666666 0.04513888888888889 0.03425925925925926
0 0.006944444444444444 0.06157407407407407 0.013888888888888888 0.026851851851851852
0 0.15104166666666666 0.612037037037037 0.04861111111111111 0.018518518518518517
0 0.7986111111111112 0.6300925925925925 0.03819444444444445 0.021296296296296296
0 0.5121527777777778 0.6837962962962963 0.1388888888888889 0.0824074074074074
1 0.0703125 0.7111111111111111 0.140625 0.12314814814814815
1 0.1423611111111111 0.5912037037037037 0.2847222222222222 0.14444444444444443
1 0.24479166666666666 0.49398148148148147 0.10243055555555555 0.09907407407407408
1 0.07118055555555555 0.39305555555555555 0.1423611111111111 0.08611111111111111
1 0.7899305555555556 0.6106481481481482 0.4149305555555556 0.19444444444444445
1 0.5477430555555556 0.08657407407407407 0.2725694444444444 0.1388888888888889
1 0.059027777777777776 0.125 0.11805555555555555 0.09259259259259259