0 0.03177966101694915 0.44921875 0.034957627118644065 0.01806640625
0 0.034957627118644065 0.48828125 0.024364406779661018 0.01025390625
0 0.08050847457627118 0.45947265625 0.025423728813559324 0.0205078125
0 0.1016949152542373 0.4306640625 0.025423728813559324 0.015625
0 0.11016949152542373 0.45751953125 0.02754237288135593 0.013671875
0 0.07733050847457627 0.49365234375 0.014830508474576272 0.0146484375
0 0.0614406779661017 0.5107421875 0.024364406779661018 0.009765625
0 0.019067796610169493 0.521484375 0.037076271186440676 0.0234375
0 0.07944915254237288 0.515625 0.014830508474576272 0.01416015625
0 0.08792372881355932 0.5087890625 0.0211864406779661 0.01611328125
0 0.11970338983050847 0.49072265625 0.046610169491525424 0.0380859375
0 0.1451271186440678 0.47705078125 0.01694915254237288 0.01416015625
0 0.15360169491525424 0.4658203125 0.01694915254237288 0.0078125
0 0.15995762711864406 0.4560546875 0.023305084745762712 0.01220703125
0 0.15677966101694915 0.43896484375 0.01694915254237288 0.01171875
0 0.13665254237288135 0.43359375 0.020127118644067795 0.0087890625
0 0.1472457627118644 0.41943359375 0.0211864406779661 0.01171875
0 0.1271186440677966 0.3994140625 0.0211864406779661 0.0107421875
0 0.1504237288135593 0.392578125 0.024364406779661018 0.01220703125
0 0.1705508474576271 0.41015625 0.0211864406779661 0.0185546875
0 0.18008474576271186 0.3779296875 0.01059322033898305 0.0078125
0 0.2076271186440678 0.37841796875 0.018008474576271187 0.01416015625
0 0.19597457627118645 0.41845703125 0.012711864406779662 0.0078125
0 0.19385593220338984 0.45458984375 0.013771186440677966 0.01171875
0 0.1684322033898305 0.4873046875 0.01694915254237288 0.0107421875
0 0.18114406779661016 0.48779296875 0.025423728813559324 0.01416015625
0 0.15572033898305085 0.50244140625 0.00847457627118644 0.005859375
0 0.1641949152542373 0.5087890625 0.023305084745762712 0.0166015625
0 0.15360169491525424 0.5185546875 0.024364406779661018 0.009765625
0 0.15677966101694915 0.53515625 0.01059322033898305 0.005859375
0 0.13665254237288135 0.52978515625 0.029661016949152543 0.017578125
0 0.12076271186440678 0.5341796875 0.025423728813559324 0.01318359375
0 0.09639830508474577 0.53173828125 0.014830508474576272 0.00927734375
0 0.06673728813559322 0.54638671875 0.026483050847457626 0.00927734375
0 0.019067796610169493 0.54248046875 0.03177966101694915 0.0185546875
0 0.02754237288135593 0.5751953125 0.045550847457627115 0.021484375
0 0.05508474576271186 0.583984375 0.012711864406779662 0.00732421875
0 0.06885593220338983 0.583984375 0.011652542372881356 0.00439453125
0 0.09216101694915255 0.57275390625 0.00847457627118644 0.00634765625
0 0.09004237288135593 0.56005859375 0.007415254237288136 0.0048828125
0 0.10063559322033898 0.56396484375 0.025423728813559324 0.01806640625
0 0.11652542372881355 0.57275390625 0.0211864406779661 0.01171875
0 0.11546610169491525 0.552734375 0.01694915254237288 0.01416015625
0 0.1472457627118644 0.54541015625 0.012711864406779662 0.00830078125
0 0.13771186440677965 0.55712890625 0.014830508474576272 0.013671875
0 0.1271186440677966 0.5634765625 0.012711864406779662 0.0078125
0 0.11122881355932203 0.578125 0.0211864406779661 0.0107421875
0 0.1048728813559322 0.58544921875 0.028601694915254237 0.01611328125
0 0.09533898305084745 0.59912109375 0.009533898305084746 0.00634765625
0 0.04449152542372881 0.5947265625 0.01694915254237288 0.00732421875
0 0.011652542372881356 0.58251953125 0.01694915254237288 0.00830078125
0 0.0646186440677966 0.6015625 0.012711864406779662 0.00634765625
0 0.08792372881355932 0.6103515625 0.018008474576271187 0.00732421875
0 0.1260593220338983 0.619140625 0.012711864406779662 0.00390625
0 0.11122881355932203 0.6181640625 0.01694915254237288 0.0068359375
0 0.05402542372881356 0.6005859375 0.011652542372881356 0.00732421875
0 0.02754237288135593 0.5869140625 0.011652542372881356 0.00732421875
0 0.1271186440677966 0.603515625 0.019067796610169493 0.0087890625
0 0.1451271186440678 0.578125 0.03389830508474576 0.01123046875
0 0.17266949152542374 0.56005859375 0.0211864406779661 0.009765625
0 0.21822033898305085 0.58935546875 0.01694915254237288 0.009765625
0 0.17796610169491525 0.60693359375 0.0423728813559322 0.0126953125
0 0.1663135593220339 0.61865234375 0.045550847457627115 0.01171875
0 0.1408898305084746 0.62744140625 0.03389830508474576 0.01416015625
0 0.17266949152542374 0.62939453125 0.026483050847457626 0.0087890625
0 0.2086864406779661 0.63232421875 0.019067796610169493 0.00732421875
0 0.2086864406779661 0.61474609375 0.025423728813559324 0.009765625
0 0.211864406779661 0.60400390625 0.013771186440677966 0.005859375
0 0.23516949152542374 0.61865234375 0.024364406779661018 0.00732421875
0 0.2277542372881356 0.603515625 0.012711864406779662 0.0048828125
0 0.2478813559322034 0.5869140625 0.025423728813559324 0.01171875
0 0.2669491525423729 0.56787109375 0.025423728813559324 0.01025390625
0 0.2775423728813559 0.5771484375 0.0211864406779661 0.005859375
0 0.2563559322033898 0.53955078125 0.013771186440677966 0.00732421875
0 0.2733050847457627 0.5283203125 0.020127118644067795 0.0087890625
0 0.2319915254237288 0.515625 0.0646186440677966 0.01904296875
0 0.2966101694915254 0.46728515625 0.028601694915254237 0.01171875
0 0.3093220338983051 0.525390625 0.036016949152542374 0.03271484375
0 0.3283898305084746 0.54833984375 0.03389830508474576 0.009765625
0 0.2860169491525424 0.56396484375 0.019067796610169493 0.00830078125
0 0.3093220338983051 0.5693359375 0.019067796610169493 0.0087890625
0 0.3072033898305085 0.578125 0.018008474576271187 0.0078125
0 0.4025423728813559 0.4755859375 0.037076271186440676 0.01025390625
0 0.3792372881355932 0.4326171875 0.038135593220338986 0.01220703125
0 0.3315677966101695 0.41943359375 0.07521186440677965 0.02978515625
0 0.3919491525423729 0.392578125 0.04449152542372881 0.017578125
0 0.3675847457627119 0.34521484375 0.0413135593220339 0.017578125
0 0.2563559322033898 0.30224609375 0.029661016949152543 0.017578125
0 0.3326271186440678 0.30029296875 0.04025423728813559 0.01806640625
0 0.4163135593220339 0.30712890625 0.07203389830508475 0.03515625
0 0.4766949152542373 0.2705078125 0.07203389830508475 0.02734375
0 0.4608050847457627 0.3466796875 0.0614406779661017 0.03369140625
0 0.6800847457627118 0.3076171875 0.05296610169491525 0.029296875
0 0.600635593220339 0.34033203125 0.06779661016949153 0.037109375
0 0.7192796610169492 0.33349609375 0.038135593220338986 0.05419921875
0 0.6038135593220338 0.3798828125 0.05190677966101695 0.017578125
0 0.4449152542372881 0.4091796875 0.038135593220338986 0.02978515625
0 0.5233050847457628 0.4111328125 0.06038135593220339 0.0283203125
0 0.5953389830508474 0.43017578125 0.03389830508474576 0.02734375
0 0.6324152542372882 0.41943359375 0.03072033898305085 0.00927734375
0 0.6620762711864406 0.40771484375 0.020127118644067795 0.01318359375
0 0.5338983050847458 0.45703125 0.07203389830508475 0.025390625
0 0.5752118644067796 0.46728515625 0.03389830508474576 0.013671875
0 0.6472457627118644 0.4599609375 0.022245762711864406 0.0078125
0 0.7425847457627118 0.43798828125 0.05614406779661017 0.03369140625
0 0.7097457627118644 0.47119140625 0.037076271186440676 0.01904296875
0 0.8315677966101694 0.36669921875 0.05190677966101695 0.06640625
0 0.8654661016949152 0.39453125 0.025423728813559324 0.01220703125
0 0.8930084745762712 0.3935546875 0.024364406779661018 0.013671875
0 0.8675847457627118 0.42626953125 0.023305084745762712 0.013671875
0 0.8845338983050848 0.42822265625 0.012711864406779662 0.01025390625
0 0.9841101694915254 0.4052734375 0.03177966101694915 0.01806640625
0 0.9586864406779662 0.4404296875 0.02754237288135593 0.01318359375
0 0.9851694915254238 0.4521484375 0.029661016949152543 0.02392578125
0 0.8633474576271186 0.4443359375 0.025423728813559324 0.01171875
0 0.8146186440677966 0.4580078125 0.04978813559322034 0.025390625
0 0.7944915254237288 0.48828125 0.012711864406779662 0.0078125
0 0.7902542372881356 0.46630859375 0.020127118644067795 0.0126953125
0 0.75 0.494140625 0.034957627118644065 0.01904296875
0 0.8411016949152542 0.4873046875 0.024364406779661018 0.013671875
0 0.8845338983050848 0.474609375 0.023305084745762712 0.02490234375
0 0.9470338983050848 0.4736328125 0.038135593220338986 0.015625
0 0.8930084745762712 0.5126953125 0.034957627118644065 0.015625
0 0.8061440677966102 0.5048828125 0.025423728813559324 0.0087890625
0 0.8305084745762712 0.51220703125 0.03389830508474576 0.01806640625
0 0.7266949152542372 0.52197265625 0.029661016949152543 0.015625
0 0.6610169491525424 0.50634765625 0.037076271186440676 0.01611328125
0 0.614406779661017 0.51953125 0.024364406779661018 0.0087890625
0 0.6228813559322034 0.53564453125 0.09745762711864407 0.02099609375
0 0.5084745762711864 0.482421875 0.029661016949152543 0.0107421875
0 0.5391949152542372 0.50244140625 0.046610169491525424 0.0224609375
0 0.5466101694915254 0.5224609375 0.03283898305084746 0.0126953125
0 0.5423728813559322 0.53369140625 0.036016949152542374 0.01171875
0 0.5413135593220338 0.55029296875 0.03072033898305085 0.00634765625
0 0.4459745762711864 0.5302734375 0.0413135593220339 0.017578125
0 0.4216101694915254 0.56103515625 0.025423728813559324 0.0078125
0 0.3040254237288136 0.59814453125 0.04766949152542373 0.02001953125
0 0.2711864406779661 0.60693359375 0.019067796610169493 0.005859375
0 0.25 0.61474609375 0.012711864406779662 0.005859375
0 0.2605932203389831 0.62255859375 0.014830508474576272 0.00537109375
0 0.2680084745762712 0.630859375 0.013771186440677966 0.00634765625
0 0.2341101694915254 0.63525390625 0.015889830508474576 0.005859375
0 0.2245762711864407 0.6259765625 0.022245762711864406 0.0078125
0 0.23728813559322035 0.6416015625 0.04343220338983051 0.015625
0 0.17902542372881355 0.64013671875 0.036016949152542374 0.01171875
0 0.22245762711864406 0.6513671875 0.025423728813559324 0.0068359375
0 0.2627118644067797 0.65576171875 0.013771186440677966 0.00439453125
0 0.21927966101694915 0.66064453125 0.0211864406779661 0.0068359375
0 0.23940677966101695 0.6630859375 0.012711864406779662 0.00439453125
0 0.2521186440677966 0.66015625 0.012711864406779662 0.0048828125
0 0.2796610169491525 0.6591796875 0.012711864406779662 0.00390625
0 0.2902542372881356 0.65380859375 0.03072033898305085 0.009765625
0 0.3230932203389831 0.650390625 0.0211864406779661 0.0078125
0 0.2913135593220339 0.64892578125 0.019067796610169493 0.00390625
0 0.288135593220339 0.63623046875 0.015889830508474576 0.005859375
0 0.3029661016949153 0.63330078125 0.029661016949152543 0.0107421875
0 0.3082627118644068 0.619140625 0.05508474576271186 0.02197265625
0 0.3824152542372881 0.61962890625 0.022245762711864406 0.00830078125
0 0.4226694915254237 0.6171875 0.020127118644067795 0.00634765625
0 0.3898305084745763 0.6435546875 0.022245762711864406 0.0126953125
0 0.4332627118644068 0.64013671875 0.028601694915254237 0.00732421875
0 0.4396186440677966 0.6494140625 0.019067796610169493 0.00537109375
0 0.336864406779661 0.6572265625 0.01694915254237288 0.005859375
0 0.3315677966101695 0.662109375 0.03072033898305085 0.009765625
0 0.3294491525423729 0.6826171875 0.012711864406779662 0.005859375
0 0.3283898305084746 0.67333984375 0.04978813559322034 0.021484375
0 0.375 0.69189453125 0.04766949152542373 0.021484375
0 0.2786016949152542 0.6748046875 0.025423728813559324 0.009765625
0 0.2627118644067797 0.66650390625 0.011652542372881356 0.00390625
0 0.2468220338983051 0.669921875 0.012711864406779662 0.00439453125
0 0.2828389830508475 0.66455078125 0.02754237288135593 0.01171875
0 0.3019067796610169 0.68212890625 0.025423728813559324 0.015625
0 0.3156779661016949 0.6982421875 0.018008474576271187 0.00634765625
0 0.3082627118644068 0.70361328125 0.01059322033898305 0.005859375
0 0.3951271186440678 0.68505859375 0.012711864406779662 0.00390625
0 0.3908898305084746 0.67333984375 0.015889830508474576 0.00732421875
0 0.4057203389830508 0.669921875 0.018008474576271187 0.00439453125
0 0.4014830508474576 0.68115234375 0.01694915254237288 0.005859375
0 0.4311440677966102 0.68603515625 0.03072033898305085 0.0078125
0 0.4099576271186441 0.7216796875 0.012711864406779662 0.0078125
0 0.3855932203389831 0.728515625 0.012711864406779662 0.00634765625
0 0.4258474576271186 0.7333984375 0.03072033898305085 0.01708984375
0 0.4671610169491525 0.71240234375 0.014830508474576272 0.00732421875
0 0.4978813559322034 0.724609375 0.019067796610169493 0.0078125
0 0.5 0.7392578125 0.015889830508474576 0.00830078125
0 0.4989406779661017 0.6865234375 0.019067796610169493 0.00732421875
0 0.4798728813559322 0.6611328125 0.014830508474576272 0.00634765625
0 0.4947033898305085 0.6416015625 0.07203389830508475 0.029296875
0 0.5296610169491526 0.6337890625 0.015889830508474576 0.0068359375
0 0.4936440677966102 0.6142578125 0.0423728813559322 0.01171875
0 0.4830508474576271 0.591796875 0.057203389830508475 0.0166015625
0 0.4841101694915254 0.603515625 0.018008474576271187 0.00634765625
0 0.5254237288135594 0.6142578125 0.0211864406779661 0.00830078125
0 0.5540254237288136 0.5927734375 0.026483050847457626 0.0087890625
0 0.5709745762711864 0.5673828125 0.03919491525423729 0.013671875
0 0.628177966101695 0.55224609375 0.0423728813559322 0.013671875
0 0.5836864406779662 0.55322265625 0.038135593220338986 0.01416015625
0 0.6260593220338984 0.58154296875 0.029661016949152543 0.0126953125
0 0.5783898305084746 0.58203125 0.034957627118644065 0.01220703125
0 0.5836864406779662 0.59521484375 0.029661016949152543 0.009765625
0 0.5582627118644068 0.60693359375 0.026483050847457626 0.00732421875
0 0.5858050847457628 0.609375 0.028601694915254237 0.0078125
0 0.611228813559322 0.59765625 0.01694915254237288 0.00634765625
0 0.6122881355932204 0.587890625 0.0211864406779661 0.00732421875
0 0.6430084745762712 0.5849609375 0.015889830508474576 0.009765625
0 0.715042372881356 0.57373046875 0.022245762711864406 0.00830078125
0 0.7055084745762712 0.54541015625 0.03177966101694915 0.01171875
0 0.7436440677966102 0.529296875 0.046610169491525424 0.0205078125
0 0.7383474576271186 0.546875 0.029661016949152543 0.01025390625
0 0.7838983050847458 0.529296875 0.03283898305084746 0.0126953125
0 0.7955508474576272 0.56201171875 0.03072033898305085 0.009765625
0 0.8125 0.5703125 0.05084745762711865 0.013671875
0 0.7182203389830508 0.58837890625 0.036016949152542374 0.0107421875
0 0.7055084745762712 0.6025390625 0.046610169491525424 0.0107421875
0 0.6408898305084746 0.6103515625 0.01694915254237288 0.009765625
0 0.6175847457627118 0.619140625 0.013771186440677966 0.0068359375
0 0.5921610169491526 0.63671875 0.03283898305084746 0.01123046875
0 0.6472457627118644 0.62939453125 0.025423728813559324 0.009765625
0 0.7108050847457628 0.6279296875 0.01694915254237288 0.0146484375
0 0.753177966101695 0.6123046875 0.03072033898305085 0.01123046875
0 0.7711864406779662 0.61865234375 0.014830508474576272 0.005859375
0 0.798728813559322 0.5947265625 0.014830508474576272 0.005859375
0 0.9216101694915254 0.5673828125 0.07521186440677965 0.0263671875
0 0.9735169491525424 0.54638671875 0.0211864406779661 0.00830078125
0 0.986228813559322 0.55810546875 0.019067796610169493 0.00830078125
0 0.9502118644067796 0.59521484375 0.025423728813559324 0.01025390625
0 0.8601694915254238 0.59814453125 0.011652542372881356 0.005859375
0 0.7669491525423728 0.63916015625 0.0646186440677966 0.0205078125
0 0.8495762711864406 0.62548828125 0.029661016949152543 0.0078125
0 0.864406779661017 0.6513671875 0.05614406779661017 0.01904296875
0 0.909957627118644 0.640625 0.022245762711864406 0.0068359375
0 0.9385593220338984 0.63427734375 0.0211864406779661 0.00732421875
0 0.975635593220339 0.64208984375 0.036016949152542374 0.009765625
0 0.8188559322033898 0.66259765625 0.014830508474576272 0.0048828125
0 0.7669491525423728 0.6787109375 0.013771186440677966 0.0048828125
0 0.7319915254237288 0.658203125 0.013771186440677966 0.005859375
0 0.6790254237288136 0.65869140625 0.020127118644067795 0.00927734375
0 0.628177966101695 0.66015625 0.015889830508474576 0.009765625
0 0.6016949152542372 0.65869140625 0.034957627118644065 0.015625
0 0.6366525423728814 0.6845703125 0.012711864406779662 0.0048828125
0 0.6557203389830508 0.68603515625 0.015889830508474576 0.00634765625
0 0.6864406779661016 0.6845703125 0.013771186440677966 0.005859375
0 0.628177966101695 0.6962890625 0.012711864406779662 0.00537109375
0 0.5911016949152542 0.71240234375 0.01694915254237288 0.009765625
0 0.777542372881356 0.720703125 0.012711864406779662 0.0068359375
0 0.823093220338983 0.7294921875 0.014830508474576272 0.005859375
0 0.9427966101694916 0.72900390625 0.012711864406779662 0.0068359375
0 0.5561440677966102 0.693359375 0.05402542372881356 0.02001953125
0 0.5677966101694916 0.68017578125 0.0211864406779661 0.01123046875
0 0.5360169491525424 0.662109375 0.025423728813559324 0.013671875
0 0.5466101694915254 0.6474609375 0.026483050847457626 0.01025390625
0 0.6080508474576272 0.64697265625 0.01694915254237288 0.00732421875
0 0.4205508474576271 0.4931640625 0.03072033898305085 0.01513671875
0 0.00211864406779661 0.5009765625 0.00423728813559322 0.009765625