0 0.6253255208333334 0.49853515625 0.038411458333333336 0.02783203125
0 0.5270182291666666 0.939697265625 0.041666666666666664 0.03369140625
0 0.4163411458333333 0.8974609375 0.032552083333333336 0.02490234375
0 0.3134765625 0.86376953125 0.036458333333333336 0.02880859375
0 0.3623046875 0.820556640625 0.059895833333333336 0.0419921875
0 0.3108723958333333 0.780029296875 0.07096354166666667 0.0654296875
0 0.2594401041666667 0.744873046875 0.055989583333333336 0.05029296875
0 0.359375 0.739013671875 0.045572916666666664 0.03271484375
0 0.3522135416666667 0.664306640625 0.09895833333333333 0.06689453125
0 0.2623697916666667 0.6630859375 0.060546875 0.04345703125
0 0.255859375 0.593505859375 0.036458333333333336 0.02490234375
0 0.3528645833333333 0.585205078125 0.091796875 0.07080078125
0 0.2314453125 0.527099609375 0.11783854166666667 0.0908203125
0 0.2275390625 0.453125 0.036458333333333336 0.02392578125
0 0.17220052083333334 0.431640625 0.07161458333333333 0.05517578125
0 0.2679036458333333 0.418701171875 0.0390625 0.0263671875
0 0.21158854166666666 0.380859375 0.052083333333333336 0.03857421875
0 0.21223958333333334 0.3203125 0.054036458333333336 0.04150390625
0 0.16666666666666666 0.29345703125 0.037760416666666664 0.02734375
0 0.16341145833333334 0.269287109375 0.052734375 0.02490234375
0 0.20638020833333334 0.254638671875 0.027994791666666668 0.0146484375
0 0.16341145833333334 0.2275390625 0.018229166666666668 0.01123046875
0 0.2548828125 0.231689453125 0.024088541666666668 0.01953125
0 0.17317708333333334 0.1728515625 0.026692708333333332 0.02197265625
0 0.2848307291666667 0.1875 0.018880208333333332 0.01806640625
0 0.3170572916666667 0.141845703125 0.020182291666666668 0.01318359375
0 0.3955078125 0.122314453125 0.028645833333333332 0.02197265625
0 0.48828125 0.108642578125 0.033203125 0.02587890625
0 0.5904947916666666 0.17919921875 0.052083333333333336 0.04541015625
0 0.6451822916666666 0.121337890625 0.031901041666666664 0.02978515625
0 0.6393229166666666 0.25732421875 0.029296875 0.05810546875
0 0.6028645833333334 0.26318359375 0.037109375 0.03369140625
0 0.6012369791666666 0.227294921875 0.013020833333333334 0.009765625
0 0.8264973958333334 0.484619140625 0.034505208333333336 0.02001953125
0 0.7757161458333334 0.4541015625 0.11588541666666667 0.0751953125
0 0.7184244791666666 0.41796875 0.034505208333333336 0.0234375
0 0.8489583333333334 0.631591796875 0.055989583333333336 0.048828125
0 0.7958984375 0.593017578125 0.14322916666666666 0.10888671875
0 0.732421875 0.564697265625 0.034505208333333336 0.02490234375
0 0.7672526041666666 0.715576171875 0.06640625 0.0478515625
0 0.705078125 0.68408203125 0.057291666666666664 0.04443359375
0 0.7220052083333334 0.766845703125 0.048828125 0.0390625
0 0.7809244791666666 0.799560546875 0.037109375 0.02490234375
0 0.6617838541666666 0.799072265625 0.07942708333333333 0.06982421875
0 0.6188151041666666 0.749267578125 0.031901041666666664 0.0224609375
0 0.5374348958333334 0.78564453125 0.17317708333333334 0.1005859375
0 0.4134114583333333 0.7744140625 0.057291666666666664 0.05615234375
0 0.4563802083333333 0.735107421875 0.048177083333333336 0.033203125
0 0.509765625 0.695068359375 0.04296875 0.0419921875
0 0.4544270833333333 0.65966796875 0.08723958333333333 0.056640625
0 0.6070963541666666 0.68994140625 0.056640625 0.05615234375
0 0.546875 0.65234375 0.06640625 0.05615234375
0 0.4993489583333333 0.617431640625 0.037760416666666664 0.029296875
0 0.6829427083333334 0.60888671875 0.044270833333333336 0.05712890625
0 0.6012369791666666 0.60498046875 0.07096354166666667 0.04833984375
0 0.5423177083333334 0.5771484375 0.048828125 0.03076171875
0 0.4860026041666667 0.54443359375 0.08854166666666667 0.05615234375
0 0.5162760416666666 0.504638671875 0.018229166666666668 0.0166015625
0 0.4775390625 0.507568359375 0.030598958333333332 0.02099609375
0 0.4195963541666667 0.50927734375 0.041666666666666664 0.0302734375
0 0.326171875 0.51611328125 0.026692708333333332 0.02099609375
0 0.3098958333333333 0.47412109375 0.057291666666666664 0.02734375
0 0.376953125 0.472900390625 0.061197916666666664 0.056640625
0 0.4625651041666667 0.471435546875 0.030598958333333332 0.02587890625
0 0.4111328125 0.439697265625 0.032552083333333336 0.0244140625
0 0.369140625 0.41650390625 0.09765625 0.06640625
0 0.4261067708333333 0.359619140625 0.037109375 0.03076171875
0 0.34765625 0.3466796875 0.048177083333333336 0.03466796875
0 0.3815104166666667 0.31787109375 0.051432291666666664 0.04052734375
0 0.2991536458333333 0.3134765625 0.044921875 0.03173828125
0 0.2783203125 0.28759765625 0.020833333333333332 0.01904296875
0 0.3746744791666667 0.249755859375 0.033854166666666664 0.03759765625
0 0.4602864583333333 0.239013671875 0.033203125 0.0302734375
0 0.4208984375 0.286865234375 0.038411458333333336 0.03271484375
0 0.4674479166666667 0.31884765625 0.031901041666666664 0.02490234375
0 0.5185546875 0.356201171875 0.09895833333333333 0.078125
0 0.5628255208333334 0.387451171875 0.036458333333333336 0.02783203125
0 0.5325520833333334 0.405029296875 0.018229166666666668 0.0302734375
0 0.6578776041666666 0.379150390625 0.046875 0.06201171875
0 0.669921875 0.45654296875 0.042317708333333336 0.046875
0 0.6155598958333334 0.424072265625 0.033203125 0.0234375
0 0.5712890625 0.43798828125 0.057291666666666664 0.04736328125
0 0.625 0.551513671875 0.045572916666666664 0.041015625
0 0.6800130208333334 0.533447265625 0.039713541666666664 0.02734375
0 0.6936848958333334 0.494140625 0.030598958333333332 0.025390625
0 0.9215494791666666 0.953369140625 0.059895833333333336 0.03662109375
0 0.8157552083333334 0.968017578125 0.07421875 0.02490234375
0 0.6868489583333334 0.974365234375 0.055338541666666664 0.03076171875
0 0.5797526041666666 0.979248046875 0.09114583333333333 0.04052734375
0 0.4762369791666667 0.9814453125 0.068359375 0.037109375
0 0.3714192708333333 0.9794921875 0.06315104166666667 0.041015625
0 0.3160807291666667 0.945068359375 0.054036458333333336 0.04736328125
0 0.21354166666666666 0.94580078125 0.057291666666666664 0.05029296875
0 0.1669921875 0.985595703125 0.042317708333333336 0.02880859375
0 0.11686197916666667 0.952880859375 0.04296875 0.037109375
0 0.21875 0.86181640625 0.07552083333333333 0.044921875
0 0.115234375 0.86572265625 0.057291666666666664 0.0458984375
0 0.20930989583333334 0.78125 0.0390625 0.0322265625
0 0.1611328125 0.74560546875 0.041666666666666664 0.03125
0 0.119140625 0.712158203125 0.06705729166666667 0.0615234375
0 0.07975260416666667 0.695556640625 0.013020833333333334 0.03369140625
0 0.21451822916666666 0.705078125 0.06510416666666667 0.0478515625
0 0.1611328125 0.674560546875 0.06315104166666667 0.03564453125
0 0.1083984375 0.62060546875 0.051432291666666664 0.0576171875
0 0.2109375 0.6328125 0.04296875 0.02685546875
0 0.16373697916666666 0.5947265625 0.06315104166666667 0.04052734375
0 0.10123697916666667 0.564697265625 0.037109375 0.02783203125
0 0.1298828125 0.527099609375 0.047526041666666664 0.03271484375
0 0.09049479166666667 0.496826171875 0.057291666666666664 0.03955078125
0 0.0673828125 0.462890625 0.008463541666666666 0.0263671875
0 0.095703125 0.4306640625 0.06380208333333333 0.04736328125
0 0.0810546875 0.30029296875 0.041015625 0.06005859375
0 0.11555989583333333 0.203369140625 0.022135416666666668 0.009765625
0 0.06608072916666667 0.17919921875 0.027994791666666668 0.015625
0 0.09505208333333333 0.114990234375 0.018229166666666668 0.017578125
0 0.11165364583333333 0.078369140625 0.030598958333333332 0.02001953125
0 0.16243489583333334 0.100830078125 0.03515625 0.03369140625
0 0.18977864583333334 0.0615234375 0.025390625 0.017578125
0 0.2587890625 0.039306640625 0.021484375 0.01708984375
0 0.3001302083333333 0.06494140625 0.03125 0.02197265625
0 0.3343098958333333 0.0185546875 0.018229166666666668 0.017578125
0 0.3821614583333333 0.046875 0.044921875 0.03857421875
0 0.4326171875 0.07421875 0.021484375 0.01953125
0 0.4723307291666667 0.0185546875 0.022135416666666668 0.01806640625
0 0.5738932291666666 0.004638671875 0.034505208333333336 0.00927734375
0 0.5283203125 0.053466796875 0.020182291666666668 0.015625
0 0.6930338541666666 0.005126953125 0.052734375 0.01025390625
0 0.7516276041666666 0.025146484375 0.037760416666666664 0.0263671875
0 0.85546875 0.112548828125 0.044921875 0.02197265625
0 0.8076171875 0.15771484375 0.055338541666666664 0.04248046875
0 0.91796875 0.23583984375 0.059895833333333336 0.03662109375
0 0.8701171875 0.2822265625 0.048177083333333336 0.03955078125
0 0.78125 0.23291015625 0.026041666666666668 0.02978515625
0 0.76171875 0.289794921875 0.07161458333333333 0.05029296875
0 0.7099609375 0.252197265625 0.07747395833333333 0.06494140625
0 0.9215494791666666 0.322021484375 0.03125 0.021484375
0 0.7659505208333334 0.36962890625 0.078125 0.06396484375
0 0.9114583333333334 0.41943359375 0.012369791666666666 0.00927734375
0 0.8746744791666666 0.44189453125 0.032552083333333336 0.01953125
0 0.9244791666666666 0.472900390625 0.076171875 0.05322265625
0 0.9716796875 0.506103515625 0.026041666666666668 0.0224609375
0 0.876953125 0.508544921875 0.029947916666666668 0.03515625
0 0.9215494791666666 0.54736328125 0.05078125 0.03662109375
0 0.9739583333333334 0.58251953125 0.052083333333333336 0.0498046875
0 0.9430338541666666 0.62060546875 0.048177083333333336 0.03662109375
0 0.8831380208333334 0.589111328125 0.059244791666666664 0.03125
0 0.9951171875 0.65771484375 0.009765625 0.0302734375
0 0.958984375 0.695068359375 0.08203125 0.09033203125
0 0.9261067708333334 0.746337890625 0.052734375 0.044921875
0 0.8606770833333334 0.706298828125 0.09765625 0.09423828125
0 0.9895833333333334 0.827880859375 0.020833333333333332 0.02490234375
0 0.9436848958333334 0.825439453125 0.033203125 0.02783203125
0 0.9641927083333334 0.9111328125 0.0546875 0.05029296875
0 0.6783854166666666 0.890869140625 0.05078125 0.03857421875
0 0.6227213541666666 0.85302734375 0.03515625 0.029296875
0 0.576171875 0.8935546875 0.09244791666666667 0.078125