0 0.4189453125 0.5631510416666666 0.048828125 0.06510416666666667
0 0.359619140625 0.4947916666666667 0.0634765625 0.08463541666666667
0 0.412109375 0.4957682291666667 0.01416015625 0.018229166666666668
0 0.406982421875 0.455078125 0.029296875 0.025390625
0 0.443603515625 0.4612630208333333 0.03271484375 0.052734375
0 0.3916015625 0.3977864583333333 0.02001953125 0.024739583333333332
0 0.465087890625 0.4358723958333333 0.01708984375 0.022786458333333332
0 0.4453125 0.4085286458333333 0.05126953125 0.060546875
0 0.44140625 0.3408203125 0.025390625 0.03125
0 0.419189453125 0.3037109375 0.0234375 0.029296875
0 0.41015625 0.2770182291666667 0.01123046875 0.018229166666666668
0 0.46435546875 0.3199869791666667 0.0263671875 0.035807291666666664
0 0.404541015625 0.22102864583333334 0.0126953125 0.018229166666666668
0 0.427978515625 0.18587239583333334 0.0107421875 0.014973958333333334
0 0.48974609375 0.2975260416666667 0.0205078125 0.029296875
0 0.469970703125 0.2571614583333333 0.01904296875 0.033854166666666664
0 0.517578125 0.2610677083333333 0.0166015625 0.02734375
0 0.453369140625 0.15006510416666666 0.0107421875 0.01171875
0 0.498046875 0.1474609375 0.01513671875 0.01953125
0 0.548828125 0.15201822916666666 0.0166015625 0.020833333333333332
0 0.59228515625 0.22916666666666666 0.02490234375 0.039713541666666664
0 0.625732421875 0.1884765625 0.0146484375 0.026041666666666668
0 0.7255859375 0.20735677083333334 0.02099609375 0.016927083333333332
0 0.698486328125 0.23828125 0.0263671875 0.035807291666666664
0 0.743408203125 0.3180338541666667 0.02734375 0.029947916666666668
0 0.715576171875 0.3518880208333333 0.0234375 0.033854166666666664
0 0.678466796875 0.2985026041666667 0.01171875 0.025390625
0 0.64111328125 0.306640625 0.03759765625 0.055338541666666664
0 0.66259765625 0.3450520833333333 0.0341796875 0.04296875
0 0.736572265625 0.3922526041666667 0.01416015625 0.018229166666666668
0 0.655517578125 0.4163411458333333 0.0380859375 0.055989583333333336
0 0.7216796875 0.4768880208333333 0.00537109375 0.0078125
0 0.700927734375 0.4928385416666667 0.015625 0.016927083333333332
0 0.72216796875 0.5266927083333334 0.0380859375 0.048828125
0 0.741943359375 0.5621744791666666 0.01220703125 0.018880208333333332
0 0.65087890625 0.4921875 0.05712890625 0.06575520833333333
0 0.6728515625 0.525390625 0.01708984375 0.016927083333333332
0 0.695068359375 0.552734375 0.0146484375 0.031901041666666664
0 0.712890625 0.5934244791666666 0.02490234375 0.032552083333333336
0 0.74072265625 0.6321614583333334 0.037109375 0.043619791666666664
0 0.71533203125 0.6611328125 0.0234375 0.031901041666666664
0 0.689208984375 0.6259765625 0.02978515625 0.026692708333333332
0 0.64501953125 0.6188151041666666 0.06982421875 0.09765625
0 0.6669921875 0.6598307291666666 0.02783203125 0.04296875
0 0.7197265625 0.7294921875 0.04931640625 0.07877604166666667
0 0.693603515625 0.76953125 0.0263671875 0.037760416666666664
0 0.666015625 0.7278645833333334 0.046875 0.083984375
0 0.616455078125 0.8011067708333334 0.0185546875 0.022135416666666668
0 0.59033203125 0.7652994791666666 0.0244140625 0.033854166666666664
0 0.556640625 0.7890625 0.04052734375 0.061197916666666664
0 0.540283203125 0.7392578125 0.01611328125 0.020182291666666668
0 0.494384765625 0.7646484375 0.0888671875 0.09244791666666667
0 0.48974609375 0.6803385416666666 0.02294921875 0.037109375
0 0.540771484375 0.6845703125 0.02734375 0.048828125
0 0.590576171875 0.6897786458333334 0.0283203125 0.037109375
0 0.6181640625 0.7242838541666666 0.0322265625 0.041015625
0 0.588134765625 0.6201171875 0.0205078125 0.05078125
0 0.546875 0.6080729166666666 0.0361328125 0.042317708333333336
0 0.513427734375 0.6448567708333334 0.03515625 0.048177083333333336
0 0.46435546875 0.6416015625 0.04541015625 0.052083333333333336
0 0.492919921875 0.6083984375 0.0205078125 0.026041666666666668
0 0.51904296875 0.5768229166666666 0.02587890625 0.02734375
0 0.492919921875 0.541015625 0.04638671875 0.05078125
0 0.564453125 0.5625 0.0234375 0.037109375
0 0.594482421875 0.5520833333333334 0.02001953125 0.0234375
0 0.570556640625 0.5146484375 0.02001953125 0.025390625
0 0.605712890625 0.5182291666666666 0.01513671875 0.022135416666666668
0 0.5986328125 0.4820963541666667 0.0205078125 0.042317708333333336
0 0.51318359375 0.5074869791666666 0.009765625 0.014322916666666666
0 0.4921875 0.5055338541666666 0.015625 0.018880208333333332
0 0.462158203125 0.5009765625 0.02099609375 0.026692708333333332
0 0.4892578125 0.470703125 0.01611328125 0.024088541666666668
0 0.549560546875 0.4534505208333333 0.02978515625 0.04296875
0 0.5751953125 0.4459635416666667 0.01708984375 0.020833333333333332
0 0.533203125 0.4189453125 0.009765625 0.028645833333333332
0 0.55224609375 0.4075520833333333 0.01806640625 0.024739583333333332
0 0.482421875 0.3639322916666667 0.01953125 0.02734375
0 0.53271484375 0.3736979166666667 0.0517578125 0.0703125
0 0.510009765625 0.3333333333333333 0.01611328125 0.022786458333333332
0 0.587890625 0.3030598958333333 0.01904296875 0.029296875
0 0.60693359375 0.302734375 0.013671875 0.050130208333333336
0 0.59130859375 0.2727864583333333 0.00634765625 0.0078125
0 0.626708984375 0.4527994791666667 0.01708984375 0.020833333333333332
0 0.601318359375 0.4111328125 0.0224609375 0.0546875
0 0.0048828125 0.55078125 0.009765625 0.026041666666666668
0 0.0244140625 0.5458984375 0.015625 0.026041666666666668
0 0.042236328125 0.5367838541666666 0.02490234375 0.025390625
0 0.041259765625 0.498046875 0.01806640625 0.025390625
0 0.031494140625 0.4827473958333333 0.0107421875 0.016276041666666668
0 0.001220703125 0.4873046875 0.00244140625 0.016276041666666668
0 0.00927734375 0.462890625 0.0185546875 0.018229166666666668
0 0.0322265625 0.4593098958333333 0.017578125 0.014322916666666666
0 0.030029296875 0.4326171875 0.01806640625 0.018880208333333332
0 0.02001953125 0.3896484375 0.02392578125 0.029947916666666668
0 0.02587890625 0.3362630208333333 0.033203125 0.028645833333333332
0 0.026611328125 0.2972005208333333 0.013671875 0.016927083333333332
0 0.039794921875 0.23860677083333334 0.03271484375 0.03125
0 0.02734375 0.216796875 0.0126953125 0.018229166666666668
0 0.040283203125 0.19986979166666666 0.0126953125 0.013671875
0 0.041259765625 0.11979166666666667 0.01904296875 0.024088541666666668
0 0.089599609375 0.10579427083333333 0.0078125 0.009765625
0 0.072509765625 0.16438802083333334 0.0087890625 0.009765625
0 0.0869140625 0.1865234375 0.01123046875 0.010416666666666666
0 0.0732421875 0.205078125 0.0087890625 0.009114583333333334
0 0.14892578125 0.11393229166666667 0.0146484375 0.016276041666666668
0 0.1494140625 0.19563802083333334 0.0068359375 0.009765625
0 0.10107421875 0.2451171875 0.02001953125 0.025390625
0 0.1474609375 0.2711588541666667 0.02490234375 0.031901041666666664
0 0.087646484375 0.3020833333333333 0.02197265625 0.025390625
0 0.1318359375 0.3349609375 0.03515625 0.036458333333333336
0 0.07275390625 0.3645833333333333 0.03076171875 0.043619791666666664
0 0.08642578125 0.3805338541666667 0.01318359375 0.015625
0 0.115966796875 0.419921875 0.0146484375 0.013671875
0 0.10009765625 0.4391276041666667 0.0126953125 0.016927083333333332
0 0.088134765625 0.4951171875 0.03369140625 0.030598958333333332
0 0.1279296875 0.5146484375 0.02001953125 0.025390625
0 0.77197265625 0.9576822916666666 0.03369140625 0.032552083333333336
0 0.722412109375 0.9567057291666666 0.01953125 0.026692708333333332
0 0.695068359375 0.9176432291666666 0.0263671875 0.041015625
0 0.66943359375 0.9576822916666666 0.02978515625 0.044270833333333336
0 0.617431640625 0.9599609375 0.0400390625 0.033854166666666664
0 0.551025390625 0.9544270833333334 0.0283203125 0.041666666666666664
0 0.495361328125 0.9505208333333334 0.046875 0.048177083333333336
0 0.44140625 0.9446614583333334 0.03515625 0.046875
0 0.385986328125 0.9309895833333334 0.03369140625 0.045572916666666664
0 0.360107421875 0.8902994791666666 0.02783203125 0.040364583333333336
0 0.305419921875 0.8811848958333334 0.02978515625 0.042317708333333336
0 0.2509765625 0.8802083333333334 0.02294921875 0.033203125
0 0.274658203125 0.9153645833333334 0.02197265625 0.02734375
0 0.259765625 0.7981770833333334 0.02880859375 0.040364583333333336
0 0.31689453125 0.8046875 0.04150390625 0.037760416666666664
0 0.3203125 0.7288411458333334 0.0205078125 0.029947916666666668
0 0.29736328125 0.69140625 0.02294921875 0.029296875
0 0.277587890625 0.6549479166666666 0.03759765625 0.057942708333333336
0 0.254638671875 0.6373697916666666 0.0087890625 0.034505208333333336
0 0.30615234375 0.6236979166666666 0.03515625 0.033203125
0 0.28125 0.5680338541666666 0.02978515625 0.055338541666666664
0 0.337158203125 0.5908203125 0.02294921875 0.025390625
0 0.31640625 0.5491536458333334 0.033203125 0.037109375
0 0.283447265625 0.5146484375 0.0205078125 0.026041666666666668
0 0.3046875 0.4817708333333333 0.02392578125 0.030598958333333332
0 0.28564453125 0.4488932291666667 0.02978515625 0.037109375
0 0.272216796875 0.4147135416666667 0.00927734375 0.038411458333333336
0 0.294189453125 0.3863932291666667 0.03466796875 0.045572916666666664
0 0.337646484375 0.3981119791666667 0.0380859375 0.052734375
0 0.36572265625 0.4248046875 0.01953125 0.022786458333333332
0 0.364013671875 0.3548177083333333 0.02734375 0.035807291666666664
0 0.28271484375 0.28515625 0.005859375 0.049479166666666664
0 0.286376953125 0.22265625 0.00732421875 0.024088541666666668
0 0.29541015625 0.10872395833333333 0.00634765625 0.020182291666666668
0 0.3720703125 0.298828125 0.02783203125 0.038411458333333336
0 0.34814453125 0.2659505208333333 0.0205078125 0.026041666666666668
0 0.299072265625 0.2594401041666667 0.021484375 0.057291666666666664
0 0.349365234375 0.24186197916666666 0.0283203125 0.0234375
0 0.374755859375 0.234375 0.01513671875 0.013671875
0 0.35400390625 0.20182291666666666 0.009765625 0.010416666666666666
0 0.329345703125 0.1708984375 0.01171875 0.009114583333333334
0 0.305419921875 0.13997395833333334 0.0146484375 0.013671875
0 0.329345703125 0.08463541666666667 0.009765625 0.015625
0 0.344970703125 0.055013020833333336 0.0166015625 0.018229166666666668
0 0.371337890625 0.0849609375 0.01953125 0.030598958333333332
0 0.393798828125 0.0556640625 0.013671875 0.015625
0 0.365966796875 0.15104166666666666 0.01416015625 0.020182291666666668
0 0.45458984375 0.08040364583333333 0.017578125 0.018880208333333332
0 0.435302734375 0.05078125 0.01123046875 0.015625
0 0.480224609375 0.048177083333333336 0.009765625 0.014322916666666666
0 0.50146484375 0.08072916666666667 0.0234375 0.033203125
0 0.529296875 0.045247395833333336 0.0107421875 0.015625
0 0.5244140625 0.11328125 0.0107421875 0.016276041666666668
0 0.552001953125 0.07486979166666667 0.01171875 0.014973958333333334
0 0.575927734375 0.11360677083333333 0.009765625 0.013020833333333334
0 0.60546875 0.07454427083333333 0.017578125 0.0234375
0 0.63671875 0.043619791666666664 0.0224609375 0.021484375
0 0.662109375 0.0849609375 0.02490234375 0.034505208333333336
0 0.685546875 0.12174479166666667 0.01806640625 0.022786458333333332
0 0.68896484375 0.0546875 0.0166015625 0.022786458333333332
0 0.712646484375 0.08951822916666667 0.0107421875 0.013671875
0 0.765625 0.095703125 0.05517578125 0.07356770833333333
0 0.78759765625 0.14225260416666666 0.01416015625 0.018229166666666668
0 0.815673828125 0.10416666666666667 0.0244140625 0.024088541666666668
0 0.84521484375 0.07942708333333333 0.01171875 0.014973958333333334
0 0.8662109375 0.11848958333333333 0.02294921875 0.033854166666666664
0 0.913818359375 0.12337239583333333 0.013671875 0.018229166666666668
0 0.94189453125 0.09993489583333333 0.01416015625 0.016276041666666668
0 0.98046875 0.17057291666666666 0.01318359375 0.012369791666666666
0 0.90478515625 0.19498697916666666 0.01416015625 0.013671875
0 0.857666015625 0.18684895833333334 0.01611328125 0.024739583333333332
0 0.8759765625 0.22884114583333334 0.0166015625 0.016276041666666668
0 0.806640625 0.181640625 0.009765625 0.014973958333333334
0 0.8681640625 0.2991536458333333 0.02880859375 0.03515625
0 0.8896484375 0.3349609375 0.0234375 0.03515625
0 0.93408203125 0.3460286458333333 0.02197265625 0.036458333333333336
0 0.908935546875 0.3766276041666667 0.02685546875 0.029296875
0 0.83837890625 0.3323567708333333 0.02734375 0.03125
0 0.87939453125 0.404296875 0.0166015625 0.024088541666666668
0 0.81298828125 0.3626302083333333 0.03125 0.03515625
0 0.789306640625 0.3277994791666667 0.0322265625 0.044270833333333336
0 0.783447265625 0.39453125 0.0234375 0.048177083333333336
0 0.85302734375 0.4384765625 0.0185546875 0.022786458333333332
0 0.87353515625 0.4762369791666667 0.01708984375 0.024088541666666668
0 0.825927734375 0.46875 0.02587890625 0.040364583333333336
0 0.798828125 0.5042317708333334 0.03662109375 0.0546875
0 0.844970703125 0.5081380208333334 0.0458984375 0.028645833333333332
0 0.819580078125 0.5361328125 0.01806640625 0.028645833333333332
0 0.88427734375 0.5748697916666666 0.017578125 0.021484375
0 0.797119140625 0.6025390625 0.01611328125 0.018880208333333332
0 0.8408203125 0.6324869791666666 0.02685546875 0.044921875
0 0.788818359375 0.6331380208333334 0.0283203125 0.031901041666666664
0 0.841064453125 0.7037760416666666 0.03564453125 0.025390625
0 0.78955078125 0.7018229166666666 0.0458984375 0.048828125
0 0.744140625 0.701171875 0.01806640625 0.02734375
0 0.768310546875 0.7347005208333334 0.033203125 0.035807291666666664
0 0.79443359375 0.7708333333333334 0.02001953125 0.026692708333333332
0 0.79541015625 0.8450520833333334 0.0244140625 0.035807291666666664
0 0.744140625 0.8427734375 0.01904296875 0.02734375
0 0.716796875 0.8486328125 0.01123046875 0.022786458333333332
0 0.6943359375 0.8414713541666666 0.01611328125 0.022786458333333332
0 0.47314453125 0.9020182291666666 0.02099609375 0.02734375
0 0.50341796875 0.8662109375 0.04833984375 0.06901041666666667
0 0.555908203125 0.873046875 0.02587890625 0.033854166666666664
0 0.531494140625 0.8323567708333334 0.017578125 0.025390625
0 0.41943359375 0.8551432291666666 0.017578125 0.0234375
0 0.3681640625 0.8147786458333334 0.01904296875 0.024739583333333332
0 0.39892578125 0.7789713541666666 0.0322265625 0.037109375
0 0.375732421875 0.7369791666666666 0.03662109375 0.061848958333333336
0 0.40625 0.7041015625 0.02392578125 0.029296875
0 0.43115234375 0.7415364583333334 0.02978515625 0.051432291666666664
0 0.457763671875 0.7099609375 0.02490234375 0.029296875
0 0.35107421875 0.6995442708333334 0.0302734375 0.046223958333333336
0 0.331298828125 0.6588541666666666 0.03564453125 0.045572916666666664
0 0.362060546875 0.6236979166666666 0.0322265625 0.040364583333333336
0 0.41015625 0.6354166666666666 0.052734375 0.061197916666666664
0 0.36669921875 0.5589192708333334 0.0185546875 0.022786458333333332