0 0.3619791666666667 0.40234375 0.14713541666666666 0.1044921875
0 0.509765625 0.41162109375 0.05078125 0.04052734375
0 0.4348958333333333 0.462890625 0.044270833333333336 0.033203125
0 0.56640625 0.47607421875 0.06770833333333333 0.05078125
0 0.4993489583333333 0.513671875 0.051432291666666664 0.04052734375
0 0.427734375 0.57177734375 0.043619791666666664 0.03759765625
0 0.55859375 0.56787109375 0.044921875 0.04833984375
0 0.673828125 0.65673828125 0.025390625 0.02099609375
0 0.7278645833333334 0.60400390625 0.029296875 0.02392578125
0 0.708984375 0.5283203125 0.02734375 0.0244140625
0 0.6875 0.4921875 0.059895833333333336 0.0390625
0 0.625 0.44091796875 0.06315104166666667 0.0439453125
0 0.6100260416666666 0.3330078125 0.13671875 0.09521484375
0 0.5501302083333334 0.291015625 0.044270833333333336 0.03759765625
0 0.6087239583333334 0.23828125 0.08723958333333333 0.0927734375
0 0.4720052083333333 0.23046875 0.043619791666666664 0.03955078125
0 0.29296875 0.34814453125 0.052083333333333336 0.0390625
0 0.3489583333333333 0.328125 0.024739583333333332 0.0458984375
0 0.20963541666666666 0.2822265625 0.053385416666666664 0.03369140625
0 0.2897135416666667 0.26904296875 0.08854166666666667 0.06884765625
0 0.20572916666666666 0.1591796875 0.06315104166666667 0.04345703125
0 0.125 0.220703125 0.055338541666666664 0.07470703125
0 0.09309895833333333 0.1572265625 0.044921875 0.0400390625
0 0.024088541666666668 0.20556640625 0.048177083333333336 0.09130859375
0 0.13411458333333334 0.34521484375 0.056640625 0.09228515625
0 0.050130208333333336 0.27880859375 0.05078125 0.03564453125
0 0.015625 0.34765625 0.03125 0.08251953125
0 0.014322916666666666 0.46630859375 0.028645833333333332 0.06005859375
0 0.052734375 0.5234375 0.09505208333333333 0.08349609375
0 0.14778645833333334 0.5263671875 0.030598958333333332 0.07861328125
0 0.20768229166666666 0.52294921875 0.059244791666666664 0.04443359375
0 0.20638020833333334 0.572265625 0.020182291666666668 0.013671875
0 0.212890625 0.63818359375 0.06705729166666667 0.05712890625
0 0.3600260416666667 0.73828125 0.044270833333333336 0.02880859375
0 0.12630208333333334 0.70556640625 0.043619791666666664 0.03564453125
0 0.0032552083333333335 0.81103515625 0.006510416666666667 0.02294921875
0 0.0078125 0.90380859375 0.014973958333333334 0.02685546875
0 0.056640625 0.8583984375 0.061848958333333336 0.0458984375
0 0.13151041666666666 0.91845703125 0.05859375 0.02978515625
0 0.21419270833333334 0.86572265625 0.046223958333333336 0.0283203125
0 0.2903645833333333 0.80029296875 0.026692708333333332 0.017578125
0 0.365234375 0.845703125 0.027994791666666668 0.0185546875
0 0.4309895833333333 0.8759765625 0.026692708333333332 0.01953125
0 0.43359375 0.78369140625 0.02734375 0.021484375
0 0.498046875 0.728515625 0.037109375 0.02490234375
0 0.4993489583333333 0.81884765625 0.057291666666666664 0.04150390625
0 0.55859375 0.85400390625 0.022135416666666668 0.01806640625
0 0.66796875 0.83447265625 0.026692708333333332 0.01904296875
0 0.6184895833333334 0.802734375 0.041666666666666664 0.02294921875
0 0.6145833333333334 0.7109375 0.026692708333333332 0.01513671875
0 0.7643229166666666 0.814453125 0.031901041666666664 0.02001953125
0 0.8743489583333334 0.80029296875 0.035807291666666664 0.02197265625
0 0.8138020833333334 0.77099609375 0.042317708333333336 0.037109375
0 0.8235677083333334 0.6865234375 0.033203125 0.0244140625
0 0.9069010416666666 0.76025390625 0.022135416666666668 0.0185546875
0 0.96875 0.69140625 0.03515625 0.017578125
0 0.9127604166666666 0.65576171875 0.028645833333333332 0.0107421875
0 0.8548177083333334 0.6201171875 0.024088541666666668 0.01318359375
0 0.8040364583333334 0.5810546875 0.035807291666666664 0.017578125
0 0.8684895833333334 0.56689453125 0.07421875 0.02734375
0 0.9837239583333334 0.53515625 0.031901041666666664 0.07568359375
0 0.873046875 0.53466796875 0.052083333333333336 0.03369140625
0 0.8138020833333334 0.49267578125 0.07096354166666667 0.052734375
0 0.8385416666666666 0.4052734375 0.072265625 0.0517578125
0 0.7649739583333334 0.341796875 0.055338541666666664 0.037109375
0 0.9928385416666666 0.3681640625 0.014322916666666666 0.01953125
0 0.916015625 0.3310546875 0.10677083333333333 0.0791015625
0 0.8385416666666666 0.291015625 0.051432291666666664 0.03515625
0 0.7180989583333334 0.24560546875 0.0859375 0.03955078125
0 0.7044270833333334 0.17041015625 0.037760416666666664 0.03271484375
0 0.859375 0.16162109375 0.17643229166666666 0.150390625
0 0.9954427083333334 0.181640625 0.009114583333333334 0.02294921875
0 0.9772135416666666 0.04541015625 0.044921875 0.06982421875
0 0.8470052083333334 0.03515625 0.05859375 0.046875
0 0.6790364583333334 0.0498046875 0.14388020833333334 0.099609375
0 0.548828125 0.16943359375 0.061197916666666664 0.05126953125
0 0.4544270833333333 0.166015625 0.044921875 0.0341796875
0 0.3893229166666667 0.166015625 0.02734375 0.025390625
0 0.4453125 0.09619140625 0.13997395833333334 0.09423828125
0 0.3522135416666667 0.02685546875 0.07877604166666667 0.0537109375
0 0.2552083333333333 0.00390625 0.07942708333333333 0.00732421875
0 0.20963541666666666 0.064453125 0.072265625 0.072265625
0 0.11848958333333333 0.09033203125 0.056640625 0.04296875
0 0.03515625 0.02783203125 0.055338541666666664 0.04443359375