0 0.6101694915254238 0.2841796875 0.03919491525423729 0.01611328125
0 0.5254237288135594 0.28564453125 0.022245762711864406 0.01123046875
0 0.5879237288135594 0.306640625 0.04449152542372881 0.01171875
0 0.6504237288135594 0.31640625 0.03389830508474576 0.01171875
0 0.5921610169491526 0.3203125 0.029661016949152543 0.0126953125
0 0.513771186440678 0.30517578125 0.03177966101694915 0.0068359375
0 0.4766949152542373 0.2978515625 0.0211864406779661 0.01123046875
0 0.4533898305084746 0.2783203125 0.05084745762711865 0.01708984375
0 0.4661016949152542 0.30615234375 0.03072033898305085 0.0068359375
0 0.4809322033898305 0.31005859375 0.034957627118644065 0.009765625
0 0.5201271186440678 0.32470703125 0.0826271186440678 0.021484375
0 0.5497881355932204 0.33642578125 0.03072033898305085 0.0078125
0 0.5741525423728814 0.34033203125 0.01694915254237288 0.0078125
0 0.5953389830508474 0.34326171875 0.026483050847457626 0.0107421875
0 0.6324152542372882 0.341796875 0.025423728813559324 0.0078125
0 0.6440677966101694 0.33251953125 0.019067796610169493 0.00927734375
0 0.6747881355932204 0.33740234375 0.025423728813559324 0.009765625
0 0.7182203389830508 0.328125 0.023305084745762712 0.009765625
0 0.7330508474576272 0.3388671875 0.026483050847457626 0.01123046875
0 0.6949152542372882 0.34814453125 0.04025423728813559 0.009765625
0 0.7648305084745762 0.3525390625 0.01694915254237288 0.0048828125
0 0.763771186440678 0.365234375 0.03072033898305085 0.00830078125
0 0.676906779661017 0.35986328125 0.01694915254237288 0.005859375
0 0.5985169491525424 0.35888671875 0.025423728813559324 0.00634765625
0 0.527542372881356 0.34716796875 0.023305084745762712 0.0078125
0 0.5264830508474576 0.35302734375 0.03072033898305085 0.01171875
0 0.4947033898305085 0.34130859375 0.012711864406779662 0.00390625
0 0.4809322033898305 0.34521484375 0.036016949152542374 0.0107421875
0 0.4597457627118644 0.34033203125 0.0211864406779661 0.01123046875
0 0.423728813559322 0.341796875 0.012711864406779662 0.0048828125
0 0.4353813559322034 0.33251953125 0.038135593220338986 0.013671875
0 0.4258474576271186 0.3251953125 0.028601694915254237 0.01171875
0 0.4311440677966102 0.31396484375 0.020127118644067795 0.0068359375
0 0.399364406779661 0.30029296875 0.020127118644067795 0.01220703125
0 0.4078389830508475 0.2783203125 0.04025423728813559 0.0146484375
0 0.336864406779661 0.2822265625 0.046610169491525424 0.02099609375
0 0.3177966101694915 0.294921875 0.015889830508474576 0.005859375
0 0.3177966101694915 0.30126953125 0.009533898305084746 0.00537109375
0 0.3421610169491525 0.31201171875 0.013771186440677966 0.00390625
0 0.3697033898305085 0.31103515625 0.01059322033898305 0.00341796875
0 0.361228813559322 0.31591796875 0.03919491525423729 0.01171875
0 0.3421610169491525 0.3232421875 0.025423728813559324 0.009765625
0 0.3855932203389831 0.32275390625 0.03072033898305085 0.0078125
0 0.4014830508474576 0.33740234375 0.018008474576271187 0.005859375
0 0.3760593220338983 0.3330078125 0.029661016949152543 0.0068359375
0 0.3622881355932203 0.328125 0.01694915254237288 0.005859375
0 0.3305084745762712 0.32080078125 0.023305084745762712 0.009765625
0 0.3146186440677966 0.31787109375 0.034957627118644065 0.01318359375
0 0.2849576271186441 0.3134765625 0.013771186440677966 0.00439453125
0 0.2944915254237288 0.2900390625 0.015889830508474576 0.0078125
0 0.3209745762711864 0.27490234375 0.018008474576271187 0.0078125
0 0.2796610169491525 0.29931640625 0.013771186440677966 0.005859375
0 0.2605932203389831 0.31005859375 0.015889830508474576 0.00830078125
0 0.24152542372881355 0.32763671875 0.00847457627118644 0.005859375
0 0.24364406779661016 0.32080078125 0.014830508474576272 0.0078125
0 0.2817796610169492 0.29443359375 0.015889830508474576 0.00537109375
0 0.3114406779661017 0.2822265625 0.015889830508474576 0.00537109375
0 0.2754237288135593 0.328125 0.019067796610169493 0.0087890625
0 0.3305084745762712 0.33642578125 0.024364406779661018 0.015625
0 0.3697033898305085 0.34912109375 0.0211864406779661 0.009765625
0 0.3061440677966102 0.3701171875 0.0211864406779661 0.0078125
0 0.2680084745762712 0.3515625 0.02754237288135593 0.01953125
0 0.24258474576271186 0.34619140625 0.025423728813559324 0.02099609375
0 0.22351694915254236 0.33447265625 0.03072033898305085 0.015625
0 0.21927966101694915 0.34912109375 0.019067796610169493 0.01220703125
0 0.2129237288135593 0.36572265625 0.015889830508474576 0.0087890625
0 0.2510593220338983 0.36572265625 0.0211864406779661 0.01171875
0 0.274364406779661 0.3671875 0.012711864406779662 0.00634765625
0 0.24258474576271186 0.3779296875 0.015889830508474576 0.01123046875
0 0.2754237288135593 0.37451171875 0.01059322033898305 0.005859375
0 0.3114406779661017 0.3837890625 0.025423728813559324 0.01171875
0 0.3527542372881356 0.392578125 0.022245762711864406 0.01171875
0 0.3326271186440678 0.3974609375 0.012711864406779662 0.009765625
0 0.4141949152542373 0.3876953125 0.015889830508474576 0.00634765625
0 0.4385593220338983 0.3955078125 0.019067796610169493 0.00927734375
0 0.4661016949152542 0.37646484375 0.0413135593220339 0.02978515625
0 0.5709745762711864 0.40625 0.025423728813559324 0.01318359375
0 0.4449152542372881 0.412109375 0.07097457627118645 0.0166015625
0 0.3951271186440678 0.4208984375 0.0211864406779661 0.015625
0 0.361228813559322 0.4013671875 0.018008474576271187 0.0087890625
0 0.3495762711864407 0.412109375 0.019067796610169493 0.0087890625
0 0.3305084745762712 0.4111328125 0.01694915254237288 0.00830078125
0 0.5529661016949152 0.455078125 0.022245762711864406 0.01708984375
0 0.6461864406779662 0.4443359375 0.026483050847457626 0.017578125
0 0.6747881355932204 0.42236328125 0.0646186440677966 0.03466796875
0 0.7330508474576272 0.4501953125 0.038135593220338986 0.0205078125
0 0.8358050847457628 0.43896484375 0.038135593220338986 0.01904296875
0 0.9290254237288136 0.3876953125 0.038135593220338986 0.013671875
0 0.9332627118644068 0.4228515625 0.03919491525423729 0.0185546875
0 0.9184322033898306 0.46142578125 0.07627118644067797 0.033203125
0 0.9841101694915254 0.4892578125 0.03177966101694915 0.033203125
0 0.8326271186440678 0.48193359375 0.07309322033898305 0.0283203125
0 0.9173728813559322 0.5830078125 0.0635593220338983 0.0244140625
0 0.8463983050847458 0.54638671875 0.08050847457627118 0.03125
0 0.861228813559322 0.60107421875 0.11758474576271187 0.017578125
0 0.760593220338983 0.5478515625 0.038135593220338986 0.02392578125
0 0.6970338983050848 0.474609375 0.0646186440677966 0.017578125
0 0.6927966101694916 0.5107421875 0.0614406779661017 0.02783203125
0 0.6514830508474576 0.5439453125 0.059322033898305086 0.015625
0 0.6747881355932204 0.56103515625 0.020127118644067795 0.01416015625
0 0.7002118644067796 0.57470703125 0.028601694915254237 0.00927734375
0 0.5932203389830508 0.515625 0.05508474576271186 0.033203125
0 0.5709745762711864 0.53466796875 0.029661016949152543 0.015625
0 0.586864406779661 0.56787109375 0.01694915254237288 0.01025390625
0 0.6345338983050848 0.61181640625 0.07309322033898305 0.02587890625
0 0.5625 0.5966796875 0.0413135593220339 0.01708984375
0 0.7891949152542372 0.65283203125 0.1440677966101695 0.02392578125
0 0.7288135593220338 0.66845703125 0.026483050847457626 0.01171875
0 0.7309322033898306 0.68115234375 0.029661016949152543 0.01123046875
0 0.659957627118644 0.66943359375 0.029661016949152543 0.0107421875
0 0.6557203389830508 0.67724609375 0.022245762711864406 0.005859375
0 0.7055084745762712 0.72314453125 0.03919491525423729 0.0146484375
0 0.6292372881355932 0.71142578125 0.028601694915254237 0.0126953125
0 0.6038135593220338 0.7236328125 0.05190677966101695 0.013671875
0 0.6207627118644068 0.66748046875 0.025423728813559324 0.01171875
0 0.5911016949152542 0.64501953125 0.05508474576271186 0.02294921875
0 0.5254237288135594 0.6357421875 0.01694915254237288 0.005859375
0 0.573093220338983 0.6337890625 0.02754237288135593 0.00927734375
0 0.5127118644067796 0.615234375 0.0413135593220339 0.01611328125
0 0.527542372881356 0.6572265625 0.029661016949152543 0.01123046875
0 0.5550847457627118 0.67724609375 0.05402542372881356 0.0107421875
0 0.5572033898305084 0.7060546875 0.03389830508474576 0.017578125
0 0.4724576271186441 0.68115234375 0.03389830508474576 0.01611328125
0 0.4894067796610169 0.64111328125 0.019067796610169493 0.01171875
0 0.4735169491525424 0.65234375 0.03919491525423729 0.015625
0 0.4523305084745763 0.6044921875 0.03389830508474576 0.013671875
0 0.486228813559322 0.57421875 0.034957627118644065 0.01708984375
0 0.4576271186440678 0.552734375 0.019067796610169493 0.01123046875
0 0.4226694915254237 0.556640625 0.045550847457627115 0.044921875
0 0.538135593220339 0.50390625 0.023305084745762712 0.013671875
0 0.4947033898305085 0.51806640625 0.048728813559322036 0.021484375
0 0.451271186440678 0.521484375 0.02754237288135593 0.01513671875
0 0.4269067796610169 0.51953125 0.025423728813559324 0.0166015625
0 0.3908898305084746 0.51904296875 0.013771186440677966 0.01416015625
0 0.4343220338983051 0.47509765625 0.038135593220338986 0.01904296875
0 0.3675847457627119 0.4638671875 0.01694915254237288 0.01171875
0 0.2870762711864407 0.40966796875 0.04343220338983051 0.02197265625
0 0.2680084745762712 0.39453125 0.012711864406779662 0.0087890625
0 0.2510593220338983 0.384765625 0.012711864406779662 0.005859375
0 0.2341101694915254 0.3896484375 0.011652542372881356 0.0068359375
0 0.21610169491525424 0.39306640625 0.013771186440677966 0.00634765625
0 0.2065677966101695 0.37744140625 0.012711864406779662 0.00732421875
0 0.2266949152542373 0.373046875 0.01694915254237288 0.01025390625
0 0.19279661016949154 0.37890625 0.03389830508474576 0.02001953125
0 0.19597457627118645 0.35205078125 0.025423728813559324 0.0166015625
0 0.1716101694915254 0.3720703125 0.014830508474576272 0.01171875
0 0.1620762711864407 0.390625 0.009533898305084746 0.00634765625
0 0.15148305084745764 0.37060546875 0.014830508474576272 0.009765625
0 0.1461864406779661 0.3798828125 0.009533898305084746 0.005859375
0 0.15254237288135594 0.3857421875 0.01059322033898305 0.005859375
0 0.15466101694915255 0.3984375 0.00847457627118644 0.005859375
0 0.1663135593220339 0.4033203125 0.0211864406779661 0.01416015625
0 0.17372881355932204 0.41845703125 0.01694915254237288 0.009765625
0 0.17690677966101695 0.40380859375 0.00847457627118644 0.0087890625
0 0.2044491525423729 0.40234375 0.012711864406779662 0.00732421875
0 0.2108050847457627 0.4091796875 0.023305084745762712 0.013671875
0 0.24152542372881355 0.41162109375 0.04766949152542373 0.025390625
0 0.24046610169491525 0.44580078125 0.018008474576271187 0.01025390625
0 0.2457627118644068 0.46435546875 0.013771186440677966 0.00927734375
0 0.1885593220338983 0.44921875 0.02754237288135593 0.01025390625
0 0.19597457627118645 0.46923828125 0.015889830508474576 0.01318359375
0 0.17584745762711865 0.47216796875 0.011652542372881356 0.0087890625
0 0.15889830508474576 0.4248046875 0.012711864406779662 0.0078125
0 0.1483050847457627 0.42236328125 0.0211864406779661 0.01416015625
0 0.1038135593220339 0.42138671875 0.012711864406779662 0.005859375
0 0.1239406779661017 0.4208984375 0.046610169491525424 0.02294921875
0 0.0836864406779661 0.4423828125 0.046610169491525424 0.02197265625
0 0.12076271186440678 0.39794921875 0.0211864406779661 0.01171875
0 0.13877118644067796 0.390625 0.00847457627118644 0.00537109375
0 0.13135593220338984 0.38330078125 0.009533898305084746 0.005859375
0 0.1430084745762712 0.39990234375 0.025423728813559324 0.0126953125
0 0.1048728813559322 0.40869140625 0.03389830508474576 0.01171875
0 0.06991525423728813 0.4150390625 0.013771186440677966 0.00830078125
0 0.05826271186440678 0.41162109375 0.012711864406779662 0.0048828125
0 0.09851694915254237 0.45166015625 0.00847457627118644 0.005859375
0 0.1239406779661017 0.44970703125 0.015889830508474576 0.00732421875
0 0.13135593220338984 0.45654296875 0.009533898305084746 0.00830078125
0 0.10699152542372882 0.45458984375 0.012711864406779662 0.0078125
0 0.09639830508474577 0.46826171875 0.01694915254237288 0.01416015625
0 0.019067796610169493 0.45849609375 0.01694915254237288 0.005859375
0 0.005296610169491525 0.447265625 0.01059322033898305 0.005859375
0 0.005826271186440678 0.465576171875 0.011652542372881356 0.01416015625
0 0.03919491525423729 0.48486328125 0.015889830508474576 0.0068359375
0 0.012711864406779662 0.4990234375 0.01694915254237288 0.0087890625
0 0.09533898305084745 0.49951171875 0.015889830508474576 0.0087890625
0 0.1504237288135593 0.49072265625 0.013771186440677966 0.0068359375
0 0.19279661016949154 0.49755859375 0.0635593220338983 0.033203125
0 0.2097457627118644 0.513671875 0.014830508474576272 0.00732421875
0 0.2521186440677966 0.4970703125 0.025423728813559324 0.01953125
0 0.3008474576271186 0.4921875 0.036016949152542374 0.0263671875
0 0.2754237288135593 0.49267578125 0.013771186440677966 0.00830078125
0 0.2521186440677966 0.51171875 0.018008474576271187 0.009765625
0 0.298728813559322 0.52490234375 0.019067796610169493 0.01220703125
0 0.3538135593220339 0.53271484375 0.029661016949152543 0.01806640625
0 0.3866525423728814 0.55908203125 0.029661016949152543 0.01953125
0 0.3845338983050847 0.53857421875 0.03072033898305085 0.017578125
0 0.3230932203389831 0.55810546875 0.02754237288135593 0.013671875
0 0.3220338983050847 0.5361328125 0.026483050847457626 0.01611328125
0 0.2934322033898305 0.53857421875 0.0211864406779661 0.013671875
0 0.2680084745762712 0.52685546875 0.015889830508474576 0.01220703125
0 0.2627118644067797 0.53955078125 0.01694915254237288 0.01318359375
0 0.288135593220339 0.55126953125 0.013771186440677966 0.0078125
0 0.3093220338983051 0.5517578125 0.015889830508474576 0.009765625
0 0.3156779661016949 0.56591796875 0.0211864406779661 0.00732421875
0 0.3400423728813559 0.59912109375 0.018008474576271187 0.01025390625
0 0.4014830508474576 0.5947265625 0.025423728813559324 0.0146484375
0 0.4364406779661017 0.6123046875 0.04449152542372881 0.021484375
0 0.3983050847457627 0.60986328125 0.022245762711864406 0.013671875
0 0.4364406779661017 0.630859375 0.02754237288135593 0.01513671875
0 0.3654661016949153 0.63623046875 0.0211864406779661 0.01416015625
0 0.3474576271186441 0.64404296875 0.029661016949152543 0.0234375
0 0.3082627118644068 0.6005859375 0.023305084745762712 0.0166015625
0 0.2775423728813559 0.5947265625 0.023305084745762712 0.021484375
0 0.2605932203389831 0.56494140625 0.0211864406779661 0.0078125
0 0.24152542372881355 0.55419921875 0.014830508474576272 0.00634765625
0 0.2033898305084746 0.54248046875 0.024364406779661018 0.01513671875
0 0.21927966101694915 0.56787109375 0.0211864406779661 0.01171875
0 0.22245762711864406 0.59716796875 0.03177966101694915 0.0078125
0 0.2563559322033898 0.61669921875 0.024364406779661018 0.01416015625
0 0.24258474576271186 0.625 0.012711864406779662 0.0068359375
0 0.2944915254237288 0.6376953125 0.012711864406779662 0.0068359375
0 0.3538135593220339 0.6943359375 0.057203389830508475 0.03466796875
0 0.399364406779661 0.71826171875 0.018008474576271187 0.009765625
0 0.3739406779661017 0.72412109375 0.018008474576271187 0.0087890625
0 0.2934322033898305 0.70751953125 0.022245762711864406 0.01171875
0 0.2870762711864407 0.666015625 0.012711864406779662 0.00537109375
0 0.19809322033898305 0.623046875 0.04449152542372881 0.02978515625
0 0.2277542372881356 0.6611328125 0.01694915254237288 0.013671875
0 0.1716101694915254 0.66796875 0.0413135593220339 0.02587890625
0 0.19491525423728814 0.68896484375 0.014830508474576272 0.01025390625
0 0.2086864406779661 0.7021484375 0.015889830508474576 0.009765625
0 0.1917372881355932 0.71923828125 0.0211864406779661 0.0166015625
0 0.1472457627118644 0.64697265625 0.01059322033898305 0.0068359375
0 0.11228813559322035 0.623046875 0.01059322033898305 0.00634765625
0 0.15677966101694915 0.60693359375 0.012711864406779662 0.00634765625
0 0.15572033898305085 0.58251953125 0.020127118644067795 0.00927734375
0 0.15254237288135594 0.55908203125 0.0211864406779661 0.00732421875
0 0.15572033898305085 0.546875 0.03389830508474576 0.01611328125
0 0.09957627118644068 0.56298828125 0.01059322033898305 0.005859375
0 0.09639830508474577 0.57177734375 0.013771186440677966 0.00732421875
0 0.09957627118644068 0.5859375 0.012711864406779662 0.00634765625
0 0.07415254237288135 0.55908203125 0.011652542372881356 0.005859375
0 0.03919491525423729 0.5419921875 0.0211864406779661 0.0078125
0 0.0211864406779661 0.6279296875 0.014830508474576272 0.005859375
0 0.00423728813559322 0.64892578125 0.00847457627118644 0.0068359375
0 0.005296610169491525 0.7041015625 0.01059322033898305 0.005859375
0 0.08050847457627118 0.52587890625 0.04343220338983051 0.02490234375
0 0.10911016949152542 0.53125 0.024364406779661018 0.009765625
0 0.1483050847457627 0.5166015625 0.029661016949152543 0.01171875
0 0.18008474576271186 0.521484375 0.022245762711864406 0.01220703125
0 0.18114406779661016 0.5498046875 0.015889830508474576 0.0078125
0 0.5148305084745762 0.46337890625 0.03283898305084746 0.01416015625
0 0.4978813559322034 0.2705078125 0.0211864406779661 0.001953125