0 0.375 0.49169921875 0.03515625 0.025390625
0 0.5345052083333334 0.060546875 0.037760416666666664 0.03076171875
0 0.638671875 0.111328125 0.029296875 0.02294921875
0 0.736328125 0.15283203125 0.033203125 0.0263671875
0 0.681640625 0.19189453125 0.0546875 0.0380859375
0 0.7272135416666666 0.236328125 0.0625 0.06103515625
0 0.7734375 0.275390625 0.049479166666666664 0.046875
0 0.6731770833333334 0.2734375 0.041666666666666664 0.02978515625
0 0.669921875 0.34814453125 0.09114583333333333 0.06005859375
0 0.7591145833333334 0.3564453125 0.055338541666666664 0.03955078125
0 0.755859375 0.42626953125 0.033203125 0.0224609375
0 0.658203125 0.4267578125 0.08333333333333333 0.064453125
0 0.7708333333333334 0.494140625 0.10677083333333333 0.0830078125
0 0.7643229166666666 0.56787109375 0.033854166666666664 0.021484375
0 0.81640625 0.59375 0.06510416666666667 0.05029296875
0 0.7194010416666666 0.59912109375 0.035807291666666664 0.02392578125
0 0.7701822916666666 0.64111328125 0.047526041666666664 0.03515625
0 0.7610677083333334 0.701171875 0.048828125 0.0380859375
0 0.802734375 0.7314453125 0.034505208333333336 0.02490234375
0 0.802734375 0.755859375 0.050130208333333336 0.02099609375
0 0.7578125 0.76708984375 0.026692708333333332 0.0126953125
0 0.796875 0.79736328125 0.016927083333333332 0.009765625
0 0.7063802083333334 0.7861328125 0.021484375 0.01806640625
0 0.779296875 0.85107421875 0.024088541666666668 0.02001953125
0 0.6705729166666666 0.82763671875 0.016927083333333332 0.0166015625
0 0.6321614583333334 0.87060546875 0.018880208333333332 0.01171875
0 0.5514322916666666 0.8837890625 0.026041666666666668 0.02001953125
0 0.45703125 0.89013671875 0.029947916666666668 0.0234375
0 0.365234375 0.81201171875 0.046223958333333336 0.0419921875
0 0.302734375 0.865234375 0.027994791666666668 0.02783203125
0 0.3274739583333333 0.73046875 0.021484375 0.056640625
0 0.3645833333333333 0.7275390625 0.033203125 0.03125
0 0.361328125 0.76318359375 0.01171875 0.0087890625
0 0.17317708333333334 0.48974609375 0.032552083333333336 0.017578125
0 0.21940104166666666 0.52392578125 0.10677083333333333 0.0673828125
0 0.271484375 0.564453125 0.031901041666666664 0.02099609375
0 0.17122395833333334 0.341796875 0.050130208333333336 0.044921875
0 0.21875 0.38427734375 0.13020833333333334 0.09912109375
0 0.2779947916666667 0.41748046875 0.03125 0.0224609375
0 0.2643229166666667 0.2646484375 0.060546875 0.04345703125
0 0.3216145833333333 0.30078125 0.052083333333333336 0.04052734375
0 0.31640625 0.21728515625 0.044270833333333336 0.03564453125
0 0.2623697916666667 0.18017578125 0.033854166666666664 0.0224609375
0 0.380859375 0.18994140625 0.07096354166666667 0.064453125
0 0.4166666666666667 0.24267578125 0.029296875 0.0205078125
0 0.5026041666666666 0.212890625 0.16145833333333334 0.08837890625
0 0.6243489583333334 0.23388671875 0.050130208333333336 0.052734375
0 0.576171875 0.26953125 0.044270833333333336 0.02978515625
0 0.517578125 0.30517578125 0.037760416666666664 0.0390625
0 0.5677083333333334 0.3447265625 0.08072916666666667 0.05078125
0 0.419921875 0.302734375 0.049479166666666664 0.052734375
0 0.474609375 0.3447265625 0.059244791666666664 0.0517578125
0 0.5169270833333334 0.38330078125 0.034505208333333336 0.02685546875
0 0.3333333333333333 0.37744140625 0.037109375 0.0546875
0 0.4140625 0.3876953125 0.06510416666666667 0.04345703125
0 0.46875 0.419921875 0.045572916666666664 0.02734375
0 0.5201822916666666 0.45703125 0.08203125 0.0498046875
0 0.484375 0.494140625 0.016276041666666668 0.015625
0 0.5234375 0.494140625 0.027994791666666668 0.01904296875
0 0.5813802083333334 0.4970703125 0.037760416666666664 0.02734375
0 0.6751302083333334 0.49755859375 0.024088541666666668 0.01904296875
0 0.685546875 0.54052734375 0.054036458333333336 0.0234375
0 0.6184895833333334 0.53662109375 0.054036458333333336 0.052734375
0 0.533203125 0.53125 0.02734375 0.02392578125
0 0.580078125 0.56689453125 0.029296875 0.0224609375
0 0.6184895833333334 0.59326171875 0.08984375 0.0595703125
0 0.5540364583333334 0.6455078125 0.033203125 0.0283203125
0 0.6302083333333334 0.66455078125 0.044270833333333336 0.03125
0 0.5924479166666666 0.6904296875 0.046223958333333336 0.037109375
0 0.673828125 0.701171875 0.041015625 0.02880859375
0 0.6907552083333334 0.728515625 0.018229166666666668 0.017578125
0 0.58984375 0.7587890625 0.029296875 0.03564453125
0 0.5032552083333334 0.7626953125 0.029296875 0.0283203125
0 0.548828125 0.71826171875 0.034505208333333336 0.0302734375
0 0.5071614583333334 0.6826171875 0.028645833333333332 0.02294921875
0 0.4615885416666667 0.6416015625 0.08919270833333333 0.0712890625
0 0.421875 0.60693359375 0.033203125 0.025390625
0 0.4544270833333333 0.591796875 0.014322916666666666 0.029296875
0 0.326171875 0.60791015625 0.0390625 0.05908203125
0 0.3248697916666667 0.52978515625 0.036458333333333336 0.04443359375
0 0.3743489583333333 0.56640625 0.030598958333333332 0.02099609375
0 0.4205729166666667 0.55615234375 0.051432291666666664 0.04345703125
0 0.3828125 0.43896484375 0.040364583333333336 0.0380859375
0 0.3255208333333333 0.45263671875 0.036458333333333336 0.0244140625
0 0.306640625 0.49072265625 0.02734375 0.0234375
0 0.037109375 0.01416015625 0.035807291666666664 0.02783203125
0 0.14388020833333334 0.01611328125 0.055989583333333336 0.0322265625
0 0.2513020833333333 0.009765625 0.07161458333333333 0.01953125
0 0.3802083333333333 0.013671875 0.052083333333333336 0.02685546875
0 0.4876302083333333 0.01708984375 0.08723958333333333 0.03369140625
0 0.5911458333333334 0.01953125 0.06315104166666667 0.0390625
0 0.6953125 0.02734375 0.056640625 0.04833984375
0 0.7447916666666666 0.07177734375 0.048177083333333336 0.0439453125
0 0.8470052083333334 0.0791015625 0.05078125 0.04638671875
0 0.8990885416666666 0.0419921875 0.038411458333333336 0.0283203125
0 0.9440104166666666 0.07958984375 0.038411458333333336 0.0341796875
0 0.830078125 0.162109375 0.0703125 0.03955078125
0 0.93359375 0.16650390625 0.051432291666666664 0.0419921875
0 0.828125 0.2431640625 0.03515625 0.02978515625
0 0.87109375 0.2822265625 0.037760416666666664 0.0283203125
0 0.908203125 0.31884765625 0.059244791666666664 0.05712890625
0 0.9453125 0.33837890625 0.008463541666666666 0.033203125
0 0.8125 0.318359375 0.059244791666666664 0.04345703125
0 0.861328125 0.35302734375 0.059244791666666664 0.03125
0 0.90625 0.41064453125 0.044270833333333336 0.0546875
0 0.8059895833333334 0.390625 0.039713541666666664 0.02392578125
0 0.84765625 0.43212890625 0.05859375 0.0361328125
0 0.9055989583333334 0.466796875 0.033854166666666664 0.025390625
0 0.8717447916666666 0.501953125 0.043619791666666664 0.029296875
0 0.9069010416666666 0.53515625 0.052734375 0.03564453125
0 0.9251302083333334 0.57080078125 0.005208333333333333 0.02587890625
0 0.892578125 0.6005859375 0.057942708333333336 0.04296875
0 0.888671875 0.7314453125 0.033203125 0.0576171875
0 0.8411458333333334 0.8251953125 0.020833333333333332 0.00830078125
0 0.88671875 0.85302734375 0.026041666666666668 0.013671875
0 0.8489583333333334 0.91455078125 0.016276041666666668 0.0166015625
0 0.8274739583333334 0.94970703125 0.027994791666666668 0.01806640625
0 0.7799479166666666 0.92333984375 0.03125 0.03125
0 0.7473958333333334 0.96044921875 0.0234375 0.015625
0 0.67578125 0.97705078125 0.01953125 0.015625
0 0.6380208333333334 0.9482421875 0.028645833333333332 0.02001953125
0 0.59765625 0.99169921875 0.016276041666666668 0.0166015625
0 0.5540364583333334 0.9599609375 0.040364583333333336 0.03564453125
0 0.5078125 0.9287109375 0.018880208333333332 0.01806640625
0 0.4602864583333333 0.98095703125 0.020182291666666668 0.0166015625
0 0.3567708333333333 0.99169921875 0.032552083333333336 0.0166015625
0 0.4095052083333333 0.94189453125 0.018229166666666668 0.01416015625
0 0.23763020833333334 0.98681640625 0.049479166666666664 0.0263671875
0 0.18359375 0.95263671875 0.034505208333333336 0.02392578125
0 0.12890625 0.994140625 0.022135416666666668 0.01171875
0 0.035807291666666664 0.97998046875 0.07096354166666667 0.03955078125
0 0.09244791666666667 0.857421875 0.042317708333333336 0.0185546875
0 0.146484375 0.81640625 0.050130208333333336 0.03857421875
0 0.047526041666666664 0.72998046875 0.055989583333333336 0.0322265625
0 0.1015625 0.6875 0.043619791666666664 0.0361328125
0 0.18294270833333334 0.74365234375 0.022135416666666668 0.0283203125
0 0.21028645833333334 0.6884765625 0.06575520833333333 0.04541015625
0 0.2565104166666667 0.72998046875 0.06966145833333333 0.0595703125
0 0.055989583333333336 0.64404296875 0.028645833333333332 0.01953125
0 0.21744791666666666 0.60888671875 0.0703125 0.05859375
0 0.07942708333333333 0.5478515625 0.011067708333333334 0.00830078125
0 0.119140625 0.5283203125 0.030598958333333332 0.01708984375
0 0.07421875 0.49365234375 0.06966145833333333 0.0478515625
0 0.031901041666666664 0.45703125 0.0234375 0.0205078125
0 0.12630208333333334 0.4619140625 0.025390625 0.033203125
0 0.08723958333333333 0.419921875 0.046223958333333336 0.033203125
0 0.031901041666666664 0.3798828125 0.06315104166666667 0.044921875
0 0.076171875 0.34521484375 0.043619791666666664 0.033203125
0 0.13151041666666666 0.38134765625 0.055989583333333336 0.02685546875
0 0.016276041666666668 0.30322265625 0.032552083333333336 0.02783203125
0 0.061848958333333336 0.26904296875 0.08854166666666667 0.083984375
0 0.11067708333333333 0.2216796875 0.047526041666666664 0.04150390625
0 0.169921875 0.2666015625 0.0859375 0.087890625
0 0.010416666666666666 0.14453125 0.020182291666666668 0.02880859375
0 0.057291666666666664 0.13525390625 0.020833333333333332 0.0234375
0 0.10416666666666667 0.1416015625 0.029947916666666668 0.025390625
0 0.095703125 0.0546875 0.048177083333333336 0.046875
0 0.376953125 0.09716796875 0.046223958333333336 0.03515625
0 0.4270833333333333 0.13916015625 0.031901041666666664 0.02685546875
0 0.4791666666666667 0.1025390625 0.08268229166666667 0.072265625