0 0.16927083333333334 0.222412109375 0.05078125 0.03125
0 0.5052083333333334 0.54736328125 0.10026041666666667 0.08447265625
0 0.3994140625 0.56689453125 0.08203125 0.05712890625
0 0.298828125 0.58154296875 0.06575520833333333 0.052734375
0 0.22526041666666666 0.576904296875 0.037760416666666664 0.01806640625
0 0.2555338541666667 0.626220703125 0.0859375 0.05615234375
0 0.4205729166666667 0.64404296875 0.08203125 0.03369140625
0 0.46484375 0.59375 0.03125 0.02685546875
0 0.5208333333333334 0.623046875 0.06315104166666667 0.03125
0 0.5657552083333334 0.60009765625 0.032552083333333336 0.0244140625
0 0.5804036458333334 0.650390625 0.036458333333333336 0.02880859375
0 0.6188151041666666 0.604736328125 0.036458333333333336 0.03125
0 0.7177734375 0.595458984375 0.07682291666666667 0.03076171875
0 0.81640625 0.57373046875 0.059895833333333336 0.04443359375
0 0.8453776041666666 0.525390625 0.06510416666666667 0.04833984375
0 0.8193359375 0.458740234375 0.13216145833333334 0.06640625
0 0.6526692708333334 0.563720703125 0.033203125 0.025390625
0 0.6793619791666666 0.516845703125 0.1484375 0.10205078125
0 0.7216796875 0.47509765625 0.061197916666666664 0.04052734375
0 0.6624348958333334 0.45361328125 0.039713541666666664 0.04248046875
0 0.537109375 0.50634765625 0.025390625 0.0234375
0 0.5608723958333334 0.46630859375 0.044921875 0.0224609375
0 0.6048177083333334 0.431884765625 0.044270833333333336 0.03515625
0 0.5472005208333334 0.403076171875 0.02734375 0.01904296875
0 0.5113932291666666 0.4404296875 0.06640625 0.052734375
0 0.4794921875 0.478271484375 0.024739583333333332 0.0224609375
0 0.4469401041666667 0.456787109375 0.01171875 0.00830078125
0 0.2216796875 0.47900390625 0.045572916666666664 0.03857421875
0 0.2819010416666667 0.505859375 0.05078125 0.03662109375
0 0.3268229166666667 0.46435546875 0.02734375 0.02001953125
0 0.3063151041666667 0.40234375 0.06966145833333333 0.0341796875
0 0.248046875 0.3720703125 0.05078125 0.04248046875
0 0.21256510416666666 0.414306640625 0.0625 0.048828125
0 0.07356770833333333 0.540283203125 0.026692708333333332 0.0302734375
0 0.130859375 0.56884765625 0.053385416666666664 0.0390625
0 0.09375 0.6943359375 0.038411458333333336 0.02392578125
0 0.16927083333333334 0.726806640625 0.061197916666666664 0.0400390625
0 0.23079427083333334 0.710693359375 0.012369791666666666 0.00927734375
0 0.2652994791666667 0.676513671875 0.076171875 0.0244140625
0 0.2766927083333333 0.7060546875 0.044270833333333336 0.02783203125
0 0.4029947916666667 0.74951171875 0.10481770833333333 0.07177734375
0 0.4651692708333333 0.732421875 0.041015625 0.015625
0 0.4397786458333333 0.713623046875 0.037109375 0.0283203125
0 0.4817708333333333 0.669921875 0.033203125 0.02685546875
0 0.5065104166666666 0.7001953125 0.06380208333333333 0.04345703125
0 0.5638020833333334 0.778076171875 0.037109375 0.02490234375
0 0.6018880208333334 0.733154296875 0.022135416666666668 0.01416015625
0 0.611328125 0.763671875 0.029947916666666668 0.02490234375
0 0.6494140625 0.6435546875 0.052734375 0.0361328125
0 0.6969401041666666 0.706298828125 0.04296875 0.03955078125
0 0.7265625 0.6572265625 0.06770833333333333 0.0556640625
0 0.8004557291666666 0.6962890625 0.07291666666666667 0.05419921875
0 0.841796875 0.64501953125 0.07747395833333333 0.0419921875
0 0.9192708333333334 0.632080078125 0.032552083333333336 0.0244140625
0 0.955078125 0.691162109375 0.08984375 0.13525390625
0 0.9674479166666666 0.595458984375 0.06510416666666667 0.06201171875
0 0.9225260416666666 0.552978515625 0.051432291666666664 0.03759765625
0 0.9557291666666666 0.50634765625 0.035807291666666664 0.02880859375
0 0.8590494791666666 0.409423828125 0.061197916666666664 0.0380859375
0 0.9580078125 0.388916015625 0.036458333333333336 0.0234375
0 0.9537760416666666 0.35595703125 0.033203125 0.01611328125
0 0.9270833333333334 0.320556640625 0.039713541666666664 0.029296875
0 0.8977864583333334 0.25439453125 0.054036458333333336 0.03564453125
0 0.7854817708333334 0.384765625 0.111328125 0.07373046875
0 0.7965494791666666 0.2763671875 0.041666666666666664 0.02734375
0 0.763671875 0.3203125 0.052083333333333336 0.046875
0 0.7317708333333334 0.361083984375 0.037760416666666664 0.02685546875
0 0.6946614583333334 0.41015625 0.047526041666666664 0.03369140625
0 0.6402994791666666 0.38427734375 0.06315104166666667 0.05322265625
0 0.7063802083333334 0.301513671875 0.06510416666666667 0.06396484375
0 0.6800130208333334 0.236572265625 0.039713541666666664 0.046875
0 0.615234375 0.322021484375 0.044270833333333336 0.0390625
0 0.5703125 0.3203125 0.026041666666666668 0.0224609375
0 0.5865885416666666 0.25537109375 0.064453125 0.03857421875
0 0.4879557291666667 0.2177734375 0.029947916666666668 0.0234375
0 0.4723307291666667 0.310302734375 0.036458333333333336 0.0263671875
0 0.4427083333333333 0.347412109375 0.07747395833333333 0.05126953125
0 0.4231770833333333 0.2861328125 0.046223958333333336 0.06201171875
0 0.3818359375 0.322998046875 0.055338541666666664 0.0361328125
0 0.3668619791666667 0.259033203125 0.032552083333333336 0.02294921875
0 0.3284505208333333 0.296875 0.033203125 0.025390625
0 0.19466145833333334 0.3466796875 0.044921875 0.037109375
0 0.271484375 0.273193359375 0.033203125 0.02294921875
0 0.9765625 0.790283203125 0.046875 0.04833984375
0 0.9524739583333334 0.828369140625 0.043619791666666664 0.01953125
0 0.9300130208333334 0.759033203125 0.047526041666666664 0.0400390625
0 0.8404947916666666 0.829833984375 0.07942708333333333 0.0400390625
0 0.8662109375 0.7216796875 0.057942708333333336 0.03369140625
0 0.8245442708333334 0.768310546875 0.08138020833333333 0.07080078125
0 0.7353515625 0.8388671875 0.09309895833333333 0.04150390625
0 0.7610677083333334 0.736572265625 0.041666666666666664 0.03076171875
0 0.6624348958333334 0.754150390625 0.08333333333333333 0.0732421875
0 0.623046875 0.810302734375 0.044270833333333336 0.0361328125
0 0.5764973958333334 0.84765625 0.078125 0.05224609375
0 0.5266927083333334 0.82373046875 0.03515625 0.0263671875
0 0.4983723958333333 0.850341796875 0.09309895833333333 0.06201171875
0 0.4033203125 0.87548828125 0.044270833333333336 0.02587890625
0 0.36328125 0.859375 0.055338541666666664 0.04248046875
0 0.4147135416666667 0.81982421875 0.042317708333333336 0.0302734375
0 0.357421875 0.79443359375 0.033203125 0.025390625
0 0.318359375 0.83251953125 0.04296875 0.0302734375
0 0.2721354166666667 0.874755859375 0.05078125 0.0263671875
0 0.2532552083333333 0.81201171875 0.040364583333333336 0.02587890625
0 0.10188802083333333 0.877685546875 0.03125 0.02294921875
0 0.08203125 0.81103515625 0.032552083333333336 0.02197265625
0 0.007486979166666667 0.436767578125 0.014973958333333334 0.01416015625
0 0.0035807291666666665 0.36669921875 0.007161458333333333 0.0234375
0 0.039388020833333336 0.330322265625 0.024739583333333332 0.021484375
0 0.13639322916666666 0.319091796875 0.050130208333333336 0.0390625
0 0.17545572916666666 0.280517578125 0.047526041666666664 0.033203125
0 0.220703125 0.244873046875 0.042317708333333336 0.03564453125