0 0.2796875 0.45145089285714285 0.041666666666666664 0.021763392857142856
0 0.22291666666666668 0.427734375 0.042708333333333334 0.022879464285714284
0 0.25416666666666665 0.39146205357142855 0.027083333333333334 0.016183035714285716
0 0.16197916666666667 0.45089285714285715 0.016666666666666666 0.011160714285714286
0 0.146875 0.46847098214285715 0.029166666666666667 0.015625
0 0.125 0.49609375 0.017708333333333333 0.010044642857142858
0 0.18541666666666667 0.49916294642857145 0.015625 0.008370535714285714
0 0.178125 0.5111607142857143 0.026041666666666668 0.01171875
0 0.203125 0.5119977678571429 0.022916666666666665 0.011160714285714286
0 0.221875 0.47433035714285715 0.05520833333333333 0.036830357142857144
0 0.33958333333333335 0.4771205357142857 0.04791666666666667 0.025111607142857144
0 0.27708333333333335 0.5145089285714286 0.020833333333333332 0.012834821428571428
0 0.2635416666666667 0.5284598214285714 0.025 0.008370535714285714
0 0.24375 0.55859375 0.022916666666666665 0.010044642857142858
0 0.16510416666666666 0.56640625 0.04895833333333333 0.030691964285714284
0 0.19166666666666668 0.5962611607142857 0.020833333333333332 0.011160714285714286
0 0.059375 0.5770089285714286 0.10833333333333334 0.046875
0 0.015625 0.5424107142857143 0.017708333333333333 0.008370535714285714
0 0.07864583333333333 0.5178571428571429 0.01875 0.006696428571428571
0 0.03229166666666667 0.49107142857142855 0.06458333333333334 0.0546875
0 0.0140625 0.4447544642857143 0.028125 0.017857142857142856
0 0.14583333333333334 0.39871651785714285 0.07708333333333334 0.04966517857142857
0 0.03802083333333333 0.37667410714285715 0.026041666666666668 0.016741071428571428
0 0.08177083333333333 0.3705357142857143 0.021875 0.014508928571428572
0 0.16822916666666668 0.35825892857142855 0.042708333333333334 0.024553571428571428
0 0.06927083333333334 0.34207589285714285 0.017708333333333333 0.015625
0 0.009895833333333333 0.3404017857142857 0.019791666666666666 0.016183035714285716
0 0.05572916666666667 0.3130580357142857 0.026041666666666668 0.015066964285714286
0 0.09635416666666667 0.30440848214285715 0.027083333333333334 0.015066964285714286
0 0.2546875 0.35239955357142855 0.11458333333333333 0.03794642857142857
0 0.22916666666666666 0.2779017857142857 0.052083333333333336 0.015625
0 0.3375 0.29296875 0.042708333333333334 0.018973214285714284
0 0.32083333333333336 0.3657924107142857 0.021875 0.010602678571428572
0 0.35625 0.26869419642857145 0.034375 0.018973214285714284
0 0.3848958333333333 0.3345424107142857 0.03333333333333333 0.016183035714285716
0 0.41302083333333334 0.3989955357142857 0.034375 0.015066964285714286
0 0.4786458333333333 0.38197544642857145 0.03125 0.010602678571428572
0 0.51875 0.3334263392857143 0.057291666666666664 0.041294642857142856
0 0.5411458333333333 0.38364955357142855 0.016666666666666666 0.012276785714285714
0 0.534375 0.41685267857142855 0.026041666666666668 0.01171875
0 0.46979166666666666 0.4458705357142857 0.021875 0.010044642857142858
0 0.4296875 0.4609375 0.03229166666666667 0.015066964285714286
0 0.33541666666666664 0.3989955357142857 0.04895833333333333 0.03571428571428571
0 0.28020833333333334 0.4029017857142857 0.042708333333333334 0.021763392857142856
0 0.32864583333333336 0.5510602678571429 0.019791666666666666 0.013392857142857142
0 0.309375 0.5792410714285714 0.042708333333333334 0.021205357142857144
0 0.3536458333333333 0.5184151785714286 0.025 0.013392857142857142
0 0.40208333333333335 0.5 0.023958333333333335 0.01171875
0 0.42135416666666664 0.48270089285714285 0.017708333333333333 0.011160714285714286
0 0.4276041666666667 0.5237165178571429 0.017708333333333333 0.012276785714285714
0 0.46145833333333336 0.5064174107142857 0.029166666666666667 0.012834821428571428
0 0.4921875 0.49330357142857145 0.019791666666666666 0.010602678571428572
0 0.41822916666666665 0.5633370535714286 0.06770833333333333 0.0390625
0 0.48489583333333336 0.5538504464285714 0.046875 0.03571428571428571
0 0.5041666666666667 0.5973772321428571 0.022916666666666665 0.01171875
0 0.5359375 0.5837053571428571 0.015625 0.008928571428571428
0 0.5401041666666667 0.5538504464285714 0.017708333333333333 0.011160714285714286
0 0.5703125 0.5398995535714286 0.029166666666666667 0.012834821428571428
0 0.5958333333333333 0.5552455357142857 0.019791666666666666 0.0078125
0 0.5890625 0.583984375 0.026041666666666668 0.01171875
0 0.5177083333333333 0.6219308035714286 0.013541666666666667 0.0078125
0 0.5276041666666667 0.6392299107142857 0.013541666666666667 0.008370535714285714
0 0.634375 0.6096540178571429 0.059375 0.028459821428571428
0 0.6567708333333333 0.5571986607142857 0.03333333333333333 0.013950892857142858
0 0.6338541666666667 0.5114397321428571 0.017708333333333333 0.008370535714285714
0 0.6401041666666667 0.482421875 0.023958333333333335 0.009486607142857142
0 0.5552083333333333 0.46400669642857145 0.023958333333333335 0.009486607142857142
0 0.61875 0.43638392857142855 0.03958333333333333 0.017299107142857144
0 0.7 0.42410714285714285 0.065625 0.033482142857142856
0 0.6578125 0.38755580357142855 0.07395833333333333 0.04017857142857143
0 0.7229166666666667 0.3579799107142857 0.023958333333333335 0.01171875
0 0.7802083333333333 0.38783482142857145 0.065625 0.05915178571428571
0 0.7078125 0.30691964285714285 0.059375 0.030133928571428572
0 0.7416666666666667 0.2896205357142857 0.023958333333333335 0.010602678571428572
0 0.6119791666666666 0.26255580357142855 0.016666666666666666 0.01171875
0 0.5848958333333333 0.25167410714285715 0.025 0.012276785714285714
0 0.6572916666666667 0.23158482142857142 0.028125 0.011160714285714286
0 0.809375 0.2578125 0.03125 0.026785714285714284
0 0.7989583333333333 0.2904575892857143 0.053125 0.01953125
0 0.8494791666666667 0.32645089285714285 0.07916666666666666 0.0390625
0 0.9265625 0.2631138392857143 0.04791666666666667 0.028459821428571428
0 0.91875 0.2943638392857143 0.034375 0.015625
0 0.9390625 0.31417410714285715 0.042708333333333334 0.022321428571428572
0 0.9864583333333333 0.31947544642857145 0.027083333333333334 0.029017857142857144
0 0.9322916666666666 0.34849330357142855 0.034375 0.03404017857142857
0 0.9010416666666666 0.361328125 0.034375 0.014508928571428572
0 0.9708333333333333 0.38169642857142855 0.058333333333333334 0.03236607142857143
0 0.884375 0.4243861607142857 0.036458333333333336 0.013950892857142858
0 0.9916666666666667 0.43136160714285715 0.015625 0.008928571428571428
0 0.9151041666666667 0.47739955357142855 0.03958333333333333 0.017857142857142856
0 0.9510416666666667 0.49609375 0.028125 0.012276785714285714
0 0.9890625 0.49972098214285715 0.011458333333333333 0.007254464285714286
0 0.8151041666666666 0.4556361607142857 0.027083333333333334 0.015066964285714286
0 0.7859375 0.47293526785714285 0.036458333333333336 0.026785714285714284
0 0.8119791666666667 0.4849330357142857 0.03229166666666667 0.012834821428571428
0 0.6958333333333333 0.513671875 0.07708333333333334 0.03962053571428571
0 0.7390625 0.5440848214285714 0.051041666666666666 0.022879464285714284
0 0.7942708333333334 0.5457589285714286 0.015625 0.008370535714285714
0 0.875 0.5122767857142857 0.023958333333333335 0.009486607142857142
0 0.9302083333333333 0.5164620535714286 0.03125 0.01171875
0 0.9828125 0.5184151785714286 0.034375 0.016183035714285716
0 0.9838541666666667 0.5281808035714286 0.03229166666666667 0.009486607142857142
0 0.9776041666666667 0.5633370535714286 0.014583333333333334 0.008370535714285714
0 0.921875 0.5856584821428571 0.13125 0.06863839285714286
0 0.9614583333333333 0.6188616071428571 0.015625 0.008370535714285714
0 0.93125 0.6319754464285714 0.014583333333333334 0.008370535714285714
0 0.9161458333333333 0.6548549107142857 0.01875 0.010602678571428572
0 0.9401041666666666 0.6635044642857143 0.022916666666666665 0.012276785714285714
0 0.9114583333333334 0.6749441964285714 0.03333333333333333 0.021205357142857144
0 0.8765625 0.6838727678571429 0.015625 0.007254464285714286
0 0.8541666666666666 0.6785714285714286 0.01875 0.010044642857142858
0 0.8125 0.6794084821428571 0.017708333333333333 0.008928571428571428
0 0.7885416666666667 0.6710379464285714 0.01875 0.008370535714285714
0 0.8270833333333333 0.6297433035714286 0.015625 0.012276785714285714
0 0.834375 0.6029575892857143 0.020833333333333332 0.008928571428571428
0 0.7578125 0.6171875 0.07708333333333334 0.03236607142857143
0 0.7442708333333333 0.6434151785714286 0.015625 0.0078125
0 0.8005208333333333 0.70703125 0.05625 0.022879464285714284
0 0.84375 0.7112165178571429 0.026041666666666668 0.026227678571428572
0 0.8645833333333334 0.7109375 0.015625 0.006696428571428571
0 0.8947916666666667 0.724609375 0.016666666666666666 0.007254464285714286
0 0.9489583333333333 0.6916852678571429 0.041666666666666664 0.01953125
0 0.9703125 0.7472098214285714 0.014583333333333334 0.0078125
0 0.8161458333333333 0.7553013392857143 0.01875 0.007254464285714286
0 0.8369791666666667 0.7622767857142857 0.016666666666666666 0.0078125
0 0.9885416666666667 0.7664620535714286 0.022916666666666665 0.015066964285714286
0 0.7786458333333334 0.7399553571428571 0.016666666666666666 0.006696428571428571
0 0.7927083333333333 0.7237723214285714 0.020833333333333332 0.009486607142857142
0 0.8119791666666667 0.7329799107142857 0.01875 0.0078125
0 0.734375 0.6969866071428571 0.027083333333333334 0.010044642857142858
0 0.653125 0.7237723214285714 0.026041666666666668 0.01171875
0 0.6838541666666667 0.7474888392857143 0.027083333333333334 0.012276785714285714
0 0.7130208333333333 0.7678571428571429 0.021875 0.010044642857142858
0 0.5760416666666667 0.7346540178571429 0.023958333333333335 0.01171875
0 0.5416666666666666 0.7098214285714286 0.019791666666666666 0.009486607142857142
0 0.6057291666666667 0.6872209821428571 0.022916666666666665 0.008928571428571428
0 0.5760416666666667 0.6676897321428571 0.021875 0.01171875
0 0.6307291666666667 0.6676897321428571 0.053125 0.020647321428571428
0 0.6822916666666666 0.6688058035714286 0.021875 0.009486607142857142
0 0.5255208333333333 0.6721540178571429 0.028125 0.011160714285714286
0 0.48802083333333335 0.6598772321428571 0.019791666666666666 0.01171875
0 0.5161458333333333 0.69140625 0.017708333333333333 0.010044642857142858
0 0.49947916666666664 0.7156808035714286 0.025 0.012276785714285714
0 0.5291666666666667 0.7329799107142857 0.04479166666666667 0.026785714285714284
0 0.478125 0.7218191964285714 0.01875 0.010044642857142858
0 0.45 0.7064732142857143 0.090625 0.03627232142857143
0 0.45989583333333334 0.7611607142857143 0.015625 0.008370535714285714
0 0.5291666666666667 0.7698102678571429 0.025 0.010602678571428572
0 0.4421875 0.7779017857142857 0.020833333333333332 0.011160714285714286
0 0.3484375 0.7223772321428571 0.03958333333333333 0.025111607142857144
0 0.31875 0.6690848214285714 0.020833333333333332 0.009486607142857142
0 0.40989583333333335 0.6515066964285714 0.017708333333333333 0.0078125
0 0.36041666666666666 0.6157924107142857 0.016666666666666666 0.0078125
0 0.3177083333333333 0.6174665178571429 0.0375 0.030133928571428572
0 0.26458333333333334 0.6350446428571429 0.026041666666666668 0.013392857142857142
0 0.22708333333333333 0.7134486607142857 0.042708333333333334 0.028459821428571428
0 0.16302083333333334 0.7410714285714286 0.04375 0.015066964285714286
0 0.121875 0.6791294642857143 0.019791666666666666 0.010044642857142858
0 0.07083333333333333 0.6788504464285714 0.065625 0.028459821428571428
0 0.0265625 0.6489955357142857 0.052083333333333336 0.03627232142857143
0 0.08177083333333333 0.6194196428571429 0.028125 0.012276785714285714
0 0.0046875 0.5998883928571429 0.009375 0.010044642857142858
0 0.06822916666666666 0.7840401785714286 0.020833333333333332 0.010044642857142858
0 0.00625 0.8178013392857143 0.0125 0.01171875
0 0.053125 0.8493303571428571 0.020833333333333332 0.009486607142857142
0 0.14479166666666668 0.8311941964285714 0.016666666666666666 0.010044642857142858
0 0.17552083333333332 0.814453125 0.022916666666666665 0.011160714285714286
0 0.22864583333333333 0.8138950892857143 0.01875 0.009486607142857142
0 0.221875 0.8445870535714286 0.020833333333333332 0.010044642857142858
0 0.28125 0.8130580357142857 0.019791666666666666 0.012834821428571428
0 0.31354166666666666 0.7684151785714286 0.01875 0.009486607142857142
0 0.4203125 0.8091517857142857 0.01875 0.01171875
0 0.9682291666666667 0.8155691964285714 0.011458333333333333 0.008370535714285714
0 0.6791666666666667 0.5719866071428571 0.021875 0.01171875
1 0.9244791666666666 0.4955357142857143 0.15104166666666666 0.09933035714285714
0 0.23177083333333334 0.3236607142857143 0.07083333333333333 0.02734375
1 0.32447916666666665 0.6752232142857143 0.06354166666666666 0.03125
0 0.5885416666666666 0.26171875 0.06875 0.045200892857142856