0 0.2921875 0.4375 0.04583333333333333 0.024553571428571428
0 0.24166666666666667 0.41015625 0.04791666666666667 0.025669642857142856
0 0.28072916666666664 0.37611607142857145 0.030208333333333334 0.017857142857142856
0 0.17552083333333332 0.4291294642857143 0.01875 0.012276785714285714
0 0.15677083333333333 0.44559151785714285 0.03229166666666667 0.017299107142857144
0 0.12864583333333332 0.47154017857142855 0.019791666666666666 0.011160714285714286
0 0.18802083333333333 0.478515625 0.017708333333333333 0.009486607142857142
0 0.178125 0.48995535714285715 0.028125 0.013392857142857142
0 0.20260416666666667 0.49246651785714285 0.025 0.012834821428571428
0 0.2296875 0.4564732142857143 0.06354166666666666 0.04017857142857143
0 0.3458333333333333 0.466796875 0.053125 0.027901785714285716
0 0.2755208333333333 0.49972098214285715 0.023958333333333335 0.013950892857142858
0 0.25885416666666666 0.5128348214285714 0.027083333333333334 0.010044642857142858
0 0.23229166666666667 0.5412946428571429 0.025 0.01171875
0 0.15260416666666668 0.5440848214285714 0.05520833333333333 0.033482142857142856
0 0.171875 0.5753348214285714 0.022916666666666665 0.012276785714285714
0 0.052083333333333336 0.5474330357142857 0.10416666666666667 0.05357142857142857
0 0.009375 0.5103236607142857 0.01875 0.009486607142857142
0 0.07760416666666667 0.490234375 0.019791666666666666 0.0078125
0 0.03802083333333333 0.46065848214285715 0.07604166666666666 0.05859375
0 0.030208333333333334 0.4135044642857143 0.03229166666666667 0.01953125
0 0.17135416666666667 0.3763950892857143 0.0875 0.05412946428571429
0 0.06927083333333334 0.34737723214285715 0.029166666666666667 0.018415178571428572
0 0.11458333333333333 0.3443080357142857 0.025 0.015625
0 0.203125 0.33761160714285715 0.04791666666666667 0.02734375
0 0.10833333333333334 0.3150111607142857 0.020833333333333332 0.016741071428571428
0 0.05 0.30970982142857145 0.022916666666666665 0.017299107142857144
0 0.1015625 0.28543526785714285 0.029166666666666667 0.016741071428571428
0 0.14375 0.27957589285714285 0.030208333333333334 0.016741071428571428
0 0.29010416666666666 0.33761160714285715 0.121875 0.045200892857142856
0 0.28177083333333336 0.26199776785714285 0.05520833333333333 0.018973214285714284
0 0.3859375 0.28404017857142855 0.046875 0.021763392857142856
0 0.35260416666666666 0.35518973214285715 0.023958333333333335 0.01171875
0 0.40989583333333335 0.2611607142857143 0.03854166666666667 0.021205357142857144
0 0.4234375 0.328125 0.036458333333333336 0.018415178571428572
0 0.43645833333333334 0.3939732142857143 0.0375 0.017299107142857144
0 0.5057291666666667 0.3814174107142857 0.03333333333333333 0.012834821428571428
0 0.55625 0.3359375 0.06666666666666667 0.044642857142857144
0 0.5671875 0.3872767857142857 0.019791666666666666 0.013392857142857142
0 0.553125 0.41964285714285715 0.028125 0.013392857142857142
0 0.4822916666666667 0.44419642857142855 0.023958333333333335 0.011160714285714286
0 0.4390625 0.45675223214285715 0.035416666666666666 0.017299107142857144
0 0.359375 0.38895089285714285 0.05625 0.03850446428571429
0 0.30416666666666664 0.3892299107142857 0.046875 0.024553571428571428
0 0.3182291666666667 0.5396205357142857 0.022916666666666665 0.014508928571428572
0 0.29270833333333335 0.5661272321428571 0.046875 0.023995535714285716
0 0.35052083333333334 0.5086495535714286 0.028125 0.015066964285714286
0 0.40260416666666665 0.4935825892857143 0.026041666666666668 0.013392857142857142
0 0.42604166666666665 0.47767857142857145 0.019791666666666666 0.012276785714285714
0 0.42291666666666666 0.5186941964285714 0.020833333333333332 0.013392857142857142
0 0.46041666666666664 0.50390625 0.03229166666666667 0.014508928571428572
0 0.49375 0.4927455357142857 0.021875 0.01171875
0 0.4046875 0.5574776785714286 0.07604166666666666 0.04296875
0 0.47291666666666665 0.5524553571428571 0.05416666666666667 0.03850446428571429
0 0.4817708333333333 0.5968191964285714 0.025 0.013392857142857142
0 0.5166666666666667 0.5853794642857143 0.017708333333333333 0.010044642857142858
0 0.5276041666666667 0.5560825892857143 0.019791666666666666 0.012276785714285714
0 0.5609375 0.5440848214285714 0.03229166666666667 0.014508928571428572
0 0.5822916666666667 0.5611049107142857 0.021875 0.008928571428571428
0 0.5692708333333333 0.5892857142857143 0.028125 0.013392857142857142
0 0.4895833333333333 0.6222098214285714 0.015625 0.008370535714285714
0 0.49583333333333335 0.6400669642857143 0.015625 0.008928571428571428
0 0.6083333333333333 0.6177455357142857 0.065625 0.03236607142857143
0 0.6427083333333333 0.5669642857142857 0.036458333333333336 0.016183035714285716
0 0.6302083333333334 0.5200892857142857 0.019791666666666666 0.009486607142857142
0 0.6432291666666666 0.4916294642857143 0.026041666666666668 0.011160714285714286
0 0.5630208333333333 0.46791294642857145 0.026041666666666668 0.011160714285714286
0 0.6322916666666667 0.44447544642857145 0.042708333333333334 0.01953125
0 0.715625 0.43777901785714285 0.07291666666666667 0.037388392857142856
0 0.6822916666666666 0.39871651785714285 0.08229166666666667 0.044642857142857144
0 0.7536458333333333 0.3736049107142857 0.026041666666666668 0.013392857142857142
0 0.8036458333333333 0.40708705357142855 0.078125 0.06305803571428571
0 0.75 0.32198660714285715 0.065625 0.03404017857142857
0 0.7875 0.30691964285714285 0.026041666666666668 0.012276785714285714
0 0.6651041666666667 0.27176339285714285 0.01875 0.012834821428571428
0 0.640625 0.25892857142857145 0.028125 0.013950892857142858
0 0.7171875 0.24386160714285715 0.030208333333333334 0.012834821428571428
0 0.8619791666666666 0.2798549107142857 0.0375 0.028459821428571428
0 0.8442708333333333 0.31166294642857145 0.057291666666666664 0.022879464285714284
0 0.8864583333333333 0.35044642857142855 0.0875 0.04408482142857143
0 0.975 0.2924107142857143 0.05 0.03125
0 0.9625 0.32310267857142855 0.0375 0.017857142857142856
0 0.9770833333333333 0.34402901785714285 0.04583333333333333 0.025111607142857144
0 0.9635416666666666 0.37779017857142855 0.041666666666666664 0.03627232142857143
0 0.9296875 0.388671875 0.0375 0.016741071428571428
0 0.9807291666666667 0.41294642857142855 0.03854166666666667 0.03571428571428571
0 0.8989583333333333 0.45005580357142855 0.03958333333333333 0.016183035714285716
0 0.9973958333333334 0.46372767857142855 0.005208333333333333 0.010044642857142858
0 0.9171875 0.5047433035714286 0.04375 0.020089285714285716
0 0.9484375 0.5256696428571429 0.030208333333333334 0.013950892857142858
0 0.9854166666666667 0.5315290178571429 0.013541666666666667 0.0078125
0 0.8229166666666666 0.4765625 0.030208333333333334 0.016741071428571428
0 0.7901041666666667 0.49190848214285715 0.042708333333333334 0.029017857142857144
0 0.8130208333333333 0.5053013392857143 0.035416666666666666 0.015066964285714286
0 0.6911458333333333 0.5262276785714286 0.08541666666666667 0.04408482142857143
0 0.7270833333333333 0.5594308035714286 0.05625 0.026227678571428572
0 0.7817708333333333 0.5647321428571429 0.017708333333333333 0.009486607142857142
0 0.8692708333333333 0.5365513392857143 0.026041666666666668 0.011160714285714286
0 0.9234375 0.5443638392857143 0.03333333333333333 0.013392857142857142
0 0.975 0.5496651785714286 0.0375 0.018415178571428572
0 0.9739583333333334 0.5594308035714286 0.034375 0.01171875
0 0.9598958333333333 0.5940290178571429 0.016666666666666666 0.009486607142857142
0 0.8994791666666667 0.6124441964285714 0.14583333333333334 0.07645089285714286
0 0.9307291666666667 0.6481584821428571 0.017708333333333333 0.009486607142857142
0 0.8979166666666667 0.6590401785714286 0.016666666666666666 0.009486607142857142
0 0.8776041666666666 0.6808035714285714 0.020833333333333332 0.01171875
0 0.8994791666666667 0.6911272321428571 0.026041666666666668 0.013950892857142858
0 0.86875 0.7006138392857143 0.0375 0.0234375
0 0.8317708333333333 0.70703125 0.016666666666666666 0.008370535714285714
0 0.8109375 0.7003348214285714 0.020833333333333332 0.011160714285714286
0 0.7692708333333333 0.6983816964285714 0.019791666666666666 0.010044642857142858
0 0.7473958333333334 0.6886160714285714 0.020833333333333332 0.009486607142857142
0 0.7953125 0.6501116071428571 0.01875 0.013392857142857142
0 0.8083333333333333 0.6238839285714286 0.022916666666666665 0.010044642857142858
0 0.7291666666666666 0.6330915178571429 0.084375 0.037388392857142856
0 0.7098958333333333 0.658203125 0.017708333333333333 0.008928571428571428
0 0.7510416666666667 0.7251674107142857 0.06145833333333333 0.026227678571428572
0 0.7932291666666667 0.7321428571428571 0.03229166666666667 0.027901785714285716
0 0.8140625 0.7332589285714286 0.016666666666666666 0.0078125
0 0.840625 0.7486049107142857 0.017708333333333333 0.008370535714285714
0 0.9020833333333333 0.7195870535714286 0.04583333333333333 0.022321428571428572
0 0.9104166666666667 0.7759486607142857 0.016666666666666666 0.008928571428571428
0 0.7557291666666667 0.7739955357142857 0.019791666666666666 0.008370535714285714
0 0.775 0.7823660714285714 0.01875 0.008928571428571428
0 0.9244791666666666 0.7963169642857143 0.026041666666666668 0.016183035714285716
0 0.721875 0.7564174107142857 0.017708333333333333 0.0078125
0 0.7395833333333334 0.7413504464285714 0.022916666666666665 0.010602678571428572
0 0.7567708333333333 0.7516741071428571 0.020833333333333332 0.008928571428571428
0 0.6880208333333333 0.7109375 0.029166666666666667 0.01171875
0 0.6010416666666667 0.7321428571428571 0.028125 0.013392857142857142
0 0.6260416666666667 0.7575334821428571 0.029166666666666667 0.013950892857142858
0 0.6505208333333333 0.7798549107142857 0.023958333333333335 0.011160714285714286
0 0.521875 0.7380022321428571 0.026041666666666668 0.013392857142857142
0 0.49375 0.7109375 0.021875 0.010602678571428572
0 0.5625 0.6928013392857143 0.025 0.010602678571428572
0 0.5375 0.6713169642857143 0.023958333333333335 0.012834821428571428
0 0.5916666666666667 0.6749441964285714 0.057291666666666664 0.023995535714285716
0 0.6427083333333333 0.6794084821428571 0.023958333333333335 0.010602678571428572
0 0.4859375 0.6724330357142857 0.030208333333333334 0.012834821428571428
0 0.4515625 0.6579241071428571 0.021875 0.012834821428571428
0 0.47239583333333335 0.6911272321428571 0.019791666666666666 0.011160714285714286
0 0.4505208333333333 0.7140066964285714 0.028125 0.013950892857142858
0 0.47604166666666664 0.7332589285714286 0.051041666666666666 0.029575892857142856
0 0.4276041666666667 0.71875 0.020833333333333332 0.011160714285714286
0 0.4036458333333333 0.7017299107142857 0.09791666666666667 0.04185267857142857
0 0.4010416666666667 0.7566964285714286 0.017708333333333333 0.009486607142857142
0 0.46770833333333334 0.7698102678571429 0.027083333333333334 0.012276785714285714
0 0.37916666666666665 0.7720424107142857 0.022916666666666665 0.012276785714285714
0 0.2989583333333333 0.7109375 0.04479166666666667 0.02734375
0 0.28177083333333336 0.6559709821428571 0.022916666666666665 0.010602678571428572
0 0.37604166666666666 0.64453125 0.019791666666666666 0.008928571428571428
0 0.33489583333333334 0.6057477678571429 0.01875 0.008928571428571428
0 0.2921875 0.6046316964285714 0.04375 0.03236607142857143
0 0.23541666666666666 0.6185825892857143 0.029166666666666667 0.015066964285714286
0 0.18072916666666666 0.6939174107142857 0.04895833333333333 0.03125
0 0.1109375 0.7173549107142857 0.046875 0.017857142857142856
0 0.08385416666666666 0.6531808035714286 0.021875 0.011160714285714286
0 0.034375 0.6495535714285714 0.06875 0.03236607142857143
0 0.013020833333333334 0.6169084821428571 0.026041666666666668 0.03962053571428571
0 0.0578125 0.5912388392857143 0.030208333333333334 0.013950892857142858
0 0.008854166666666666 0.7533482142857143 0.017708333333333333 0.011160714285714286
0 0.071875 0.8055245535714286 0.01875 0.011160714285714286
0 0.10625 0.791015625 0.025 0.012834821428571428
0 0.159375 0.7938058035714286 0.020833333333333332 0.010602678571428572
0 0.1453125 0.8239397321428571 0.022916666666666665 0.011160714285714286
0 0.21145833333333333 0.7963169642857143 0.022916666666666665 0.013950892857142858
0 0.25364583333333335 0.7541852678571429 0.020833333333333332 0.010602678571428572
0 0.35052083333333334 0.8016183035714286 0.020833333333333332 0.012834821428571428
0 0.8927083333333333 0.84375 0.013541666666666667 0.008928571428571428
0 0.6614583333333334 0.5831473214285714 0.023958333333333335 0.012834821428571428
1 0.9177083333333333 0.5228794642857143 0.16458333333333333 0.10825892857142858
0 0.27395833333333336 0.30747767857142855 0.07604166666666666 0.03180803571428571
1 0.2859375 0.6623883928571429 0.06979166666666667 0.03515625
0 0.6421875 0.26925223214285715 0.078125 0.049107142857142856