0 0.566650390625 0.5882161458333334 0.05224609375 0.06966145833333333
0 0.532470703125 0.6819661458333334 0.06787109375 0.09049479166666667
0 0.51953125 0.6142578125 0.0146484375 0.020182291666666668
0 0.49169921875 0.6315104166666666 0.02099609375 0.040364583333333336
0 0.486572265625 0.5823567708333334 0.04150390625 0.047526041666666664
0 0.4541015625 0.666015625 0.02001953125 0.028645833333333332
0 0.462646484375 0.5618489583333334 0.01806640625 0.024088541666666668
0 0.447998046875 0.5940755208333334 0.04931640625 0.072265625
0 0.39990234375 0.6168619791666666 0.025390625 0.035807291666666664
0 0.378662109375 0.6549479166666666 0.0234375 0.033203125
0 0.36181640625 0.6731770833333334 0.01416015625 0.016276041666666668
0 0.37890625 0.5924479166666666 0.02880859375 0.037760416666666664
0 0.322509765625 0.6949869791666666 0.0146484375 0.018229166666666668
0 0.291015625 0.6741536458333334 0.01171875 0.014973958333333334
0 0.35595703125 0.5657552083333334 0.0234375 0.029296875
0 0.33203125 0.6015625 0.0263671875 0.027994791666666668
0 0.322265625 0.5390625 0.021484375 0.024088541666666668
0 0.258544921875 0.6507161458333334 0.00927734375 0.014973958333333334
0 0.2451171875 0.59375 0.01611328125 0.021484375
0 0.2353515625 0.5270182291666666 0.0166015625 0.024088541666666668
0 0.27978515625 0.451171875 0.03125 0.035807291666666664
0 0.24169921875 0.4186197916666667 0.0205078125 0.021484375
0 0.229736328125 0.28515625 0.0146484375 0.028645833333333332
0 0.259033203125 0.3121744791666667 0.02880859375 0.037760416666666664
0 0.30517578125 0.23372395833333334 0.02490234375 0.038411458333333336
0 0.3369140625 0.2607421875 0.02685546875 0.033854166666666664
0 0.307861328125 0.322265625 0.01953125 0.017578125
0 0.323486328125 0.3681640625 0.0439453125 0.054036458333333336
0 0.345703125 0.3307291666666667 0.03466796875 0.048828125
0 0.36083984375 0.22330729166666666 0.0146484375 0.020182291666666668
0 0.39892578125 0.3212890625 0.04443359375 0.0546875
0 0.42578125 0.220703125 0.00634765625 0.0078125
0 0.442626953125 0.2431640625 0.013671875 0.022135416666666668
0 0.461669921875 0.20703125 0.0390625 0.054036458333333336
0 0.482421875 0.17220052083333334 0.01513671875 0.017578125
0 0.455322265625 0.3076171875 0.0537109375 0.080078125
0 0.4736328125 0.2708333333333333 0.013671875 0.0234375
0 0.48779296875 0.23502604166666666 0.02490234375 0.022135416666666668
0 0.5126953125 0.20149739583333334 0.02587890625 0.03515625
0 0.533203125 0.15559895833333334 0.03515625 0.052734375
0 0.56103515625 0.18098958333333334 0.025390625 0.033203125
0 0.542236328125 0.2236328125 0.0224609375 0.041015625
0 0.548583984375 0.2822265625 0.078125 0.099609375
0 0.57275390625 0.24348958333333334 0.0341796875 0.040364583333333336
0 0.609375 0.15755208333333334 0.0625 0.07096354166666667
0 0.645263671875 0.18098958333333334 0.0302734375 0.037760416666666664
0 0.6220703125 0.22721354166666666 0.06591796875 0.06901041666666667
0 0.68798828125 0.2721354166666667 0.01806640625 0.026041666666666668
0 0.6689453125 0.3147786458333333 0.02685546875 0.03515625
0 0.694580078125 0.3525390625 0.048828125 0.05859375
0 0.6630859375 0.3863932291666667 0.01611328125 0.022786458333333332
0 0.693115234375 0.4388020833333333 0.076171875 0.12434895833333333
0 0.633544921875 0.466796875 0.029296875 0.033203125
0 0.623046875 0.3997395833333333 0.03857421875 0.040364583333333336
0 0.614013671875 0.3343098958333333 0.02978515625 0.040364583333333336
0 0.6318359375 0.2897135416666667 0.033203125 0.045572916666666664
0 0.564208984375 0.35546875 0.0390625 0.03125
0 0.566162109375 0.4117838541666667 0.0341796875 0.05078125
0 0.601318359375 0.4449869791666667 0.03857421875 0.050130208333333336
0 0.61181640625 0.5094401041666666 0.04248046875 0.06380208333333333
0 0.580322265625 0.4811197916666667 0.02099609375 0.029296875
0 0.55078125 0.4557291666666667 0.0224609375 0.036458333333333336
0 0.531494140625 0.4983723958333333 0.04150390625 0.06510416666666667
0 0.528564453125 0.4007161458333333 0.029296875 0.034505208333333336
0 0.513427734375 0.3645833333333333 0.01904296875 0.027994791666666668
0 0.492431640625 0.4052734375 0.0205078125 0.028645833333333332
0 0.48583984375 0.3590494791666667 0.017578125 0.021484375
0 0.46142578125 0.3776041666666667 0.03271484375 0.030598958333333332
0 0.501953125 0.4811197916666667 0.01171875 0.013671875
0 0.506103515625 0.5084635416666666 0.01513671875 0.022135416666666668
0 0.51025390625 0.5485026041666666 0.021484375 0.029947916666666668
0 0.4814453125 0.521484375 0.01953125 0.0234375
0 0.453369140625 0.4482421875 0.0341796875 0.04296875
0 0.44140625 0.4173177083333333 0.0166015625 0.024739583333333332
0 0.4326171875 0.4781901041666667 0.02197265625 0.014973958333333334
0 0.41943359375 0.4567057291666667 0.01953125 0.026041666666666668
0 0.406005859375 0.5579427083333334 0.02197265625 0.027994791666666668
0 0.400146484375 0.4905598958333333 0.05615234375 0.07421875
0 0.376708984375 0.5302734375 0.0185546875 0.022786458333333332
0 0.33447265625 0.4378255208333333 0.02294921875 0.02734375
0 0.329345703125 0.4130859375 0.0380859375 0.022786458333333332
0 0.311767578125 0.4410807291666667 0.00634765625 0.009114583333333334
0 0.432861328125 0.3492838541666667 0.0166015625 0.024739583333333332
0 0.409423828125 0.3922526041666667 0.04248046875 0.033854166666666664
0 0.4736328125 0.99609375 0.0263671875 0.0078125
0 0.606689453125 0.97265625 0.02001953125 0.0234375
0 0.76123046875 0.03125 0.02734375 0.046875
0 0.773193359375 0.09537760416666667 0.021484375 0.027994791666666668
0 0.751953125 0.140625 0.03271484375 0.038411458333333336
0 0.78759765625 0.16341145833333334 0.03515625 0.04296875
0 0.802978515625 0.22981770833333334 0.0283203125 0.055338541666666664
0 0.81591796875 0.3167317708333333 0.033203125 0.041015625
0 0.827392578125 0.3893229166666667 0.03955078125 0.06575520833333333
0 0.83740234375 0.4602864583333333 0.03759765625 0.050130208333333336
0 0.841796875 0.5354817708333334 0.03662109375 0.048177083333333336
0 0.81884765625 0.5791015625 0.0322265625 0.039713541666666664
0 0.826416015625 0.6520182291666666 0.03369140625 0.04296875
0 0.83984375 0.7223307291666666 0.0263671875 0.033203125
0 0.859375 0.6826171875 0.02197265625 0.03125
0 0.778076171875 0.7320963541666666 0.0322265625 0.041015625
0 0.76806640625 0.6572265625 0.03125 0.057942708333333336
0 0.712158203125 0.6722005208333334 0.02392578125 0.029296875
0 0.691162109375 0.7115885416666666 0.0234375 0.032552083333333336
0 0.669921875 0.7464192708333334 0.0458984375 0.054036458333333336
0 0.6630859375 0.7802734375 0.0263671875 0.014973958333333334
0 0.639892578125 0.7177734375 0.02734375 0.048828125
0 0.605712890625 0.7639973958333334 0.04345703125 0.043619791666666664
0 0.60791015625 0.6861979166666666 0.0205078125 0.031901041666666664
0 0.583251953125 0.7236328125 0.0302734375 0.046875
0 0.566650390625 0.7750651041666666 0.02099609375 0.029296875
0 0.537353515625 0.7561848958333334 0.0244140625 0.033854166666666664
0 0.518310546875 0.7890625 0.02978515625 0.042317708333333336
0 0.4970703125 0.8154296875 0.029296875 0.015625
0 0.470947265625 0.7942708333333334 0.0361328125 0.049479166666666664
0 0.46826171875 0.7356770833333334 0.0419921875 0.0546875
0 0.480224609375 0.6923828125 0.0185546875 0.02734375
0 0.429931640625 0.712890625 0.02880859375 0.0390625
0 0.400634765625 0.8352864583333334 0.037109375 0.01171875
0 0.3544921875 0.8470052083333334 0.0185546875 0.01171875
0 0.26953125 0.8649088541666666 0.01513671875 0.009765625
0 0.387451171875 0.716796875 0.03076171875 0.039713541666666664
0 0.36962890625 0.7561848958333334 0.02099609375 0.029296875
0 0.3779296875 0.8209635416666666 0.0439453125 0.033203125
0 0.35205078125 0.7607421875 0.01953125 0.039713541666666664
0 0.340087890625 0.7301432291666666 0.01171875 0.020833333333333332
0 0.32177734375 0.7652994791666666 0.00830078125 0.013671875
0 0.305908203125 0.8046875 0.0078125 0.016276041666666668
0 0.28955078125 0.84375 0.01171875 0.020182291666666668
0 0.243408203125 0.8274739583333334 0.0126953125 0.014322916666666666
0 0.2177734375 0.8147786458333334 0.0146484375 0.0234375
0 0.232666015625 0.7731119791666666 0.0244140625 0.027994791666666668
0 0.20556640625 0.7516276041666666 0.0126953125 0.018880208333333332
0 0.281982421875 0.7626953125 0.01611328125 0.020833333333333332
0 0.207763671875 0.6673177083333334 0.015625 0.024739583333333332
0 0.191162109375 0.6995442708333334 0.01220703125 0.016276041666666668
0 0.177734375 0.642578125 0.01171875 0.013671875
0 0.19580078125 0.6064453125 0.0263671875 0.033203125
0 0.1630859375 0.5797526041666666 0.01220703125 0.015625
0 0.213623046875 0.5686848958333334 0.0126953125 0.015625
0 0.178466796875 0.5432942708333334 0.01220703125 0.016276041666666668
0 0.200439453125 0.5022786458333334 0.01025390625 0.014322916666666666
0 0.164306640625 0.4742838541666667 0.0185546875 0.024739583333333332
0 0.1337890625 0.4420572916666667 0.017578125 0.03125
0 0.157470703125 0.3987630208333333 0.02734375 0.035807291666666664
0 0.177978515625 0.3590494791666667 0.01806640625 0.025390625
0 0.128662109375 0.3717447916666667 0.01806640625 0.0234375
0 0.147705078125 0.3323567708333333 0.0107421875 0.014973958333333334
0 0.138427734375 0.2623697916666667 0.05859375 0.078125
0 0.166259765625 0.22200520833333334 0.0146484375 0.020182291666666668
0 0.131591796875 0.19596354166666666 0.02001953125 0.033854166666666664
0 0.10595703125 0.16438802083333334 0.01220703125 0.016276041666666668
0 0.12890625 0.12727864583333334 0.02685546875 0.033203125
0 0.1806640625 0.1201171875 0.02001953125 0.0234375
0 0.206298828125 0.0859375 0.01318359375 0.022786458333333332
0 0.18994140625 0.1875 0.01220703125 0.014322916666666666
0 0.25927734375 0.078125 0.0283203125 0.041015625
0 0.28076171875 0.049479166666666664 0.025390625 0.016276041666666668
0 0.291015625 0.107421875 0.025390625 0.038411458333333336
0 0.3330078125 0.038736979166666664 0.01806640625 0.018229166666666668
0 0.319580078125 0.13248697916666666 0.02880859375 0.044270833333333336
0 0.300537109375 0.17220052083333334 0.03564453125 0.046223958333333336
0 0.350341796875 0.16243489583333334 0.03759765625 0.03515625
0 0.364013671875 0.061197916666666664 0.0185546875 0.026041666666666668
0 0.386474609375 0.02734375 0.0185546875 0.020182291666666668
0 0.39306640625 0.08821614583333333 0.03173828125 0.037109375
0 0.42578125 0.1142578125 0.04345703125 0.052734375
0 0.416748046875 0.053385416666666664 0.02490234375 0.0625
0 0.443359375 0.0791015625 0.0224609375 0.026692708333333332
0 0.49755859375 0.0908203125 0.01513671875 0.022786458333333332
0 0.5078125 0.026692708333333332 0.03564453125 0.039713541666666664
0 0.521728515625 0.09375 0.02587890625 0.039713541666666664
0 0.559326171875 0.016276041666666668 0.02197265625 0.032552083333333336
0 0.5712890625 0.07486979166666667 0.0400390625 0.06380208333333333
0 0.58251953125 0.13346354166666666 0.021484375 0.026041666666666668
0 0.600341796875 0.09375 0.029296875 0.046875
0 0.6201171875 0.05078125 0.021484375 0.028645833333333332
0 0.67333984375 0.0302734375 0.0283203125 0.03515625
0 0.68505859375 0.0966796875 0.02197265625 0.02734375
0 0.696533203125 0.13053385416666666 0.017578125 0.016276041666666668
0 0.697265625 0.16145833333333334 0.0185546875 0.022786458333333332
0 0.79833984375 0.4306640625 0.02197265625 0.029947916666666668
0 0.7646484375 0.4007161458333333 0.0546875 0.06966145833333333
0 0.755859375 0.3313802083333333 0.02734375 0.037109375
0 0.732666015625 0.3733723958333333 0.02001953125 0.025390625
0 0.7783203125 0.5120442708333334 0.0185546875 0.024739583333333332
0 0.761962890625 0.5885416666666666 0.02001953125 0.02734375
0 0.728271484375 0.5579427083333334 0.0302734375 0.045572916666666664
0 0.703857421875 0.5989583333333334 0.04833984375 0.053385416666666664
0 0.672119140625 0.5680338541666666 0.0234375 0.033854166666666664
0 0.69287109375 0.5260416666666666 0.0400390625 0.043619791666666664
0 0.6630859375 0.5 0.02392578125 0.03515625
0 0.68310546875 0.6399739583333334 0.03662109375 0.043619791666666664
0 0.65869140625 0.6761067708333334 0.03662109375 0.05078125
0 0.62548828125 0.6458333333333334 0.03271484375 0.045572916666666664
0 0.621337890625 0.5807291666666666 0.0498046875 0.07421875
0 0.5771484375 0.65625 0.0185546875 0.026041666666666668