0 0.8720703125 0.8525390625 0.02734375 0.036458333333333336
0 0.819091796875 0.8307291666666666 0.033203125 0.033854166666666664
0 0.89111328125 0.7701822916666666 0.021484375 0.021484375
0 0.98583984375 0.751953125 0.01123046875 0.016276041666666668
0 0.995361328125 0.7405598958333334 0.00927734375 0.014973958333333334
0 0.997802734375 0.7060546875 0.00439453125 0.017578125
0 0.99755859375 0.6529947916666666 0.0048828125 0.018229166666666668
0 0.987060546875 0.6048177083333334 0.0224609375 0.042317708333333336
0 0.99072265625 0.5901692708333334 0.015625 0.0234375
0 0.966552734375 0.6155598958333334 0.01123046875 0.014973958333333334
0 0.958740234375 0.6871744791666666 0.00830078125 0.012369791666666666
0 0.952392578125 0.6878255208333334 0.0087890625 0.011067708333333334
0 0.9453125 0.685546875 0.00927734375 0.014322916666666666
0 0.94140625 0.6901041666666666 0.0068359375 0.0078125
0 0.93408203125 0.6832682291666666 0.01123046875 0.013671875
0 0.927001953125 0.6826171875 0.01025390625 0.013020833333333334
0 0.919189453125 0.6829427083333334 0.009765625 0.014322916666666666
0 0.926025390625 0.6442057291666666 0.0107421875 0.01953125
0 0.956298828125 0.5875651041666666 0.02392578125 0.02734375
0 0.93798828125 0.5999348958333334 0.01220703125 0.016276041666666668
0 0.90625 0.607421875 0.0126953125 0.022135416666666668
0 0.884033203125 0.6119791666666666 0.01318359375 0.020182291666666668
0 0.871337890625 0.6471354166666666 0.00732421875 0.008463541666666666
0 0.85595703125 0.650390625 0.03271484375 0.034505208333333336
0 0.832275390625 0.5914713541666666 0.0107421875 0.014322916666666666
0 0.8251953125 0.603515625 0.02392578125 0.040364583333333336
0 0.86865234375 0.5810546875 0.01025390625 0.014973958333333334
0 0.928955078125 0.5485026041666666 0.01171875 0.018880208333333332
0 0.91259765625 0.5240885416666666 0.01806640625 0.024088541666666668
0 0.89404296875 0.5260416666666666 0.0126953125 0.022135416666666668
0 0.879638671875 0.4573567708333333 0.02587890625 0.03515625
0 0.8564453125 0.4703776041666667 0.0126953125 0.013671875
0 0.8505859375 0.4833984375 0.0126953125 0.015625
0 0.87744140625 0.3977864583333333 0.02978515625 0.037109375
0 0.844970703125 0.365234375 0.02294921875 0.030598958333333332
0 0.854248046875 0.3151041666666667 0.0078125 0.015625
0 0.828369140625 0.2841796875 0.01806640625 0.025390625
0 0.8408203125 0.2197265625 0.0087890625 0.022135416666666668
0 0.816162109375 0.15234375 0.01416015625 0.01953125
0 0.830810546875 0.1552734375 0.00390625 0.011067708333333334
0 0.81884765625 0.12565104166666666 0.02392578125 0.0390625
0 0.759765625 0.07259114583333333 0.01220703125 0.016276041666666668
0 0.74169921875 0.05078125 0.009765625 0.010416666666666666
0 0.731201171875 0.0615234375 0.01123046875 0.016276041666666668
0 0.74755859375 0.1240234375 0.01220703125 0.017578125
0 0.73681640625 0.14615885416666666 0.017578125 0.024088541666666668
0 0.727294921875 0.11588541666666667 0.0107421875 0.014973958333333334
0 0.698486328125 0.048828125 0.00732421875 0.009114583333333334
0 0.679931640625 0.07161458333333333 0.00732421875 0.009765625
0 0.663330078125 0.09309895833333333 0.00732421875 0.010416666666666666
0 0.66650390625 0.037760416666666664 0.0078125 0.009114583333333334
0 0.64794921875 0.0634765625 0.00634765625 0.009114583333333334
0 0.63525390625 0.02734375 0.0087890625 0.009114583333333334
0 0.630859375 0.14485677083333334 0.021484375 0.040364583333333336
0 0.600341796875 0.13802083333333334 0.02001953125 0.033854166666666664
0 0.6962890625 0.17057291666666666 0.01220703125 0.017578125
0 0.713134765625 0.18359375 0.01220703125 0.016276041666666668
0 0.6904296875 0.19694010416666666 0.00732421875 0.011067708333333334
0 0.723876953125 0.19498697916666666 0.02490234375 0.028645833333333332
0 0.7119140625 0.24967447916666666 0.01123046875 0.014973958333333334
0 0.689208984375 0.24186197916666666 0.0126953125 0.017578125
0 0.685791015625 0.275390625 0.009765625 0.01171875
0 0.676025390625 0.2887369791666667 0.0146484375 0.020182291666666668
0 0.67626953125 0.2610677083333333 0.0126953125 0.013671875
0 0.64990234375 0.24739583333333334 0.01171875 0.017578125
0 0.605224609375 0.20475260416666666 0.02490234375 0.030598958333333332
0 0.6025390625 0.2607421875 0.00927734375 0.014322916666666666
0 0.662353515625 0.33984375 0.0166015625 0.022786458333333332
0 0.688232421875 0.3401692708333333 0.01171875 0.014973958333333334
0 0.710693359375 0.3170572916666667 0.009765625 0.01171875
0 0.7353515625 0.3131510416666667 0.01220703125 0.017578125
0 0.720458984375 0.4130859375 0.0107421875 0.015625
0 0.773681640625 0.3948567708333333 0.0146484375 0.01953125
0 0.697265625 0.4332682291666667 0.0087890625 0.013020833333333334
0 0.70263671875 0.4505208333333333 0.01123046875 0.021484375
0 0.7666015625 0.458984375 0.0126953125 0.015625
0 0.798095703125 0.4674479166666667 0.01171875 0.013020833333333334
0 0.80078125 0.52734375 0.00732421875 0.01171875
0 0.790771484375 0.5335286458333334 0.01123046875 0.013671875
0 0.76513671875 0.5592447916666666 0.01513671875 0.010416666666666666
0 0.729248046875 0.5319010416666666 0.009765625 0.009114583333333334
0 0.72314453125 0.4977213541666667 0.02978515625 0.02734375
0 0.681884765625 0.4840494791666667 0.01708984375 0.021484375
0 0.638916015625 0.4462890625 0.01123046875 0.01953125
0 0.6513671875 0.421875 0.01953125 0.03515625
0 0.635986328125 0.4173177083333333 0.0126953125 0.020833333333333332
0 0.625 0.4485677083333333 0.0068359375 0.0078125
0 0.63330078125 0.4697265625 0.00732421875 0.009114583333333334
0 0.595458984375 0.4830729166666667 0.02685546875 0.040364583333333336
0 0.576904296875 0.4778645833333333 0.01513671875 0.020182291666666668
0 0.614013671875 0.5602213541666666 0.0322265625 0.046223958333333336
0 0.63525390625 0.5439453125 0.00830078125 0.013671875
0 0.6591796875 0.5836588541666666 0.01220703125 0.018880208333333332
0 0.655029296875 0.58984375 0.01318359375 0.014322916666666666
0 0.55615234375 0.4267578125 0.0341796875 0.035807291666666664
0 0.53271484375 0.4000651041666667 0.033203125 0.018229166666666668
0 0.520263671875 0.3704427083333333 0.03076171875 0.029947916666666668
0 0.524169921875 0.3408203125 0.02392578125 0.020182291666666668
0 0.453125 0.3557942708333333 0.01708984375 0.01953125
0 0.442138671875 0.3756510416666667 0.0078125 0.018880208333333332
0 0.45068359375 0.4222005208333333 0.00830078125 0.01953125
0 0.465576171875 0.4638671875 0.00732421875 0.009765625
0 0.457275390625 0.4602864583333333 0.0068359375 0.013671875
0 0.442138671875 0.521484375 0.02880859375 0.029296875
0 0.46484375 0.578125 0.02490234375 0.031901041666666664
0 0.468017578125 0.5963541666666666 0.02392578125 0.024739583333333332
0 0.649658203125 0.6614583333333334 0.00927734375 0.014973958333333334
0 0.66259765625 0.6826171875 0.01513671875 0.021484375
0 0.702392578125 0.7268880208333334 0.01708984375 0.018229166666666668
0 0.791748046875 0.6507161458333334 0.0283203125 0.032552083333333336
0 0.7548828125 0.7613932291666666 0.02392578125 0.024739583333333332
0 0.774658203125 0.7848307291666666 0.0263671875 0.026692708333333332
0 0.848876953125 0.7268880208333334 0.0185546875 0.016927083333333332
0 0.389892578125 0.8167317708333334 0.0244140625 0.028645833333333332
0 0.39599609375 0.7565104166666666 0.02587890625 0.036458333333333336
0 0.42138671875 0.703125 0.02197265625 0.024088541666666668
0 0.427978515625 0.6761067708333334 0.02294921875 0.027994791666666668
0 0.33837890625 0.6468098958333334 0.01416015625 0.014322916666666666
0 0.291748046875 0.7529296875 0.0205078125 0.01953125
0 0.301513671875 0.8688151041666666 0.02734375 0.03515625
0 0.325439453125 0.978515625 0.0244140625 0.032552083333333336
0 0.159423828125 0.919921875 0.0185546875 0.026692708333333332
0 0.13671875 0.9202473958333334 0.01513671875 0.01953125
0 0.145751953125 0.8727213541666666 0.01171875 0.014973958333333334
0 0.174560546875 0.8561197916666666 0.01416015625 0.01953125
0 0.16162109375 0.8515625 0.0107421875 0.010416666666666666
0 0.188232421875 0.8131510416666666 0.01220703125 0.016276041666666668
0 0.17529296875 0.7926432291666666 0.0166015625 0.01953125
0 0.177978515625 0.7643229166666666 0.015625 0.020182291666666668
0 0.167236328125 0.7568359375 0.01513671875 0.018880208333333332
0 0.195068359375 0.734375 0.009765625 0.015625
0 0.1826171875 0.7239583333333334 0.013671875 0.016927083333333332
0 0.16943359375 0.7265625 0.015625 0.018880208333333332
0 0.232666015625 0.7132161458333334 0.01953125 0.022786458333333332
0 0.154296875 0.7102864583333334 0.013671875 0.018880208333333332
0 0.151611328125 0.7666015625 0.0087890625 0.009765625
0 0.13525390625 0.7913411458333334 0.02001953125 0.026692708333333332
0 0.111083984375 0.8082682291666666 0.01416015625 0.018880208333333332
0 0.10888671875 0.8362630208333334 0.01513671875 0.021484375
0 0.095703125 0.8287760416666666 0.01611328125 0.022786458333333332
0 0.0478515625 0.7555338541666666 0.03076171875 0.046875
0 0.044189453125 0.7294921875 0.04150390625 0.035807291666666664
0 0.060546875 0.7086588541666666 0.009765625 0.010416666666666666
0 0.0224609375 0.7242838541666666 0.00537109375 0.016276041666666668
0 0.035400390625 0.6793619791666666 0.01171875 0.018880208333333332
0 0.060302734375 0.6725260416666666 0.01171875 0.013020833333333334
0 0.11376953125 0.6578776041666666 0.00927734375 0.009114583333333334
0 0.0615234375 0.6458333333333334 0.03515625 0.040364583333333336
0 0.02734375 0.63671875 0.03662109375 0.041015625
0 0.115234375 0.5784505208333334 0.00927734375 0.010416666666666666
0 0.067138671875 0.61328125 0.00927734375 0.013020833333333334
0 0.050537109375 0.5784505208333334 0.0341796875 0.05078125
0 0.01416015625 0.6126302083333334 0.01513671875 0.020182291666666668
0 0.072265625 0.5416666666666666 0.01025390625 0.009114583333333334
0 0.09521484375 0.513671875 0.01025390625 0.0078125
0 0.08056640625 0.4850260416666667 0.01171875 0.009765625
0 0.01171875 0.5302734375 0.0234375 0.039713541666666664
0 0.0048828125 0.5550130208333334 0.009765625 0.016276041666666668
0 0.0498046875 0.4606119791666667 0.03515625 0.049479166666666664
0 0.06396484375 0.4371744791666667 0.03076171875 0.044921875
0 0.092041015625 0.4241536458333333 0.01513671875 0.020182291666666668
0 0.124755859375 0.4420572916666667 0.01904296875 0.016927083333333332
0 0.046630859375 0.482421875 0.00634765625 0.007161458333333333
0 0.048583984375 0.3502604166666667 0.03173828125 0.048828125
0 0.058837890625 0.3118489583333333 0.03271484375 0.05078125
0 0.079345703125 0.3502604166666667 0.00830078125 0.01171875
0 0.133056640625 0.3697916666666667 0.01025390625 0.013671875
0 0.147705078125 0.3356119791666667 0.009765625 0.013020833333333334
0 0.10302734375 0.2884114583333333 0.01123046875 0.01171875
0 0.087158203125 0.3037109375 0.01123046875 0.013020833333333334
0 0.060791015625 0.255859375 0.0146484375 0.014322916666666666
0 0.040771484375 0.2581380208333333 0.01220703125 0.014322916666666666
0 0.05078125 0.234375 0.01416015625 0.013671875
0 0.04443359375 0.19759114583333334 0.0078125 0.008463541666666666
0 0.090087890625 0.1787109375 0.01318359375 0.015625
0 0.11083984375 0.2421875 0.03466796875 0.04296875
0 0.091796875 0.23079427083333334 0.03466796875 0.038411458333333336
0 0.060302734375 0.14518229166666666 0.009765625 0.010416666666666666
0 0.0068359375 0.12630208333333334 0.0126953125 0.014322916666666666
0 0.12255859375 0.10709635416666667 0.0146484375 0.016927083333333332
0 0.179931640625 0.11946614583333333 0.00537109375 0.0078125
0 0.18994140625 0.158203125 0.00634765625 0.009765625
0 0.227294921875 0.13509114583333334 0.0146484375 0.020833333333333332
0 0.239013671875 0.109375 0.00732421875 0.009114583333333334
0 0.253662109375 0.091796875 0.009765625 0.015625
0 0.22607421875 0.099609375 0.0146484375 0.018229166666666668
0 0.1943359375 0.07877604166666667 0.01708984375 0.01953125
0 0.19482421875 0.22037760416666666 0.009765625 0.021484375
0 0.185302734375 0.2526041666666667 0.01953125 0.031901041666666664
0 0.204833984375 0.24641927083333334 0.01416015625 0.026041666666666668
0 0.214599609375 0.2662760416666667 0.00830078125 0.016927083333333332
0 0.213134765625 0.2698567708333333 0.0078125 0.015625
0 0.209228515625 0.2838541666666667 0.0078125 0.01171875
0 0.223876953125 0.2848307291666667 0.00732421875 0.013020833333333334
0 0.220703125 0.2880859375 0.01025390625 0.021484375
0 0.229736328125 0.306640625 0.0107421875 0.018880208333333332
0 0.24267578125 0.2529296875 0.0126953125 0.026041666666666668
0 0.281494140625 0.2138671875 0.0244140625 0.028645833333333332
0 0.28271484375 0.18131510416666666 0.0146484375 0.018880208333333332
0 0.264892578125 0.2760416666666667 0.0126953125 0.020833333333333332
0 0.27392578125 0.2913411458333333 0.0107421875 0.020833333333333332
0 0.281982421875 0.3128255208333333 0.0087890625 0.013020833333333334
0 0.266845703125 0.35546875 0.0087890625 0.013020833333333334
0 0.257080078125 0.3362630208333333 0.01904296875 0.029296875
0 0.22119140625 0.3717447916666667 0.01513671875 0.026692708333333332
0 0.212158203125 0.3460286458333333 0.01025390625 0.012369791666666666
0 0.20556640625 0.4052734375 0.0087890625 0.012369791666666666
0 0.24169921875 0.4095052083333333 0.0087890625 0.014973958333333334
0 0.232666015625 0.4254557291666667 0.01171875 0.016276041666666668
0 0.22216796875 0.4300130208333333 0.0166015625 0.02734375
0 0.21923828125 0.4544270833333333 0.0087890625 0.009765625
0 0.20947265625 0.4466145833333333 0.00830078125 0.01171875
0 0.262939453125 0.3893229166666667 0.0126953125 0.018880208333333332
0 0.316162109375 0.3580729166666667 0.01220703125 0.015625
0 0.338623046875 0.2975260416666667 0.0146484375 0.014322916666666666
0 0.255126953125 0.3736979166666667 0.0078125 0.01171875
0 0.3427734375 0.4117838541666667 0.01708984375 0.020833333333333332
0 0.365478515625 0.4254557291666667 0.0166015625 0.021484375
0 0.368408203125 0.3668619791666667 0.01123046875 0.014322916666666666
0 0.353271484375 0.388671875 0.0048828125 0.005859375
0 0.392578125 0.3440755208333333 0.01220703125 0.013671875
0 0.296142578125 0.4697265625 0.01611328125 0.022786458333333332
0 0.291748046875 0.5234375 0.01953125 0.046223958333333336
0 0.265869140625 0.5006510416666666 0.0107421875 0.014322916666666666
0 0.277587890625 0.4264322916666667 0.01025390625 0.013671875
0 0.24755859375 0.4967447916666667 0.01318359375 0.016927083333333332
0 0.22802734375 0.5250651041666666 0.01123046875 0.018229166666666668
0 0.217041015625 0.5524088541666666 0.0146484375 0.016927083333333332
0 0.2158203125 0.5377604166666666 0.013671875 0.014322916666666666
0 0.24560546875 0.5729166666666666 0.01708984375 0.021484375
0 0.234375 0.5950520833333334 0.00830078125 0.010416666666666666
0 0.23974609375 0.6097005208333334 0.0078125 0.011067708333333334
0 0.227294921875 0.630859375 0.0087890625 0.011067708333333334
0 0.20849609375 0.6175130208333334 0.01220703125 0.013671875
0 0.197265625 0.5856119791666666 0.01416015625 0.01953125
0 0.19091796875 0.5817057291666666 0.01171875 0.014322916666666666
0 0.222412109375 0.6634114583333334 0.009765625 0.013020833333333334
0 0.18505859375 0.6666666666666666 0.01318359375 0.014973958333333334
0 0.177490234375 0.6643880208333334 0.0166015625 0.017578125
0 0.182861328125 0.6341145833333334 0.01220703125 0.013671875
0 0.1748046875 0.6344401041666666 0.009765625 0.012369791666666666
0 0.344970703125 0.2692057291666667 0.0107421875 0.014322916666666666
0 0.325927734375 0.2705078125 0.01025390625 0.014322916666666666
0 0.354736328125 0.23795572916666666 0.01025390625 0.013671875
0 0.35107421875 0.20377604166666666 0.0078125 0.014322916666666666
0 0.334716796875 0.18229166666666666 0.0146484375 0.018229166666666668
0 0.375 0.17708333333333334 0.01220703125 0.01953125
0 0.35693359375 0.1689453125 0.01220703125 0.014322916666666666
0 0.343017578125 0.13899739583333334 0.01611328125 0.022786458333333332
0 0.279052734375 0.10970052083333333 0.0107421875 0.014322916666666666
0 0.262939453125 0.060872395833333336 0.01171875 0.017578125
0 0.296630859375 0.06510416666666667 0.0087890625 0.009114583333333334
0 0.31201171875 0.045247395833333336 0.01416015625 0.017578125
0 0.39501953125 0.048828125 0.00830078125 0.011067708333333334
0 0.435546875 0.0732421875 0.02783203125 0.03515625
0 0.3974609375 0.1572265625 0.01171875 0.013671875
0 0.456298828125 0.1328125 0.01025390625 0.013671875
0 0.4814453125 0.09928385416666667 0.01025390625 0.013671875
0 0.475830078125 0.0634765625 0.0078125 0.013020833333333334
0 0.55126953125 0.0693359375 0.01513671875 0.014973958333333334
0 0.56640625 0.02734375 0.01904296875 0.020182291666666668
0 0.49755859375 0.201171875 0.02685546875 0.029296875
0 0.412109375 0.22135416666666666 0.01025390625 0.01171875
0 0.428466796875 0.2555338541666667 0.00927734375 0.012369791666666666
1 0.933349609375 0.6813151041666666 0.0615234375 0.052083333333333336
0 0.7861328125 0.2373046875 0.01416015625 0.016927083333333332
0 0.21826171875 0.4889322916666667 0.01513671875 0.027994791666666668
0 0.193359375 0.4947916666666667 0.00732421875 0.010416666666666666