0 0.23111979166666666 0.18701171875 0.048177083333333336 0.0283203125
0 0.4951171875 0.54736328125 0.091796875 0.07958984375
0 0.38671875 0.55419921875 0.07682291666666667 0.052734375
0 0.2841796875 0.556884765625 0.060546875 0.04931640625
0 0.21256510416666666 0.543701171875 0.036458333333333336 0.01611328125
0 0.232421875 0.59619140625 0.08072916666666667 0.05126953125
0 0.3916015625 0.633056640625 0.07942708333333333 0.02880859375
0 0.4456380208333333 0.58837890625 0.028645833333333332 0.02490234375
0 0.4947916666666667 0.6240234375 0.060546875 0.02734375
0 0.5439453125 0.606689453125 0.030598958333333332 0.02294921875
0 0.5478515625 0.658203125 0.033854166666666664 0.02685546875
0 0.5953776041666666 0.617431640625 0.033203125 0.029296875
0 0.6949869791666666 0.619873046875 0.07486979166666667 0.0263671875
0 0.7972005208333334 0.60986328125 0.055989583333333336 0.041015625
0 0.8356119791666666 0.5654296875 0.060546875 0.044921875
0 0.8238932291666666 0.496826171875 0.126953125 0.05908203125
0 0.6376953125 0.580810546875 0.03125 0.02392578125
0 0.6735026041666666 0.537841796875 0.138671875 0.09375
0 0.7239583333333334 0.50146484375 0.057291666666666664 0.037109375
0 0.669921875 0.47314453125 0.035807291666666664 0.04052734375
0 0.5354817708333334 0.5107421875 0.0234375 0.02197265625
0 0.5670572916666666 0.473876953125 0.04296875 0.01953125
0 0.6178385416666666 0.44482421875 0.041015625 0.03271484375
0 0.5667317708333334 0.409912109375 0.025390625 0.017578125
0 0.5234375 0.4423828125 0.061197916666666664 0.04931640625
0 0.4840494791666667 0.47607421875 0.022135416666666668 0.02099609375
0 0.4567057291666667 0.450927734375 0.011067708333333334 0.0078125
0 0.2294921875 0.446533203125 0.041666666666666664 0.0361328125
0 0.283203125 0.480224609375 0.046875 0.03369140625
0 0.3365885416666667 0.4443359375 0.025390625 0.0185546875
0 0.3291015625 0.380615234375 0.06705729166666667 0.02978515625
0 0.2779947916666667 0.34423828125 0.046875 0.03955078125
0 0.23372395833333334 0.381591796875 0.057942708333333336 0.04541015625
0 0.07063802083333333 0.48974609375 0.0234375 0.02880859375
0 0.12109375 0.524658203125 0.049479166666666664 0.03662109375
0 0.058268229166666664 0.644287109375 0.035807291666666664 0.02197265625
0 0.1259765625 0.68505859375 0.057291666666666664 0.03662109375
0 0.19010416666666666 0.676513671875 0.01171875 0.0087890625
0 0.2314453125 0.64697265625 0.07421875 0.01953125
0 0.236328125 0.67724609375 0.041666666666666664 0.025390625
0 0.3522135416666667 0.735107421875 0.09765625 0.06591796875
0 0.4173177083333333 0.7255859375 0.039713541666666664 0.01318359375
0 0.3961588541666667 0.703857421875 0.034505208333333336 0.0263671875
0 0.4466145833333333 0.665771484375 0.030598958333333332 0.025390625
0 0.46484375 0.698486328125 0.059895833333333336 0.0400390625
0 0.5052083333333334 0.781982421875 0.03515625 0.02294921875
0 0.5517578125 0.7421875 0.020833333333333332 0.0126953125
0 0.5550130208333334 0.773681640625 0.027994791666666668 0.02294921875
0 0.6175130208333334 0.659423828125 0.049479166666666664 0.033203125
0 0.6516927083333334 0.726806640625 0.0390625 0.03759765625
0 0.6907552083333334 0.681884765625 0.0625 0.05224609375
0 0.755859375 0.72900390625 0.06770833333333333 0.0498046875
0 0.8072916666666666 0.683349609375 0.07356770833333333 0.03759765625
0 0.8863932291666666 0.6796875 0.030598958333333332 0.02294921875
0 0.931640625 0.7451171875 0.12044270833333333 0.12841796875
0 0.953125 0.650390625 0.08268229166666667 0.05712890625
0 0.90625 0.60205078125 0.047526041666666664 0.03466796875
0 0.9485677083333334 0.5595703125 0.033203125 0.02685546875
0 0.8733723958333334 0.45263671875 0.057291666666666664 0.03466796875
0 0.9755859375 0.444091796875 0.033854166666666664 0.021484375
0 0.978515625 0.410888671875 0.031901041666666664 0.01416015625
0 0.9593098958333334 0.372802734375 0.037109375 0.02734375
0 0.9443359375 0.303955078125 0.05078125 0.03271484375
0 0.8059895833333334 0.419677734375 0.10481770833333333 0.0673828125
0 0.8395182291666666 0.31396484375 0.0390625 0.02490234375
0 0.7981770833333334 0.353515625 0.047526041666666664 0.0439453125
0 0.7578125 0.389892578125 0.03515625 0.02490234375
0 0.7109375 0.43408203125 0.044270833333333336 0.03076171875
0 0.6627604166666666 0.402099609375 0.057942708333333336 0.0498046875
0 0.7451171875 0.328125 0.05859375 0.060546875
0 0.7327473958333334 0.2607421875 0.034505208333333336 0.04541015625
0 0.6507161458333334 0.337890625 0.041015625 0.03662109375
0 0.6067708333333334 0.330810546875 0.0234375 0.02099609375
0 0.6363932291666666 0.2685546875 0.060546875 0.03466796875
0 0.546875 0.2197265625 0.02734375 0.021484375
0 0.5120442708333334 0.309326171875 0.034505208333333336 0.0244140625
0 0.4752604166666667 0.342529296875 0.07291666666666667 0.046875
0 0.4684244791666667 0.27978515625 0.039713541666666664 0.06005859375
0 0.4202473958333333 0.311279296875 0.052083333333333336 0.033203125
0 0.4186197916666667 0.246337890625 0.029947916666666668 0.021484375
0 0.3727213541666667 0.279296875 0.03125 0.02392578125
0 0.23046875 0.312744140625 0.041015625 0.03466796875
0 0.3216145833333333 0.2490234375 0.030598958333333332 0.021484375
0 0.9755859375 0.87744140625 0.014973958333333334 0.02099609375
0 0.9274088541666666 0.844970703125 0.07682291666666667 0.0439453125
0 0.8785807291666666 0.87744140625 0.042317708333333336 0.0166015625
0 0.8707682291666666 0.806396484375 0.043619791666666664 0.03759765625
0 0.767578125 0.86572265625 0.076171875 0.03515625
0 0.8154296875 0.76171875 0.0546875 0.0302734375
0 0.7646484375 0.802978515625 0.07486979166666667 0.06689453125
0 0.6617838541666666 0.8623046875 0.08984375 0.0361328125
0 0.7086588541666666 0.764404296875 0.0390625 0.0283203125
0 0.607421875 0.77001953125 0.076171875 0.06884765625
0 0.556640625 0.821044921875 0.040364583333333336 0.03369140625
0 0.5032552083333334 0.852294921875 0.07291666666666667 0.0478515625
0 0.458984375 0.82275390625 0.033203125 0.0244140625
0 0.4251302083333333 0.845947265625 0.08723958333333333 0.056640625
0 0.326171875 0.859375 0.042317708333333336 0.0234375
0 0.2900390625 0.8388671875 0.051432291666666664 0.03955078125
0 0.3489583333333333 0.805908203125 0.039713541666666664 0.02783203125
0 0.2975260416666667 0.774169921875 0.03125 0.02392578125
0 0.2513020833333333 0.80712890625 0.040364583333333336 0.02783203125
0 0.19661458333333334 0.84326171875 0.048828125 0.0234375
0 0.19140625 0.779296875 0.038411458333333336 0.0234375
0 0.027994791666666668 0.826171875 0.028645833333333332 0.02099609375
0 0.022135416666666668 0.758056640625 0.029947916666666668 0.0205078125
0 0.022786458333333332 0.379638671875 0.022135416666666668 0.0126953125
0 0.024088541666666668 0.308837890625 0.031901041666666664 0.021484375
0 0.028645833333333332 0.244384765625 0.018229166666666668 0.01806640625
0 0.08040364583333333 0.2783203125 0.022135416666666668 0.02001953125
0 0.1787109375 0.278564453125 0.046223958333333336 0.0361328125
0 0.22526041666666666 0.2451171875 0.044270833333333336 0.0302734375
0 0.27734375 0.215087890625 0.038411458333333336 0.03369140625