0 0.179443359375 0.06673177083333333 0.0244140625 0.032552083333333336
0 0.228759765625 0.10026041666666667 0.03076171875 0.028645833333333332
0 0.150146484375 0.1435546875 0.01953125 0.018229166666666668
0 0.054443359375 0.13932291666666666 0.009765625 0.014322916666666666
0 0.042724609375 0.14811197916666666 0.00927734375 0.013020833333333334
0 0.03173828125 0.158203125 0.00927734375 0.009114583333333334
0 0.032958984375 0.18033854166666666 0.009765625 0.015625
0 0.02685546875 0.23307291666666666 0.0087890625 0.016276041666666668
0 0.033935546875 0.2841796875 0.0185546875 0.039713541666666664
0 0.028564453125 0.2975260416666667 0.013671875 0.020833333333333332
0 0.0556640625 0.2779947916666667 0.009765625 0.013020833333333334
0 0.072509765625 0.20930989583333334 0.00732421875 0.011067708333333334
0 0.078857421875 0.21028645833333334 0.0078125 0.009765625
0 0.085693359375 0.21419270833333334 0.0078125 0.013020833333333334
0 0.090087890625 0.21061197916666666 0.00634765625 0.006510416666666667
0 0.096435546875 0.21907552083333334 0.009765625 0.01171875
0 0.103271484375 0.22135416666666666 0.00927734375 0.011067708333333334
0 0.111083984375 0.22265625 0.00830078125 0.013020833333333334
0 0.099365234375 0.2594401041666667 0.0087890625 0.018229166666666668
0 0.06201171875 0.3082682291666667 0.02197265625 0.024088541666666668
0 0.08154296875 0.3001302083333333 0.0107421875 0.014322916666666666
0 0.11376953125 0.3001302083333333 0.0107421875 0.020182291666666668
0 0.13623046875 0.30078125 0.01123046875 0.018229166666666668
0 0.1533203125 0.2692057291666667 0.00634765625 0.007161458333333333
0 0.1689453125 0.26953125 0.0302734375 0.029296875
0 0.184814453125 0.3330078125 0.00927734375 0.012369791666666666
0 0.193115234375 0.3229166666666667 0.0205078125 0.037109375
0 0.147705078125 0.3349609375 0.0087890625 0.013020833333333334
0 0.083984375 0.3528645833333333 0.009765625 0.016927083333333332
0 0.0966796875 0.3805338541666667 0.01611328125 0.021484375
0 0.115234375 0.3828125 0.0107421875 0.020182291666666668
0 0.12060546875 0.4541015625 0.02294921875 0.03125
0 0.145263671875 0.4469401041666667 0.01123046875 0.01171875
0 0.152587890625 0.4352213541666667 0.01123046875 0.013671875
0 0.114990234375 0.5130208333333334 0.02685546875 0.032552083333333336
0 0.142822265625 0.552734375 0.0205078125 0.02734375
0 0.126953125 0.5999348958333334 0.00634765625 0.014322916666666666
0 0.1484375 0.6363932291666666 0.01611328125 0.022786458333333332
0 0.127685546875 0.6969401041666666 0.0068359375 0.020833333333333332
0 0.143310546875 0.7692057291666666 0.01220703125 0.016927083333333332
0 0.12939453125 0.7630208333333334 0.0029296875 0.010416666666666666
0 0.13720703125 0.794921875 0.0205078125 0.035807291666666664
0 0.1884765625 0.8606770833333334 0.0107421875 0.014322916666666666
0 0.203369140625 0.8863932291666666 0.0087890625 0.008463541666666666
0 0.21533203125 0.8782552083333334 0.009765625 0.014322916666666666
0 0.207275390625 0.8128255208333334 0.0107421875 0.015625
0 0.220703125 0.7936197916666666 0.015625 0.022135416666666668
0 0.22607421875 0.8258463541666666 0.00927734375 0.013020833333333334
0 0.24560546875 0.8984375 0.00634765625 0.0078125
0 0.266845703125 0.8802083333333334 0.00634765625 0.008463541666666666
0 0.2861328125 0.8629557291666666 0.00634765625 0.009114583333333334
0 0.27587890625 0.9166666666666666 0.0068359375 0.0078125
0 0.297607421875 0.8958333333333334 0.00537109375 0.0078125
0 0.305419921875 0.9342447916666666 0.0078125 0.0078125
0 0.324951171875 0.8196614583333334 0.01806640625 0.037760416666666664
0 0.35400390625 0.8333333333333334 0.01708984375 0.03125
0 0.263916015625 0.7789713541666666 0.0107421875 0.015625
0 0.2490234375 0.7623697916666666 0.0107421875 0.014322916666666666
0 0.27294921875 0.7545572916666666 0.00634765625 0.009765625
0 0.239990234375 0.7486979166666666 0.02294921875 0.024739583333333332
0 0.258544921875 0.6975911458333334 0.009765625 0.013020833333333334
0 0.280029296875 0.7102864583333334 0.01123046875 0.015625
0 0.28759765625 0.6780598958333334 0.0087890625 0.009765625
0 0.299072265625 0.6673177083333334 0.0126953125 0.017578125
0 0.295166015625 0.6943359375 0.01123046875 0.01171875
0 0.3193359375 0.7138671875 0.01025390625 0.015625
0 0.35791015625 0.7662760416666666 0.0224609375 0.026692708333333332
0 0.367919921875 0.7119140625 0.0078125 0.013020833333333334
0 0.319091796875 0.6201171875 0.01513671875 0.020833333333333332
0 0.2939453125 0.6136067708333334 0.01025390625 0.013020833333333334
0 0.268798828125 0.6315104166666666 0.0087890625 0.009765625
0 0.243896484375 0.6295572916666666 0.0107421875 0.015625
0 0.271484375 0.5345052083333334 0.00927734375 0.013671875
0 0.216796875 0.5403645833333334 0.0126953125 0.016927083333333332
0 0.297119140625 0.5201822916666666 0.00732421875 0.01171875
0 0.2939453125 0.5016276041666666 0.009765625 0.01953125
0 0.232177734375 0.4788411458333333 0.01123046875 0.013671875
0 0.2021484375 0.4632161458333333 0.0107421875 0.011067708333333334
0 0.207275390625 0.4033203125 0.00634765625 0.010416666666666666
0 0.218017578125 0.3997395833333333 0.009765625 0.01171875
0 0.24658203125 0.3802083333333333 0.01416015625 0.008463541666666666
0 0.2783203125 0.4153645833333333 0.00927734375 0.007161458333333333
0 0.280029296875 0.4505208333333333 0.0283203125 0.022135416666666668
0 0.318603515625 0.4736328125 0.01513671875 0.018880208333333332
0 0.356201171875 0.5208333333333334 0.00927734375 0.017578125
0 0.3408203125 0.5419921875 0.0166015625 0.032552083333333336
0 0.355224609375 0.5501302083333334 0.01123046875 0.018880208333333332
0 0.370361328125 0.5218098958333334 0.00634765625 0.006510416666666667
0 0.36474609375 0.4986979166666667 0.00634765625 0.0078125
0 0.40380859375 0.4944661458333333 0.0234375 0.036458333333333336
0 0.42138671875 0.50390625 0.01318359375 0.017578125
0 0.395751953125 0.4140625 0.0283203125 0.041666666666666664
0 0.37255859375 0.4254557291666667 0.0068359375 0.012369791666666666
0 0.35400390625 0.380859375 0.01025390625 0.016927083333333332
0 0.359130859375 0.3756510416666667 0.01171875 0.01171875
0 0.435302734375 0.5589192708333334 0.03173828125 0.030598958333333332
0 0.454833984375 0.5908203125 0.0322265625 0.012369791666666666
0 0.463134765625 0.6227213541666666 0.02880859375 0.024739583333333332
0 0.45556640625 0.6513671875 0.0224609375 0.016276041666666668
0 0.52734375 0.6529947916666666 0.01513671875 0.016927083333333332
0 0.540771484375 0.6357421875 0.005859375 0.017578125
0 0.538330078125 0.5882161458333334 0.00634765625 0.018229166666666668
0 0.529296875 0.5436197916666666 0.00634765625 0.008463541666666666
0 0.536865234375 0.5491536458333334 0.00537109375 0.013020833333333334
0 0.5595703125 0.4921875 0.02685546875 0.024739583333333332
0 0.544921875 0.4313151041666667 0.0224609375 0.027994791666666668
0 0.544189453125 0.4124348958333333 0.0224609375 0.020833333333333332
0 0.37353515625 0.3063151041666667 0.0078125 0.013671875
0 0.36376953125 0.2825520833333333 0.013671875 0.018880208333333332
0 0.330078125 0.22981770833333334 0.015625 0.015625
0 0.232177734375 0.2841796875 0.02587890625 0.027994791666666668
0 0.282958984375 0.18359375 0.0224609375 0.020833333333333332
0 0.2666015625 0.15592447916666666 0.0244140625 0.022786458333333332
0 0.18603515625 0.19563802083333334 0.01708984375 0.014322916666666666
0 0.649658203125 0.2138671875 0.0224609375 0.024739583333333332
0 0.6357421875 0.271484375 0.02294921875 0.032552083333333336
0 0.60400390625 0.3180338541666667 0.0205078125 0.020833333333333332
0 0.59375 0.3434244791666667 0.02099609375 0.024739583333333332
0 0.67822265625 0.3929036458333333 0.01318359375 0.01171875
0 0.738037109375 0.2991536458333333 0.01904296875 0.016276041666666668
0 0.743408203125 0.1826171875 0.0244140625 0.03125
0 0.734130859375 0.0693359375 0.02197265625 0.029296875
0 0.784423828125 0.037760416666666664 0.0166015625 0.01953125
0 0.89013671875 0.16536458333333334 0.0166015625 0.024088541666666668
0 0.91259765625 0.17024739583333334 0.01318359375 0.016927083333333332
0 0.8974609375 0.21484375 0.01025390625 0.013020833333333334
0 0.866943359375 0.224609375 0.01220703125 0.016927083333333332
0 0.879150390625 0.23209635416666666 0.009765625 0.008463541666666666
0 0.847900390625 0.2639973958333333 0.0107421875 0.014322916666666666
0 0.85791015625 0.2867838541666667 0.0146484375 0.017578125
0 0.8515625 0.3141276041666667 0.013671875 0.017578125
0 0.861328125 0.32421875 0.01318359375 0.016276041666666668
0 0.830810546875 0.33984375 0.00830078125 0.014322916666666666
0 0.841796875 0.3528645833333333 0.01220703125 0.014322916666666666
0 0.85498046875 0.3531901041666667 0.013671875 0.016276041666666668
0 0.791015625 0.3518880208333333 0.01806640625 0.020182291666666668
0 0.867919921875 0.373046875 0.01171875 0.016927083333333332
0 0.8779296875 0.3180338541666667 0.0078125 0.008463541666666666
0 0.897216796875 0.2975260416666667 0.01806640625 0.024088541666666668
0 0.92333984375 0.2864583333333333 0.01220703125 0.016276041666666668
0 0.928955078125 0.2594401041666667 0.013671875 0.018880208333333332
0 0.941162109375 0.2698567708333333 0.0146484375 0.020833333333333332
0 0.978515625 0.3528645833333333 0.0263671875 0.04296875
0 0.978759765625 0.3795572916666667 0.0390625 0.028645833333333332
0 0.9599609375 0.3961588541666667 0.0087890625 0.008463541666666666
0 0.998779296875 0.3899739583333333 0.00244140625 0.015625
0 0.98095703125 0.4309895833333333 0.009765625 0.016927083333333332
0 0.95556640625 0.4319661458333333 0.0107421875 0.011067708333333334
0 0.90087890625 0.4339192708333333 0.0087890625 0.007161458333333333
0 0.950927734375 0.4576822916666667 0.0322265625 0.034505208333333336
0 0.983154296875 0.474609375 0.03369140625 0.03515625
0 0.88916015625 0.51171875 0.00830078125 0.009114583333333334
0 0.941162109375 0.4889322916666667 0.0078125 0.01171875
0 0.952880859375 0.5266927083333334 0.02978515625 0.045572916666666664
0 0.9931640625 0.5016276041666666 0.01318359375 0.017578125
0 0.926513671875 0.5582682291666666 0.009765625 0.007161458333333333
0 0.900390625 0.5804036458333334 0.009765625 0.005859375
0 0.9111328125 0.6116536458333334 0.0107421875 0.0078125
0 0.98681640625 0.5836588541666666 0.0244140625 0.035807291666666664
0 0.994873046875 0.5602213541666666 0.0087890625 0.014322916666666666
0 0.938232421875 0.6429036458333334 0.03076171875 0.044270833333333336
0 0.92138671875 0.6627604166666666 0.02685546875 0.040364583333333336
0 0.891845703125 0.6692708333333334 0.01318359375 0.017578125
0 0.862060546875 0.6438802083333334 0.017578125 0.014322916666666666
0 0.9443359375 0.6223958333333334 0.005859375 0.005859375
0 0.925048828125 0.751953125 0.02734375 0.044270833333333336
0 0.9833984375 0.8108723958333334 0.015625 0.015625
0 0.909912109375 0.7874348958333334 0.0283203125 0.046223958333333336
0 0.894775390625 0.7447916666666666 0.00732421875 0.010416666666666666
0 0.844482421875 0.7132161458333334 0.0087890625 0.01171875
0 0.825439453125 0.7431640625 0.0087890625 0.011067708333333334
0 0.86328125 0.8001302083333334 0.01025390625 0.009765625
0 0.881103515625 0.7887369791666666 0.01025390625 0.011067708333333334
0 0.90087890625 0.8421223958333334 0.013671875 0.01171875
0 0.9208984375 0.8444010416666666 0.0107421875 0.012369791666666666
0 0.979248046875 0.8600260416666666 0.0224609375 0.026692708333333332
0 0.907958984375 0.8655598958333334 0.01318359375 0.011067708333333334
0 0.909423828125 0.9033203125 0.0068359375 0.007161458333333333
0 0.86181640625 0.9114583333333334 0.01171875 0.013671875
0 0.849609375 0.8440755208333334 0.03125 0.037760416666666664
0 0.866943359375 0.859375 0.03173828125 0.033203125
0 0.88671875 0.951171875 0.0087890625 0.008463541666666666
0 0.93701171875 0.9820963541666666 0.01123046875 0.012369791666666666
0 0.820556640625 0.9742838541666666 0.01318359375 0.014322916666666666
0 0.765625 0.9488932291666666 0.00439453125 0.007161458333333333
0 0.7607421875 0.9085286458333334 0.00537109375 0.008463541666666666
0 0.720947265625 0.9225260416666666 0.0126953125 0.018229166666666668
0 0.7060546875 0.9449869791666666 0.00634765625 0.0078125
0 0.689453125 0.958984375 0.00830078125 0.014322916666666666
0 0.7177734375 0.9576822916666666 0.01318359375 0.015625
0 0.74609375 0.9856770833333334 0.01513671875 0.016927083333333332
0 0.76416015625 0.8460286458333334 0.0078125 0.020182291666666668
0 0.777587890625 0.81640625 0.01708984375 0.029296875
0 0.757568359375 0.8180338541666666 0.01220703125 0.024088541666666668
0 0.75048828125 0.7962239583333334 0.00634765625 0.015625
0 0.75244140625 0.79296875 0.00634765625 0.014322916666666666
0 0.758056640625 0.7802734375 0.0068359375 0.010416666666666666
0 0.743896484375 0.7760416666666666 0.005859375 0.01171875
0 0.747314453125 0.7734375 0.00830078125 0.020182291666666668
0 0.740966796875 0.7529296875 0.0087890625 0.017578125
0 0.72119140625 0.802734375 0.01025390625 0.024088541666666668
0 0.677734375 0.8323567708333334 0.0224609375 0.024739583333333332
0 0.672607421875 0.8642578125 0.0126953125 0.016276041666666668
0 0.702392578125 0.7750651041666666 0.01123046875 0.018880208333333332
0 0.6953125 0.7578125 0.00927734375 0.01953125
0 0.6904296875 0.7350260416666666 0.00732421875 0.01171875
0 0.7109375 0.6962890625 0.00732421875 0.01171875
0 0.7177734375 0.7174479166666666 0.0166015625 0.026692708333333332
0 0.7578125 0.6910807291666666 0.01318359375 0.024088541666666668
0 0.76318359375 0.7184244791666666 0.00927734375 0.010416666666666666
0 0.77783203125 0.6614583333333334 0.0078125 0.011067708333333334
0 0.74267578125 0.6487630208333334 0.00732421875 0.013671875
0 0.753662109375 0.6354166666666666 0.01025390625 0.014322916666666666
0 0.764404296875 0.6331380208333334 0.01416015625 0.024739583333333332
0 0.7705078125 0.6097005208333334 0.0078125 0.008463541666666666
0 0.779296875 0.6197916666666666 0.00732421875 0.010416666666666666
0 0.718994140625 0.6640625 0.0107421875 0.016927083333333332
0 0.66259765625 0.6822916666666666 0.0107421875 0.013671875
0 0.632568359375 0.7369791666666666 0.013671875 0.01171875
0 0.724609375 0.6809895833333334 0.0068359375 0.010416666666666666
0 0.643310546875 0.623046875 0.01513671875 0.018229166666666668
0 0.62255859375 0.6044921875 0.01513671875 0.01953125
0 0.612060546875 0.6614583333333334 0.009765625 0.012369791666666666
0 0.6298828125 0.6435546875 0.00439453125 0.005208333333333333
0 0.58544921875 0.6783854166666666 0.0107421875 0.01171875
0 0.69677734375 0.5768229166666666 0.0146484375 0.020833333333333332
0 0.708251953125 0.5250651041666666 0.01513671875 0.044270833333333336
0 0.730712890625 0.5537109375 0.00927734375 0.012369791666666666
0 0.709228515625 0.6240234375 0.0087890625 0.01171875
0 0.748291015625 0.5618489583333334 0.01171875 0.014973958333333334
0 0.77099609375 0.5380859375 0.00927734375 0.016276041666666668
0 0.785400390625 0.513671875 0.01318359375 0.014322916666666666
0 0.784912109375 0.5286458333333334 0.01220703125 0.01171875
0 0.760009765625 0.4873046875 0.015625 0.01953125
0 0.77392578125 0.4680989583333333 0.00732421875 0.009114583333333334
0 0.770751953125 0.4521484375 0.0068359375 0.009765625
0 0.78564453125 0.4342447916666667 0.0078125 0.009765625
0 0.802490234375 0.4518229166666667 0.0107421875 0.01171875
0 0.809326171875 0.4856770833333333 0.01220703125 0.016927083333333332
0 0.815185546875 0.4912109375 0.01025390625 0.012369791666666666
0 0.794677734375 0.4033203125 0.0087890625 0.011067708333333334
0 0.831787109375 0.4088541666666667 0.01171875 0.012369791666666666
0 0.839111328125 0.4127604166666667 0.01513671875 0.014973958333333334
0 0.829833984375 0.44140625 0.0107421875 0.01171875
0 0.837646484375 0.4427083333333333 0.0087890625 0.010416666666666666
0 0.62255859375 0.7633463541666666 0.00927734375 0.012369791666666666
0 0.6416015625 0.7662760416666666 0.0087890625 0.012369791666666666
0 0.60888671875 0.7916666666666666 0.0087890625 0.01171875
0 0.608154296875 0.826171875 0.00634765625 0.013020833333333334
0 0.621337890625 0.8512369791666666 0.01318359375 0.015625
0 0.580810546875 0.8470052083333334 0.01025390625 0.017578125
0 0.597900390625 0.8590494791666666 0.0107421875 0.012369791666666666
0 0.607666015625 0.8919270833333334 0.0146484375 0.020833333333333332
0 0.666748046875 0.935546875 0.00927734375 0.012369791666666666
0 0.67626953125 0.9873046875 0.01025390625 0.015625
0 0.643798828125 0.9752604166666666 0.0078125 0.0078125
0 0.6259765625 0.9912109375 0.0126953125 0.014973958333333334
0 0.544677734375 0.9684244791666666 0.00732421875 0.009765625
0 0.508056640625 0.9352213541666666 0.02490234375 0.03125
0 0.556396484375 0.861328125 0.01025390625 0.01171875
0 0.4951171875 0.8717447916666666 0.0087890625 0.01171875
0 0.466064453125 0.8990885416666666 0.0087890625 0.01171875
0 0.467041015625 0.935546875 0.00634765625 0.01171875
0 0.3935546875 0.9124348958333334 0.013671875 0.012369791666666666
0 0.373046875 0.9501953125 0.01708984375 0.017578125
0 0.46337890625 0.794921875 0.02490234375 0.025390625
0 0.55029296875 0.794921875 0.00927734375 0.009765625
0 0.53857421875 0.7574869791666666 0.00830078125 0.011067708333333334
1 0.096923828125 0.22102864583333334 0.05810546875 0.041666666666666664
0 0.183837890625 0.6923828125 0.0126953125 0.014322916666666666
0 0.77587890625 0.576171875 0.0126953125 0.026041666666666668
0 0.80126953125 0.576171875 0.00634765625 0.009114583333333334