0 0.14666666666666667 0.7401129943502824 0.19333333333333333 0.2448210922787194
0 0.3375 0.903954802259887 0.21833333333333332 0.17890772128060264
0 0.5841666666666666 0.8973634651600754 0.25166666666666665 0.20527306967984935
0 0.7725 0.7259887005649718 0.22666666666666666 0.2598870056497175
0 0.6116666666666667 0.5131826741996234 0.235 0.3333333333333333
0 0.35583333333333333 0.6290018832391714 0.24666666666666667 0.2919020715630885
0 0.1375 0.4293785310734463 0.165 0.263653483992467
0 0.23 0.15819209039548024 0.18166666666666667 0.2580037664783427
0 0.4 0.2947269303201507 0.20666666666666667 0.23163841807909605
0 0.4191666666666667 0.064030131826742 0.205 0.128060263653484
0 0.6708333333333333 0.13088512241054615 0.23666666666666666 0.23728813559322035
0 0.8308333333333333 0.3870056497175141 0.24333333333333335 0.327683615819209