0 0.22916666666666666 0.1487758945386064 0.19166666666666668 0.18455743879472694
0 0.09666666666666666 0.3898305084745763 0.17 0.22598870056497175
0 0.14666666666666667 0.6685499058380414 0.18666666666666668 0.2523540489642185
0 0.35 0.8427495291902072 0.2 0.22033898305084745
0 0.5075 0.6261770244821092 0.265 0.21657250470809794
0 0.3625 0.3615819209039548 0.225 0.23728813559322035
0 0.49833333333333335 0.0847457627118644 0.21333333333333335 0.14689265536723164
0 0.7508333333333334 0.14030131826741996 0.205 0.16760828625235405
0 0.6616666666666666 0.3531073446327684 0.17666666666666667 0.2015065913370998
0 0.9016666666666666 0.3314500941619586 0.15666666666666668 0.21092278719397364
0 0.8516666666666667 0.6261770244821092 0.17666666666666667 0.23540489642184556
0 0.6558333333333334 0.8483992467043314 0.25833333333333336 0.2278719397363465