0 0.4068627450980392 0.4693627450980392 0.18137254901960784 0.32107843137254904
0 0.21650326797385622 0.7487745098039216 0.09803921568627451 0.22303921568627452
0 0.4084967320261438 0.9191176470588235 0.13562091503267973 0.16176470588235295
0 0.7933006535947712 0.6102941176470589 0.3088235294117647 0.3235294117647059
0 0.09558823529411764 0.9264705882352942 0.10294117647058823 0.12745098039215685
0 0.04084967320261438 0.6556372549019608 0.05392156862745098 0.11519607843137254
0 0.10130718954248366 0.46078431372549017 0.07352941176470588 0.1642156862745098
0 0.2107843137254902 0.24142156862745098 0.10130718954248366 0.28431372549019607
0 0.03022875816993464 0.23897058823529413 0.06045751633986928 0.12009803921568628
0 0.008169934640522876 0.8112745098039216 0.016339869281045753 0.13725490196078433
0 0.05473856209150327 0.9705882352941176 0.07026143790849673 0.058823529411764705