0 0.057942708333333336 0.657958984375 0.11588541666666667 0.10986328125
0 0.048828125 0.79345703125 0.09765625 0.072265625
0 0.12141927083333333 0.722900390625 0.064453125 0.05078125
0 0.21354166666666666 0.822998046875 0.126953125 0.05810546875
0 0.3382161458333333 0.800537109375 0.041666666666666664 0.029296875
0 0.3961588541666667 0.829833984375 0.08072916666666667 0.07373046875
0 0.4749348958333333 0.840087890625 0.044270833333333336 0.04150390625
0 0.5543619791666666 0.8603515625 0.06380208333333333 0.05615234375
0 0.5849609375 0.831787109375 0.076171875 0.05859375
0 0.6136067708333334 0.798828125 0.027994791666666668 0.0283203125
0 0.626953125 0.857666015625 0.06510416666666667 0.0498046875
0 0.6761067708333334 0.8525390625 0.060546875 0.064453125
0 0.7203776041666666 0.802001953125 0.025390625 0.02001953125
0 0.6722005208333334 0.802734375 0.045572916666666664 0.03857421875
0 0.7799479166666666 0.8095703125 0.061848958333333336 0.05712890625
0 0.7041015625 0.74462890625 0.042317708333333336 0.05078125
0 0.75 0.748291015625 0.051432291666666664 0.05126953125
0 0.7864583333333334 0.758056640625 0.048177083333333336 0.05126953125
0 0.9228515625 0.751953125 0.028645833333333332 0.021484375
0 0.9462890625 0.72119140625 0.030598958333333332 0.025390625
0 0.845703125 0.676025390625 0.02734375 0.021484375
0 0.8717447916666666 0.656005859375 0.026692708333333332 0.0224609375
0 0.9375 0.69140625 0.050130208333333336 0.0390625
0 0.9615885416666666 0.653564453125 0.027994791666666668 0.0224609375
0 0.9186197916666666 0.615966796875 0.029296875 0.02587890625
0 0.9576822916666666 0.57763671875 0.022786458333333332 0.015625
0 0.9772135416666666 0.580810546875 0.025390625 0.01611328125
0 0.9694010416666666 0.5458984375 0.061197916666666664 0.0537109375
0 0.9228515625 0.527099609375 0.046875 0.04248046875
0 0.9329427083333334 0.485107421875 0.022135416666666668 0.01806640625
0 0.8206380208333334 0.5712890625 0.031901041666666664 0.0341796875
0 0.7672526041666666 0.585693359375 0.03125 0.03076171875
0 0.7926432291666666 0.578857421875 0.03125 0.03076171875
0 0.71875 0.6416015625 0.046223958333333336 0.03662109375
0 0.7278645833333334 0.697998046875 0.061197916666666664 0.02978515625
0 0.7594401041666666 0.650390625 0.06510416666666667 0.0654296875
0 0.6897786458333334 0.67236328125 0.05859375 0.04345703125
0 0.6181640625 0.695556640625 0.032552083333333336 0.0322265625
0 0.5826822916666666 0.677001953125 0.022786458333333332 0.025390625
0 0.5413411458333334 0.73828125 0.050130208333333336 0.05224609375
0 0.5052083333333334 0.703369140625 0.068359375 0.04638671875
0 0.5224609375 0.671630859375 0.059895833333333336 0.04931640625
0 0.4576822916666667 0.66552734375 0.037109375 0.03173828125
0 0.3955078125 0.728759765625 0.06640625 0.0546875
0 0.3304036458333333 0.703369140625 0.134765625 0.1083984375
0 0.3805338541666667 0.660400390625 0.05859375 0.0517578125
0 0.3463541666666667 0.643798828125 0.033854166666666664 0.041015625
0 0.3004557291666667 0.598876953125 0.05859375 0.03564453125
0 0.24739583333333334 0.585693359375 0.06380208333333333 0.03662109375
0 0.2535807291666667 0.6650390625 0.08072916666666667 0.0751953125
0 0.20735677083333334 0.656494140625 0.06705729166666667 0.0625
0 0.1494140625 0.677734375 0.14778645833333334 0.076171875
0 0.18326822916666666 0.611083984375 0.06510416666666667 0.03271484375
0 0.16927083333333334 0.583740234375 0.038411458333333336 0.02197265625
0 0.138671875 0.572265625 0.029296875 0.03125
0 0.11783854166666667 0.54052734375 0.045572916666666664 0.0576171875
0 0.0126953125 0.530029296875 0.025390625 0.09130859375
0 0.044921875 0.457275390625 0.052083333333333336 0.0458984375
0 0.15364583333333334 0.4755859375 0.041666666666666664 0.02685546875
0 0.18294270833333334 0.5126953125 0.042317708333333336 0.03076171875
0 0.1845703125 0.548583984375 0.06575520833333333 0.0498046875
0 0.2548828125 0.533203125 0.09635416666666667 0.06494140625
0 0.3001302083333333 0.5751953125 0.050130208333333336 0.029296875
0 0.4222005208333333 0.621337890625 0.07421875 0.0712890625
0 0.5045572916666666 0.60595703125 0.054036458333333336 0.04052734375
0 0.4609375 0.566650390625 0.049479166666666664 0.03466796875
0 0.3981119791666667 0.564453125 0.044921875 0.0234375
0 0.3414713541666667 0.517822265625 0.07356770833333333 0.0537109375
0 0.2932942708333333 0.501708984375 0.06770833333333333 0.03955078125
0 0.2610677083333333 0.454345703125 0.09440104166666667 0.08251953125
0 0.18131510416666666 0.391357421875 0.06315104166666667 0.0478515625
0 0.040364583333333336 0.366455078125 0.052083333333333336 0.080078125
0 0.11686197916666667 0.357177734375 0.11783854166666667 0.06787109375
0 0.09798177083333333 0.297607421875 0.046223958333333336 0.02783203125
0 0.07454427083333333 0.2041015625 0.044270833333333336 0.04638671875
0 0.14908854166666666 0.139404296875 0.10026041666666667 0.06396484375
0 0.1611328125 0.229248046875 0.09244791666666667 0.0625
0 0.2265625 0.3681640625 0.068359375 0.056640625
0 0.2942708333333333 0.39404296875 0.055989583333333336 0.0517578125
0 0.2867838541666667 0.34814453125 0.059244791666666664 0.056640625
0 0.3408203125 0.35546875 0.07096354166666667 0.0615234375
0 0.3180338541666667 0.431396484375 0.055989583333333336 0.05859375
0 0.3662109375 0.406982421875 0.052083333333333336 0.0478515625
0 0.26171875 0.260986328125 0.06770833333333333 0.05615234375
0 0.2451171875 0.180419921875 0.049479166666666664 0.03857421875
0 0.2646484375 0.123046875 0.057942708333333336 0.0458984375
0 0.21744791666666666 0.095703125 0.052734375 0.02294921875
0 0.3483072916666667 0.24462890625 0.056640625 0.048828125
0 0.326171875 0.2177734375 0.049479166666666664 0.03662109375
0 0.3629557291666667 0.159912109375 0.039713541666666664 0.04296875
0 0.4453125 0.1416015625 0.05859375 0.046875
0 0.3831380208333333 0.22900390625 0.061197916666666664 0.046875
0 0.4163411458333333 0.23388671875 0.054036458333333336 0.04150390625
0 0.4303385416666667 0.32421875 0.14127604166666666 0.09326171875
0 0.51953125 0.263916015625 0.054036458333333336 0.0458984375
0 0.4527994791666667 0.30517578125 0.041015625 0.02880859375
0 0.5045572916666666 0.2919921875 0.052083333333333336 0.04638671875
0 0.5006510416666666 0.353759765625 0.037109375 0.0283203125
0 0.4505208333333333 0.3759765625 0.046875 0.03271484375
0 0.4791666666666667 0.395263671875 0.041015625 0.02880859375
0 0.5 0.38427734375 0.041666666666666664 0.04248046875
0 0.4235026041666667 0.422119140625 0.052734375 0.0380859375
0 0.3961588541666667 0.44873046875 0.03515625 0.03466796875
0 0.4485677083333333 0.4814453125 0.037760416666666664 0.0234375
0 0.47265625 0.464111328125 0.035807291666666664 0.033203125
0 0.4462890625 0.514404296875 0.052734375 0.03515625
0 0.4879557291666667 0.5751953125 0.033854166666666664 0.029296875
0 0.51171875 0.55078125 0.013020833333333334 0.009765625
0 0.5296223958333334 0.53125 0.03125 0.02490234375
0 0.5286458333333334 0.5517578125 0.024739583333333332 0.01806640625
0 0.5764973958333334 0.568359375 0.022786458333333332 0.02099609375
0 0.5882161458333334 0.516357421875 0.035807291666666664 0.029296875
0 0.5400390625 0.490966796875 0.07096354166666667 0.078125
0 0.5458984375 0.428955078125 0.0390625 0.029296875
0 0.5169270833333334 0.49853515625 0.01171875 0.009765625
0 0.5543619791666666 0.548583984375 0.03515625 0.03076171875
0 0.6149088541666666 0.5576171875 0.0234375 0.021484375
0 0.666015625 0.568603515625 0.045572916666666664 0.05908203125
0 0.65625 0.506591796875 0.049479166666666664 0.03466796875
0 0.580078125 0.460693359375 0.06705729166666667 0.05126953125
0 0.6119791666666666 0.488037109375 0.026041666666666668 0.0166015625
0 0.6373697916666666 0.449462890625 0.056640625 0.04443359375
0 0.6298828125 0.41552734375 0.091796875 0.07080078125
0 0.6354166666666666 0.380126953125 0.048177083333333336 0.04345703125
0 0.5455729166666666 0.396728515625 0.035807291666666664 0.0283203125
0 0.6953125 0.455078125 0.040364583333333336 0.0439453125
0 0.575334568359375 0.43041914794921876 0.5773796588541666 0.43715913330078127 0.6161251848958333 0.47352893310546873 0.6180666165364583 0.46267802734375 0.6098212916666667 0.44912840234375 0.6021786243489583 0.43908769140625 0.5902086790364584 0.4331875703125 0.5778483274739583 0.42975683251953123 0.575334568359375 0.43041914794921876
0 0.5673828125 0.358154296875 0.033854166666666664 0.03564453125
0 0.5872395833333334 0.30859375 0.07552083333333333 0.0576171875
0 0.6246744791666666 0.296875 0.038411458333333336 0.046875
0 0.5615234375 0.286865234375 0.04296875 0.037109375
0 0.6009114583333334 0.2431640625 0.09244791666666667 0.06591796875
0 0.5348307291666666 0.216796875 0.061848958333333336 0.044921875
0 0.6432291666666666 0.227294921875 0.032552083333333336 0.0302734375
0 0.6494140625 0.19482421875 0.03515625 0.02880859375
0 0.4993489583333333 0.22509765625 0.035807291666666664 0.037109375
0 0.5130208333333334 0.17333984375 0.08723958333333333 0.078125
0 0.7985026041666666 0.26318359375 0.029947916666666668 0.02978515625
0 0.8125 0.29345703125 0.035807291666666664 0.037109375
0 0.8076171875 0.325439453125 0.026692708333333332 0.02783203125
0 0.765625 0.30615234375 0.033203125 0.033203125
0 0.716796875 0.2880859375 0.030598958333333332 0.02783203125
0 0.6774088541666666 0.330322265625 0.030598958333333332 0.0302734375
0 0.7265625 0.350830078125 0.022135416666666668 0.02099609375
0 0.7737630208333334 0.367919921875 0.049479166666666664 0.0595703125
0 0.82421875 0.357666015625 0.041015625 0.03271484375
0 0.8531901041666666 0.34130859375 0.037760416666666664 0.04345703125
0 0.7805989583333334 0.422607421875 0.07682291666666667 0.09130859375
0 0.7360026041666666 0.412841796875 0.025390625 0.0234375
0 0.6868489583333334 0.39599609375 0.024739583333333332 0.021484375
0 0.8271484375 0.4404296875 0.025390625 0.02197265625
0 0.8570963541666666 0.447998046875 0.020833333333333332 0.017578125
0 0.8834635416666666 0.434814453125 0.021484375 0.01806640625
0 0.9072265625 0.4189453125 0.025390625 0.021484375
0 0.7932942708333334 0.48486328125 0.028645833333333332 0.0205078125
0 0.7718098958333334 0.499267578125 0.033854166666666664 0.029296875
0 0.7646484375 0.529541015625 0.034505208333333336 0.02734375
0 0.7151692708333334 0.5205078125 0.052083333333333336 0.04150390625
0 0.7259114583333334 0.578369140625 0.053385416666666664 0.04443359375
0 0.8043619791666666 0.53564453125 0.030598958333333332 0.03662109375
0 0.6012369791666666 0.635498046875 0.10611979166666667 0.09423828125
0 0.669921875 0.6162109375 0.040364583333333336 0.03515625
0 0.9899088541666666 0.437744140625 0.020182291666666668 0.03173828125
0 0.9977213541666666 0.38720703125 0.004557291666666667 0.0234375
0 0.9596354166666666 0.336181640625 0.026692708333333332 0.0234375
0 0.9527994791666666 0.31884765625 0.014322916666666666 0.01806640625
0 0.6282552083333334 0.6201171875 0.064453125 0.05029296875
1 0.7112630208333334 0.654052734375 0.14322916666666666 0.12353515625
0 0.6676432291666666 0.25927734375 0.059244791666666664 0.04638671875
0 0.6689453125 0.252685546875 0.017578125 0.01123046875
0 0.5771484375 0.338134765625 0.042317708333333336 0.02392578125
1 0.462890625 0.353759765625 0.4264322916666667 0.31396484375
1 0.3238932291666667 0.5537109375 0.46484375 0.23974609375