1 0.38 0.1780693533270853 0.16375 0.1387066541705717
1 0.305625 0.3880037488284911 0.1775 0.1218369259606373
0 0.208125 0.3828491096532334 0.1375 0.11527647610121837
1 0.22875 0.2600749765698219 0.16875 0.13683223992502344
0 0.319375 0.5515463917525774 0.0825 0.1246485473289597
0 0.76125 0.5056232427366448 0.1 0.08153701968134958
0 0.05375 0.15089034676663543 0.05125 0.03467666354264293
0 0.881875 0.3486410496719775 0.055 0.06841611996251172
1 0.345 0.8022492970946579 0.15375 0.14526710402999063
0 0.349375 0.29662605435801315 0.05 0.09934395501405811
0 0.691875 0.2802249297094658 0.08125 0.05529522024367385
0 0.275 0.23992502343017807 0.06875 0.07872539831302718
0 0.52875 0.6162136832239925 0.02375 0.06091846298031865
0 0.275 0.6368322399250235 0.01625 0.02999062792877226
0 0.29375 0.6354264292408622 0.01625 0.02999062792877226
1 0.72375 0.2539831302717901 0.1775 0.15370196813495782
0 0.35375 0.34629803186504216 0.02125 0.01218369259606373
0 0.354375 0.3547328959700094 0.02375 0.014058106841611996
0 0.001875 0.31208997188378634 0.00375 0.01499531396438613
1 0.929375 0.19119025304592316 0.06 0.07497656982193064
1 0.9625 0.18181818181818182 0.04875 0.05154639175257732
0 0.964375 0.32052483598875353 0.015 0.01499531396438613
0 0.9525 0.3055295220243674 0.0125 0.00937207122774133
0 0.96 0.2985004686035614 0.01 0.007497656982193065
0 0.970625 0.30178069353327086 0.0125 0.00937207122774133
0 0.981875 0.3055295220243674 0.01125 0.007497656982193065
0 0.935625 0.2914714151827554 0.01 0.008434864104967198
0 0.9875 0.2980318650421743 0.00625 0.00937207122774133