0 0.944375 0.7717900656044986 0.07625 0.061855670103092786
0 0.865 0.5941893158388004 0.07125 0.05998125585754452
0 0.754375 0.6105904404873477 0.08125 0.07591377694470477
0 0.40625 0.6148078725398313 0.04625 0.053420805998125584
0 0.694375 0.39550140581068416 0.085 0.07778819119025304
0 0.618125 0.528584817244611 0.09 0.08622305529522024
0 0.02625 0.3345829428303655 0.0525 0.04311152764761012
0 0.1925 0.24179943767572634 0.04875 0.041237113402061855
0 0.049375 0.17478912839737581 0.055 0.031865042174320526
0 0.388125 0.7155576382380506 0.05875 0.04029990627928772
1 0.3375 0.34208059981255856 0.2225 0.28865979381443296
0 0.385 0.6747891283973758 0.04875 0.04029990627928772
0 0.3825 0.3416119962511715 0.08375 0.07872539831302718
0 0.655625 0.7357075913776945 0.06375 0.04967197750702906
0 0.568125 0.49953139643861294 0.0425 0.05716963448922212
0 0.186875 0.5796626054358013 0.0825 0.05154639175257732
0 0.660625 0.1780693533270853 0.05375 0.05060918462980318
0 0.195 0.7769447047797563 0.05625 0.04779756326148079
0 0.408125 0.7582005623242737 0.03375 0.05716963448922212
1 0.888125 0.3959700093720712 0.09375 0.07872539831302718
0 0.050625 0.654639175257732 0.05875 0.04217432052483599
0 0.215625 0.5384254920337395 0.05875 0.06747891283973759
0 0.5 0.774601686972821 0.03875 0.031865042174320526
0 0.128125 0.7361761949390815 0.0475 0.04873477038425492
0 0.831875 0.18837863167760074 0.03625 0.041237113402061855
1 0.595 0.2380506091846298 0.1825 0.15182755388940955
1 0.76 0.17010309278350516 0.18625 0.12277413308341144
0 0.599375 0.6982193064667291 0.0575 0.17525773195876287
1 0.0175 0.5168697282099344 0.035 0.10402999062792877
1 0.515 0.8444236176194939 0.22 0.07872539831302718
0 0.07 0.8716026241799437 0.05125 0.07966260543580131
0 0.640625 0.27835051546391754 0.035 0.022492970946579195
0 0.8925 0.20384254920337394 0.0325 0.02155576382380506
0 0.83 0.4034676663542643 0.0975 0.16494845360824742
0 0.880625 0.3598875351452671 0.03875 0.01218369259606373
1 0.885 0.19868791002811623 0.08625 0.07591377694470477
0 0.80375 0.16776007497656983 0.01375 0.00937207122774133
1 0.655625 0.19775070290534208 0.12125 0.1583880037488285
0 0.5225 0.17104029990627928 0.02875 0.031865042174320526
0 0.333125 0.46719775070290537 0.0525 0.03280224929709466
0 0.421875 0.4831302717900656 0.02875 0.01499531396438613
0 0.401875 0.3003748828491096 0.0375 0.020618556701030927
0 0.13125 0.32239925023430177 0.0225 0.026241799437675725
1 0.079375 0.26101218369259604 0.15875 0.21836925960637302
0 0.2525 0.7525773195876289 0.07375 0.03748828491096532