0 0.6197368421052631 0.7260233918128655 0.035964912280701755 0.029239766081871343
0 0.9732456140350877 0.49181286549707603 0.02982456140350877 0.019883040935672516
0 0.749561403508772 0.312280701754386 0.03070175438596491 0.01929824561403509
0 0.6214912280701754 0.4950292397660819 0.03245614035087719 0.02046783625730994
0 0.0912280701754386 0.560233918128655 0.04824561403508772 0.044444444444444446
0 0.2868421052631579 0.7432748538011696 0.03684210526315789 0.025730994152046785
0 0.16622807017543859 0.8666666666666667 0.05789473684210526 0.027485380116959064
0 0.3881578947368421 0.5888888888888889 0.058771929824561406 0.07368421052631578
0 0.3942982456140351 0.44883040935672514 0.05964912280701754 0.028070175438596492
0 0.5991228070175438 0.6511695906432748 0.031578947368421054 0.025146198830409357
0 0.7662280701754386 0.6187134502923977 0.04824561403508772 0.027485380116959064
0 0.9289473684210526 0.7412280701754386 0.06666666666666667 0.04678362573099415