0 0.48464912280701755 0.26052631578947366 0.034210526315789476 0.02865497076023392
0 0.043859649122807015 0.4154970760233918 0.028070175438596492 0.01871345029239766
0 0.17894736842105263 0.6307017543859649 0.02982456140350877 0.01871345029239766
0 0.3815789473684211 0.4812865497076023 0.03070175438596491 0.019883040935672516
0 0.9175438596491228 0.5222222222222223 0.04473684210526316 0.043859649122807015
0 0.8105263157894737 0.3087719298245614 0.03508771929824561 0.02456140350877193
0 0.9754385964912281 0.21403508771929824 0.04912280701754386 0.025730994152046785
0 0.6460526315789473 0.4368421052631579 0.05350877192982456 0.07309941520467836
0 0.5785087719298245 0.5695906432748538 0.05789473684210526 0.02631578947368421
0 0.47149122807017546 0.3362573099415205 0.02982456140350877 0.023976608187134502
0 0.29736842105263156 0.3347953216374269 0.04649122807017544 0.02631578947368421
0 0.1956140350877193 0.18567251461988304 0.06403508771929825 0.04502923976608187
0 0.05570175438596491 0.256140350877193 0.035964912280701755 0.042105263157894736