1 0.4025 0.549203373945642 0.2325 0.17432052483598875
1 0.28 0.7666354264292409 0.2 0.15932521087160262
0 0.315 0.3467666354264292 0.22 0.1724461105904405
0 0.520625 0.16776007497656983 0.15625 0.11433926897844424
0 0.256875 0.10028116213683223 0.15625 0.1162136832239925
1 0.461875 0.936738519212746 0.19625 0.12652296157450796
1 0.26375 0.8955014058106842 0.2225 0.1471415182755389
0 0.7025 0.2282099343955014 0.0675 0.04967197750702906
0 0.9025 0.3045923149015933 0.195 0.1893158388003749
0 0.616875 0.6977507029053421 0.05125 0.044048734770384255
0 0.958125 0.8978444236176195 0.08125 0.05248359887535145
0 0.565625 0.6977507029053421 0.04875 0.03467666354264293
0 0.611875 0.5459231490159325 0.05625 0.04779756326148079
0 0.60375 0.38425492033739456 0.0425 0.03561387066541706
0 0.558125 0.6190253045923149 0.05625 0.04967197750702906
0 0.605 0.42924086223055297 0.0525 0.03561387066541706
0 0.0875 0.0951265229615745 0.0425 0.04029990627928772
0 0.71125 0.42736644798500467 0.045 0.03748828491096532
0 0.190625 0.24179943767572634 0.04125 0.03936269915651359
0 0.505 0.4301780693533271 0.035 0.028116213683223992
0 0.41125 0.5998125585754451 0.0425 0.026241799437675725
0 0.9725 0.4496438612933458 0.055 0.13257731958762886
0 0.014375 0.10309278350515463 0.02875 0.05998125585754452
0 0.794375 0.7792877225866917 0.04875 0.03655107778819119
0 0.015 0.29053420805998126 0.03 0.031865042174320526
0 0.6025 0.27225866916588565 0.0375 0.02717900656044986
0 0.5675 0.2694470477975633 0.035 0.02530459231490159
0 0.511875 0.7366447985004686 0.03625 0.02436738519212746
0 0.519375 0.7774133083411434 0.02375 0.02155576382380506
0 0.71625 0.6180880974695407 0.02 0.01218369259606373
0 0.51 0.6213683223992502 0.0375 0.02436738519212746
0 0.5125 0.6986879100281163 0.035 0.02530459231490159
0 0.98625 0.6138706654170571 0.025 0.016869728209934397
0 0.53125 0.9550140581068416 0.015 0.016869728209934397
0 0.506875 0.9240862230552952 0.01875 0.01874414245548266
0 0.5007 0.3913589503280225 0.03755 0.028153701968134957
0 0.6563375 0.8320993439550141 0.0202875 0.01077788191190253
0 0.853275 0.8503186504217431 0.010137499999999999 0.009184629803186505
1 0.8296125000000001 0.8422399250234301 0.1808875 0.11660731021555763
1 0.9219875000000001 0.8297282099343956 0.1560125 0.20944704779756326