1 0.405 0.5515463917525774 0.24 0.17994376757263356
1 0.2925 0.7722586691658857 0.2075 0.1640112464854733
0 0.308125 0.351921274601687 0.2275 0.1780693533270853
0 0.505 0.16729147141518275 0.16125 0.11808809746954077
0 0.238125 0.10684161199625117 0.16125 0.11996251171508904
1 0.4825 0.9358013120899719 0.2025 0.12839737582005623
1 0.2825 0.901593252108716 0.22875 0.1527647610121837
0 0.69 0.22305529522024367 0.07 0.05154639175257732
0 0.893125 0.2942830365510778 0.20375 0.19400187441424555
0 0.62625 0.6944704779756327 0.05375 0.04498594189315839
0 0.966875 0.8856607310215557 0.06625 0.05435801312089972
0 0.575 0.6958762886597938 0.05 0.03561387066541706
0 0.61375 0.5431115276476102 0.05875 0.04967197750702906
0 0.598125 0.38144329896907214 0.04375 0.03655107778819119
0 0.56375 0.6176194939081537 0.05875 0.05154639175257732
0 0.601875 0.42642924086223055 0.05375 0.03655107778819119
0 0.06875 0.10637300843486411 0.04375 0.041237113402061855
0 0.7075 0.4217432052483599 0.04625 0.038425492033739454
0 0.17875 0.25023430178069356 0.0425 0.04029990627928772
0 0.501875 0.4301780693533271 0.03625 0.029053420805998126
0 0.41625 0.6021555763823805 0.04375 0.02717900656044986
0 0.969375 0.43767572633552015 0.06125 0.1330834114339269
0 0.005625 0.11574507966260543 0.01125 0.06091846298031865
0 0.8075 0.7713214620431116 0.05 0.03748828491096532
0 0.010625 0.30318650421743204 0.02125 0.03280224929709466
0 0.591875 0.26991565135895035 0.03875 0.028116213683223992
0 0.556875 0.26804123711340205 0.03625 0.026241799437675725
0 0.523125 0.7361761949390815 0.0375 0.02530459231490159
0 0.5325 0.7769447047797563 0.025 0.022492970946579195
0 0.721875 0.612464854732896 0.02 0.013120899718837863
0 0.515625 0.6208997188378632 0.03875 0.02530459231490159
0 0.521875 0.6982193064667291 0.03625 0.026241799437675725
0 0.98875 0.6012183692596064 0.0225 0.01780693533270853
0 0.5525 0.9540768509840675 0.01625 0.016869728209934397
0 0.526875 0.9236176194939082 0.02 0.019681349578256794
0 0.495625 0.39128397375820057 0.03875 0.029053420805998126
0 0.671875 0.8280224929709465 0.02 0.01218369259606373
0 0.869375 0.8411433926897844 0.01 0.00937207122774133
1 0.845 0.8331771321462043 0.18625 0.12089971883786317
1 0.926875 0.8186504217432052 0.14625 0.21274601686972822