1 0.104375 0.2169634489222118 0.14875 0.11152764761012184
1 0.50125 0.2282099343955014 0.16 0.09934395501405811
0 0.813125 0.8158388003748829 0.1075 0.06373008434864105
0 0.130625 0.6227741330834115 0.085 0.07122774133083412
1 0.773125 0.15557638238050608 0.16375 0.1471415182755389
1 0.28625 0.31208997188378634 0.19 0.1471415182755389
1 0.904375 0.21649484536082475 0.1025 0.10684161199625117
1 0.68125 0.28256794751640113 0.14625 0.09934395501405811
0 0.0575 0.42033739456419866 0.08125 0.09746954076850985
0 0.6325 0.725398313027179 0.08875 0.07029053420805999
0 0.429375 0.7839737582005624 0.07125 0.06935332708528585
0 0.06 0.7296157450796626 0.04625 0.059044048734770385
0 0.750625 0.44329896907216493 0.0925 0.07122774133083412
0 0.895 0.7867853795688847 0.08 0.06841611996251172
1 0.595625 0.2539831302717901 0.17875 0.1162136832239925
0 0.445625 0.7221180880974696 0.085 0.06841611996251172
0 0.49375 0.7553889409559512 0.0625 0.044048734770384255
0 0.215 0.682755388940956 0.0725 0.06091846298031865
1 0.85375 0.1850984067478913 0.16375 0.08528584817244611
0 0.126875 0.3964386129334583 0.0475 0.030927835051546393
0 0.329375 0.8294283036551078 0.0675 0.04029990627928772
0 0.569375 0.598875351452671 0.0675 0.05716963448922212
0 0.385 0.7207122774133083 0.07625 0.05248359887535145
0 0.3825 0.457825679475164 0.0375 0.03655107778819119
0 0.303125 0.6569821930646673 0.04 0.03561387066541706
0 0.37625 0.4301780693533271 0.0925 0.06654170571696345
0 0.729375 0.6283973758200563 0.04 0.03561387066541706
0 0.304375 0.20759137769447047 0.04875 0.031865042174320526
0 0.491875 0.8697282099343955 0.06 0.028116213683223992
0 0.746875 0.8345829428303655 0.09375 0.041237113402061855
0 0.57625 0.7413308341143393 0.0575 0.03561387066541706
1 0.198125 0.25445173383317715 0.1775 0.08622305529522024
0 0.186875 0.19634489222118087 0.04875 0.03280224929709466
1 0.348125 0.2642924086223055 0.145 0.10590440487347703
1 0.698125 0.12839737582005623 0.15625 0.07778819119025304
0 0.66 0.3392689784442362 0.05125 0.04873477038425492
0 0.20875 0.6152764761012184 0.08875 0.06841611996251172
0 0.5325 0.5927835051546392 0.05125 0.044048734770384255
0 0.736875 0.7928772258669166 0.10375 0.07310215557638237
0 0.759375 0.48219306466729145 0.05 0.03561387066541706
0 0.12375 0.9128397375820057 0.04 0.026241799437675725
0 0.298125 0.3809746954076851 0.04 0.029053420805998126
0 0.418125 0.2755388940955951 0.03375 0.029053420805998126
0 0.254375 0.4835988753514527 0.02375 0.020618556701030927
0 0.245625 0.5131208997188379 0.025 0.020618556701030927
0 0.634375 0.669165885660731 0.02 0.022492970946579195
0 0.97375 0.7291471415182755 0.02625 0.026241799437675725
0 0.52375 0.7155576382380506 0.02625 0.02436738519212746
0 0.913125 0.6241799437675727 0.02125 0.019681349578256794
0 0.805 0.15745079662605435 0.01625 0.013120899718837863
0 0.7925 0.6996251171508904 0.02 0.022492970946579195
0 0.72625 0.48406747891283974 0.04125 0.02530459231490159
0 0.8525 0.6644798500468604 0.02 0.02155576382380506
0 0.565 0.7104029990627929 0.03 0.02155576382380506
0 0.5125 0.5398313027179007 0.0175 0.01780693533270853
0 0.69125 0.7488284910965324 0.02875 0.031865042174320526
0 0.9375 0.7910028116213683 0.0225 0.02155576382380506
0 0.578125 0.7736644798500468 0.01875 0.016869728209934397
0 0.995625 0.7225866916588566 0.00875 0.01874414245548266
0 0.96 0.6715089034676663 0.01625 0.01218369259606373
0 0.973125 0.6658856607310215 0.01 0.008434864104967198
0 0.748125 0.6799437675726335 0.0325 0.023430178069353328
0 0.684375 0.7188378631677601 0.025 0.023430178069353328
0 0.69 0.8177132146204311 0.0175 0.01780693533270853
0 0.52875 0.5435801312089972 0.0175 0.016869728209934397
1 0.1975 0.19212746016869728 0.1625 0.08716026241799438
1 0.276875 0.21462043111527648 0.17375 0.07591377694470477
0 0.54375 0.3477038425492034 0.015 0.011246485473289597
0 0.56875 0.4090909090909091 0.01125 0.010309278350515464
0 0.635 0.1302717900656045 0.02 0.01499531396438613