1 0.89125 0.21321462043111528 0.145 0.10871602624179943
1 0.8625 0.5103092783505154 0.1275 0.11808809746954077
0 0.068125 0.7235238987816307 0.08125 0.07872539831302718
0 0.349375 0.21883786316776008 0.09375 0.061855670103092786
1 0.926875 0.7169634489222118 0.14625 0.11808809746954077
1 0.758125 0.34629803186504216 0.19125 0.1387066541705717
1 0.866875 0.8355201499531396 0.1475 0.11715089034676664
1 0.78375 0.6433926897844423 0.12875 0.10684161199625117
0 0.621875 0.17104029990627928 0.1275 0.05716963448922212
0 0.195 0.5913776944704779 0.09125 0.06466729147141519
0 0.12375 0.4372071227741331 0.09 0.05154639175257732
0 0.20625 0.14901593252108716 0.0825 0.06091846298031865
0 0.566875 0.689784442361762 0.0925 0.06747891283973759
0 0.104375 0.7863167760074976 0.08875 0.05810684161199625
1 0.825 0.5801312089971884 0.15 0.13120899718837864
0 0.205625 0.45173383317713217 0.09 0.061855670103092786
0 0.159375 0.48641049671977504 0.0575 0.04592314901593252
0 0.26625 0.2802249297094658 0.08 0.053420805998125584
1 0.9075 0.7760074976569822 0.10875 0.12089971883786317
0 0.65125 0.22399250234301782 0.04 0.03467666354264293
0 0.066875 0.36035613870665417 0.0525 0.04967197750702906
0 0.365625 0.5487347703842549 0.07375 0.04873477038425492
0 0.21 0.4062792877225867 0.0675 0.05529522024367385
0 0.56 0.4133083411433927 0.04875 0.02717900656044986
0 0.2975 0.3467666354264292 0.04625 0.029053420805998126
0 0.5975 0.41002811621368324 0.08625 0.06747891283973759
0 0.320625 0.6677600749765699 0.04625 0.029053420805998126
0 0.89625 0.36363636363636365 0.04125 0.03561387066541706
0 0.0125 0.48125585754451733 0.025 0.044048734770384255
0 0.045625 0.6729147141518276 0.05125 0.06935332708528585
0 0.175625 0.5487347703842549 0.04625 0.04217432052483599
1 0.8375 0.28256794751640113 0.11 0.13120899718837864
0 0.915625 0.2755388940955951 0.0425 0.03561387066541706
1 0.819375 0.39456419868791004 0.1375 0.10590440487347703
1 0.969375 0.6611996251171509 0.06125 0.11527647610121837
0 0.70875 0.6255857544517338 0.06375 0.03655107778819119
0 0.35625 0.2774133083411434 0.08875 0.06466729147141519
0 0.375 0.521087160262418 0.0575 0.03748828491096532
0 0.10125 0.6668228678537957 0.09375 0.07591377694470477
0 0.515 0.6949390815370197 0.04625 0.03655107778819119
0 0.665625 0.3528584817244611 0.0375 0.029053420805998126
0 0.8025 0.4465791940018744 0.03875 0.02436738519212746
0 0.530625 0.31630740393626994 0.0275 0.016869728209934397
0 0.49125 0.30927835051546393 0.0275 0.01780693533270853
0 0.27 0.5946579194001874 0.02875 0.01499531396438613
0 0.1775 0.8467666354264293 0.035 0.01874414245548266
0 0.211875 0.5103092783505154 0.0325 0.01874414245548266
0 0.32 0.8050609184629803 0.02625 0.01499531396438613
0 0.94625 0.7403936269915652 0.01625 0.011246485473289597
0 0.22375 0.7122774133083412 0.02875 0.01499531396438613
0 0.513125 0.6701030927835051 0.0325 0.030927835051546393
0 0.268125 0.7582005623242737 0.0275 0.014058106841611996
0 0.216875 0.5412371134020618 0.0275 0.02155576382380506
0 0.44625 0.5079662605435802 0.0225 0.01218369259606373
0 0.0925 0.9320524835988754 0.02375 0.01218369259606373
0 0.161875 0.6344892221180881 0.0425 0.020618556701030927
0 0.15125 0.8997188378631678 0.0325 0.015932521087160263
0 0.096875 0.8177132146204311 0.02875 0.015932521087160263
0 0.1325 0.5487347703842549 0.02125 0.014058106841611996
0 0.185 0.8697282099343955 0.025 0.01780693533270853
0 0.255 0.8388003748828491 0.015 0.011246485473289597
0 0.2625 0.8486410496719775 0.01125 0.007497656982193065
0 0.251875 0.6794751640112465 0.03125 0.02436738519212746
0 0.201875 0.6302717900656045 0.03125 0.01874414245548266
0 0.07 0.6312089971883786 0.02375 0.01218369259606373
0 0.44125 0.5201499531396439 0.02125 0.013120899718837863
1 0.92125 0.2839737582005623 0.11125 0.11996251171508904
1 0.888125 0.3430178069353327 0.09625 0.12839737582005623
0 0.70125 0.5379568884723523 0.015 0.010309278350515464
0 0.61875 0.5548266166822868 0.01375 0.008434864104967198
0 0.988125 0.6143392689784443 0.02 0.01499531396438613