0 0.95125 0.9118198874296435 0.05 0.08630393996247655
0 0.826875 0.7129455909943715 0.07125 0.09380863039399624
0 0.635 0.8986866791744841 0.115 0.14821763602251406
0 0.363125 0.8883677298311444 0.115 0.19887429643527205
0 0.476875 0.6181988742964353 0.0425 0.11444652908067542
0 0.6675 0.47560975609756095 0.07125 0.150093808630394
0 0.916875 0.35647279549718575 0.07125 0.0675422138836773
0 0.858125 0.5196998123827392 0.07 0.11069418386491557
0 0.738125 0.19136960600375236 0.06125 0.09193245778611632
0 0.57875 0.2401500938086304 0.07 0.1125703564727955
0 0.40125 0.11350844277673545 0.0725 0.15196998123827393
0 0.27625 0.37523452157598497 0.07 0.10131332082551595
0 0.0675 0.23827392120075047 0.07 0.07879924953095685
0 0.090625 0.6106941838649156 0.095 0.18574108818011256