1 0.875 0.2891283973758201 0.25 0.1846298031865042
0 0.985625 0.35520149953139646 0.02875 0.06935332708528585
0 0.404375 0.7122774133083412 0.16125 0.12089971883786317
1 0.9475 0.24320524835988752 0.105 0.1471415182755389
1 0.601875 0.23992502343017807 0.20125 0.19681349578256796
0 0.885 0.7094657919400188 0.075 0.05529522024367385
0 0.521875 0.8547328959700093 0.1075 0.06466729147141519
0 0.648125 0.8106841611996252 0.0925 0.06466729147141519
1 0.49375 0.17197750702905343 0.27 0.12933458294283037
0 0.60625 0.7717900656044986 0.0775 0.05998125585754452
0 0.315 0.42736644798500467 0.055 0.04311152764761012
0 0.1925 0.5332708528584817 0.04875 0.026241799437675725
0 0.930625 0.3767572633552015 0.0975 0.07403936269915651
0 0.18875 0.3373945641986879 0.0425 0.03467666354264293
0 0.5925 0.8683223992502344 0.06375 0.04967197750702906
0 0.291875 0.380506091846298 0.05 0.030927835051546393
0 0.738125 0.24882849109653232 0.04625 0.033739456419868794
0 0.560625 0.6940018744142455 0.045 0.03936269915651359
0 0.104375 0.4198687910028116 0.04875 0.029053420805998126
0 0.418125 0.3069353327085286 0.0525 0.038425492033739454
0 0.13125 0.13683223992502344 0.04875 0.031865042174320526
0 0.2175 0.422680412371134 0.05875 0.04311152764761012
0 0.219375 0.46719775070290537 0.04625 0.02999062792877226
0 0.3375 0.514526710402999 0.04375 0.02999062792877226
0 0.17375 0.8153701968134958 0.07375 0.05716963448922212
0 0.679375 0.8833177132146204 0.07625 0.04217432052483599
0 0.39 0.2769447047797563 0.05125 0.041237113402061855
0 0.361875 0.8289597000937207 0.07125 0.04779756326148079
1 0.816875 0.8561387066541706 0.2475 0.14526710402999063
0 0.605 0.41377694470477977 0.035 0.05248359887535145
1 0.29 0.7985004686035614 0.3075 0.14339268978444236
0 0.331875 0.845360824742268 0.07625 0.03655107778819119
0 0.585625 0.5388940955951266 0.0325 0.05716963448922212
0 0.558125 0.5473289597000938 0.0375 0.056232427366447985
1 0.765 0.2000937207122774 0.17 0.11152764761012184
0 0.21875 0.15510777881911902 0.03375 0.029053420805998126
0 0.101875 0.20103092783505155 0.03 0.030927835051546393
0 0.096875 0.17619493908153702 0.03375 0.02530459231490159
0 0.330625 0.3964386129334583 0.0275 0.019681349578256794
0 0.5075 0.19212746016869728 0.02375 0.013120899718837863
0 0.113125 0.3837863167760075 0.03125 0.015932521087160263
0 0.593125 0.4723523898781631 0.03875 0.02999062792877226
0 0.51375 0.5754451733833177 0.0325 0.02717900656044986
0 0.66 0.5721649484536082 0.03 0.02717900656044986
0 0.820625 0.3673851921274602 0.0325 0.02530459231490159
0 0.883125 0.24273664479850046 0.01875 0.01499531396438613
0 0.665625 0.5510777881911902 0.02125 0.01874414245548266
0 0.18375 0.33270852858481725 0.01625 0.014058106841611996
0 0.28 0.37722586691658855 0.01375 0.01218369259606373
0 0.29625 0.38753514526710403 0.0375 0.02717900656044986
0 0.326875 0.3898781630740394 0.01625 0.01218369259606373
0 0.849375 0.3500468603561387 0.02625 0.016869728209934397
0 0.90125 0.887535145267104 0.01875 0.023430178069353328