1 0.8375 0.7502343017806935 0.2125 0.17525773195876287
0 0.769375 0.8617619493908154 0.08375 0.06091846298031865
0 0.205625 0.46251171508903466 0.14125 0.10590440487347703
1 0.9125 0.8388003748828491 0.175 0.15370196813495782
1 0.85875 0.5346766635426429 0.24 0.1246485473289597
0 0.284375 0.8177132146204311 0.06375 0.04967197750702906
0 0.03625 0.5716963448922212 0.0725 0.07310215557638237
0 0.11375 0.6583880037488284 0.075 0.06091846298031865
1 0.93125 0.4442361761949391 0.135 0.1893158388003749
0 0.15875 0.6213683223992502 0.07 0.05060918462980318
0 0.566875 0.3514526710402999 0.05125 0.03561387066541706
0 0.408125 0.2774133083411434 0.02875 0.033739456419868794
0 0.729375 0.7994376757263355 0.08625 0.06373008434864105
0 0.665625 0.24414245548266167 0.04125 0.02717900656044986
0 0.029375 0.6260543580131209 0.05875 0.041237113402061855
0 0.62525 0.3271415182755389 0.0345125 0.03363636363636364
0 0.868125 0.6368322399250235 0.03875 0.030927835051546393
0 0.25375 0.5754451733833177 0.0475 0.028116213683223992
0 0.54375 0.1944704779756326 0.0325 0.03280224929709466
0 0.07125 0.15557638238050608 0.0375 0.033739456419868794
0 0.74125 0.4090909090909091 0.045 0.03467666354264293
0 0.920625 0.17010309278350516 0.03625 0.03280224929709466
0 0.5575 0.2788191190253046 0.05 0.038425492033739454
0 0.499375 0.2872539831302718 0.03375 0.030927835051546393
0 0.455625 0.38191190253045926 0.03375 0.029053420805998126
0 0.03375 0.3078725398313027 0.0675 0.04779756326148079
0 0.023125 0.6925960637300843 0.04625 0.05248359887535145
0 0.776875 0.3837863167760075 0.04875 0.03280224929709466
0 0.045 0.4493908153701968 0.055 0.04779756326148079
1 0.08 0.8144329896907216 0.16 0.2155576382380506
0 0.63 0.5641986879100281 0.0675 0.01874414245548266
1 0.07375 0.3911433926897845 0.1475 0.21556701030927833
0 0.01875 0.42970946579194 0.0375 0.053420805998125584
0 0.461875 0.5693533270852859 0.07375 0.015932521087160263
0 0.446875 0.5506091846298032 0.07125 0.019681349578256794
1 0.9371625 0.6495501405810684 0.1256625 0.11446110590440486
0 0.119375 0.14104967197750704 0.02625 0.023430178069353328
0 0.91 0.23758200562324275 0.035 0.02155576382380506
0 0.83125 0.1583880037488285 0.0375 0.01874414245548266
0 0.86375 0.15089034676663543 0.03 0.022492970946579195
0 0.610225 0.3584817244611059 0.022949999999999998 0.01780693533270853
0 0.906875 0.45735707591377694 0.01375 0.016869728209934397
0 0.5925 0.19540768509840675 0.0175 0.02155576382380506
0 0.55125 0.5646672914714151 0.035 0.02530459231490159
0 0.4025 0.5220243673851921 0.0325 0.020618556701030927
0 0.43 0.6298031865042174 0.0325 0.01874414245548266
0 0.725 0.7164948453608248 0.03 0.02155576382380506
0 0.89875 0.7436738519212746 0.0175 0.01218369259606373
0 0.97125 0.8608247422680413 0.02 0.014058106841611996
0 0.45875 0.6307403936269915 0.0225 0.013120899718837863
0 0.6705875 0.23935332708528584 0.016125 0.010552952202436738
0 0.6273375 0.3177132146204311 0.01525 0.008575445173383317
0 0.61635 0.3312277413308341 0.030775 0.024620431115276474
0 0.6178125 0.3549671977507029 0.013774999999999999 0.010552952202436738
0 0.752025 0.7350890346766635 0.0189625 0.01818181818181818
0 0.052474999999999994 0.8577413308341144 0.028224999999999997 0.011574507966260543
0 0.16425 0.9344423617619494 0.0092625 0.011574507966260543