0 0.6257833333333334 0.44752 0.007883333333333334 0.00652
0 0.6468250000000001 0.49047 0.00675 0.00726
0 0.712125 0.6544 0.006566666666666667 0.00818
0 0.606425 0.80504 0.007125 0.00861
0 0.61375 0.87821 0.0075 0.009300000000000001
0 0.7419083333333333 0.86694 0.007875 0.0083
0 0.14005833333333334 0.88802 0.008358333333333332 0.00883
0 0.16399166666666665 0.7384 0.008575 0.00922
0 0.096925 0.69989 0.0075 0.00587
0 0.0702 0.66938 0.009008333333333333 0.01027
0 0.14135 0.35681999999999997 0.07789166666666666 0.07382999999999999
0 0.21475 0.44993 0.10753333333333333 0.08027
0 0.15390833333333334 0.55218 0.07596666666666667 0.07101
0 0.2416833333333333 0.55864 0.07595833333333334 0.06751
0 0.248225 0.63936 0.07745833333333334 0.08878
0 0.21260833333333332 0.6399 0.06504166666666666 0.08424
1 0.07277499999999999 0.65587 0.08884166666666667 0.09094
1 0.09520833333333334 0.68521 0.045724999999999995 0.04461
1 0.16549166666666668 0.74379 0.09230000000000001 0.08078
1 0.008708333333333334 0.8165800000000001 0.017408333333333335 0.10844
1 0.12793333333333334 0.87875 0.07896666666666667 0.10088
1 0.01085 0.88802 0.0217 0.03444
1 0.7429833333333333 0.85358 0.085575 0.10228
1 0.6136416666666666 0.8584299999999999 0.08480833333333333 0.09971
1 0.5626249999999999 0.7559 0.10011666666666667 0.12861
1 0.581075 0.67564 0.0735 0.09724
1 0.7268333333333333 0.63914 0.075925 0.0882
1 0.7132416666666667 0.5166900000000001 0.05305 0.0624
1 0.6518666666666667 0.48004 0.0735 0.0853
1 0.63195 0.46952 0.06109166666666667 0.06809