0 0.044375 0.6940018744142455 0.07375 0.04873477038425492
1 0.356875 0.584348641049672 0.17125 0.08716026241799438
1 0.194375 0.31865042174320524 0.16 0.08153701968134958
1 0.30625 0.49765698219306465 0.18875 0.10684161199625117
1 0.24875 0.40159325210871605 0.1875 0.10871602624179943
1 0.20375 0.14995313964386128 0.17375 0.09465791940018745
0 0.96125 0.2839737582005623 0.0775 0.06935332708528585
0 0.936875 0.6597938144329897 0.075 0.08809746954076851
1 0.4525 0.5604498594189316 0.155 0.1387066541705717
0 0.901875 0.3416119962511715 0.04125 0.03467666354264293
1 0.341875 0.3983130271790066 0.16875 0.1162136832239925
0 0.964375 0.42970946579194 0.07125 0.044048734770384255
0 0.914375 0.1850984067478913 0.04375 0.03748828491096532
0 0.091875 0.14948453608247422 0.0475 0.03936269915651359
0 0.80125 0.1274601686972821 0.11 0.04592314901593252
0 0.0825 0.2211808809746954 0.04625 0.03936269915651359
0 0.31 0.07591377694470477 0.04375 0.03936269915651359
1 0.156875 0.08059981255857544 0.1625 0.07591377694470477
0 0.358125 0.0866916588566073 0.04625 0.02717900656044986
1 0.56 0.4873477038425492 0.125 0.11152764761012184
0 0.919375 0.887066541705717 0.03625 0.02717900656044986
0 0.053125 0.37722586691658855 0.0425 0.03748828491096532
1 0.66875 0.485941893158388 0.12 0.09559512652296158
1 0.306875 0.31302717900656046 0.17625 0.09278350515463918
0 0.941875 0.7905342080599812 0.0475 0.05716963448922212
1 0.5975 0.19540768509840675 0.1175 0.08997188378631678
1 0.403125 0.4746954076850984 0.1725 0.15932521087160262
1 0.619375 0.6611996251171509 0.12375 0.09746954076850985
1 0.628125 0.5782567947516402 0.12 0.09278350515463918
0 0.986875 0.4564198687910028 0.02625 0.04873477038425492
1 0.69625 0.2211808809746954 0.1125 0.08247422680412371
0 0.285 0.45454545454545453 0.01125 0.008434864104967198
0 0.40375 0.10449859418931584 0.0125 0.008434864104967198
0 0.991875 0.5103092783505154 0.01625 0.029053420805998126
0 0.63 0.4690721649484536 0.01125 0.008434864104967198
0 0.824375 0.6654170571696345 0.0225 0.02530459231490159
0 0.036875 0.5004686035613871 0.02875 0.023430178069353328
0 0.553125 0.7066541705716963 0.0125 0.010309278350515464
0 0.511875 0.8106841611996252 0.0125 0.010309278350515464
1 0.5875 0.2802249297094658 0.125 0.1190253045923149
1 0.690625 0.30084348641049674 0.1175 0.1134020618556701
1 0.573125 0.38753514526710403 0.13 0.14526710402999063
1 0.68 0.3978444236176195 0.11875 0.11152764761012184
0 0.40375 0.5979381443298969 0.0125 0.00937207122774133
0 0.369375 0.4329896907216495 0.01125 0.010309278350515464