0 0.955625 0.30599812558575445 0.07375 0.04873477038425492
1 0.643125 0.415651358950328 0.17125 0.08716026241799438
1 0.805625 0.6813495782567948 0.16 0.08153701968134958
1 0.69375 0.5023430178069354 0.18875 0.10684161199625117
1 0.75125 0.598406747891284 0.1875 0.10871602624179943
1 0.79625 0.8500468603561387 0.17375 0.09465791940018745
0 0.03875 0.7150890346766635 0.0775 0.06935332708528585
0 0.063125 0.3402061855670103 0.075 0.08809746954076851
1 0.5475 0.4395501405810684 0.155 0.1387066541705717
0 0.098125 0.6583880037488284 0.04125 0.03467666354264293
1 0.658125 0.6016869728209935 0.16875 0.1162136832239925
0 0.035625 0.57029053420806 0.07125 0.044048734770384255
0 0.085625 0.8149015932521088 0.04375 0.03748828491096532
0 0.908125 0.8505154639175257 0.0475 0.03936269915651359
0 0.19875 0.872539831302718 0.11 0.04592314901593252
0 0.9175 0.7788191190253045 0.04625 0.03936269915651359
0 0.69 0.9240862230552952 0.04375 0.03936269915651359
1 0.843125 0.9194001874414246 0.1625 0.07591377694470477
0 0.641875 0.9133083411433927 0.04625 0.02717900656044986
1 0.44 0.5126522961574508 0.125 0.11152764761012184
0 0.080625 0.11293345829428304 0.03625 0.02717900656044986
0 0.946875 0.6227741330834115 0.0425 0.03748828491096532
1 0.33125 0.514058106841612 0.12 0.09559512652296158
1 0.693125 0.6869728209934396 0.17625 0.09278350515463918
0 0.058125 0.20946579194001874 0.0475 0.05716963448922212
1 0.4025 0.8045923149015932 0.1175 0.08997188378631678
1 0.596875 0.5253045923149016 0.1725 0.15932521087160262
1 0.380625 0.3388003748828491 0.12375 0.09746954076850985
1 0.371875 0.4217432052483599 0.12 0.09278350515463918
0 0.0125 0.5435801312089972 0.025 0.04873477038425492
1 0.30375 0.7788191190253045 0.1125 0.08247422680412371
0 0.715 0.5454545454545454 0.01125 0.008434864104967198
0 0.59625 0.8955014058106842 0.0125 0.008434864104967198
0 0.0075 0.4896907216494845 0.015 0.029053420805998126
0 0.37 0.5309278350515464 0.01125 0.008434864104967198
0 0.175625 0.3345829428303655 0.0225 0.02530459231490159
0 0.963125 0.49953139643861294 0.02875 0.023430178069353328
0 0.446875 0.2933458294283037 0.0125 0.010309278350515464
0 0.488125 0.1893158388003749 0.0125 0.010309278350515464
1 0.4125 0.7197750702905342 0.125 0.1190253045923149
1 0.309375 0.6991565135895033 0.1175 0.1134020618556701
1 0.426875 0.612464854732896 0.13 0.14526710402999063
1 0.32 0.6021555763823805 0.11875 0.11152764761012184
0 0.59625 0.4020618556701031 0.0125 0.00937207122774133
0 0.630625 0.5670103092783505 0.01125 0.010309278350515464