1 0.6657283950617284 0.19354166666666667 0.4508641975308642 0.2150416666666667
1 0.11599999999999999 0.45827777777777773 0.2320246913580247 0.175
1 0.05009876543209876 0.6273472222222222 0.10019753086419753 0.2995833333333333
1 0.11535802469135802 0.8093888888888888 0.23069135802469137 0.18463888888888888
1 0.3974567901234568 0.9009722222222223 0.22014814814814815 0.17945833333333333
1 0.6512345679012346 0.3841111111111111 0.1608395061728395 0.142375
1 0.7741975308641975 0.4953472222222222 0.45158024691358023 0.40043055555555557
1 0.7415308641975309 0.6277083333333333 0.15424691358024692 0.1297638888888889
0 0.693432098765432 0.23988888888888887 0.1502962962962963 0.08972222222222222
0 0.05535802469135803 0.4842222222222222 0.05009876543209876 0.028180555555555556
0 0.014493827160493827 0.6785138888888889 0.029012345679012345 0.07415277777777778
0 0.020444444444444442 0.8242222222222223 0.0408641975308642 0.03781944444444445
0 0.495679012345679 0.9350833333333333 0.023728395061728393 0.03708333333333333