1 0.6172839506172839 0.18680555555555556 0.4839506172839506 0.2361111111111111
1 0.11975308641975309 0.47638888888888886 0.23950617283950618 0.18611111111111112
1 0.0728395061728395 0.6479166666666667 0.145679012345679 0.30416666666666664
1 0.16419753086419753 0.8270833333333333 0.25679012345679014 0.19583333333333333
1 0.4604938271604938 0.9041666666666667 0.24691358024691357 0.18888888888888888
1 0.6333333333333333 0.3770833333333333 0.18271604938271604 0.15
1 0.7580246913580246 0.48125 0.4839506172839506 0.42083333333333334
1 0.7604938271604939 0.6152777777777778 0.1728395061728395 0.1361111111111111
0 0.6530864197530865 0.23125 0.16296296296296298 0.09722222222222222
0 0.05432098765432099 0.5055555555555555 0.05432098765432099 0.030555555555555555
0 0.044444444444444446 0.7013888888888888 0.04197530864197531 0.075
0 0.0728395061728395 0.8465277777777778 0.04691358024691358 0.03888888888888889
0 0.5641975308641975 0.9340277777777778 0.02962962962962963 0.03888888888888889