1 0.295625 0.5749765698219307 0.3325 0.3598875351452671
0 0.765 0.5398313027179007 0.08875 0.06091846298031865
0 0.661875 0.1527647610121837 0.0975 0.05529522024367385
0 0.989375 0.2450796626054358 0.02125 0.029053420805998126
0 0.30125 0.4681349578256795 0.07125 0.06373008434864105
0 0.4025 0.3458294283036551 0.05875 0.09465791940018745
0 0.178125 0.4053420805998126 0.1075 0.09559512652296158
1 0.5675 0.5459231490159325 0.20375 0.3936269915651359
0 0.693125 0.3809746954076851 0.0475 0.02999062792877226
0 0.875625 0.3823805060918463 0.0475 0.030927835051546393
0 0.87 0.34395501405810686 0.03375 0.044048734770384255
0 0.805 0.20384254920337394 0.05125 0.022492970946579195
0 0.02625 0.22727272727272727 0.0525 0.05529522024367385
0 0.99 0.1888472352389878 0.02 0.019681349578256794
0 0.69875 0.5501405810684161 0.05 0.044048734770384255
0 0.235625 0.14807872539831302 0.0625 0.04592314901593252
0 0.7625 0.18650421743205248 0.07125 0.014058106841611996
0 0.36125 0.29194001874414244 0.02625 0.04498594189315839
0 0.7325 0.2717900656044986 0.01875 0.01218369259606373
0 0.541875 0.225398313027179 0.0175 0.013120899718837863
0 0.63875 0.19259606373008434 0.01875 0.011246485473289597
0 0.543125 0.2633552014995314 0.02 0.01218369259606373
0 0.5925 0.15229615745079664 0.01875 0.013120899718837863
0 0.744375 0.24179943767572634 0.02 0.01218369259606373
0 0.568125 0.37582005623242737 0.03 0.02155576382380506
0 0.835 0.619962511715089 0.03625 0.02436738519212746
0 0.338125 0.2563261480787254 0.0175 0.013120899718837863
0 0.44375 0.3767572633552015 0.02125 0.01218369259606373
1 0.1675 0.7989690721649485 0.335 0.15089034676663543
0 0.1675 0.16635426429240863 0.04375 0.05529522024367385
0 0.41625 0.13823805060918462 0.02875 0.026241799437675725
0 0.888125 0.3430178069353327 0.01375 0.01218369259606373
0 0.66625 0.5773195876288659 0.01875 0.00937207122774133
0 0.715625 0.5220243673851921 0.02 0.01499531396438613
0 0.5725 0.4329896907216495 0.01625 0.015932521087160263
0 0.420625 0.6649484536082474 0.0175 0.023430178069353328