0 0.8175 0.9315838800374883 0.095 0.07310215557638237
1 0.6 0.6532333645735707 0.48 0.2492970946579194
0 0.553125 0.3013120899718838 0.08125 0.06654170571696345
0 0.036875 0.3786316776007498 0.07375 0.07310215557638237
0 0.160625 0.12277413308341144 0.03875 0.03561387066541706
0 0.4575 0.6490159325210871 0.085 0.053420805998125584
0 0.294375 0.5731021555763823 0.12625 0.044048734770384255
0 0.37375 0.7413308341143393 0.1275 0.08059981255857544
0 0.490625 0.0923149015932521 0.04125 0.03655107778819119
1 0.56125 0.4493908153701968 0.525 0.1527647610121837
0 0.34125 0.35520149953139646 0.04 0.03561387066541706
0 0.343125 0.21836925960637302 0.04125 0.03561387066541706
0 0.291875 0.22262417994376757 0.05875 0.025229615745079665
0 0.105 0.2713214620431115 0.03 0.038425492033739454
0 0.284375 0.9212746016869728 0.13875 0.04873477038425492
0 0.575 0.08997188378631678 0.1 0.08622305529522024
0 0.136875 0.85941893158388 0.07375 0.04873477038425492
0 0.085625 0.1190253045923149 0.02625 0.041237113402061855
0 0.566875 0.351087160262418 0.05875 0.03748828491096532
0 0.030625 0.6982193064667291 0.06125 0.046860356138706656
0 0.081875 0.30318650421743204 0.01875 0.053420805998125584
0 0.2225 0.6040299906279287 0.06 0.019681349578256794
0 0.35125 0.06888472352389878 0.035 0.02530459231490159
0 0.195625 0.32567947516401125 0.01625 0.014058106841611996
0 0.13375 0.46860356138706655 0.0175 0.013120899718837863
0 0.09 0.3959700093720712 0.015 0.014058106841611996
0 0.184375 0.4676663542642924 0.01625 0.01499531396438613
0 0.03625 0.43064667291471415 0.0175 0.014058106841611996
0 0.155625 0.316776007497657 0.01625 0.01499531396438613
0 0.334375 0.44892221180880976 0.02875 0.022492970946579195
0 0.3825 0.07872539831302718 0.0175 0.00937207122774133
0 0.66 0.24882849109653232 0.0325 0.02717900656044986
0 0.175 0.6213683223992502 0.0175 0.013120899718837863
0 0.148125 0.9667291471415183 0.01875 0.014058106841611996
0 0.335625 0.5421743205248359 0.01625 0.015932521087160263
1 0.899525 0.7574414245548267 0.20096250000000002 0.26732895970009374
0 0.0549125 0.7492127460168697 0.0737 0.03250234301780693
0 0.0177 0.5625866916588566 0.0354 0.02112464854732896
0 0.290675 0.20915651358950327 0.016112500000000002 0.009878163074039362
0 0.60295 0.37537019681349576 0.0124 0.013945641986879101
0 0.5293249999999999 0.33818181818181814 0.02015 0.014723523898781631
0 0.41075 0.44567947516401124 0.0217 0.012005623242736645
0 0.7202249999999999 0.5595688847235238 0.031 0.013561387066541706