1 0.68875 0.5581068416119962 0.1525 0.13402061855670103
1 0.561875 0.3486410496719775 0.10875 0.08622305529522024
1 0.531875 0.6143392689784443 0.17625 0.1358950328022493
0 0.02125 0.18697282099343954 0.0425 0.053420805998125584
0 0.915 0.4943767572633552 0.045 0.03467666354264293
1 0.17125 0.43158388003748827 0.105 0.1415182755388941
0 0.175625 0.6738519212746017 0.04375 0.03936269915651359
0 0.086875 0.1724461105904405 0.04875 0.026241799437675725
0 0.748125 0.18603561387066542 0.05375 0.04029990627928772
0 0.211875 0.6077788191190253 0.07625 0.06091846298031865
0 0.82375 0.2436738519212746 0.0725 0.022492970946579195
1 0.37598750000000003 0.5641986879100281 0.1925375 0.15436738519212748
0 0.083125 0.5857544517338332 0.09125 0.028116213683223992
0 0.023125 0.5135895032802249 0.04625 0.056232427366447985
0 0.1375 0.1330834114339269 0.06 0.01499531396438613
0 0.136875 0.457825679475164 0.01875 0.010309278350515464
0 0.945 0.3280224929709466 0.03 0.02436738519212746
0 0.859375 0.30318650421743204 0.03125 0.02155576382380506
0 0.87375 0.4414245548266167 0.03 0.02436738519212746
0 0.951875 0.4104967197750703 0.03125 0.020618556701030927
0 0.951875 0.46579194001874413 0.02875 0.01874414245548266
0 0.988125 0.4386129334582943 0.02125 0.020618556701030927
0 0.981875 0.38612933458294285 0.03375 0.020618556701030927
0 0.8375 0.38753514526710403 0.0275 0.01780693533270853
0 0.553125 0.3598875351452671 0.02375 0.013120899718837863
0 0.731875 0.23570759137769448 0.01875 0.01780693533270853
0 0.89875 0.27835051546391754 0.0175 0.01499531396438613
0 0.94125 0.3570759137769447 0.0225 0.016869728209934397
0 0.58375 0.38191190253045926 0.015 0.01218369259606373
0 0.74875 0.44048734770384257 0.0225 0.013120899718837863
0 0.96 0.520618556701031 0.0375 0.023430178069353328
0 0.93 0.612464854732896 0.0225 0.01780693533270853
0 0.90125 0.7319587628865979 0.0175 0.011246485473289597
0 0.9609375 0.8252108716026242 0.01625 0.01218369259606373
0 0.965625 0.6077788191190253 0.03625 0.02530459231490159
0 0.86125 0.64058106841612 0.015 0.014058106841611996
0 0.566875 0.7661668228678538 0.01375 0.010309278350515464
0 0.989375 0.7938144329896907 0.01625 0.013120899718837863
0 0.891875 0.6996251171508904 0.01625 0.01218369259606373
0 0.985625 0.7647610121836926 0.01875 0.013120899718837863
0 0.139375 0.5899718837863168 0.02625 0.019681349578256794
0 0.125 0.8069353327085286 0.015 0.00937207122774133
0 0.99375 0.5520149953139644 0.01 0.02436738519212746
0 0.501875 0.6204311152764761 0.03125 0.01874414245548266
0 0.5275 0.8514526710402999 0.015 0.006560449859418931
0 0.993125 0.8575445173383318 0.01375 0.016869728209934397
0 0.6822125 0.7577132146204312 0.016925 0.00838800374882849
0 0.56625 0.5787253983130272 0.0125 0.01780693533270853
0 0.6029249999999999 0.3516119962511715 0.0138125 0.022858481724461106
0 0.7475624999999999 0.453223992502343 0.011725000000000001 0.01817244611059044
0 0.30385 0.5926148078725398 0.0185375 0.008687910028116213
0 0.3110625 0.587788191190253 0.0149375 0.010618556701030927
0 0.24411249999999998 0.5474414245548266 0.013387500000000002 0.009072164948453608
0 0.2423125 0.5397188378631678 0.014424999999999999 0.009456419868791003
0 0.2860875 0.5556419868791003 0.007212499999999999 0.030890346766635428
0 0.4945375 0.5922305529522024 0.03785 0.023364573570759137
0 0.5792499999999999 0.6071977507029054 0.0131375 0.01119962511715089
0 0.5787375 0.6173289597000938 0.018799999999999997 0.018725398313027178
0 0.5974 0.6603842549203374 0.011325 0.007141518275538894
0 0.7305625 0.5279850046860356 0.012012499999999999 0.009006560449859419
0 0.724225 0.5457450796626054 0.015349999999999999 0.016016869728209933
0 0.6828375 0.5866635426429241 0.04005 0.040787253983130274
1 0.0137625 0.5274695407685098 0.027537500000000003 0.14851921274601687
1 0.26802499999999996 0.578116213683224 0.043274999999999994 0.03188378631677601
1 0.1960875 0.5887910028116213 0.17197500000000002 0.07258669165885662
1 0.19685 0.5190346766635426 0.17350000000000002 0.1750984067478913