1 0.580625 0.35941893158388005 0.18125 0.1162136832239925
1 0.299375 0.450796626054358 0.1175 0.08341143392689784
1 0.653125 0.47797563261480785 0.18375 0.13495782567947517
0 0.074375 0.8533270852858482 0.0725 0.03280224929709466
0 0.5 0.1888472352389878 0.0475 0.03467666354264293
1 0.403125 0.7450796626054358 0.19 0.08153701968134958
0 0.72625 0.7460168697282099 0.05375 0.033739456419868794
0 0.05625 0.8041237113402062 0.03625 0.03655107778819119
0 0.085625 0.3083411433926898 0.055 0.041237113402061855
0 0.63875 0.717900656044986 0.0825 0.05810684161199625
0 0.16375 0.2530459231490159 0.03125 0.05435801312089972
1 0.58375 0.5937207122774133 0.21 0.1471415182755389
0 0.606875 0.8139643861293346 0.03875 0.06935332708528585
0 0.51 0.8575445173383318 0.07625 0.03561387066541706
0 0.0075 0.7647610121836926 0.015 0.04498594189315839
0 0.4375 0.7713214620431116 0.01375 0.014058106841611996
0 0.278125 0.1635426429240862 0.0325 0.022492970946579195
0 0.24375 0.22727272727272727 0.02875 0.023430178069353328
0 0.428125 0.21883786316776008 0.0325 0.022492970946579195
0 0.38875 0.15979381443298968 0.0275 0.023430178069353328
0 0.4625 0.16073102155576383 0.025 0.02155576382380506
0 0.426875 0.1330834114339269 0.0275 0.015932521087160263
0 0.35625 0.13683223992502344 0.0275 0.02530459231490159
0 0.355625 0.2450796626054358 0.02375 0.020618556701030927
0 0.314375 0.457825679475164 0.0175 0.01780693533270853
0 0.151875 0.32146204311152765 0.02375 0.014058106841611996
0 0.21125 0.19728209934395502 0.02 0.013120899718837863
0 0.316875 0.1668228678537957 0.0225 0.016869728209934397
0 0.34375 0.4353327085285848 0.01625 0.011246485473289597
0 0.425 0.3125585754451734 0.0175 0.016869728209934397
0 0.535625 0.15557638238050608 0.0325 0.028116213683223992
0 0.6575 0.1794751640112465 0.02375 0.016869728209934397
0 0.81625 0.20337394564198688 0.015 0.013120899718837863
0 0.941875 0.16026241799437677 0.01625 0.01218369259606373
0 0.651875 0.1527647610121837 0.035 0.02717900656044986
0 0.69375 0.23149015932521086 0.01875 0.011246485473289597
0 0.85625 0.45454545454545453 0.01375 0.010309278350515464
0 0.900625 0.13823805060918462 0.0175 0.01218369259606373
0 0.773125 0.2099343955014058 0.01625 0.01218369259606373
0 0.86125 0.14058106841611998 0.0175 0.014058106841611996
0 0.61375 0.7717900656044986 0.02625 0.019681349578256794
0 0.9025 0.7863167760074976 0.0125 0.011246485473289597
0 0.578125 0.13074039362699155 0.0325 0.007497656982193065
0 0.660625 0.5004686035613871 0.025 0.023430178069353328
0 0.969375 0.4854732895970009 0.00875 0.011246485473289597
0 0.985625 0.13636363636363635 0.0225 0.010309278350515464
0 0.846875 0.36785379568884724 0.01125 0.013120899718837863
0 0.60625 0.45173383317713217 0.02375 0.00937207122774133
0 0.30375 0.4198687910028116 0.03 0.010309278350515464
0 0.441875 0.3134957825679475 0.02375 0.008434864104967198
0 0.62 0.6485473289597001 0.01125 0.014058106841611996
0 0.61375 0.6429240862230553 0.01375 0.011246485473289597
0 0.55875 0.6925960637300843 0.0125 0.010309278350515464
0 0.54875 0.6935332708528584 0.0125 0.011246485473289597
0 0.570625 0.6611996251171509 0.04125 0.006560449859418931
0 0.623125 0.5056232427366448 0.0325 0.028116213683223992
0 0.644375 0.4423617619493908 0.015 0.010309278350515464
0 0.6575 0.44283036551077787 0.025 0.014058106841611996
0 0.715625 0.42970946579194 0.01 0.008434864104967198
0 0.54125 0.32755388940955954 0.0125 0.00937207122774133
0 0.565 0.33270852858481725 0.02125 0.011246485473289597
0 0.61875 0.3641049671977507 0.05625 0.030927835051546393
1 0.528125 0.8650421743205249 0.1975 0.023430178069353328
1 0.6 0.6752577319587629 0.04375 0.033739456419868794
1 0.6125 0.7291471415182755 0.09875 0.1302717900656045
1 0.520625 0.7277413308341143 0.23625 0.1330834114339269