1 0.31875 0.42970946579194 0.1675 0.14339268978444236
1 0.420625 0.6466729147141518 0.11875 0.09278350515463918
1 0.48125 0.3837863167760075 0.19125 0.1471415182755389
0 0.940625 0.8430178069353327 0.04875 0.056232427366447985
0 0.085625 0.4784442361761949 0.04875 0.03748828491096532
1 0.819375 0.5895032802249297 0.12125 0.14807872539831302
0 0.843125 0.34817244611059045 0.04875 0.04217432052483599
0 0.87375 0.8533270852858482 0.05125 0.029053420805998126
0 0.21625 0.7966260543580131 0.05875 0.044048734770384255
0 0.799375 0.4114339268978444 0.0825 0.06560449859418932
0 0.1475 0.7343017806935332 0.075 0.02717900656044986
1 0.630625 0.4442361761949391 0.21 0.1668228678537957
0 0.925 0.44189315838800375 0.09375 0.033739456419868794
0 0.975 0.5178069353327085 0.05 0.059044048734770385
0 0.81875 0.8894095595126523 0.06125 0.01874414245548266
0 0.856875 0.5656044985941893 0.02 0.011246485473289597
0 0.036875 0.6424554826616682 0.0325 0.026241799437675725
0 0.119375 0.6724461105904405 0.03375 0.023430178069353328
0 0.120625 0.5337394564198688 0.0325 0.026241799437675725
0 0.039375 0.5595126522961574 0.03375 0.022492970946579195
0 0.045625 0.5046860356138707 0.03125 0.020618556701030927
0 0.009375 0.5290534208059982 0.01875 0.02155576382380506
0 0.0125 0.5820056232427366 0.025 0.022492970946579195
0 0.150625 0.5899718837863168 0.03 0.019681349578256794
0 0.430625 0.6358950328022493 0.025 0.01499531396438613
0 0.238125 0.7483598875351453 0.02125 0.01874414245548266
0 0.076875 0.6949390815370197 0.01875 0.015932521087160263
0 0.04375 0.6134020618556701 0.025 0.01874414245548266
0 0.403125 0.6119962511715089 0.01625 0.013120899718837863
0 0.245 0.5431115276476102 0.02375 0.01499531396438613
0 0.044375 0.4493908153701968 0.04 0.026241799437675725
0 0.085 0.3598875351452671 0.025 0.01874414245548266
0 0.1275 0.24273664479850046 0.01875 0.01218369259606373
0 0.07875 0.1457357075913777 0.0175 0.013120899718837863
0 0.04875 0.3622305529522024 0.03875 0.02717900656044986
0 0.15625 0.3364573570759138 0.01625 0.01499531396438613
0 0.464375 0.23055295220243674 0.015 0.011246485473289597
0 0.046875 0.17525773195876287 0.0175 0.014058106841611996
0 0.133125 0.2755388940955951 0.0175 0.013120899718837863
0 0.046875 0.204311152764761 0.02 0.014058106841611996
0 0.87 0.4339268978444236 0.02875 0.02155576382380506
0 0.909375 0.21883786316776008 0.01625 0.010309278350515464
0 0.014375 0.41611996251171507 0.0125 0.02530459231490159
0 0.511875 0.38003748828491096 0.03375 0.020618556701030927
0 0.51375 0.14807872539831302 0.01625 0.007497656982193065
0 0.050625 0.11152764761012184 0.01625 0.01780693533270853
0 0.348125 0.23149015932521086 0.01875 0.00937207122774133
0 0.443125 0.41705716963448924 0.015 0.01874414245548266
0 0.38 0.6410496719775071 0.01625 0.023430178069353328
0 0.248125 0.5304592314901593 0.01375 0.01874414245548266
0 0.70625 0.42033739456419866 0.02 0.00937207122774133
0 0.698125 0.4250234301780694 0.01625 0.011246485473289597
0 0.76 0.46954076850984067 0.015 0.010309278350515464
0 0.76125 0.47703842549203374 0.01625 0.010309278350515464
0 0.719375 0.45829428303655106 0.01125 0.030927835051546393
0 0.51625 0.408622305529522 0.04 0.026241799437675725
0 0.433125 0.3880037488284911 0.015 0.01218369259606373
0 0.435 0.3781630740393627 0.02125 0.019681349578256794
0 0.42125 0.33411433926897843 0.0125 0.008434864104967198
0 0.27375 0.4568884723523899 0.01375 0.010309278350515464
0 0.281875 0.4395501405810684 0.01625 0.016869728209934397
0 0.3275 0.40159325210871605 0.045 0.044048734770384255
1 0.9825 0.5037488284910965 0.035 0.14901593252108716
1 0.74 0.4372071227741331 0.0475 0.03467666354264293
1 0.813125 0.43158388003748827 0.18 0.08341143392689784
1 0.804375 0.5004686035613871 0.19375 0.18556701030927836