1 0.6825 0.6138706654170571 0.24 0.17057169634489222
1 0.138125 0.6433926897844423 0.23625 0.14526710402999063
0 0.2175 0.46157450796626054 0.075 0.07403936269915651
0 0.58125 0.27647610121836924 0.095 0.09559512652296158
0 0.83625 0.2521087160262418 0.065 0.046860356138706656
1 0.821875 0.46672914714151825 0.23875 0.12933458294283037
1 0.689375 0.7010309278350515 0.15125 0.20056232427366447
1 0.4427125 0.7580412371134021 0.2446 0.12214620431115278
1 0.706875 0.2881911902530459 0.14125 0.22024367385192128
0 0.799375 0.3580131208997188 0.04625 0.05060918462980318
1 0.67 0.3931583880037488 0.1375 0.18837863167760074
1 0.282075 0.7602249297094658 0.2841875 0.09028116213683224
0 0.8625 0.6026241799437676 0.0475 0.04498594189315839
0 0.020625 0.1836925960637301 0.04125 0.03561387066541706
0 0.28875 0.12839737582005623 0.0375 0.03748828491096532
0 0.371875 0.4943767572633552 0.03875 0.029053420805998126
0 0.16625 0.4311152764761012 0.045 0.028116213683223992
1 0.45811250000000003 0.18228678537956888 0.27621249999999997 0.11901593252108715
0 0.424375 0.2014995313964386 0.03625 0.033739456419868794
0 0.820625 0.6087160262417994 0.04125 0.04779756326148079
0 0.75625 0.39971883786316775 0.0425 0.053420805998125584
0 0.7425 0.8134957825679475 0.0375 0.028116213683223992
0 0.7825 0.5201499531396439 0.045 0.02436738519212746
0 0.75125 0.3631677600749766 0.035 0.029053420805998126
0 0.7925 0.6569821930646673 0.065 0.06935332708528585
0 0.790625 0.25679475164011245 0.03625 0.02999062792877226
0 0.549375 0.3055295220243674 0.03125 0.02999062792877226
1 0.5449875 0.7338331771321462 0.17502500000000001 0.17682286785379567
0 0.430625 0.11527647610121837 0.07375 0.04311152764761012
0 0.658125 0.831302717900656 0.14125 0.061855670103092786
0 0.23625 0.11949390815370196 0.03 0.023430178069353328
0 0.37125 0.4611059044048735 0.0325 0.022492970946579195
0 0.265625 0.47985004686035615 0.02625 0.016869728209934397
0 0.110625 0.20384254920337394 0.01875 0.01780693533270853
0 0.2775 0.45735707591377694 0.0275 0.020618556701030927
0 0.28125 0.4386129334582943 0.035 0.013120899718837863
0 0.286875 0.4935051546391753 0.02625 0.017938144329896908
0 0.076875 0.2014995313964386 0.01875 0.02436738519212746
0 0.093125 0.20337394564198688 0.01875 0.016869728209934397
0 0.31375 0.17197750702905343 0.01 0.008434864104967198
0 0.355 0.1724461105904405 0.0125 0.00937207122774133
0 0.0075 0.2507029053420806 0.015 0.030927835051546393
0 0.801875 0.42127460168697284 0.03625 0.02530459231490159
0 0.633125 0.42221180880974696 0.02625 0.01780693533270853
0 0.580625 0.5899718837863168 0.02875 0.029053420805998126
0 0.623125 0.5299906279287723 0.02375 0.023430178069353328
0 0.33240000000000003 0.49531396438612935 0.025212500000000002 0.015932521087160263
0 0.154375 0.6223055295220243 0.03875 0.022492970946579195
0 0.581875 0.6190253045923149 0.03375 0.02530459231490159
0 0.19125 0.8495782567947516 0.0225 0.014058106841611996
0 0.025625 0.7563261480787254 0.01625 0.00937207122774133
0 0.655625 0.6799437675726335 0.01625 0.014058106841611996
0 0.288125 0.7872539831302718 0.03625 0.020618556701030927
0 0.72625 0.6349578256794751 0.015 0.019681349578256794
0 0.595625 0.7328959700093721 0.01625 0.011246485473289597
0 0.48625 0.7947516401124649 0.0175 0.013120899718837863
1 0.021487500000000003 0.5800562324273664 0.042975000000000006 0.22575445173383318
0 0.038175 0.6228116213683224 0.02045 0.03785379568884724
0 0.0129375 0.48834114339268975 0.0116875 0.013767572633552015