1 0.610625 0.3622305529522024 0.31875 0.20618556701030927
0 0.913125 0.24554826616682288 0.1025 0.07685098406747891
1 0.5775 0.6579194001874414 0.33 0.2727272727272727
0 0.54375 0.26804123711340205 0.10125 0.06935332708528585
1 0.16375 0.5796626054358013 0.14125 0.11715089034676664
0 0.621875 0.2099343955014058 0.10625 0.07591377694470477
0 0.7 0.1958762886597938 0.06625 0.04592314901593252
0 0.775625 0.31208997188378634 0.0625 0.04311152764761012
0 0.530625 0.34910965323336457 0.06125 0.044048734770384255
0 0.2925 0.33411433926897843 0.0575 0.04592314901593252
0 0.555 0.16494845360824742 0.05125 0.03748828491096532
0 0.96125 0.7802249297094658 0.0575 0.041237113402061855
0 0.73625 0.796157450796626 0.0425 0.03467666354264293
0 0.294375 0.15510777881911902 0.05 0.03561387066541706
0 0.72375 0.8434864104967198 0.04125 0.03280224929709466
0 0.451875 0.34114339268978444 0.04375 0.02999062792877226
0 0.744375 0.14901593252108716 0.05 0.03936269915651359
0 0.255 0.31021555763823805 0.045 0.03655107778819119
0 0.4525 0.7567947516401125 0.05625 0.03280224929709466
0 0.70125 0.6588566073102156 0.04625 0.033739456419868794
0 0.4975 0.704311152764761 0.0375 0.031865042174320526
0 0.89125 0.5365510777881912 0.07625 0.02530459231490159
0 0.964375 0.3134957825679475 0.0275 0.030927835051546393
0 0.84625 0.1640112464854733 0.045 0.031865042174320526
0 0.585625 0.380506091846298 0.04375 0.031865042174320526
1 0.68375 0.4076850984067479 0.2525 0.1134020618556701
1 0.46125 0.6429240862230553 0.21 0.2830365510777882
0 0.25375 0.46860356138706655 0.14375 0.10028116213683223
0 0.8325 0.8406747891283973 0.14625 0.029053420805998126
0 0.684375 0.41237113402061853 0.02125 0.01218369259606373
0 0.6725 0.6996251171508904 0.0375 0.028116213683223992
0 0.63875 0.7286785379568884 0.03625 0.026241799437675725
0 0.628125 0.5520149953139644 0.03 0.01499531396438613
0 0.568125 0.6644798500468604 0.0225 0.02530459231490159
0 0.45 0.7239925023430178 0.02 0.01499531396438613
0 0.496875 0.704311152764761 0.03625 0.031865042174320526
0 0.049375 0.5627928772258669 0.03375 0.026241799437675725
0 0.255625 0.1850984067478913 0.03125 0.02717900656044986
0 0.068125 0.2839737582005623 0.03625 0.02999062792877226
0 0.1275 0.1640112464854733 0.02875 0.023430178069353328
0 0.284375 0.36644798500468606 0.0375 0.026241799437675725
0 0.081875 0.31302717900656046 0.0175 0.01499531396438613
0 0.506875 0.4175257731958763 0.0275 0.022492970946579195
0 0.040625 0.17010309278350516 0.02 0.022492970946579195
0 0.14125 0.225398313027179 0.0175 0.013120899718837863
0 0.34625 0.1429240862230553 0.0325 0.016869728209934397
0 0.45625 0.7066541705716963 0.01875 0.016869728209934397
0 0.2525 0.1569821930646673 0.0175 0.01874414245548266
0 0.37125 0.7328959700093721 0.025 0.05435801312089972
0 0.265 0.5829428303655108 0.04 0.031865042174320526
0 0.379375 0.4329896907216495 0.01 0.006560449859418931
0 0.56 0.3837863167760075 0.01375 0.014058106841611996
0 0.768125 0.14620431115276475 0.01375 0.013120899718837863
0 0.21625 0.895032802249297 0.0325 0.011246485473289597