1 0.084375 0.5393626991565136 0.16875 0.1134020618556701
1 0.14 0.6907216494845361 0.18625 0.1105904404873477
0 0.041875 0.3650421743205248 0.08375 0.07403936269915651
0 0.980625 0.4597000937207123 0.03875 0.08716026241799438
0 0.224375 0.23336457357075913 0.09875 0.07591377694470477
1 0.565625 0.36457357075913777 0.25 0.17994376757263356
1 0.713125 0.6115276476101218 0.31 0.14807872539831302
1 0.756875 0.37488284910965325 0.2625 0.190253045923149
0 0.673125 0.5571696344892221 0.1125 0.04779756326148079
0 0.684375 0.8481724461105904 0.04125 0.031865042174320526
0 0.310625 0.8711340206185567 0.025 0.016869728209934397
0 0.098125 0.13964386129334583 0.02875 0.00937207122774133
0 0.633125 0.4006560449859419 0.03125 0.04311152764761012
0 0.14125 0.866447985004686 0.02125 0.014058106841611996
0 0.024375 0.8823805060918463 0.01375 0.00937207122774133
0 0.26875 0.8753514526710403 0.055 0.013120899718837863