1 0.911875 0.5196813495782568 0.17625 0.12652296157450796
1 0.900625 0.36363636363636365 0.19875 0.12558575445173384
0 0.919375 0.6982193064667291 0.10125 0.08153701968134958
0 0.02125 0.4690721649484536 0.0425 0.08903467666354264
0 0.7025 0.8013120899718837 0.10875 0.08341143392689784
1 0.40125 0.6237113402061856 0.27625 0.19962511715089035
1 0.319375 0.3598875351452671 0.32875 0.17432052483598875
1 0.21625 0.5857544517338332 0.28875 0.21087160262417995
0 0.344375 0.4189315838800375 0.1175 0.05716963448922212
0 0.4075 0.1316776007497657 0.04625 0.03561387066541706
0 0.78 0.1626054358013121 0.02625 0.01874414245548266
0 0.803125 0.9114339268978444 0.03 0.011246485473289597
0 0.344375 0.5782567947516402 0.0375 0.04498594189315839
0 0.945625 0.19165885660731022 0.02375 0.01499531396438613
0 0.8225 0.16447985004686036 0.05625 0.01780693533270853