0 0.118 0.041916167664670656 0.12 0.08383233532934131
0 0.226 0.040419161676646706 0.076 0.08083832335329341
0 0.319 0.06287425149700598 0.086 0.12574850299401197
0 0.387 0.10778443113772455 0.08 0.15868263473053892
0 0.252 0.13023952095808383 0.088 0.1347305389221557
0 0.171 0.1721556886227545 0.098 0.1317365269461078
0 0.088 0.13922155688622753 0.08 0.2155688622754491
0 0.107 0.32934131736526945 0.156 0.19461077844311378
0 0.06 0.5 0.106 0.19760479041916168
0 0.074 0.7245508982035929 0.148 0.281437125748503
0 0.2 0.47155688622754494 0.18 0.26646706586826346
0 0.215 0.7919161676646707 0.134 0.23353293413173654
0 0.29 0.562874251497006 0.148 0.16766467065868262
0 0.293 0.25449101796407186 0.17 0.218562874251497
0 0.431 0.25299401197604793 0.104 0.15568862275449102
0 0.456 0.0658682634730539 0.084 0.11077844311377245
0 0.521 0.18413173652694612 0.124 0.1497005988023952
0 0.557 0.07335329341317365 0.114 0.09580838323353294
0 0.617 0.1721556886227545 0.084 0.12574850299401197
0 0.671 0.11526946107784432 0.062 0.10778443113772455
0 0.76 0.14820359281437126 0.108 0.1497005988023952
0 0.868 0.1631736526946108 0.114 0.1407185628742515
0 0.962 0.18413173652694612 0.076 0.11077844311377245
0 0.755 0.27844311377245506 0.088 0.15269461077844312
0 0.842 0.2994011976047904 0.06 0.10179640718562874
0 0.911 0.26497005988023953 0.066 0.10179640718562874
0 0.955 0.35479041916167664 0.084 0.17664670658682635
0 0.853 0.41317365269461076 0.124 0.16766467065868262
0 0.748 0.468562874251497 0.158 0.23353293413173654
0 0.905 0.5643712574850299 0.164 0.18862275449101795
0 0.717 0.6706586826347305 0.166 0.23053892215568864
0 0.888 0.718562874251497 0.142 0.18263473053892215
0 0.862 0.905688622754491 0.148 0.18862275449101795
0 0.72 0.8652694610778443 0.162 0.26646706586826346
0 0.542 0.8278443113772455 0.158 0.2904191616766467
0 0.377 0.8278443113772455 0.198 0.27245508982035926
0 0.368 0.4416167664670659 0.146 0.2155688622754491
0 0.518 0.38173652694610777 0.142 0.2215568862275449
0 0.612 0.5553892215568862 0.158 0.24850299401197604
0 0.639 0.3143712574850299 0.154 0.20958083832335328