0 0.798 0.0718562874251497 0.076 0.07784431137724551
0 0.785 0.20059880239520958 0.092 0.12275449101796407
0 0.753 0.30389221556886226 0.102 0.11077844311377245
0 0.729 0.10329341317365269 0.086 0.12275449101796407
0 0.692 0.0374251497005988 0.078 0.03592814371257485
0 0.495 0.08982035928143713 0.166 0.17964071856287425
0 0.286 0.09431137724550898 0.15 0.18862275449101795
0 0.444 0.19011976047904192 0.104 0.2155688622754491
0 0.65 0.17365269461077845 0.136 0.24251497005988024
0 0.66 0.38023952095808383 0.098 0.1497005988023952
0 0.787 0.4041916167664671 0.07 0.11976047904191617
0 0.712 0.5104790419161677 0.094 0.17664670658682635
0 0.788 0.5553892215568862 0.058 0.16766467065868262
0 0.727 0.6511976047904192 0.08 0.11976047904191617
0 0.769 0.7290419161676647 0.068 0.08682634730538923
0 0.753 0.8637724550898204 0.094 0.15568862275449102
0 0.751 0.9715568862275449 0.082 0.05688622754491018
0 0.665 0.8652694610778443 0.098 0.12275449101796407
0 0.658 0.9760479041916168 0.064 0.04790419161676647
0 0.584 0.9655688622754491 0.1 0.0688622754491018
0 0.539 0.8682634730538922 0.148 0.2245508982035928
0 0.401 0.8353293413173652 0.144 0.23652694610778444
0 0.271 0.8547904191616766 0.17 0.23053892215568864
0 0.284 0.5853293413173652 0.186 0.218562874251497
0 0.272 0.3398203592814371 0.17 0.281437125748503
0 0.53 0.2994011976047904 0.136 0.20658682634730538
0 0.58 0.5179640718562875 0.14 0.20059880239520958
0 0.471 0.6706586826347305 0.158 0.2215568862275449
0 0.633 0.6946107784431138 0.132 0.218562874251497