0 0.815625 0.7900656044985942 0.15875 0.14339268978444236
0 0.720625 0.5374882849109653 0.16625 0.1190253045923149
0 0.850625 0.6007497656982193 0.1275 0.1218369259606373
0 0.59125 0.9428303655107779 0.1725 0.11433926897844424
0 0.089375 0.5356138706654171 0.10125 0.07591377694470477
0 0.251875 0.930178069353327 0.0475 0.04311152764761012
0 0.615625 0.6134020618556701 0.0675 0.08059981255857544
0 0.5625 0.5388940955951266 0.0625 0.08528584817244611
0 0.528125 0.7666354264292409 0.05625 0.06466729147141519
0 0.51375 0.5089034676663543 0.0675 0.09372071227741331
0 0.4325 0.7399250234301781 0.04375 0.04029990627928772
0 0.568125 0.6555763823805061 0.0525 0.06560449859418932
0 0.641875 0.8706654170571696 0.0525 0.05810684161199625
1 0.13125 0.682755388940956 0.1575 0.20712277413308341
0 0.4925 0.8477038425492034 0.0425 0.041237113402061855
0 0.54875 0.39550140581068416 0.04 0.056232427366447985
0 0.345625 0.8908153701968134 0.04625 0.04217432052483599
1 0.23 0.5257731958762887 0.15625 0.2858481724461106
0 0.10625 0.9348641049671977 0.04875 0.04311152764761012
1 0.239375 0.7319587628865979 0.1425 0.2802249297094658
0 0.06625 0.9662605435801312 0.0325 0.04873477038425492
0 0.15875 0.9231490159325211 0.12625 0.14058106841611998
0 0.0275 0.612933458294283 0.04 0.06279287722586692
1 0.33625 0.5941893158388004 0.1125 0.23898781630740393
0 0.826875 0.549203373945642 0.05125 0.031865042174320526
0 0.305625 0.4062792877225867 0.0525 0.1358950328022493
1 0.33375 0.3959700093720712 0.15375 0.3908153701968135
0 0.28 0.5323336457357076 0.03125 0.08434864104967198
0 0.615 0.40581068416119964 0.03375 0.04217432052483599
0 0.799375 0.6433926897844423 0.03375 0.03748828491096532
0 0.920625 0.8036551077788191 0.0175 0.020618556701030927
0 0.418125 0.5126522961574508 0.01875 0.02155576382380506
0 0.378125 0.6654170571696345 0.0175 0.038425492033739454
0 0.1075 0.6283973758200563 0.02 0.01499531396438613
0 0.06375 0.993439550140581 0.015 0.013120899718837863
0 0.01625 0.4746954076850984 0.01875 0.014058106841611996
0 0.60375 0.18416119962511715 0.02125 0.014058106841611996
0 0.579375 0.35051546391752575 0.0225 0.02155576382380506
0 0.910625 0.44048734770384257 0.02125 0.014058106841611996
0 0.654375 0.4742268041237113 0.02625 0.020618556701030927
0 0.796875 0.32567947516401125 0.01875 0.015932521087160263
0 0.59875 0.2774133083411434 0.01875 0.02530459231490159
0 0.540625 0.20103092783505155 0.02 0.020618556701030927
0 0.5875 0.12136832239925023 0.02 0.02530459231490159
0 0.579375 0.04076850984067479 0.01375 0.010309278350515464
0 0.89375 0.42127460168697284 0.01875 0.013120899718837863
0 0.8475 0.09653233364573571 0.01625 0.01780693533270853
0 0.851875 0.3697282099343955 0.01625 0.028116213683223992
0 0.84 0.3837863167760075 0.01375 0.013120899718837863
0 0.966875 0.4873477038425492 0.01875 0.022492970946579195
0 0.31875 0.2600749765698219 0.02625 0.03467666354264293
0 0.98375 0.6583880037488284 0.0275 0.05060918462980318
0 0.236875 0.7891283973758201 0.03375 0.07403936269915651
1 0.116875 0.7891283973758201 0.2 0.27835051546391754
0 0.305 0.6260543580131209 0.02875 0.1021555763823805
0 0.18875 0.4268978444236176 0.0375 0.03561387066541706