0 0.5357142857142857 0.009794776119402986 0.03463203463203463 0.01958955223880597
0 0.3647186147186147 0.09375 0.06493506493506493 0.05690298507462686
0 0.9237012987012987 0.9636194029850746 0.02922077922077922 0.027985074626865673
0 0.7489177489177489 0.9696828358208955 0.017316017316017316 0.025186567164179104
0 0.3582251082251082 0.9850746268656716 0.045454545454545456 0.020522388059701493
0 0.2483766233766234 0.11473880597014925 0.03787878787878788 0.04477611940298507
0 0.07738095238095238 0.16138059701492538 0.04004329004329004 0.04477611940298507
0 0.21482683982683984 0.17164179104477612 0.03571428571428571 0.04477611940298507
0 0.6515151515151515 0.1791044776119403 0.08874458874458875 0.07276119402985075
0 0.43344155844155846 0.21082089552238806 0.06168831168831169 0.04477611940298507
0 0.9745670995670995 0.2126865671641791 0.048701298701298704 0.04477611940298507
0 0.1958874458874459 0.2248134328358209 0.032467532467532464 0.03171641791044776
0 0.5346320346320347 0.23087686567164178 0.10173160173160173 0.07182835820895522
0 0.11958874458874459 0.25 0.11147186147186147 0.2294776119402985
0 0.8647186147186147 0.25326492537313433 0.07575757575757576 0.09235074626865672
0 0.48647186147186144 0.33255597014925375 0.03787878787878788 0.03451492537313433
0 0.6877705627705628 0.34281716417910446 0.022727272727272728 0.017723880597014924
0 0.19047619047619047 0.35494402985074625 0.03463203463203463 0.030783582089552237
0 0.729978354978355 0.38013059701492535 0.06168831168831169 0.051305970149253734
0 0.3647186147186147 0.40345149253731344 0.0670995670995671 0.04197761194029851
0 0.6893939393939394 0.41324626865671643 0.04329004329004329 0.033582089552238806
0 0.09523809523809523 0.4137126865671642 0.04112554112554113 0.04011194029850746
0 0.8825757575757576 0.44869402985074625 0.03787878787878788 0.033582089552238806
0 0.06601731601731602 0.45755597014925375 0.025974025974025976 0.030783582089552237
0 0.9837662337662337 0.47994402985074625 0.030303030303030304 0.025186567164179104
0 0.25216450216450215 0.48740671641791045 0.03463203463203463 0.028917910447761194
0 0.9929653679653679 0.5111940298507462 0.011904761904761904 0.03171641791044776
0 0.007575757575757576 0.5471082089552238 0.015151515151515152 0.043843283582089554
0 0.9134199134199135 0.5564365671641791 0.017316017316017316 0.01585820895522388
0 0.3079004329004329 0.006063432835820896 0.11147186147186147 0.012126865671641791
0 0.49512987012987014 0.570429104477612 0.02922077922077922 0.028917910447761194
0 0.24783549783549783 0.574160447761194 0.06493506493506493 0.04197761194029851
0 0.8804112554112554 0.5956156716417911 0.06168831168831169 0.06623134328358209
0 0.4686147186147186 0.6128731343283582 0.021645021645021644 0.0708955223880597
0 0.6017316017316018 0.6375932835820896 0.08658008658008658 0.09048507462686567
0 0.7115800865800865 0.6875 0.044372294372294376 0.03544776119402985
0 0.08333333333333333 0.6916977611940298 0.05627705627705628 0.05503731343283582
0 0.5238095238095238 0.7098880597014925 0.08008658008658008 0.06343283582089553
0 0.670995670995671 0.726679104477612 0.030303030303030304 0.03544776119402985
0 0.6520562770562771 0.07695895522388059 0.046536796536796536 0.03264925373134328
0 0.4107142857142857 0.7901119402985075 0.08333333333333333 0.09701492537313433
0 0.8246753246753247 0.8106343283582089 0.07683982683982683 0.10261194029850747
0 0.7873376623376623 0.08582089552238806 0.050865800865800864 0.10634328358208955
0 0.6228354978354979 0.8628731343283582 0.10064935064935066 0.10261194029850747
0 0.2840909090909091 0.08675373134328358 0.05303030303030303 0.027985074626865673
0 0.5308441558441559 0.8689365671641791 0.07683982683982683 0.08582089552238806
1 0.09848484848484848 0.8428171641791045 0.18073593073593072 0.17164179104477612
1 0.49567099567099565 0.5559701492537313 0.09848484848484848 0.18936567164179105