0 0.47619047619047616 0.010261194029850746 0.0367965367965368 0.020522388059701493
0 0.31601731601731603 0.10820895522388059 0.07142857142857142 0.0625
0 0.9778138528138528 0.9230410447761194 0.032467532467532464 0.030783582089552237
0 0.8046536796536796 0.9444962686567164 0.020562770562770564 0.027052238805970148
0 0.41774891774891776 0.9916044776119403 0.047619047619047616 0.016791044776119403
0 0.20292207792207792 0.1394589552238806 0.04329004329004329 0.04757462686567164
0 0.038419913419913417 0.20149253731343283 0.045454545454545456 0.048507462686567165
0 0.1764069264069264 0.19916044776119404 0.04112554112554113 0.04757462686567164
0 0.612012987012987 0.16744402985074627 0.09740259740259741 0.08022388059701492
0 0.39880952380952384 0.21828358208955223 0.0670995670995671 0.05037313432835821
0 0.9372294372294372 0.17164179104477612 0.05411255411255411 0.048507462686567165
0 0.16396103896103897 0.2537313432835821 0.03571428571428571 0.03451492537313433
0 0.5016233766233766 0.22901119402985073 0.11038961038961038 0.08022388059701492
0 0.09145021645021645 0.28544776119402987 0.13852813852813853 0.23787313432835822
0 0.8327922077922078 0.22154850746268656 0.08658008658008658 0.09888059701492537
0 0.46645021645021645 0.33488805970149255 0.04220779220779221 0.03731343283582089
0 0.6677489177489178 0.3269589552238806 0.024891774891774892 0.01958955223880597
0 0.1747835497835498 0.3833955223880597 0.03787878787878788 0.033582089552238806
0 0.7142857142857143 0.36007462686567165 0.0670995670995671 0.05690298507462686
0 0.3538961038961039 0.416044776119403 0.07142857142857142 0.04757462686567164
0 0.678030303030303 0.396455223880597 0.047619047619047616 0.03731343283582089
0 0.08712121212121213 0.4505597014925373 0.045454545454545456 0.043843283582089554
0 0.8744588744588745 0.4146455223880597 0.04220779220779221 0.036380597014925374
0 0.0633116883116883 0.49673507462686567 0.02922077922077922 0.03264925373134328
0 0.9788961038961039 0.43656716417910446 0.03354978354978355 0.027985074626865673
0 0.25216450216450215 0.5097947761194029 0.03787878787878788 0.03171641791044776
0 0.9918831168831169 0.466884328358209 0.015151515151515152 0.03264925373134328
0 0.016233766233766232 0.5914179104477612 0.020562770562770564 0.04477611940298507
0 0.9177489177489178 0.5186567164179104 0.01948051948051948 0.017723880597014924
0 0.24891774891774893 0.026119402985074626 0.11255411255411256 0.022388059701492536
0 0.5037878787878788 0.570429104477612 0.032467532467532464 0.03171641791044776
0 0.25811688311688313 0.5965485074626866 0.06926406926406926 0.04757462686567164
0 0.8901515151515151 0.5606343283582089 0.06926406926406926 0.07182835820895522
0 0.48268398268398266 0.6152052238805971 0.030303030303030304 0.07276119402985075
0 0.6179653679653679 0.6277985074626866 0.09740259740259741 0.09794776119402986
0 0.7332251082251082 0.6674440298507462 0.048701298701298704 0.03917910447761194
0 0.10876623376623376 0.7280783582089553 0.06277056277056277 0.05970149253731343
0 0.5492424242424242 0.7066231343283582 0.08766233766233766 0.06996268656716417
0 0.6975108225108225 0.7098880597014925 0.03463203463203463 0.03824626865671642
0 0.6001082251082251 0.06576492537313433 0.049783549783549784 0.036380597014925374
0 0.44642857142857145 0.7966417910447762 0.09415584415584416 0.10354477611940298
0 0.8603896103896104 0.7798507462686567 0.08874458874458875 0.10914179104477612
0 0.7353896103896104 0.06203358208955224 0.06385281385281386 0.11007462686567164
0 0.6661255411255411 0.8498134328358209 0.11255411255411256 0.11100746268656717
0 0.2353896103896104 0.10867537313432836 0.05627705627705628 0.03264925373134328
0 0.5752164502164502 0.8642723880597015 0.08658008658008658 0.09235074626865672
1 0.1423160173160173 0.8773320895522388 0.2002164502164502 0.1865671641791045
1 0.5027056277056277 0.5559701492537313 0.12121212121212122 0.19682835820895522