0 0.02922077922077922 0.6026119402985075 0.05844155844155844 0.05783582089552239
0 0.044372294372294376 0.7033582089552238 0.05303030303030303 0.03451492537313433
0 0.09253246753246754 0.8521455223880597 0.05303030303030303 0.036380597014925374
0 0.10930735930735931 0.7341417910447762 0.05303030303030303 0.03264925373134328
0 0.1331168831168831 0.3582089552238806 0.08766233766233766 0.07929104477611941
0 0.16233766233766234 0.5471082089552238 0.05411255411255411 0.05503731343283582
0 0.18344155844155843 0.08115671641791045 0.05411255411255411 0.043843283582089554
0 0.17045454545454544 0.7523320895522388 0.03787878787878788 0.028917910447761194
0 0.1893939393939394 0.4608208955223881 0.08658008658008658 0.09048507462686567
0 0.19696969696969696 0.8190298507462687 0.2694805194805195 0.1044776119402985
0 0.22673160173160173 0.17723880597014927 0.10930735930735931 0.06809701492537314
0 0.3051948051948052 0.5055970149253731 0.04112554112554113 0.033582089552238806
0 0.3241341991341991 0.33255597014925375 0.021645021645021644 0.020522388059701493
0 0.3208874458874459 0.761660447761194 0.0367965367965368 0.030783582089552237
0 0.36904761904761907 0.29757462686567165 0.06168831168831169 0.05503731343283582
0 0.38311688311688313 0.613339552238806 0.050865800865800864 0.05970149253731343
0 0.40584415584415584 0.333955223880597 0.04004329004329004 0.03824626865671642
0 0.38582251082251084 0.8456156716417911 0.047619047619047616 0.036380597014925374
0 0.454004329004329 0.16884328358208955 0.04004329004329004 0.033582089552238806
0 0.4356060606060606 0.8722014925373134 0.0367965367965368 0.02332089552238806
0 0.4935064935064935 0.08255597014925373 0.030303030303030304 0.027052238805970148
0 0.47673160173160173 0.7131529850746269 0.03463203463203463 0.030783582089552237
0 0.5303030303030303 0.07555970149253731 0.0367965367965368 0.011194029850746268
0 0.5373376623376623 0.925839552238806 0.050865800865800864 0.014925373134328358
0 0.5800865800865801 0.14598880597014927 0.01948051948051948 0.01585820895522388
0 0.5817099567099567 0.5065298507462687 0.03463203463203463 0.026119402985074626
0 0.5773809523809523 0.7196828358208955 0.050865800865800864 0.05783582089552239
0 0.6239177489177489 0.17583955223880596 0.07900432900432901 0.05503731343283582
0 0.6298701298701299 0.5307835820895522 0.08333333333333333 0.021455223880597014
0 0.6628787878787878 0.41697761194029853 0.10822510822510822 0.07742537313432836
0 0.7245670995670995 0.324160447761194 0.04220779220779221 0.03917910447761194
0 0.7077922077922078 0.8656716417910447 0.06601731601731602 0.05037313432835821
0 0.7440476190476191 0.4869402985074627 0.07683982683982683 0.0708955223880597
0 0.7689393939393939 0.3605410447761194 0.04220779220779221 0.027052238805970148
0 0.01948051948051948 0.35447761194029853 0.02922077922077922 0.041044776119402986
0 0.8333333333333334 0.5872201492537313 0.11580086580086581 0.07555970149253731
0 0.8717532467532467 0.23134328358208955 0.12121212121212122 0.06996268656716417
0 0.050865800865800864 0.23880597014925373 0.08333333333333333 0.04664179104477612
0 0.9247835497835498 0.40671641791044777 0.12229437229437229 0.09048507462686567
0 0.015151515151515152 0.6716417910447762 0.030303030303030304 0.04664179104477612
0 0.9291125541125541 0.4864738805970149 0.10173160173160173 0.06902985074626866
1 0.8836580086580087 0.8577425373134329 0.20562770562770563 0.16138059701492538
1 0.564935064935065 0.5055970149253731 0.22294372294372294 0.0914179104477612