0 0.5010548523206751 0.9583333333333334 0.06434599156118144 0.03102836879432624
0 0.705168776371308 0.9663120567375887 0.024261603375527425 0.016843971631205674
0 0.21677215189873417 0.9676418439716312 0.04430379746835443 0.04875886524822695
0 0.7014767932489452 0.10195035460992907 0.04535864978902954 0.03546099290780142
0 0.7141350210970464 0.9875886524822695 0.06962025316455696 0.024822695035460994
0 0.8918776371308017 0.19592198581560283 0.05063291139240506 0.047872340425531915
0 0.6682489451476793 0.19547872340425532 0.04008438818565401 0.041666666666666664
0 0.15084388185654007 0.25310283687943264 0.03691983122362869 0.026595744680851064
0 0.9883966244725738 0.26906028368794327 0.023206751054852322 0.0274822695035461
0 0.7056962025316456 0.2699468085106383 0.05063291139240506 0.04343971631205674
0 0.8918776371308017 0.2783687943262411 0.06223628691983123 0.044326241134751775
0 0.5864978902953587 0.2752659574468085 0.04219409282700422 0.0274822695035461
0 0.7737341772151899 0.33865248226950356 0.03375527426160337 0.03546099290780142
0 0.6613924050632911 0.3426418439716312 0.11814345991561181 0.12411347517730496
0 0.17563291139240506 0.3395390070921986 0.08016877637130802 0.0425531914893617
0 0.7563291139240507 0.3625886524822695 0.04008438818565401 0.02925531914893617
0 0.8897679324894515 0.37322695035460995 0.13818565400843882 0.14804964539007093
0 0.5174050632911392 0.37367021276595747 0.10337552742616034 0.09042553191489362
0 0.07278481012658228 0.3754432624113475 0.04430379746835443 0.044326241134751775
0 0.2120253164556962 0.40070921985815605 0.049578059071729956 0.0274822695035461
0 0.13132911392405064 0.4171099290780142 0.023206751054852322 0.020390070921985817
0 0.7331223628691983 0.42641843971631205 0.035864978902953586 0.04343971631205674
0 0.3876582278481013 0.44725177304964536 0.03375527426160337 0.026595744680851064
0 0.5453586497890295 0.46897163120567376 0.10654008438818566 0.07712765957446809
0 0.3370253164556962 0.4676418439716312 0.0580168776371308 0.05053191489361702
0 0.7078059071729957 0.4995567375886525 0.026371308016877638 0.026595744680851064
0 0.06381856540084388 0.4951241134751773 0.046413502109704644 0.044326241134751775
0 0.6513713080168776 0.05319148936170213 0.0379746835443038 0.03723404255319149
0 0.8744725738396625 0.5181737588652482 0.04852320675105485 0.0425531914893617
0 0.7726793248945147 0.5341312056737588 0.03481012658227848 0.041666666666666664
0 0.47837552742616035 0.5518617021276596 0.029535864978902954 0.028368794326241134
0 0.08175105485232068 0.574468085106383 0.04113924050632911 0.038120567375886524
0 0.9098101265822784 0.5913120567375887 0.08966244725738397 0.06826241134751773
0 0.1661392405063291 0.6117021276595744 0.0759493670886076 0.06382978723404255
0 0.54957805907173 0.6351950354609929 0.04430379746835443 0.030141843971631204
0 0.4467299578059072 0.6476063829787234 0.10759493670886076 0.04343971631205674
0 0.8122362869198312 0.6848404255319149 0.035864978902953586 0.031914893617021274
0 0.5427215189873418 0.6941489361702128 0.05063291139240506 0.03368794326241135
0 0.2626582278481013 0.6959219858156028 0.06223628691983123 0.02925531914893617
0 0.6213080168776371 0.7105496453900709 0.04113924050632911 0.030141843971631204
0 0.21518987341772153 0.7136524822695035 0.029535864978902954 0.022163120567375887
0 0.30168776371308015 0.7327127659574468 0.10126582278481013 0.06294326241134751
0 0.17035864978902954 0.7424645390070922 0.052742616033755275 0.054078014184397165
0 0.8581223628691983 0.7894503546099291 0.029535864978902954 0.020390070921985817
0 0.629746835443038 0.811613475177305 0.08122362869198312 0.06560283687943262
0 0.5300632911392406 0.8226950354609929 0.023206751054852322 0.018617021276595744
0 0.4609704641350211 0.8581560283687943 0.052742616033755275 0.024822695035460994
0 0.820675105485232 0.8687943262411347 0.14767932489451477 0.12854609929078015
0 0.7093881856540084 0.8701241134751773 0.0759493670886076 0.09131205673758866
1 0.270042194092827 0.7021276595744681 0.32383966244725737 0.2695035460992908
1 0.19883966244725737 0.9649822695035462 0.18565400843881857 0.06382978723404255