0 0.55078125 0.9459821428571429 0.06670673076923077 0.09196428571428572
0 0.14092548076923078 0.11651785714285715 0.047475961538461536 0.06696428571428571
0 0.8996394230769231 0.12142857142857143 0.028245192307692308 0.03571428571428571
0 0.9918870192307693 0.014285714285714285 0.01622596153846154 0.02857142857142857
0 0.6926081730769231 0.16607142857142856 0.05709134615384615 0.07946428571428571
0 0.5793269230769231 0.01830357142857143 0.052884615384615384 0.03660714285714286
0 0.3740985576923077 0.19196428571428573 0.10576923076923077 0.11428571428571428
0 0.6388221153846154 0.23258928571428572 0.0703125 0.09017857142857143
0 0.9576322115384616 0.25089285714285714 0.05889423076923077 0.06875
0 0.1935096153846154 0.31294642857142857 0.038461538461538464 0.05625
0 0.7166466346153846 0.34866071428571427 0.0967548076923077 0.10267857142857142
0 0.013822115384615384 0.3919642857142857 0.027644230769230768 0.09107142857142857
0 0.7049278846153846 0.4401785714285714 0.06790865384615384 0.07678571428571429
0 0.13191105769230768 0.45982142857142855 0.0390625 0.05714285714285714
0 0.4020432692307692 0.46964285714285714 0.027644230769230768 0.04642857142857143
0 0.18509615384615385 0.5285714285714286 0.0751201923076923 0.09732142857142857
0 0.43990384615384615 0.5330357142857143 0.028846153846153848 0.033928571428571426
0 0.4792668269230769 0.5959821428571429 0.029447115384615384 0.04375
0 0.7653245192307693 0.060714285714285714 0.1268028846153846 0.12142857142857143
0 0.9480168269230769 0.06205357142857143 0.027043269230769232 0.0375
0 0.005408653846153846 0.6522321428571428 0.010817307692307692 0.04375
0 0.5180288461538461 0.6598214285714286 0.028846153846153848 0.03214285714285714
0 0.8882211538461539 0.6616071428571428 0.07211538461538461 0.0875
0 0.38070913461538464 0.071875 0.033052884615384616 0.04107142857142857
0 0.6319110576923077 0.7089285714285715 0.03545673076923077 0.05357142857142857
0 0.5174278846153846 0.7638392857142857 0.07572115384615384 0.10625
0 0.2707331730769231 0.7678571428571429 0.04266826923076923 0.06607142857142857
0 0.6673677884615384 0.7700892857142857 0.03545673076923077 0.04375
0 0.7019230769230769 0.8227678571428572 0.038461538461538464 0.04196428571428571
0 0.7364783653846154 0.8830357142857143 0.0390625 0.06160714285714286