0 0.4651442307692308 0.05089285714285714 0.06971153846153846 0.09732142857142857
0 0.8449519230769231 0.9107142857142857 0.049879807692307696 0.07053571428571428
0 0.08743990384615384 0.846875 0.029447115384615384 0.0375
0 0.2959735576923077 0.8183035714285715 0.06009615384615385 0.08392857142857142
0 0.40384615384615385 0.975 0.054086538461538464 0.04107142857142857
0 0.6147836538461539 0.8174107142857143 0.109375 0.12232142857142857
0 0.3518629807692308 0.75625 0.0733173076923077 0.09553571428571428
0 0.034254807692307696 0.7133928571428572 0.06129807692307692 0.07321428571428572
0 0.7995793269230769 0.7107142857142857 0.04026442307692308 0.05892857142857143
0 0.2782451923076923 0.634375 0.10036057692307693 0.10982142857142857
0 0.9816706730769231 0.6455357142857143 0.03064903846153846 0.09285714285714286
0 0.2932692307692308 0.54375 0.0703125 0.08214285714285714
0 0.8662860576923077 0.56875 0.040865384615384616 0.059821428571428574
0 0.5967548076923077 0.5379464285714286 0.029447115384615384 0.048214285714285716
0 0.8155048076923077 0.49598214285714287 0.07872596153846154 0.10267857142857142
0 0.5612980769230769 0.471875 0.030048076923076924 0.03571428571428571
0 0.5240384615384616 0.40580357142857143 0.03064903846153846 0.045535714285714284
0 0.21965144230769232 0.9178571428571428 0.1310096153846154 0.13125
0 0.037259615384615384 0.9026785714285714 0.028245192307692308 0.039285714285714285
0 0.9963942307692307 0.38660714285714287 0.007211538461538462 0.044642857142857144
0 0.48768028846153844 0.33883928571428573 0.030048076923076924 0.033928571428571426
0 0.1180889423076923 0.30848214285714287 0.0751201923076923 0.09285714285714286
0 0.6039663461538461 0.9366071428571429 0.034254807692307696 0.04375
0 0.37560096153846156 0.28125 0.037259615384615384 0.05625
0 0.4918870192307692 0.23526785714285714 0.07932692307692307 0.11160714285714286
0 0.73828125 0.25044642857142857 0.045072115384615384 0.06964285714285715
0 0.34224759615384615 0.2174107142857143 0.03665865384615385 0.04642857142857143
0 0.3097956730769231 0.16205357142857144 0.039663461538461536 0.044642857142857144
0 0.27734375 0.09910714285714285 0.04146634615384615 0.06428571428571428