0 0.510548523206751 0.9583333333333334 0.06329113924050633 0.030141843971631204
0 0.7146624472573839 0.963209219858156 0.024261603375527425 0.016843971631205674
0 0.22626582278481014 0.9716312056737588 0.043248945147679324 0.047872340425531915
0 0.6930379746835443 0.09884751773049645 0.04430379746835443 0.034574468085106384
0 0.7241561181434599 0.9862588652482269 0.06856540084388185 0.0274822695035461
0 0.885548523206751 0.1901595744680851 0.049578059071729956 0.04698581560283688
0 0.6619198312236287 0.19326241134751773 0.039029535864978905 0.040780141843971635
0 0.14556962025316456 0.25842198581560283 0.035864978902953586 0.025709219858156027
0 0.9857594936708861 0.261968085106383 0.026371308016877638 0.0274822695035461
0 0.7009493670886076 0.26684397163120566 0.049578059071729956 0.0425531914893617
0 0.8871308016877637 0.2726063829787234 0.06118143459915612 0.04343971631205674
0 0.5817510548523207 0.27393617021276595 0.04113924050632911 0.026595744680851064
0 0.7705696202531646 0.3346631205673759 0.03270042194092827 0.034574468085106384
0 0.6582278481012658 0.3404255319148936 0.1160337552742616 0.12234042553191489
0 0.17246835443037975 0.34441489361702127 0.07911392405063292 0.041666666666666664
0 0.7536919831223629 0.35904255319148937 0.039029535864978905 0.028368794326241134
0 0.8871308016877637 0.3674645390070922 0.1350210970464135 0.14627659574468085
0 0.5147679324894515 0.37322695035460995 0.10126582278481013 0.08865248226950355
0 0.07014767932489452 0.3816489361702128 0.043248945147679324 0.04343971631205674
0 0.20991561181434598 0.4051418439716312 0.04852320675105485 0.026595744680851064
0 0.12974683544303797 0.4224290780141844 0.023206751054852322 0.020390070921985817
0 0.7315400843881856 0.4228723404255319 0.03481012658227848 0.0425531914893617
0 0.3866033755274262 0.44902482269503546 0.03270042194092827 0.025709219858156027
0 0.544831223628692 0.46852836879432624 0.10548523206751055 0.07535460992907801
0 0.33649789029535865 0.4698581560283688 0.056962025316455694 0.04964539007092199
0 0.7078059071729957 0.49645390070921985 0.02531645569620253 0.026595744680851064
0 0.06381856540084388 0.5013297872340425 0.04535864978902954 0.04343971631205674
0 0.6418776371308017 0.050975177304964536 0.03691983122362869 0.03634751773049645
0 0.875 0.512854609929078 0.04746835443037975 0.041666666666666664
0 0.7732067510548524 0.5301418439716312 0.03375527426160337 0.040780141843971635
0 0.47943037974683544 0.5523049645390071 0.028481012658227847 0.028368794326241134
0 0.08333333333333333 0.5806737588652482 0.04008438818565401 0.03723404255319149
0 0.9113924050632911 0.5851063829787234 0.08860759493670886 0.0673758865248227
0 0.16824894514767932 0.6165780141843972 0.07489451476793249 0.06294326241134751
0 0.5522151898734177 0.6343085106382979 0.043248945147679324 0.02925531914893617
0 0.44989451476793246 0.6484929078014184 0.10654008438818566 0.041666666666666664
0 0.8159282700421941 0.6804078014184397 0.03481012658227848 0.03102836879432624
0 0.5469409282700421 0.6937056737588653 0.049578059071729956 0.03280141843971631
0 0.2668776371308017 0.699468085106383 0.06118143459915612 0.028368794326241134
0 0.6255274261603375 0.7087765957446809 0.04008438818565401 0.02925531914893617
0 0.21940928270042195 0.7176418439716312 0.029535864978902954 0.022163120567375887
0 0.30643459915611815 0.7353723404255319 0.10021097046413502 0.061170212765957445
0 0.17563291139240506 0.7473404255319149 0.05168776371308017 0.05319148936170213
0 0.8639240506329114 0.7841312056737588 0.029535864978902954 0.020390070921985817
0 0.6360759493670886 0.8098404255319149 0.08016877637130802 0.06471631205673758
0 0.5369198312236287 0.8222517730496454 0.023206751054852322 0.018617021276595744
0 0.46835443037974683 0.8585992907801419 0.052742616033755275 0.023936170212765957
0 0.8280590717299579 0.8639184397163121 0.14556962025316456 0.12677304964539007
0 0.7172995780590717 0.8670212765957447 0.07383966244725738 0.09042553191489362
1 0.2742616033755274 0.7056737588652482 0.31856540084388185 0.2650709219858156
1 0.20833333333333334 0.9694148936170213 0.18459915611814345 0.061170212765957445