0 0.061514195583596214 0.554820415879017 0.04889589905362776 0.027410207939508508
0 0.138801261829653 0.3700378071833648 0.06309148264984227 0.043478260869565216
0 0.17665615141955837 0.24291115311909262 0.06624605678233439 0.04064272211720227
0 0.1971608832807571 0.45888468809073724 0.08990536277602523 0.046313799621928164
0 0.15772870662460567 0.6550094517958412 0.06782334384858044 0.04158790170132325
0 0.2823343848580442 0.30623818525519847 0.09779179810725552 0.05387523629489603
0 0.48264984227129337 0.5349716446124764 0.055205047318611984 0.03780718336483932
0 0.5906940063091483 0.24196597353497165 0.07570977917981073 0.052930056710775046
0 0.61198738170347 0.45132325141776936 0.04416403785488959 0.030245746691871456
0 0.5875394321766562 0.6483931947069943 0.04889589905362776 0.023629489603024575
0 0.7168769716088328 0.23629489603024575 0.04574132492113565 0.03497164461247637
0 0.6608832807570978 0.7273156899810964 0.04258675078864353 0.024574669187145556
0 0.7760252365930599 0.3482986767485822 0.05362776025236593 0.03213610586011342
0 0.8588328075709779 0.2783553875236295 0.06466876971608833 0.04064272211720227
0 0.7847003154574133 0.5505671077504726 0.061514195583596214 0.03213610586011342
0 0.9132492113564669 0.32892249527410206 0.08990536277602523 0.04253308128544423
0 0.8091482649842271 0.7235349716446124 0.03943217665615142 0.02930056710775047
0 0.889589905362776 0.5746691871455577 0.03470031545741325 0.027410207939508508
0 0.9708201892744479 0.44565217391304346 0.0583596214511041 0.04253308128544423