0 0.9098039215686274 0.48125 0.13333333333333333 0.1275
0 0.9112745098039216 0.28291666666666665 0.021568627450980392 0.020833333333333332
0 0.9186274509803921 0.13958333333333334 0.025490196078431372 0.025833333333333333
0 0.9965686274509804 0.47208333333333335 0.006862745098039216 0.024166666666666666
0 0.9544117647058824 0.32 0.061764705882352944 0.13083333333333333
0 0.1 0.69875 0.07156862745098039 0.0775
0 0.1730392156862745 0.4870833333333333 0.11862745098039215 0.08583333333333333
0 0.17794117647058824 0.33875 0.29901960784313725 0.1825
0 0.27156862745098037 0.8958333333333334 0.22549019607843138 0.14333333333333334
0 0.257843137254902 0.68625 0.06666666666666667 0.07416666666666667
0 0.2465686274509804 0.5633333333333334 0.09705882352941177 0.09666666666666666
0 0.25441176470588234 0.4658333333333333 0.11176470588235295 0.10833333333333334
0 0.37254901960784315 0.5475 0.09411764705882353 0.09
0 0.46225490196078434 0.84875 0.21568627450980393 0.1475
0 0.4387254901960784 0.425 0.07352941176470588 0.08166666666666667
0 0.4200980392156863 0.245 0.2323529411764706 0.22916666666666666
0 0.5318627450980392 0.40166666666666667 0.03529411764705882 0.0325
0 0.5813725490196079 0.6904166666666667 0.16176470588235295 0.15666666666666668
0 0.5357843137254902 0.3720833333333333 0.028431372549019607 0.030833333333333334
0 0.6416666666666667 0.8704166666666666 0.12254901960784313 0.095
0 0.5705882352941176 0.365 0.045098039215686274 0.041666666666666664
0 0.5647058823529412 0.2808333333333333 0.07058823529411765 0.07166666666666667
0 0.033823529411764704 0.55625 0.06764705882352941 0.13416666666666666
0 0.6509803921568628 0.40458333333333335 0.030392156862745098 0.0275
0 0.6426470588235295 0.34 0.04215686274509804 0.03916666666666667
0 0.6191176470588236 0.15875 0.24019607843137256 0.1475
0 0.7019607843137254 0.30833333333333335 0.09117647058823529 0.11416666666666667
0 0.7392156862745098 0.435 0.23431372549019608 0.2
0 0.7950980392156862 0.5516666666666666 0.025490196078431372 0.03333333333333333
0 0.052941176470588235 0.7025 0.06470588235294118 0.10666666666666667
0 0.8014705882352942 0.5766666666666667 0.03627450980392157 0.041666666666666664
0 0.8700980392156863 0.7733333333333333 0.2107843137254902 0.17166666666666666
0 0.7946078431372549 0.11708333333333333 0.12156862745098039 0.11833333333333333
0 0.836764705882353 0.34541666666666665 0.024509803921568627 0.020833333333333332
0 0.8450980392156863 0.33125 0.016666666666666666 0.014166666666666666
0 0.2549019607843137 0.9225 0.029411764705882353 0.030833333333333334