0 0.4647058823529412 0.8475 0.13529411764705881 0.09833333333333333
0 0.6955882352941176 0.87625 0.022549019607843137 0.015833333333333335
0 0.861764705882353 0.9025 0.027450980392156862 0.018333333333333333
0 0.4632352941176471 0.9270833333333334 0.028431372549019607 0.0125
0 0.16862745098039217 0.9283333333333333 0.058823529411764705 0.045
0 0.6465686274509804 0.93375 0.15 0.0875
0 0.32401960784313727 0.13583333333333333 0.08333333333333333 0.051666666666666666
0 0.10245098039215686 0.021666666666666667 0.0696078431372549 0.043333333333333335
0 0.5602941176470588 0.22666666666666666 0.08725490196078431 0.09166666666666666
0 0.7328431372549019 0.25125 0.17745098039215687 0.23583333333333334
0 0.07058823529411765 0.2525 0.1411764705882353 0.17666666666666667
0 0.31666666666666665 0.2704166666666667 0.0803921568627451 0.0475
0 0.4612745098039216 0.27791666666666665 0.10294117647058823 0.07083333333333333
0 0.5740196078431372 0.29791666666666666 0.11470588235294117 0.0825
0 0.46225490196078434 0.38625 0.09509803921568627 0.06916666666666667
0 0.09901960784313725 0.4195833333333333 0.14705882352941177 0.1675
0 0.596078431372549 0.45875 0.08823529411764706 0.0525
0 0.8083333333333333 0.4683333333333333 0.24411764705882352 0.17
0 0.6102941176470589 0.5404166666666667 0.03431372549019608 0.025833333333333333
0 0.26666666666666666 0.5420833333333334 0.16666666666666666 0.11916666666666667
0 0.6441176470588236 0.5479166666666667 0.03333333333333333 0.020833333333333332
0 0.04852941176470588 0.5675 0.09705882352941177 0.09333333333333334
0 0.6475490196078432 0.5783333333333334 0.04411764705882353 0.03333333333333333
0 0.746078431372549 0.585 0.07647058823529412 0.051666666666666666
0 0.49950980392156863 0.06 0.15196078431372548 0.12
0 0.5901960784313726 0.6404166666666666 0.029411764705882353 0.0225
0 0.6666666666666666 0.6425 0.041176470588235294 0.03166666666666667
0 0.8808823529411764 0.6479166666666667 0.14411764705882352 0.18916666666666668
0 0.6950980392156862 0.6966666666666667 0.12549019607843137 0.06333333333333334
0 0.5426470588235294 0.7104166666666667 0.2088235294117647 0.17583333333333334
0 0.3985294117647059 0.74125 0.03627450980392157 0.0175
0 0.3264705882352941 0.07541666666666667 0.11960784313725491 0.08083333333333333
0 0.3686274509803922 0.7429166666666667 0.045098039215686274 0.025833333333333333
0 0.12990196078431374 0.7733333333333333 0.17745098039215687 0.16
0 0.9049019607843137 0.80125 0.12549019607843137 0.08916666666666667
0 0.6333333333333333 0.805 0.021568627450980392 0.018333333333333333
0 0.6485294117647059 0.81375 0.014705882352941176 0.0125
0 0.041666666666666664 0.235 0.03333333333333333 0.021666666666666667