0 0.7443923076923077 0.030871602624179942 0.10530769230769231 0.061743205248359884
0 0.7404384615384616 0.26222118088097474 0.02632307692307692 0.049718837863167754
0 0.31986923076923074 0.3656607310215558 0.03817692307692308 0.04490159325210871
1 0.7697307692307692 0.04049671977507029 0.24681538461538463 0.08099343955014059
1 0.7318846153846155 0.21130271790065605 0.1211 0.20769447047797565
1 0.826123076923077 0.37792877225866917 0.34775384615384614 0.5986972820993439
1 0.8220538461538462 0.5862699156513589 0.10267692307692307 0.17721649484536084
1 0.6581692307692307 0.886091846298032 0.04080769230769231 0.06094657919400188
1 0.3610076923076923 0.8151265229615745 0.22312307692307692 0.20447985004686037
1 0.2204846153846154 0.3744892221180881 0.43833846153846157 0.3624554826616682
1 0.24516923076923078 0.5807310215557638 0.22443846153846153 0.4541986879100281
0 0.2807076923076923 0.6655014058106842 0.09016923076923077 0.12749765698219306
0 0.32053076923076923 0.8752671040299906 0.03553846153846154 0.0392970946579194