0 0.20461538461538462 0.9231490159325211 0.11153846153846154 0.07872539831302718
0 0.235 0.6944704779756327 0.031538461538461536 0.053420805998125584
0 0.6630769230769231 0.6635426429240863 0.043076923076923075 0.05060918462980318
1 0.1803846153846154 0.9095595126522962 0.25384615384615383 0.1218369259606373
1 0.2373076923076923 0.746485473289597 0.14307692307692307 0.2268041237113402
1 0.18461538461538463 0.5651358950328023 0.36923076923076925 0.6522961574507966
1 0.19115384615384615 0.3598875351452671 0.12153846153846154 0.19306466729147143
1 0.38769230769230767 0.09090909090909091 0.047692307692307694 0.06747891283973759
1 0.6734615384615384 0.21180880974695407 0.24461538461538462 0.23992502343017807
1 0.7623076923076924 0.6715089034676663 0.4753846153846154 0.4339268978444236
1 0.7615384615384615 0.46344892221180883 0.2746153846153846 0.48828491096532334
0 0.7361538461538462 0.373477038425492 0.10384615384615385 0.1415182755388941
0 0.7207692307692307 0.15885660731021556 0.03923076923076923 0.04498594189315839