0 0.27111111111111114 0.09980237154150198 0.0811111111111111 0.11462450592885376
0 0.04388888888888889 0.030632411067193676 0.07 0.06126482213438735
0 0.12222222222222222 0.10375494071146245 0.1288888888888889 0.20355731225296442
0 0.16166666666666665 0.8646245059288538 0.08777777777777777 0.24308300395256918
0 0.345 0.8557312252964426 0.06777777777777778 0.191699604743083
0 0.4305555555555556 0.932806324110672 0.14777777777777779 0.13438735177865613
0 0.5188888888888888 0.5385375494071146 0.3022222222222222 0.8142292490118577
0 0.7161111111111111 0.37450592885375494 0.07111111111111111 0.1324110671936759
0 0.7688888888888888 0.4051383399209486 0.056666666666666664 0.10869565217391304
0 0.8077777777777778 0.9594861660079052 0.15222222222222223 0.08102766798418973
0 0.9694444444444444 0.817193675889328 0.06111111111111111 0.30632411067193677
0 0.9805555555555555 0.07509881422924901 0.03888888888888889 0.09486166007905138