0 0.2872222222222222 0.07213438735177866 0.08555555555555555 0.12450592885375494
0 0.13833333333333334 0.08399209486166008 0.13666666666666666 0.16798418972332016
0 0.14833333333333334 0.8221343873517787 0.09666666666666666 0.25296442687747034
0 0.33166666666666667 0.8359683794466403 0.07555555555555556 0.19960474308300397
0 0.41388888888888886 0.9229249011857708 0.15222222222222223 0.15217391304347827
0 0.5172222222222222 0.5405138339920948 0.3333333333333333 0.849802371541502
0 0.7205555555555555 0.40118577075098816 0.07666666666666666 0.14031620553359683
0 0.7722222222222223 0.43873517786561267 0.06111111111111111 0.11462450592885376
0 0.7888888888888889 0.9733201581027668 0.15555555555555556 0.0533596837944664
0 0.9555555555555556 0.8586956521739131 0.07333333333333333 0.2826086956521739
0 0.9872222222222222 0.13438735177865613 0.025555555555555557 0.09881422924901186