0 0.3 0.05928853754940711 0.08888888888888889 0.11857707509881422
0 0.15222222222222223 0.0691699604743083 0.14222222222222222 0.1383399209486166
0 0.13944444444444445 0.7885375494071146 0.10333333333333333 0.2608695652173913
0 0.32166666666666666 0.8191699604743083 0.08 0.20553359683794467
0 0.40166666666666667 0.9150197628458498 0.15555555555555556 0.16600790513833993
0 0.5161111111111111 0.5424901185770751 0.35555555555555557 0.8735177865612648
0 0.7233333333333334 0.42193675889328064 0.08 0.14624505928853754
0 0.7733333333333333 0.4644268774703557 0.06333333333333334 0.12055335968379446
0 0.7738888888888888 0.983201581027668 0.15666666666666668 0.03359683794466403
0 0.9438888888888889 0.8784584980237155 0.0811111111111111 0.24308300395256918
0 0.9916666666666667 0.18181818181818182 0.016666666666666666 0.10276679841897234