0 0.305 0.16083333333333333 0.22166666666666668 0.19833333333333333
0 0.11333333333333333 0.41083333333333333 0.13 0.23666666666666666
0 0.2025 0.7141666666666666 0.225 0.25
0 0.29583333333333334 0.45166666666666666 0.21333333333333335 0.22166666666666668
0 0.5275 0.2758333333333333 0.25833333333333336 0.2
0 0.7375 0.15 0.305 0.16666666666666666
0 0.835 0.36583333333333334 0.225 0.21
0 0.5008333333333334 0.5091666666666667 0.14666666666666667 0.14833333333333334
0 0.44083333333333335 0.7058333333333333 0.17666666666666667 0.13
0 0.5166666666666667 0.8833333333333333 0.31166666666666665 0.11833333333333333
0 0.6833333333333333 0.5791666666666667 0.205 0.20666666666666667
0 0.845 0.6608333333333334 0.165 0.22166666666666668