0 0.1675 0.7066666666666667 0.20666666666666667 0.22833333333333333
0 0.4241666666666667 0.8891666666666667 0.24166666666666667 0.13833333333333334
0 0.7241666666666666 0.79 0.25833333333333336 0.23333333333333334
0 0.45916666666666667 0.7058333333333333 0.22833333333333333 0.22166666666666668
0 0.275 0.48 0.20833333333333334 0.265
0 0.14166666666666666 0.275 0.17666666666666667 0.31
0 0.3541666666666667 0.17 0.21833333333333332 0.23166666666666666
0 0.5091666666666667 0.49916666666666665 0.15333333333333332 0.15166666666666667
0 0.7075 0.5516666666666666 0.13666666666666666 0.18166666666666667
0 0.8825 0.47 0.12833333333333333 0.315
0 0.5725 0.31416666666666665 0.21333333333333335 0.21166666666666667
0 0.6483333333333333 0.15 0.22666666666666666 0.17333333333333334