0 0.23677248677248677 0.8166454081632653 0.09435626102292768 0.05038265306122449
0 0.24514991181657847 0.7723214285714286 0.036155202821869487 0.0274234693877551
0 0.3487654320987654 0.22863520408163265 0.027336860670194002 0.02806122448979592
0 0.2962962962962963 0.48246173469387754 0.0291005291005291 0.021683673469387755
0 0.3064373897707231 0.40369897959183676 0.04144620811287478 0.03125
0 0.29365079365079366 0.34598214285714285 0.042328042328042326 0.03571428571428571
0 0.30511463844797176 0.1989795918367347 0.043209876543209874 0.039540816326530615
0 0.2464726631393298 0.49107142857142855 0.0291005291005291 0.02040816326530612
0 0.19135802469135801 0.7292729591836735 0.04938271604938271 0.046556122448979595
0 0.1591710758377425 0.8249362244897959 0.03350970017636684 0.012755102040816327
0 0.15079365079365079 0.6441326530612245 0.05202821869488536 0.04145408163265306
0 0.14770723104056438 0.47544642857142855 0.047619047619047616 0.03125
0 0.1349206349206349 0.5363520408163265 0.03527336860670194 0.030612244897959183
0 0.12081128747795414 0.6007653061224489 0.02204585537918871 0.017857142857142856
0 0.09832451499118165 0.6839923469387755 0.029982363315696647 0.02040816326530612
0 0.14153439153439154 0.38552295918367346 0.04497354497354497 0.03443877551020408
0 0.09876543209876543 0.5602678571428571 0.019400352733686066 0.01403061224489796
0 0.11419753086419752 0.4295280612244898 0.02292768959435626 0.015306122448979591
0 0.1472663139329806 0.20758928571428573 0.05555555555555555 0.04974489795918367
0 0.05599647266313933 0.6007653061224489 0.01763668430335097 0.014668367346938776
0 0.03306878306878307 0.6772959183673469 0.018518518518518517 0.012755102040816327
0 0.11375661375661375 0.26498724489795916 0.02292768959435626 0.021045918367346938
0 0.03835978835978836 0.5535714285714286 0.02292768959435626 0.018494897959183673
0 0.021164021164021163 0.6358418367346939 0.042328042328042326 0.04081632653061224
0 0.05555555555555555 0.37563775510204084 0.048500881834215165 0.039540816326530615
0 0.03350970017636684 0.4221938775510204 0.031746031746031744 0.02423469387755102
0 0.021164021164021163 0.460140306122449 0.04144620811287478 0.03443877551020408
0 0.00837742504409171 0.5918367346938775 0.01675485008818342 0.03316326530612245
0 0.07231040564373897 0.20440051020408162 0.048500881834215165 0.05612244897959184
0 0.927689594356261 0.7710459183673469 0.054673721340388004 0.03826530612244898
0 0.8359788359788359 0.6403061224489796 0.08112874779541446 0.036989795918367346
0 0.8152557319223986 0.689094387755102 0.036155202821869487 0.022321428571428572
0 0.7817460317460317 0.7273596938775511 0.03968253968253968 0.029336734693877552
0 0.7235449735449735 0.7219387755102041 0.037037037037037035 0.029336734693877552
0 0.7231040564373897 0.5711096938775511 0.07407407407407407 0.028698979591836735
0 0.6900352733686067 0.6804846938775511 0.05202821869488536 0.04017857142857143
0 0.6838624338624338 0.5325255102040817 0.0873015873015873 0.04145408163265306
0 0.6080246913580247 0.7911352040816326 0.04585537918871252 0.026785714285714284
0 0.5921516754850088 0.4789540816326531 0.06701940035273368 0.046556122448979595
0 0.6141975308641975 0.32876275510204084 0.0564373897707231 0.03571428571428571
0 0.5471781305114638 0.6693239795918368 0.04497354497354497 0.029974489795918366
0 0.5163139329805997 0.7126913265306123 0.04585537918871252 0.0389030612244898
0 0.5965608465608465 0.2617984693877551 0.037037037037037035 0.047193877551020405
0 0.6044973544973545 0.1527423469387755 0.05202821869488536 0.018494897959183673
0 0.48897707231040566 0.7436224489795918 0.047619047619047616 0.04336734693877551
0 0.5158730158730159 0.5927933673469388 0.0837742504409171 0.05102040816326531
0 0.4964726631393298 0.6683673469387755 0.048500881834215165 0.019770408163265307
0 0.5207231040564374 0.4770408163265306 0.048500881834215165 0.024872448979591837
0 0.5361552028218695 0.319515306122449 0.05202821869488536 0.05612244897959184
0 0.5052910052910053 0.4247448979591837 0.036155202821869487 0.0389030612244898
0 0.44312169312169314 0.7075892857142857 0.025573192239858905 0.02040816326530612
0 0.42592592592592593 0.7927295918367347 0.043209876543209874 0.042091836734693876
0 0.45282186948853614 0.6240433673469388 0.03791887125220458 0.028698979591836735
0 0.47442680776014107 0.5082908163265306 0.07583774250440917 0.03635204081632653
0 0.4113756613756614 0.7455357142857143 0.025573192239858905 0.01594387755102041
0 0.4193121693121693 0.6600765306122449 0.021164021164021163 0.015306122448979591
0 0.4281305114638448 0.5829081632653061 0.024691358024691357 0.0274234693877551
0 0.37786596119929455 0.8102678571428571 0.05555555555555555 0.02423469387755102
0 0.3765432098765432 0.7739158163265306 0.024691358024691357 0.021045918367346938
0 0.4656084656084656 0.3045280612244898 0.11022927689594356 0.11288265306122448
0 0.4973544973544973 0.1399872448979592 0.036155202821869487 0.01403061224489796
0 0.41622574955908287 0.4945790816326531 0.04673721340388007 0.026785714285714284
0 0.4056437389770723 0.546875 0.023809523809523808 0.02423469387755102
0 0.42724867724867727 0.4180484693877551 0.07495590828924162 0.10778061224489796
0 0.3853615520282187 0.6316964285714286 0.04673721340388007 0.0548469387755102
0 0.35890652557319225 0.6623086734693877 0.026455026455026454 0.01913265306122449
0 0.33994708994708994 0.7407525510204082 0.07760141093474426 0.047193877551020405
0 0.3888888888888889 0.461734693877551 0.05555555555555555 0.029336734693877552
0 0.31305114638447973 0.8319515306122449 0.054673721340388004 0.03188775510204082
0 0.3492063492063492 0.5503826530612245 0.047619047619047616 0.047193877551020405
0 0.31790123456790126 0.6970663265306123 0.027336860670194002 0.02040816326530612
0 0.3699294532627866 0.4065688775510204 0.03262786596119929 0.023596938775510203
0 0.3134920634920635 0.6192602040816326 0.10317460317460317 0.06823979591836735
1 0.4567901234567901 0.8048469387755102 0.10052910052910052 0.06377551020408163
1 0.013668430335097001 0.7825255102040817 0.027336860670194002 0.0663265306122449