0 0.7863588110403397 0.7227755644090306 0.030254777070063694 0.03386454183266932
0 0.4487791932059448 0.6560424966799469 0.02335456475583864 0.0199203187250996
0 0.23354564755838642 0.6158698539176627 0.03237791932059448 0.034528552456839307
0 0.8885350318471338 0.74800796812749 0.06794055201698514 0.0703851261620186
0 0.9368365180467091 0.7659362549800797 0.03662420382165605 0.025232403718459494
0 0.8328025477707006 0.75132802124834 0.020169851380042462 0.019256308100929615
0 0.9668259023354565 0.7788844621513944 0.009554140127388535 0.02257636122177955
0 0.7152335456475584 0.7350597609561753 0.0074309978768577496 0.01195219123505976
0 0.5727176220806794 0.7084993359893759 0.020700636942675158 0.02390438247011952
0 0.6234076433121019 0.7221115537848606 0.009554140127388535 0.009296148738379814
0 0.7024946921443737 0.7390438247011952 0.018577494692144373 0.019256308100929615
0 0.9179936305732485 0.7818725099601593 0.014861995753715499 0.01195219123505976
0 0.7470806794055201 0.75199203187251 0.04511677282377919 0.05909694555112882
0 0.6685244161358811 0.7390438247011952 0.029723991507430998 0.04316069057104914
0 0.5204352441613588 0.7131474103585658 0.016454352441613588 0.017264276228419653
0 0.4912420382165605 0.7075033200531209 0.02335456475583864 0.025232403718459494
0 0.5650212314225053 0.7324037184594954 0.020169851380042462 0.025232403718459494
0 0.9386942675159236 0.8071049136786188 0.04246284501061571 0.04249667994687915
0 0.5944798301486199 0.7393758300132802 0.011146496815286623 0.015272244355909695
0 0.6855095541401274 0.7632802124833997 0.014861995753715499 0.013280212483399735
0 0.42409766454352443 0.7121513944223108 0.050955414012738856 0.053784860557768925
0 0.13190021231422505 0.6550464807436919 0.01592356687898089 0.017264276228419653
0 0.8755307855626328 0.8031208499335989 0.03503184713375796 0.0351925630810093
0 0.2587579617834395 0.6822709163346613 0.04883227176220807 0.039176626826029216
0 0.34501061571125263 0.7055112881806109 0.013800424628450107 0.012616201859229747
0 0.7696390658174098 0.7938247011952191 0.022823779193205943 0.025896414342629483
0 0.3099787685774947 0.704183266932271 0.044585987261146494 0.0398406374501992
0 0.8046709129511678 0.8041168658698539 0.012208067940552018 0.01195219123505976
0 0.4625796178343949 0.7367197875166003 0.03503184713375796 0.0351925630810093
0 0.5307855626326964 0.750332005312085 0.01326963906581741 0.013280212483399735
0 0.9487791932059448 0.8343293492695883 0.014861995753715499 0.013280212483399735
0 0.6881634819532909 0.7921646746347941 0.04246284501061571 0.05179282868525897
0 0.7985668789808917 0.8140770252324038 0.006900212314225053 0.009296148738379814
0 0.5682059447983014 0.7732403718459495 0.01326963906581741 0.013280212483399735
0 0.8346602972399151 0.8276892430278885 0.020169851380042462 0.020584329349269587
0 0.6305732484076433 0.7951527224435591 0.0074309978768577496 0.00597609561752988
0 0.720276008492569 0.8137450199203188 0.055201698513800426 0.0650730411686587
0 0.8808386411889597 0.8466135458167331 0.01326963906581741 0.013280212483399735
0 0.9381634819532909 0.1600265604249668 0.03556263269639066 0.07104913678618859
0 0.038747346072186835 0.700531208499336 0.0737791932059448 0.06706507304116865
0 0.12340764331210191 0.7207835325365206 0.018046709129511677 0.017264276228419653
0 0.5936836518046709 0.023240371845949535 0.058386411889596604 0.03187250996015936
0 0.5825371549893843 0.8173970783532537 0.012208067940552018 0.012616201859229747
0 0.6868365180467091 0.11586985391766268 0.036093418259023353 0.0650730411686587
0 0.7579617834394905 0.13047808764940239 0.03078556263269639 0.04780876494023904
0 0.6664012738853503 0.1145418326693227 0.01167728237791932 0.020584329349269587
0 0.17330148619957536 0.03286852589641434 0.07590233545647558 0.06573705179282868
0 0.8086518046709129 0.150398406374502 0.029723991507430998 0.04050464807436919
0 0.0804140127388535 0.021248339973439574 0.05573248407643312 0.04249667994687915
0 0.028662420382165606 0.8652058432934927 0.05732484076433121 0.10092961487383798
0 0.42436305732484075 0.07669322709163347 0.07218683651804671 0.06772908366533864
0 0.8962314225053079 0.08233731739707835 0.025477707006369428 0.024568393094289508
0 0.5997876857749469 0.1298140770252324 0.04193205944798301 0.06042496679946879
0 0.8657112526539278 0.20152722443559096 0.05467091295116773 0.06905710491367861
0 0.695859872611465 0.048140770252324036 0.055201698513800426 0.04050464807436919
0 0.916135881104034 0.2642762284196547 0.08067940552016985 0.1049136786188579
0 0.3718152866242038 0.16168658698539176 0.050955414012738856 0.06440903054448871
0 0.4861995753715499 0.19156706507304117 0.10509554140127389 0.17861885790172644
0 0.9777070063694268 0.2905046480743692 0.044585987261146494 0.06573705179282868
0 0.4166666666666667 0.1855909694555113 0.05573248407643312 0.10292164674634795
0 0.19134819532908706 0.1460823373173971 0.03078556263269639 0.043824701195219126
0 0.7558386411889597 0.2592961487383798 0.014331210191082803 0.029216467463479414
0 0.10801486199575372 0.1407702523240372 0.03237791932059448 0.03054448871181939
0 0.535828025477707 0.025232403718459494 0.045647558386411886 0.04714475431606906
0 0.6289808917197452 0.2596281540504648 0.04777070063694268 0.06640106241699867
0 0.17277070063694266 0.1696547144754316 0.038747346072186835 0.04316069057104914
0 0.6995753715498938 0.28054448871181936 0.06369426751592357 0.10358565737051793
0 0.5456475583864119 0.25132802124834 0.06634819532908705 0.12350597609561753
0 0.2752123142250531 0.2104913678618858 0.11252653927813164 0.18393094289508632
0 0.7465498938428875 0.31175298804780877 0.022292993630573247 0.07702523240371846
0 0.9949575371549894 0.3847941567065073 0.010084925690021231 0.06042496679946879
0 0.13508492569002123 0.21181938911022577 0.03343949044585987 0.0398406374501992
0 0.8710191082802548 0.3612217795484728 0.02653927813163482 0.03386454183266932
0 0.7216029723991507 0.3393094289508632 0.01910828025477707 0.0199203187250996
0 0.76671974522293 0.35292164674634796 0.016985138004246284 0.027224435590969456
0 0.30812101910828027 0.011620185922974768 0.07165605095541401 0.023240371845949535
0 0.596868365180467 0.32270916334661354 0.048301486199575375 0.07171314741035857
0 0.7330148619957537 0.34926958831341304 0.006369426751592357 0.017928286852589643
0 0.8383757961783439 0.38213811420982735 0.03131634819532909 0.045816733067729085
0 0.9063163481953291 0.398738379814077 0.03131634819532909 0.055776892430278883
0 0.7409766454352441 0.37184594953519257 0.014861995753715499 0.037848605577689244
0 0.36916135881104034 0.3057768924302789 0.06900212314225053 0.06905710491367861
0 0.6950636942675159 0.3711819389110226 0.06422505307855626 0.05776892430278884
0 0.46390658174097665 0.33565737051792827 0.06900212314225053 0.10225763612217796
0 0.7340764331210191 0.39641434262948205 0.01326963906581741 0.033200531208499334
0 0.9323248407643312 0.43824701195219123 0.029193205944798302 0.035856573705179286
0 0.2070063694267516 0.29913678618857903 0.06263269639065817 0.061752988047808766
0 0.9753184713375797 0.4628154050464807 0.029723991507430998 0.03054448871181939
0 0.8134288747346072 0.43293492695883135 0.029193205944798302 0.057104913678618856
0 0.12526539278131635 0.3041168658698539 0.03821656050955414 0.03187250996015936
0 0.994692144373673 0.4797476759628154 0.010615711252653927 0.0551128818061089
0 0.8906581740976646 0.4601593625498008 0.022823779193205943 0.023240371845949535
0 0.8312101910828026 0.46215139442231074 0.01751592356687898 0.021248339973439574
0 0.28476645435244163 0.35424966799468793 0.0732484076433121 0.08565737051792828
0 0.7030254777070064 0.45152722443559096 0.01751592356687898 0.021248339973439574
0 0.5475053078556263 0.42264276228419656 0.01167728237791932 0.017928286852589643
0 0.505307855626327 0.4163346613545817 0.04670912951167728 0.05909694555112882
0 0.5915605095541401 0.4359229747675963 0.03927813163481953 0.04648074369189907
0 0.9347133757961783 0.5102921646746348 0.09872611464968153 0.08964143426294821
0 0.820859872611465 0.500996015936255 0.032908704883227176 0.021912350597609563
0 0.7266454352441614 0.4863877822045153 0.009023354564755838 0.025896414342629483
0 0.9901804670912951 0.5577689243027888 0.019639065817409766 0.05444887118193891
0 0.2619426751592357 0.41733067729083667 0.03980891719745223 0.03851261620185923
0 0.33837579617834396 0.44654714475431606 0.021231422505307854 0.025896414342629483
0 0.4018046709129512 0.46215139442231074 0.10562632696390659 0.11088977423638778
0 0.9570063694267515 0.5836653386454184 0.021231422505307854 0.020584329349269587
0 0.5950106157112527 0.5182602921646746 0.05042462845010616 0.05245683930942895
0 0.9304670912951167 0.5922974767596282 0.04777070063694268 0.03851261620185923
0 0.7879511677282378 0.5650730411686588 0.018577494692144373 0.017928286852589643
0 0.8545647558386412 0.5793492695883135 0.06422505307855626 0.05776892430278884
0 0.9617834394904459 0.601925630810093 0.022823779193205943 0.021912350597609563
0 0.2757430997876858 0.47277556440903057 0.03768577494692144 0.025896414342629483
0 0.5313163481953291 0.5375166002656042 0.03980891719745223 0.04714475431606906
0 0.6685244161358811 0.5654050464807437 0.013800424628450107 0.021248339973439574
0 0.027600849256900213 0.44687915006640105 0.027600849256900213 0.021912350597609563
0 0.6345541401273885 0.5690571049136787 0.018577494692144373 0.021912350597609563
0 0.5873142250530785 0.5600929614873837 0.013800424628450107 0.014608233731739707
0 0.7484076433121019 0.5922974767596282 0.034501061571125265 0.05312084993359894
0 0.7975053078556263 0.6045816733067729 0.019639065817409766 0.021912350597609563
0 0.21709129511677283 0.4893758300132802 0.044585987261146494 0.05179282868525897
0 0.8529723991507431 0.6231739707835325 0.036093418259023353 0.0351925630810093
0 0.9304670912951167 0.6391102257636122 0.04883227176220807 0.04050464807436919
0 0.9899150743099787 0.15239043824701196 0.020169851380042462 0.09760956175298804
0 0.2783970276008493 0.5212483399734396 0.010615711252653927 0.014608233731739707
0 0.6963906581740976 0.6052456839309429 0.022823779193205943 0.0451527224435591
0 0.7282377919320594 0.6112217795484728 0.03662420382165605 0.06374501992031872
0 0.5501592356687898 0.5816733067729084 0.03397027600849257 0.04847277556440903
0 0.9716029723991507 0.6776228419654714 0.026008492569002124 0.033200531208499334
0 0.11916135881104034 0.5175962815405046 0.030254777070063694 0.024568393094289508
0 0.9280785562632696 0.6809428950863213 0.013800424628450107 0.013280212483399735
0 0.48221868365180465 0.5976095617529881 0.048301486199575375 0.0650730411686587
0 0.600583864118896 0.6264940239043825 0.04883227176220807 0.053784860557768925
0 0.8757961783439491 0.6879150066401063 0.015392781316348195 0.014608233731739707
0 0.6857749469214437 0.651062416998672 0.03980891719745223 0.019256308100929615
0 0.7919320594479831 0.6743027888446215 0.022292993630573247 0.0199203187250996
0 0.16427813163481952 0.5527888446215139 0.07059447983014862 0.06839309428950863
0 0.8476645435244161 0.6889110225763613 0.03078556263269639 0.027224435590969456
0 0.7285031847133758 0.6669986719787516 0.012208067940552018 0.020584329349269587
0 0.9323248407643312 0.7104913678618858 0.020169851380042462 0.02390438247011952
0 0.8808386411889597 0.702523240371846 0.012738853503184714 0.016600265604249667
0 0.7988322717622081 0.6872509960159362 0.012208067940552018 0.014608233731739707
0 0.06077494692144374 0.5444887118193891 0.027600849256900213 0.025232403718459494
0 0.45249469214437366 0.6254980079681275 0.034501061571125265 0.03187250996015936
0 0.7287685774946921 0.6859229747675962 0.008492569002123142 0.014608233731739707
0 0.39384288747346075 0.6238379814077025 0.03927813163481953 0.04316069057104914
0 0.9670912951167728 0.7360557768924303 0.021231422505307854 0.03187250996015936
0 0.6390658174097664 0.6726427622841965 0.058386411889596604 0.0551128818061089
0 0.28768577494692144 0.6055776892430279 0.03078556263269639 0.0351925630810093
0 0.6024416135881104 0.6699867197875166 0.018577494692144373 0.031208499335989376
0 0.5069002123142251 0.6563745019920318 0.032908704883227176 0.028552456839309428
0 0.8365180467091295 0.7270916334661355 0.018577494692144373 0.014608233731739707
1 0.7831740976645435 0.7901726427622842 0.06263269639065817 0.06839309428950863
1 0.6945329087048833 0.7539840637450199 0.058386411889596604 0.11221779548472775
1 0.7038216560509554 0.6191899070385126 0.11358811040339703 0.19588313413014607
1 0.677547770700637 0.5587649402390438 0.06847133757961783 0.07835325365205843
0 0.7266454352441614 0.4750996015936255 0.005307855626326964 0.014608233731739707
0 0.7173566878980892 0.7443559096945551 0.0074309978768577496 0.011288180610889775
0 0.7096602972399151 0.7529880478087649 0.00583864118895966 0.0099601593625498
0 0.9697452229299363 0.702855245683931 0.022292993630573247 0.012616201859229747
0 0.4262208067940552 0.5132802124833997 0.01751592356687898 0.015272244355909695
0 0.4068471337579618 0.5195883134130146 0.01592356687898089 0.01195219123505976
1 0.39278131634819535 0.46679946879150064 0.18949044585987262 0.14475431606905712
1 0.5334394904458599 0.05843293492695883 0.20063694267515925 0.11686586985391766
1 0.6934713375796179 0.3187250996015936 0.15658174097664543 0.399070385126162