0 0.7654155495978552 0.42946708463949845 0.058981233243967826 0.07758620689655173
0 0.7520107238605898 0.7210031347962382 0.040214477211796246 0.03761755485893417
0 0.7637399463806971 0.7978056426332288 0.023458445040214475 0.03213166144200627
0 0.8518766756032171 0.6112852664576802 0.024128686327077747 0.032915360501567396
0 0.27245308310991956 0.5376175548589341 0.06501340482573727 0.07445141065830721
0 0.09282841823056301 0.5019592476489029 0.045576407506702415 0.05329153605015674
0 0.30328418230563003 0.15282131661442006 0.032171581769437 0.032915360501567396
0 0.3140080428954424 0.26332288401253917 0.058310991957104555 0.04075235109717868
0 0.3012734584450402 0.7648902821316614 0.04088471849865952 0.061128526645768025
0 0.3294235924932976 0.4717868338557994 0.07305630026809651 0.07288401253918496
0 0.3381367292225201 0.4114420062695925 0.05227882037533512 0.07210031347962383
0 0.33880697050938335 0.8068181818181818 0.05093833780160858 0.0438871473354232
0 0.3870643431635389 0.1665360501567398 0.03820375335120643 0.039968652037617555
0 0.35288203753351205 0.7405956112852664 0.05294906166219839 0.047021943573667714
0 0.3582439678284182 0.6943573667711599 0.04289544235924933 0.04231974921630094
0 0.3800268096514745 0.5556426332288401 0.04624664879356569 0.0493730407523511
0 0.36595174262734587 0.9020376175548589 0.030831099195710455 0.034482758620689655
0 0.3957774798927614 0.43103448275862066 0.058981233243967826 0.07915360501567398
0 0.3760053619302949 0.8546238244514106 0.03686327077747989 0.04780564263322884
0 0.39075067024128685 0.7801724137931034 0.036193029490616625 0.03369905956112853
0 0.40683646112600536 0.7018025078369906 0.04758713136729222 0.032915360501567396
0 0.39946380697050937 0.9337774294670846 0.03485254691689008 0.029780564263322883
0 0.46079088471849866 0.2852664576802508 0.036193029490616625 0.04231974921630094
0 0.46581769436997317 0.21630094043887146 0.0435656836461126 0.04310344827586207
0 0.4313002680965147 0.8244514106583072 0.05697050938337802 0.052507836990595615
0 0.4477211796246649 0.7543103448275862 0.05026809651474531 0.0603448275862069
0 0.44939678284182305 0.9220219435736677 0.03418230563002681 0.03761755485893417
0 0.45375335120643434 0.8844043887147336 0.030831099195710455 0.03213166144200627
0 0.4782171581769437 0.6281347962382445 0.03820375335120643 0.03526645768025078
0 0.49631367292225204 0.43808777429467083 0.04088471849865952 0.0603448275862069
0 0.506367292225201 0.7229623824451411 0.048927613941018765 0.054075235109717866
0 0.5492627345844504 0.2335423197492163 0.06099195710455764 0.054075235109717866
0 0.5700402144772118 0.9086990595611285 0.048927613941018765 0.04623824451410658
0 0.6176273458445041 0.2115987460815047 0.020777479892761394 0.02586206896551724
0 0.596514745308311 0.591692789968652 0.05563002680965148 0.08934169278996865
0 0.5934986595174263 0.8499216300940439 0.02613941018766756 0.030564263322884012
0 0.628686327077748 0.7817398119122257 0.03418230563002681 0.030564263322884012
0 0.6233243967828418 0.8785266457680251 0.020107238605898123 0.0219435736677116
0 0.6384048257372654 0.9882445141065831 0.028820375335120642 0.022727272727272728
0 0.6504691689008043 0.822884012539185 0.04222520107238606 0.04467084639498432
0 0.6591823056300268 0.700626959247649 0.058981233243967826 0.05642633228840126
0 0.6910187667560321 0.22766457680250785 0.020107238605898123 0.022727272727272728
0 0.6605227882037533 0.8867554858934169 0.039544235924932974 0.03213166144200627
0 0.6983914209115282 0.2617554858934169 0.014075067024128687 0.013322884012539185
0 0.1524798927613941 0.18495297805642633 0.06099195710455764 0.05642633228840126
0 0.6876675603217158 0.752742946708464 0.020107238605898123 0.02664576802507837
0 0.7148123324396782 0.3385579937304075 0.044906166219839144 0.04780564263322884
0 0.7134718498659517 0.5317398119122257 0.048927613941018765 0.04780564263322884
0 0.6970509383378016 0.8205329153605015 0.0596514745308311 0.06347962382445141
0 0.6943699731903485 0.942398119122257 0.01675603217158177 0.023510971786833857
0 0.28920911528150134 0.12891849529780564 0.007372654155495978 0.008620689655172414
0 0.2999329758713137 0.13087774294670845 0.007372654155495978 0.007836990595611285
0 0.30797587131367293 0.13322884012539185 0.00938337801608579 0.006269592476489028
0 0.318029490616622 0.13989028213166144 0.010723860589812333 0.006269592476489028
0 0.32875335120643434 0.14498432601880878 0.006702412868632708 0.0054858934169279
0 0.32908847184986595 0.14106583072100312 0.012734584450402145 0.0109717868338558