0 0.29577922077922075 0.03913834951456311 0.06493506493506493 0.041868932038834954
0 0.9717532467532467 0.6768810679611651 0.022727272727272728 0.018810679611650484
0 0.05584415584415584 0.591626213592233 0.04350649350649351 0.05036407766990291
0 0.011688311688311689 0.5928398058252428 0.023376623376623377 0.05218446601941747
0 0.6837662337662338 0.6680825242718447 0.032467532467532464 0.03033980582524272
0 0.8155844155844156 0.6914441747572816 0.053246753246753244 0.05764563106796117
0 0.5970779220779221 0.6862864077669902 0.048701298701298704 0.04975728155339806
1 0.412012987012987 0.6844660194174758 0.07662337662337662 0.06614077669902912
0 0.00974025974025974 0.6480582524271845 0.01948051948051948 0.024271844660194174
0 0.4636363636363636 0.6950849514563107 0.02207792207792208 0.027912621359223302
0 0.8188311688311688 0.7448422330097088 0.07662337662337662 0.06128640776699029
0 0.3090909090909091 0.722997572815534 0.02727272727272727 0.025485436893203883
1 0.5094155844155844 0.7594053398058253 0.07337662337662337 0.04975728155339806
0 0.22467532467532467 0.7448422330097088 0.11298701298701298 0.10254854368932038
0 0.05357142857142857 0.7454490291262136 0.033766233766233764 0.0412621359223301
0 0.6522727272727272 0.8131067961165048 0.05779220779220779 0.05036407766990291
0 0.7474025974025974 0.8546723300970874 0.03571428571428571 0.03640776699029126
0 0.01103896103896104 0.7955097087378641 0.02207792207792208 0.04975728155339806
1 0.5 0.8786407766990292 0.07857142857142857 0.05157766990291262
0 0.8188311688311688 0.9378033980582524 0.046103896103896105 0.04004854368932039
0 0.712012987012987 0.9541868932038835 0.02727272727272727 0.028519417475728157
0 0.18279220779220778 0.06462378640776699 0.1279220779220779 0.10618932038834951
0 0.07207792207792207 0.09162621359223301 0.06103896103896104 0.038834951456310676
0 0.39090909090909093 0.12651699029126215 0.0987012987012987 0.11286407766990292
0 0.0724025974025974 0.16474514563106796 0.06688311688311688 0.05703883495145631
0 0.4922077922077922 0.2087378640776699 0.052597402597402594 0.03762135922330097
0 0.6 0.23149271844660194 0.1253246753246753 0.09466019417475728
0 0.4035714285714286 0.22572815533980584 0.045454545454545456 0.03762135922330097
0 0.8766233766233766 0.3276699029126214 0.03961038961038961 0.03155339805825243
0 0.2788961038961039 0.2800364077669903 0.17402597402597403 0.10922330097087378
0 0.10454545454545454 0.27063106796116504 0.05584415584415584 0.05521844660194175
0 0.7698051948051948 0.3619538834951456 0.031818181818181815 0.026092233009708737
0 0.6847402597402598 0.3546723300970874 0.07922077922077922 0.0770631067961165
0 0.8243506493506494 0.3683252427184466 0.031818181818181815 0.03155339805825243
0 0.3948051948051948 0.33980582524271846 0.04285714285714286 0.0345873786407767
0 0.12824675324675325 0.018810679611650484 0.09025974025974026 0.03762135922330097
0 0.17824675324675324 0.33343446601941745 0.05974025974025974 0.037014563106796114
0 0.47435064935064936 0.37894417475728154 0.02857142857142857 0.029733009708737865
0 0.9159090909090909 0.4387135922330097 0.04025974025974026 0.0345873786407767
0 0.7724025974025974 0.44902912621359226 0.033766233766233764 0.024271844660194174
0 0.3042207792207792 0.41322815533980584 0.08441558441558442 0.08009708737864078
0 0.8616883116883117 0.4787621359223301 0.07987012987012987 0.044902912621359224
0 0.38701298701298703 0.44478155339805825 0.022727272727272728 0.024271844660194174
0 0.028246753246753246 0.4186893203883495 0.04415584415584416 0.0345873786407767
0 0.6113636363636363 0.48968446601941745 0.033116883116883114 0.043689320388349516
0 0.008766233766233766 0.44356796116504854 0.01038961038961039 0.010922330097087379
0 0.5347402597402597 0.5075849514563107 0.02012987012987013 0.02366504854368932
0 0.6636363636363637 0.5412621359223301 0.02987012987012987 0.02366504854368932
0 0.29642857142857143 0.5133495145631068 0.025324675324675326 0.02669902912621359
0 0.634090909090909 0.5564320388349514 0.03116883116883117 0.02669902912621359
0 0.05227272727272727 0.5127427184466019 0.07207792207792207 0.05461165048543689
0 0.005194805194805195 0.5081917475728155 0.01038961038961039 0.021237864077669904
0 0.7201298701298702 0.5943567961165048 0.046753246753246755 0.0345873786407767
0 0.836038961038961 0.6070995145631068 0.05714285714285714 0.04429611650485437
0 0.45227272727272727 0.5719053398058253 0.024675324675324677 0.019417475728155338
0 0.3474025974025974 0.5631067961165048 0.08571428571428572 0.0703883495145631
1 0.0646103896103896 0.5649271844660194 0.1292207792207792 0.2633495145631068
1 0.23214285714285715 0.07220873786407767 0.38246753246753246 0.14441747572815533