0 0.12678571428571428 0.16784037558685447 0.07714285714285714 0.08998435054773082
0 0.8642857142857143 0.9976525821596244 0.037142857142857144 0.004694835680751174
0 0.9132142857142858 0.7030516431924883 0.022857142857142857 0.018779342723004695
0 0.17107142857142857 0.01564945226917058 0.03214285714285714 0.03129890453834116
0 0.19535714285714287 0.562206572769953 0.06357142857142857 0.06103286384976526
0 0.29178571428571426 0.8020344287949922 0.03857142857142857 0.03834115805946792
0 0.33107142857142857 0.1960093896713615 0.029285714285714286 0.03442879499217527
0 0.3296428571428571 0.29264475743348983 0.03142857142857143 0.019561815336463225
0 0.35285714285714287 0.9773082942097027 0.037142857142857144 0.0406885758998435
0 0.3807142857142857 0.6013302034428795 0.06428571428571428 0.05868544600938967
0 0.4132142857142857 0.3333333333333333 0.02642857142857143 0.035211267605633804
0 0.4764285714285714 0.4780907668231612 0.02857142857142857 0.03286384976525822
0 0.5632142857142857 0.4921752738654147 0.02 0.02269170579029734
0 0.5596428571428571 0.8063380281690141 0.06642857142857143 0.08450704225352113
0 0.5935714285714285 0.3798904538341158 0.03428571428571429 0.05555555555555555
0 0.6632142857142858 0.4162754303599374 0.04 0.04460093896713615
0 0.6839285714285714 0.5723787167449139 0.02642857142857143 0.024256651017214397
0 0.7075 0.9921752738654147 0.029285714285714286 0.01564945226917058
0 0.7546428571428572 0.6130672926447575 0.02642857142857143 0.0297339593114241