0 0.9160714285714285 0.7640845070422535 0.08642857142857142 0.09937402190923318
0 0.06857142857142857 0.06690140845070422 0.03785714285714286 0.01643192488262911
0 0.06285714285714286 0.3701095461658842 0.025 0.02112676056338028
0 0.8942857142857142 0.9252738654147105 0.03571428571428571 0.04225352112676056
0 0.7921428571428571 0.38615023474178406 0.07 0.06885758998435054
0 0.6625 0.16588419405320814 0.04214285714285714 0.04303599374021909
0 0.71 0.7715179968701096 0.032857142857142856 0.03755868544600939
0 0.6978571428571428 0.6756651017214398 0.03357142857142857 0.023474178403755867
0 0.5771428571428572 0.012910798122065728 0.041428571428571426 0.025821596244131457
0 0.6032142857142857 0.3794992175273865 0.07 0.06651017214397496
0 0.6092857142857143 0.6498435054773083 0.03 0.03834115805946792
0 0.5264285714285715 0.5176056338028169 0.03142857142857143 0.03599374021909233
0 0.43857142857142856 0.5183881064162754 0.02214285714285714 0.025039123630672927
0 0.39714285714285713 0.20774647887323944 0.075 0.09233176838810642
0 0.42464285714285716 0.6349765258215962 0.04 0.0594679186228482
0 0.3507142857142857 0.6107198748043818 0.04428571428571428 0.04929577464788732
0 0.3082142857142857 0.460093896713615 0.02857142857142857 0.027386541471048513
0 0.22428571428571428 0.046948356807511735 0.03142857142857143 0.02269170579029734
0 0.23214285714285715 0.431924882629108 0.029285714285714286 0.03286384976525822