0 0.7967857142857143 0.08528951486697965 0.08071428571428571 0.08294209702660407
0 0.035 0.9076682316118936 0.037142857142857144 0.0406885758998435
0 0.3217857142857143 0.9561815336463224 0.016428571428571428 0.025039123630672927
0 0.9425 0.13145539906103287 0.04071428571428572 0.03442879499217527
0 0.43785714285714283 0.1674491392801252 0.054285714285714284 0.06885758998435054
0 0.22071428571428572 0.2773865414710485 0.03428571428571429 0.041471048513302036
0 0.7746428571428572 0.30985915492957744 0.030714285714285715 0.03129890453834116
0 0.6864285714285714 0.30985915492957744 0.017142857142857144 0.03442879499217527
0 0.05892857142857143 0.3470266040688576 0.04214285714285714 0.03990610328638498
0 0.40535714285714286 0.37128325508607196 0.052142857142857144 0.06964006259780908
0 0.6507142857142857 0.40219092331768386 0.03142857142857143 0.028169014084507043
0 0.5196428571428572 0.4737871674491393 0.029285714285714286 0.03051643192488263
0 0.5082142857142857 0.5692488262910798 0.020714285714285713 0.02112676056338028
0 0.22142857142857142 0.5708137715179968 0.07571428571428572 0.07120500782472614
0 0.6114285714285714 0.6005477308294209 0.05 0.036776212832550864
0 0.5792857142857143 0.6772300469483568 0.04 0.04303599374021909
0 0.43714285714285717 0.702660406885759 0.02142857142857143 0.028169014084507043
0 0.04357142857142857 0.7359154929577465 0.03428571428571429 0.032081377151799685
0 0.4010714285714286 0.7809076682316118 0.02642857142857143 0.028169014084507043