0 0.7644101876675603 0.42398119122257055 0.058310991957104555 0.0768025078369906
0 0.7550268096514745 0.7159090909090909 0.039544235924932974 0.03683385579937304
0 0.7680965147453083 0.792319749216301 0.022788203753351208 0.03213166144200627
0 0.8535522788203753 0.60423197492163 0.023458445040214475 0.032915360501567396
0 0.2727882037533512 0.542319749216301 0.064343163538874 0.07366771159874608
0 0.09282841823056301 0.5101880877742947 0.044906166219839144 0.052507836990595615
0 0.2982573726541555 0.15673981191222572 0.03150134048257373 0.03213166144200627
0 0.31032171581769435 0.2672413793103448 0.057640750670241284 0.03918495297805643
0 0.30529490616621985 0.7692006269592476 0.040214477211796246 0.0603448275862069
0 0.32908847184986595 0.4753134796238245 0.07171581769436998 0.0713166144200627
0 0.33679624664879354 0.414576802507837 0.05093833780160858 0.0713166144200627
0 0.34349865951742625 0.8103448275862069 0.05093833780160858 0.04310344827586207
0 0.3820375335120643 0.1688871473354232 0.03753351206434316 0.03918495297805643
0 0.35656836461126007 0.7433385579937304 0.05227882037533512 0.04623824451410658
0 0.36126005361930297 0.6971003134796239 0.04289544235924933 0.041536050156739814
0 0.38103217158176944 0.5583855799373041 0.045576407506702415 0.048589341692789965
0 0.3719839142091153 0.9043887147335423 0.030160857908847184 0.03369905956112853
0 0.3947721179624665 0.43299373040752354 0.058310991957104555 0.07836990595611286
0 0.38136729222520105 0.8573667711598746 0.036193029490616625 0.04780564263322884
0 0.39510723860589814 0.7825235109717869 0.035522788203753354 0.03369905956112853
0 0.4098525469168901 0.7037617554858934 0.04758713136729222 0.03213166144200627
0 0.4058310991957105 0.9357366771159875 0.03485254691689008 0.029780564263322883
0 0.4574396782841823 0.28605015673981193 0.036193029490616625 0.04231974921630094
0 0.46179624664879354 0.2170846394984326 0.0435656836461126 0.04231974921630094
0 0.4359919571045576 0.825626959247649 0.05630026809651475 0.05172413793103448
0 0.4517426273458445 0.7550940438871473 0.049597855227882036 0.05956112852664577
0 0.45576407506702415 0.9231974921630094 0.03351206434316354 0.03683385579937304
0 0.4594504021447721 0.8851880877742947 0.030160857908847184 0.03134796238244514
0 0.4802278820375335 0.6285266457680251 0.03753351206434316 0.034482758620689655
0 0.4953083109919571 0.43808777429467083 0.040214477211796246 0.05956112852664577
0 0.5097184986595175 0.7225705329153606 0.04825737265415549 0.05329153605015674
0 0.5452412868632708 0.2323667711598746 0.06032171581769437 0.052507836990595615
0 0.5760723860589813 0.9071316614420063 0.04825737265415549 0.045454545454545456
0 0.6132707774798928 0.20924764890282133 0.020777479892761394 0.025078369905956112
0 0.5978552278820375 0.5897335423197492 0.054959785522788206 0.08855799373040753
0 0.5988605898123325 0.8479623824451411 0.02613941018766756 0.030564263322884012
0 0.6327077747989276 0.7789968652037618 0.03418230563002681 0.030564263322884012
0 0.628686327077748 0.8757836990595611 0.01943699731903485 0.02115987460815047
0 0.6457774798927614 0.9851097178683386 0.028150134048257374 0.0219435736677116
0 0.6551608579088471 0.8197492163009404 0.04155495978552279 0.0438871473354232
0 0.6621983914209115 0.6974921630094044 0.058310991957104555 0.054858934169279
0 0.6869973190348525 0.22374608150470218 0.01943699731903485 0.0219435736677116
0 0.6662198391420912 0.8832288401253918 0.039544235924932974 0.03134796238244514
0 0.6947050938337802 0.25783699059561127 0.014075067024128687 0.013322884012539185
0 0.1477882037533512 0.1920062695924765 0.06032171581769437 0.054858934169279
0 0.6916890080428955 0.7488244514106583 0.020107238605898123 0.02586206896551724
0 0.7124664879356568 0.3342476489028213 0.04423592493297587 0.047021943573667714
0 0.7138069705093834 0.5270376175548589 0.04825737265415549 0.047021943573667714
0 0.7020777479892761 0.8166144200626959 0.058981233243967826 0.06191222570532915
0 0.7007372654155496 0.9384796238244514 0.0160857908847185 0.022727272727272728
0 0.28351206434316356 0.13322884012539185 0.007372654155495978 0.008620689655172414
0 0.2945710455764075 0.13518808777429467 0.006702412868632708 0.007836990595611285
0 0.30261394101876676 0.1371473354231975 0.00938337801608579 0.006269592476489028
0 0.31266756032171583 0.14341692789968652 0.010723860589812333 0.006269592476489028
0 0.32339142091152817 0.14851097178683387 0.006702412868632708 0.0054858934169279
0 0.3237265415549598 0.1445924764890282 0.012734584450402145 0.0109717868338558