0 0.992169373549884 0.24800955414012738 0.015661252900232018 0.03264331210191083
0 0.31264501160092806 0.17993630573248406 0.017981438515081206 0.02308917197452229
0 0.5968677494199536 0.2054140127388535 0.031322505800464036 0.030254777070063694
0 0.44025522041763343 0.17595541401273884 0.04466357308584687 0.06289808917197452
0 0.029872389791183295 0.1337579617834395 0.026102088167053363 0.04777070063694268
0 0.7224477958236659 0.1787420382165605 0.037122969837587005 0.035828025477707005
0 0.9701276102088167 0.19028662420382167 0.02262180974477958 0.028662420382165606
0 0.353538283062645 0.12898089171974522 0.04524361948955916 0.04060509554140127
0 0.39675174013921116 0.13296178343949044 0.0382830626450116 0.04219745222929936
0 0.9028422273781903 0.1731687898089172 0.025522041763341066 0.04378980891719745
0 0.8329466357308585 0.15127388535031847 0.024361948955916472 0.02786624203821656
0 0.16241299303944315 0.08439490445859872 0.022041763341067284 0.02388535031847134
0 0.685614849187935 0.11464968152866242 0.02320185614849188 0.03184713375796178
0 0.18445475638051045 0.8785828025477707 0.025522041763341066 0.03662420382165605
0 0.44576566125290024 0.07404458598726114 0.03074245939675174 0.02945859872611465
0 0.5362529002320185 0.07722929936305732 0.025522041763341066 0.03423566878980892
0 0.35788863109048724 0.8471337579617835 0.031322505800464036 0.046974522292993634
0 0.07337587006960557 0.8017515923566879 0.027842227378190254 0.041401273885350316
0 0.20823665893271462 0.7074044585987261 0.05626450116009281 0.05732484076433121
0 0.5812064965197216 0.6934713375796179 0.037122969837587005 0.03423566878980892
0 0.74622969837587 0.7078025477707006 0.07076566125290024 0.04617834394904458
0 0.66792343387471 0.7002388535031847 0.020301624129930394 0.02945859872611465
0 0.8915313225058005 0.7209394904458599 0.0962877030162413 0.06926751592356688
0 0.28567285382830626 0.6540605095541401 0.027262180974477957 0.035828025477707005
0 0.9695475638051044 0.7185509554140127 0.04408352668213457 0.0589171974522293
0 0.16299303944315546 0.6401273885350318 0.027842227378190254 0.03423566878980892
0 0.37122969837587005 0.6596337579617835 0.04988399071925754 0.06767515923566879
0 0.04988399071925754 0.615047770700637 0.04640371229698376 0.0732484076433121
0 0.8256960556844548 0.6652070063694268 0.03248259860788863 0.044585987261146494
0 0.8990719257540604 0.6675955414012739 0.034222737819025524 0.041401273885350316
0 0.6714037122969838 0.643312101910828 0.034222737819025524 0.04936305732484077
0 0.2882830626450116 0.6027070063694268 0.03480278422273782 0.050955414012738856
0 0.46142691415313225 0.6126592356687898 0.03654292343387471 0.04777070063694268
0 0.33178654292343385 0.5995222929936306 0.02668213457076566 0.035828025477707005
0 0.12819025522041763 0.57921974522293 0.023781902552204175 0.03105095541401274
0 0.16763341067285384 0.57921974522293 0.029002320185614848 0.04219745222929936
0 0.7067865429234339 0.5919585987261147 0.034222737819025524 0.046974522292993634
0 0.9924593967517401 0.6182324840764332 0.0063805104408352666 0.02786624203821656
0 0.9689675174013921 0.615047770700637 0.03480278422273782 0.044585987261146494
0 0.33149651972157773 0.5414012738853503 0.03596287703016241 0.04777070063694268
0 0.09280742459396751 0.5163216560509554 0.03248259860788863 0.04777070063694268
0 0.5113109048723898 0.554140127388535 0.03596287703016241 0.046974522292993634
0 0.04814385150812065 0.5087579617834395 0.049303944315545245 0.054140127388535034
0 0.29379350348027844 0.5306528662420382 0.049303944315545245 0.0660828025477707
0 0.7166473317865429 0.5222929936305732 0.027262180974477957 0.054140127388535034
0 0.7613109048723898 0.5234872611464968 0.05626450116009281 0.07484076433121019
0 0.09106728538283063 0.45820063694267515 0.03480278422273782 0.04936305732484077
0 0.13631090487238978 0.4585987261146497 0.043503480278422275 0.06130573248407643
0 0.5687354988399071 0.49920382165605093 0.033642691415313224 0.0517515923566879
0 0.4672273781902552 0.48447452229299365 0.02668213457076566 0.03662420382165605
0 0.5092807424593968 0.482484076433121 0.034222737819025524 0.04936305732484077
0 0.9782482598607889 0.5051751592356688 0.043503480278422275 0.05334394904458599
0 0.939385150812065 0.4948248407643312 0.031322505800464036 0.04936305732484077
0 0.26421113689095127 0.3013535031847134 0.05104408352668213 0.05015923566878981
0 0.11397911832946636 0.2356687898089172 0.0951276102088167 0.10589171974522293
0 0.30655452436194897 0.24044585987261147 0.017981438515081206 0.020700636942675158
0 0.3483178654292343 0.24084394904458598 0.020301624129930394 0.021496815286624203
0 0.9973897911832946 0.2981687898089172 0.005220417633410673 0.018312101910828025
0 0.3912412993039443 0.23845541401273884 0.018561484918793503 0.02786624203821656
0 0.9718677494199536 0.2906050955414013 0.01740139211136891 0.025477707006369428
0 0.9361948955916474 0.2818471337579618 0.01740139211136891 0.020700636942675158
0 0.9016821345707656 0.2750796178343949 0.012761020881670533 0.019904458598726114
0 0.8697795823665894 0.26871019108280253 0.016821345707656612 0.02388535031847134
0 0.798723897911833 0.2519904458598726 0.060324825986078884 0.0732484076433121
0 0.6809744779582366 0.22929936305732485 0.03074245939675174 0.02945859872611465
1 0.21577726218097448 0.24761146496815287 0.11310904872389792 0.09474522292993631