0 0.62890625 0.922265625 0.013671875 0.0234375
0 0.647705078125 0.797265625 0.013671875 0.0265625
0 0.2421875 0.278125 0.02197265625 0.0390625
0 0.670654296875 0.33359375 0.04833984375 0.075
0 0.22412109375 0.87890625 0.02734375 0.05546875
0 0.70263671875 0.075 0.0439453125 0.07890625
0 0.75927734375 0.216015625 0.05615234375 0.078125
0 0.7529296875 0.687109375 0.01318359375 0.01953125
0 0.244873046875 0.809375 0.01806640625 0.03515625
0 0.253662109375 0.70625 0.05322265625 0.0984375
0 0.27783203125 0.069140625 0.060546875 0.1234375
0 0.282958984375 0.316796875 0.02197265625 0.0375
0 0.28515625 0.38984375 0.0205078125 0.0328125
0 0.298583984375 0.159375 0.02099609375 0.0359375
0 0.281982421875 0.96875 0.04150390625 0.03046875
0 0.288330078125 0.8390625 0.0400390625 0.0625
0 0.295166015625 0.751171875 0.01904296875 0.034375
0 0.319580078125 0.1140625 0.0244140625 0.03984375
0 0.31201171875 0.60859375 0.01953125 0.0203125
0 0.32275390625 0.282421875 0.0224609375 0.03671875
0 0.206298828125 0.31328125 0.02734375 0.040625
0 0.2119140625 0.162890625 0.02783203125 0.03515625
0 0.345947265625 0.470703125 0.07275390625 0.103125
0 0.336181640625 0.81328125 0.0205078125 0.04375
0 0.366943359375 0.06640625 0.0224609375 0.03828125
0 0.350830078125 0.654296875 0.02001953125 0.0328125
0 0.343505859375 0.97109375 0.03271484375 0.03515625
0 0.37841796875 0.673046875 0.01416015625 0.02265625
0 0.392822265625 0.29296875 0.0927734375 0.10234375
0 0.395751953125 0.60546875 0.0107421875 0.02109375
0 0.39111328125 0.7828125 0.01953125 0.0328125
0 0.417236328125 0.3671875 0.01416015625 0.0296875
0 0.409423828125 0.639453125 0.0078125 0.0078125
0 0.416259765625 0.4453125 0.01123046875 0.01796875
0 0.4130859375 0.929296875 0.02880859375 0.07421875
0 0.440185546875 0.328515625 0.09375 0.10546875
0 0.459716796875 0.00703125 0.02392578125 0.0140625
0 0.217041015625 0.418359375 0.044921875 0.08671875
0 0.470458984375 0.195703125 0.02880859375 0.03046875
0 0.4609375 0.72578125 0.09912109375 0.1125
0 0.505859375 0.308203125 0.01513671875 0.0203125
0 0.495361328125 0.969140625 0.01611328125 0.0359375
0 0.218017578125 0.55625 0.00537109375 0.0140625
0 0.5224609375 0.246875 0.0205078125 0.03203125
0 0.54736328125 0.111328125 0.08447265625 0.11796875
0 0.540283203125 0.495703125 0.0732421875 0.1109375
0 0.560302734375 0.022265625 0.05322265625 0.040625
0 0.532470703125 0.89609375 0.0341796875 0.0515625
1 0.428466796875 0.040234375 0.14306640625 0.08046875
1 0.515380859375 0.59921875 0.1123046875 0.075
1 0.511474609375 0.625390625 0.109375 0.07109375
1 0.609375 0.72890625 0.125 0.23984375
0 0.553955078125 0.794140625 0.0087890625 0.009375
1 0.69873046875 0.701953125 0.15869140625 0.22734375
1 0.39111328125 0.601953125 0.103515625 0.1
1 0.32568359375 0.640234375 0.17041015625 0.19375
1 0.22265625 0.146484375 0.05029296875 0.08046875