0 0.9600649350649351 0.24696601941747573 0.04025974025974026 0.05825242718446602
0 0.3782467532467532 0.9611650485436893 0.01883116883116883 0.020024271844660196
0 0.3412337662337662 0.1016383495145631 0.0512987012987013 0.03762135922330097
0 0.33311688311688314 0.05976941747572816 0.05454545454545454 0.021237864077669904
0 0.3474025974025974 0.6935679611650486 0.03116883116883117 0.028519417475728157
0 0.3409090909090909 0.818871359223301 0.05844155844155844 0.04611650485436893
0 0.31623376623376626 0.6158980582524272 0.05 0.04308252427184466
1 0.2922077922077922 0.4441747572815534 0.06623376623376623 0.06735436893203883
0 0.275 0.06644417475728155 0.024675324675324677 0.017597087378640776
0 0.2883116883116883 0.49362864077669905 0.02857142857142857 0.018810679611650484
0 0.28474025974025974 0.8291868932038835 0.06103896103896104 0.06796116504854369
0 0.23733766233766235 0.35436893203883496 0.025324675324675326 0.02366504854368932
1 0.22662337662337662 0.5445995145631068 0.048701298701298704 0.06553398058252427
0 0.20227272727272727 0.2794296116504854 0.1025974025974026 0.09951456310679611
0 0.17792207792207793 0.12105582524271845 0.04285714285714286 0.02912621359223301
0 0.18961038961038962 0.6844660194174758 0.05064935064935065 0.05157766990291262
0 0.15844155844155844 0.7782160194174758 0.03701298701298701 0.03155339805825243
0 0.11688311688311688 0.07584951456310679 0.05 0.04429611650485437
1 0.0987012987012987 0.5524878640776699 0.05 0.0703883495145631
0 0.08051948051948052 0.8558859223300971 0.04025974025974026 0.040655339805825245
0 0.048051948051948054 0.7594053398058253 0.02857142857142857 0.02366504854368932
0 0.9172077922077922 0.14563106796116504 0.10584415584415584 0.11347087378640777
0 0.8733766233766234 0.04733009708737864 0.03766233766233766 0.05521844660194175
0 0.8805194805194805 0.3470873786407767 0.11558441558441558 0.08555825242718447
0 0.7957792207792208 0.05764563106796117 0.05714285714285714 0.05946601941747573
0 0.8074675324675324 0.4523665048543689 0.03701298701298701 0.04733009708737864
0 0.7983766233766234 0.5552184466019418 0.09350649350649351 0.11225728155339806
0 0.7772727272727272 0.3725728155339806 0.03766233766233766 0.04004854368932039
0 0.7350649350649351 0.8243325242718447 0.03116883116883117 0.03519417475728155
0 0.7022727272727273 0.2648665048543689 0.10584415584415584 0.15655339805825244
0 0.6883116883116883 0.10224514563106796 0.05584415584415584 0.0491504854368932
0 0.6837662337662338 0.7305825242718447 0.026623376623376622 0.027912621359223302
0 0.6798701298701298 0.6507888349514563 0.07792207792207792 0.0691747572815534
0 0.6847402597402598 0.7818567961165048 0.032467532467532464 0.027912621359223302
0 0.6551948051948052 0.3804611650485437 0.03441558441558441 0.03822815533980582
0 0.9633116883116883 0.08677184466019418 0.045454545454545456 0.07827669902912622
0 0.6314935064935064 0.17900485436893204 0.03571428571428571 0.054004854368932036
0 0.625 0.45934466019417475 0.02987012987012987 0.025485436893203883
0 0.6230519480519481 0.8765169902912622 0.03441558441558441 0.035800970873786406
0 0.5918831168831169 0.7451456310679612 0.024025974025974027 0.03033980582524272
0 0.5646103896103896 0.30673543689320387 0.08051948051948052 0.07402912621359223
0 0.5727272727272728 0.8319174757281553 0.04285714285714286 0.07220873786407767
0 0.5428571428571428 0.38774271844660196 0.024675324675324677 0.019417475728155338
0 0.5207792207792208 0.05218446601941747 0.03441558441558441 0.03944174757281554
0 0.5266233766233767 0.6016383495145631 0.044805194805194806 0.027912621359223302
0 0.4915584415584416 0.03762135922330097 0.01103896103896104 0.009101941747572815
0 0.4967532467532468 0.5330703883495146 0.024025974025974027 0.01699029126213592
0 0.4788961038961039 0.6571601941747572 0.023376623376623377 0.02669902912621359
0 0.45746753246753247 0.3134101941747573 0.02727272727272727 0.021844660194174758
0 0.45876623376623377 0.6319781553398058 0.02727272727272727 0.027305825242718445
0 0.42402597402597403 0.08737864077669903 0.05454545454545454 0.06432038834951456
0 0.42207792207792205 0.04095873786407767 0.02207792207792208 0.012742718446601941
0 0.43084415584415586 0.7169296116504854 0.033766233766233764 0.041868932038834954
0 0.4331168831168831 0.8258495145631068 0.04415584415584416 0.050970873786407765
0 0.4172077922077922 0.46601941747572817 0.01948051948051948 0.021844660194174758
0 0.412012987012987 0.36741504854368934 0.07012987012987013 0.07645631067961164
0 0.8623376623376623 0.9472087378640777 0.032467532467532464 0.01820388349514563
1 0.36883116883116884 0.09526699029126214 0.274025974025974 0.12560679611650485
1 0.923051948051948 0.19023058252427186 0.14415584415584415 0.3470873786407767