0 0.6705729166666666 0.25537109375 0.022135416666666668 0.01953125
0 0.13606770833333334 0.2646484375 0.0390625 0.02783203125
0 0.2610677083333333 0.27099609375 0.130859375 0.0830078125
0 0.4752604166666667 0.27734375 0.06640625 0.041015625
0 0.8828125 0.28076171875 0.025390625 0.0146484375
0 0.7591145833333334 0.31982421875 0.052083333333333336 0.02734375
0 0.517578125 0.322265625 0.018229166666666668 0.01904296875
0 0.5696614583333334 0.322265625 0.036458333333333336 0.0244140625
0 0.681640625 0.33349609375 0.046223958333333336 0.03173828125
0 0.3157552083333333 0.3447265625 0.026041666666666668 0.0146484375
0 0.4348958333333333 0.34814453125 0.054036458333333336 0.048828125
0 0.14127604166666666 0.35107421875 0.039713541666666664 0.0244140625
0 0.99609375 0.35107421875 0.007161458333333333 0.07470703125
0 0.6946614583333334 0.3798828125 0.022786458333333332 0.015625
0 0.8912760416666666 0.3896484375 0.028645833333333332 0.017578125
0 0.3346354166666667 0.39013671875 0.029296875 0.02099609375
0 0.8098958333333334 0.3984375 0.0546875 0.0302734375
0 0.716796875 0.40673828125 0.022786458333333332 0.01708984375
0 0.546875 0.41162109375 0.041015625 0.0224609375
0 0.4850260416666667 0.4130859375 0.053385416666666664 0.0302734375
0 0.6282552083333334 0.4326171875 0.044270833333333336 0.03662109375
0 0.27734375 0.43408203125 0.018229166666666668 0.00830078125
0 0.8984375 0.4404296875 0.032552083333333336 0.0302734375
0 0.23893229166666666 0.443359375 0.0234375 0.01806640625
0 0.2825520833333333 0.44921875 0.042317708333333336 0.03369140625
0 0.251953125 0.0458984375 0.052734375 0.03466796875
0 0.869140625 0.466796875 0.039713541666666664 0.0234375
0 0.78125 0.47216796875 0.050130208333333336 0.03369140625
0 0.3678385416666667 0.47607421875 0.052734375 0.03173828125
0 0.22005208333333334 0.49560546875 0.037760416666666664 0.021484375
0 0.0625 0.50732421875 0.037109375 0.1015625
0 0.3098958333333333 0.51611328125 0.022786458333333332 0.0283203125
0 0.9739583333333334 0.51611328125 0.051432291666666664 0.0478515625
0 0.2838541666666667 0.5185546875 0.013020833333333334 0.01220703125
0 0.6588541666666666 0.5205078125 0.022135416666666668 0.01123046875
0 0.7044270833333334 0.5302734375 0.031901041666666664 0.0263671875
0 0.5013020833333334 0.53515625 0.024739583333333332 0.015625
0 0.6744791666666666 0.53564453125 0.018880208333333332 0.015625
0 0.6360677083333334 0.53662109375 0.013020833333333334 0.013671875
0 0.875 0.54931640625 0.0625 0.03466796875
0 0.419921875 0.5654296875 0.054036458333333336 0.03271484375
0 0.07877604166666667 0.57080078125 0.022135416666666668 0.01416015625
0 0.19921875 0.57177734375 0.029296875 0.01708984375
0 0.9342447916666666 0.59033203125 0.044921875 0.02490234375
0 0.802734375 0.591796875 0.04296875 0.02978515625
0 0.5930989583333334 0.060546875 0.07096354166666667 0.04638671875
0 0.5286458333333334 0.603515625 0.027994791666666668 0.03271484375
0 0.9934895833333334 0.61083984375 0.01171875 0.01708984375
0 0.759765625 0.0634765625 0.041015625 0.021484375
0 0.3717447916666667 0.63427734375 0.05078125 0.03564453125
0 0.4518229166666667 0.0634765625 0.09765625 0.0771484375
0 0.9361979166666666 0.63623046875 0.037760416666666664 0.01708984375
0 0.142578125 0.6416015625 0.111328125 0.0478515625
0 0.7552083333333334 0.64697265625 0.027994791666666668 0.0146484375
0 0.20833333333333334 0.6474609375 0.13997395833333334 0.06982421875
0 0.337890625 0.06494140625 0.04296875 0.025390625
0 0.5123697916666666 0.66259765625 0.05078125 0.033203125
0 0.3359375 0.67138671875 0.030598958333333332 0.0166015625
0 0.6764322916666666 0.6728515625 0.072265625 0.04541015625
0 0.04296875 0.68310546875 0.028645833333333332 0.01953125
0 0.2981770833333333 0.68701171875 0.027994791666666668 0.0146484375
0 0.451171875 0.6875 0.03125 0.0205078125
0 0.5930989583333334 0.68798828125 0.041015625 0.0205078125
0 0.275390625 0.72119140625 0.08658854166666667 0.05126953125
0 0.611328125 0.7373046875 0.057291666666666664 0.02783203125
0 0.9596354166666666 0.7548828125 0.041666666666666664 0.0234375
0 0.5423177083333334 0.7529296875 0.031901041666666664 0.017578125
0 0.74609375 0.77197265625 0.13151041666666666 0.07958984375
0 0.9016927083333334 0.783203125 0.044921875 0.0234375
0 0.10286458333333333 0.78857421875 0.197265625 0.17041015625
0 0.23763020833333334 0.80615234375 0.040364583333333336 0.0244140625
0 0.3404947916666667 0.8115234375 0.043619791666666664 0.0234375
0 0.392578125 0.818359375 0.018229166666666668 0.0224609375
0 0.962890625 0.81982421875 0.028645833333333332 0.0146484375
0 0.4720052083333333 0.84814453125 0.053385416666666664 0.046875
0 0.908203125 0.859375 0.10091145833333333 0.05908203125
0 0.158203125 0.0869140625 0.029296875 0.0185546875
0 0.20768229166666666 0.88037109375 0.039713541666666664 0.021484375
0 0.892578125 0.09033203125 0.028645833333333332 0.025390625
0 0.4973958333333333 0.92138671875 0.040364583333333336 0.017578125
0 0.8190104166666666 0.0927734375 0.027994791666666668 0.01416015625
0 0.2884114583333333 0.93798828125 0.029947916666666668 0.03271484375
0 0.19596354166666666 0.97265625 0.040364583333333336 0.04052734375
0 0.7024739583333334 0.10009765625 0.07552083333333333 0.087890625
0 0.2734375 0.1142578125 0.0390625 0.029296875
0 0.7610677083333334 0.12158203125 0.048177083333333336 0.04345703125
0 0.12565104166666666 0.1455078125 0.034505208333333336 0.025390625
0 0.4029947916666667 0.14697265625 0.043619791666666664 0.02587890625
0 0.9049479166666666 0.154296875 0.049479166666666664 0.0302734375
0 0.5345052083333334 0.1591796875 0.01953125 0.01611328125
0 0.2942708333333333 0.16748046875 0.022135416666666668 0.02001953125
0 0.61328125 0.17578125 0.060546875 0.02392578125
0 0.484375 0.2041015625 0.054036458333333336 0.03564453125
0 0.21940104166666666 0.20751953125 0.06640625 0.13232421875
0 0.9954427083333334 0.2109375 0.008463541666666666 0.0283203125
0 0.5787760416666666 0.2138671875 0.03515625 0.0205078125
0 0.3873697916666667 0.234375 0.029296875 0.02001953125
0 0.74609375 0.2431640625 0.052083333333333336 0.0322265625
1 0.2662760416666667 0.44189453125 0.11328125 0.080078125
1 0.287109375 0.51220703125 0.09375 0.0595703125
1 0.3567708333333333 0.818359375 0.111328125 0.07958984375
1 0.033203125 0.96826171875 0.06575520833333333 0.0576171875
0 0.7994791666666666 0.720703125 0.01171875 0.00927734375
0 0.84375 0.6787109375 0.07552083333333333 0.0908203125
0 0.837890625 0.73486328125 0.07877604166666667 0.07666015625
0 0.5618489583333334 0.57861328125 0.014322916666666666 0.0068359375
1 0.5670572916666666 0.607421875 0.11979166666666667 0.07470703125
1 0.6705729166666666 0.537109375 0.12434895833333333 0.07666015625
1 0.779296875 0.111328125 0.17122395833333334 0.16650390625