0 0.18782552083333334 0.296142578125 0.022135416666666668 0.0146484375
0 0.13216145833333334 0.7802734375 0.040364583333333336 0.03564453125
0 0.1826171875 0.392822265625 0.042317708333333336 0.0263671875
0 0.16764322916666666 0.546875 0.024088541666666668 0.01708984375
0 0.20963541666666666 0.22705078125 0.026692708333333332 0.02685546875
0 0.16145833333333334 0.67333984375 0.030598958333333332 0.02685546875
0 0.14811197916666666 0.822998046875 0.030598958333333332 0.02783203125
0 0.21028645833333334 0.31787109375 0.022135416666666668 0.013671875
0 0.1962890625 0.458984375 0.022786458333333332 0.01806640625
0 0.19466145833333334 0.573486328125 0.022786458333333332 0.01904296875
0 0.18489583333333334 0.701416015625 0.03125 0.02880859375
0 0.2552083333333333 0.18310546875 0.024739583333333332 0.01806640625
0 0.20638020833333334 0.6533203125 0.044921875 0.02490234375
0 0.24446614583333334 0.404296875 0.0234375 0.015625
0 0.20703125 0.7861328125 0.033854166666666664 0.0234375
0 0.2604166666666667 0.3623046875 0.041015625 0.0263671875
0 0.2571614583333333 0.468505859375 0.021484375 0.013671875
0 0.2906901041666667 0.26025390625 0.020833333333333332 0.01513671875
0 0.2994791666666667 0.22509765625 0.020833333333333332 0.01708984375
0 0.2838541666666667 0.390625 0.020182291666666668 0.01513671875
0 0.2724609375 0.53369140625 0.041015625 0.02978515625
0 0.2535807291666667 0.713134765625 0.047526041666666664 0.03564453125
0 0.2972005208333333 0.452392578125 0.017578125 0.0146484375
0 0.25390625 0.829345703125 0.033854166666666664 0.02880859375
0 0.3157552083333333 0.375244140625 0.022786458333333332 0.01611328125
0 0.3251953125 0.341552734375 0.029947916666666668 0.029296875
0 0.2864583333333333 0.743896484375 0.03515625 0.037109375
0 0.3440755208333333 0.266845703125 0.024088541666666668 0.02001953125
0 0.2854817708333333 0.792236328125 0.039713541666666664 0.0341796875
0 0.357421875 0.186767578125 0.017578125 0.017578125
0 0.3408203125 0.39794921875 0.022135416666666668 0.015625
0 0.31640625 0.633056640625 0.033854166666666664 0.0244140625
0 0.32421875 0.59033203125 0.022135416666666668 0.0205078125
0 0.3365885416666667 0.539794921875 0.0390625 0.03125
0 0.345703125 0.501708984375 0.020182291666666668 0.0166015625
0 0.3401692708333333 0.6669921875 0.046875 0.03515625
0 0.375 0.385009765625 0.020833333333333332 0.015625
0 0.3854166666666667 0.3115234375 0.026692708333333332 0.01953125
0 0.3955078125 0.2685546875 0.024739583333333332 0.015625
0 0.4114583333333333 0.187744140625 0.018229166666666668 0.017578125
0 0.3880208333333333 0.444580078125 0.029296875 0.0263671875
0 0.3541666666666667 0.748779296875 0.018229166666666668 0.0166015625
0 0.3994140625 0.40869140625 0.016276041666666668 0.0146484375
0 0.4127604166666667 0.333984375 0.032552083333333336 0.02685546875
0 0.3570963541666667 0.838623046875 0.051432291666666664 0.04345703125
0 0.3974609375 0.548583984375 0.037109375 0.03173828125
0 0.4065755208333333 0.509521484375 0.015625 0.01318359375
0 0.3831380208333333 0.780029296875 0.039713541666666664 0.03662109375
0 0.39453125 0.725341796875 0.029947916666666668 0.025390625
0 0.45703125 0.23046875 0.021484375 0.01611328125
0 0.4147135416666667 0.624755859375 0.028645833333333332 0.03271484375
0 0.4716796875 0.148681640625 0.018229166666666668 0.01708984375
0 0.4440104166666667 0.453125 0.033203125 0.02392578125
0 0.46484375 0.3359375 0.026041666666666668 0.021484375
0 0.4723307291666667 0.295654296875 0.037109375 0.02490234375
0 0.4817708333333333 0.251708984375 0.039713541666666664 0.03515625
0 0.4326171875 0.701416015625 0.022786458333333332 0.01708984375
0 0.5009765625 0.132080078125 0.026041666666666668 0.017578125
0 0.4436848958333333 0.653076171875 0.020182291666666668 0.0185546875
0 0.45703125 0.561279296875 0.02734375 0.0234375
0 0.453125 0.605224609375 0.02734375 0.0283203125
0 0.4791666666666667 0.436767578125 0.026692708333333332 0.02392578125
0 0.4973958333333333 0.31494140625 0.035807291666666664 0.02587890625
0 0.4931640625 0.35693359375 0.01953125 0.01953125
0 0.51953125 0.193359375 0.02734375 0.0205078125
0 0.4527994791666667 0.7861328125 0.0234375 0.021484375
0 0.4973958333333333 0.501220703125 0.01953125 0.01416015625
0 0.5123697916666666 0.377685546875 0.033203125 0.02734375
0 0.4576822916666667 0.845703125 0.022786458333333332 0.02294921875
0 0.5104166666666666 0.42333984375 0.034505208333333336 0.02392578125
0 0.5439453125 0.211669921875 0.01953125 0.0166015625
0 0.5091145833333334 0.611328125 0.024739583333333332 0.01953125
0 0.5224609375 0.525390625 0.026041666666666668 0.0283203125
0 0.5485026041666666 0.359619140625 0.021484375 0.01904296875
0 0.4973958333333333 0.80712890625 0.027994791666666668 0.0234375
0 0.5543619791666666 0.31884765625 0.026041666666666668 0.01708984375
0 0.5598958333333334 0.277099609375 0.036458333333333336 0.025390625
0 0.5755208333333334 0.150634765625 0.055989583333333336 0.046875
0 0.5680338541666666 0.23486328125 0.022135416666666668 0.021484375
0 0.5048828125 0.849365234375 0.01953125 0.02197265625
0 0.537109375 0.6416015625 0.020182291666666668 0.0205078125
0 0.5315755208333334 0.687255859375 0.024739583333333332 0.017578125
0 0.55859375 0.467041015625 0.01953125 0.01318359375
0 0.5494791666666666 0.55126953125 0.035807291666666664 0.025390625
0 0.5712890625 0.382568359375 0.033854166666666664 0.02294921875
0 0.5869140625 0.29931640625 0.028645833333333332 0.01611328125
0 0.5602213541666666 0.71728515625 0.022135416666666668 0.02392578125
0 0.5865885416666666 0.492919921875 0.03515625 0.02587890625
0 0.623046875 0.236083984375 0.034505208333333336 0.0185546875
0 0.6337890625 0.193603515625 0.046223958333333336 0.02880859375
0 0.62109375 0.430419921875 0.026041666666666668 0.01953125
0 0.6067708333333334 0.55859375 0.024739583333333332 0.0205078125
0 0.6370442708333334 0.345703125 0.025390625 0.02099609375
0 0.6318359375 0.38818359375 0.021484375 0.01611328125
0 0.5846354166666666 0.798583984375 0.030598958333333332 0.02490234375
0 0.6510416666666666 0.258056640625 0.02734375 0.01904296875
0 0.62890625 0.62841796875 0.017578125 0.01953125
0 0.6705729166666666 0.325927734375 0.029296875 0.02197265625
0 0.6770833333333334 0.2822265625 0.020833333333333332 0.0126953125
0 0.6604817708333334 0.610107421875 0.020182291666666668 0.0166015625
0 0.681640625 0.43310546875 0.021484375 0.0205078125
0 0.6722005208333334 0.5185546875 0.030598958333333332 0.02587890625
0 0.6539713541666666 0.755615234375 0.029947916666666668 0.03515625
0 0.6490885416666666 0.806396484375 0.018880208333333332 0.021484375
0 0.7024739583333334 0.50048828125 0.014973958333333334 0.00927734375
0 0.697265625 0.546875 0.033203125 0.02783203125
0 0.6793619791666666 0.7841796875 0.024088541666666668 0.02490234375
0 0.7526041666666666 0.15625 0.0234375 0.015625
0 0.7340494791666666 0.32568359375 0.034505208333333336 0.029296875
0 0.6920572916666666 0.864013671875 0.025390625 0.02294921875
0 0.7154947916666666 0.66455078125 0.016276041666666668 0.0166015625
0 0.7571614583333334 0.350830078125 0.02734375 0.02001953125
0 0.7522786458333334 0.39404296875 0.034505208333333336 0.01953125
0 0.7125651041666666 0.761474609375 0.024088541666666668 0.01904296875
0 0.7766927083333334 0.22314453125 0.0234375 0.02392578125
0 0.7819010416666666 0.17724609375 0.024739583333333332 0.01953125
0 0.7581380208333334 0.5498046875 0.031901041666666664 0.0205078125
0 0.7542317708333334 0.59619140625 0.021484375 0.01708984375
0 0.783203125 0.37353515625 0.026041666666666668 0.02001953125
0 0.7770182291666666 0.669189453125 0.016927083333333332 0.01220703125
0 0.8004557291666666 0.4853515625 0.024739583333333332 0.017578125
0 0.8430989583333334 0.179443359375 0.02734375 0.01708984375
0 0.8232421875 0.557861328125 0.021484375 0.01611328125
0 0.8014322916666666 0.744384765625 0.015625 0.0126953125
0 0.83984375 0.42236328125 0.021484375 0.013671875
0 0.8453776041666666 0.378662109375 0.029296875 0.01953125
0 0.8359375 0.465576171875 0.024739583333333332 0.0205078125
0 0.8600260416666666 0.286865234375 0.0234375 0.01904296875
0 0.8548177083333334 0.33349609375 0.032552083333333336 0.0302734375
0 0.8352864583333334 0.723876953125 0.020833333333333332 0.01953125
0 0.8470052083333334 0.629150390625 0.018880208333333332 0.013671875
0 0.8590494791666666 0.538330078125 0.01953125 0.01806640625
0 0.8863932291666666 0.30908203125 0.029947916666666668 0.0234375
0 0.8782552083333334 0.4013671875 0.034505208333333336 0.02734375
0 0.9000651041666666 0.223876953125 0.025390625 0.01416015625
0 0.8352864583333334 0.825439453125 0.015625 0.01318359375
0 0.8974609375 0.4697265625 0.026692708333333332 0.025390625
0 0.9375 0.16796875 0.040364583333333336 0.033203125
0 0.9078776041666666 0.42626953125 0.026041666666666668 0.0263671875
0 0.9306640625 0.246826171875 0.030598958333333332 0.0283203125
0 0.00390625 0.626220703125 0.0078125 0.03369140625
0 0.020833333333333332 0.453857421875 0.037109375 0.0263671875
0 0.047526041666666664 0.31103515625 0.048828125 0.03076171875
0 0.07942708333333333 0.27197265625 0.01953125 0.01318359375
0 0.046875 0.55712890625 0.044921875 0.0341796875
0 0.0380859375 0.689208984375 0.032552083333333336 0.02685546875
0 0.08040364583333333 0.39892578125 0.024088541666666668 0.01513671875
0 0.072265625 0.509765625 0.027994791666666668 0.01953125
0 0.0888671875 0.466064453125 0.020182291666666668 0.0185546875
0 0.054361979166666664 0.773681640625 0.061197916666666664 0.04150390625
0 0.06673177083333333 0.72265625 0.025390625 0.02099609375
0 0.08463541666666667 0.664306640625 0.045572916666666664 0.0302734375
0 0.13639322916666666 0.3447265625 0.021484375 0.01708984375
0 0.1474609375 0.306396484375 0.037760416666666664 0.0283203125
0 0.14095052083333334 0.5185546875 0.024739583333333332 0.02001953125
0 0.15266927083333334 0.475341796875 0.040364583333333336 0.0244140625
0 0.14388020833333334 0.58837890625 0.052083333333333336 0.0390625