0 0.6715494791666666 0.7275390625 0.08854166666666667 0.0537109375
0 0.4208984375 0.683349609375 0.19466145833333334 0.14013671875
0 0.027994791666666668 0.62646484375 0.055989583333333336 0.119140625
0 0.10026041666666667 0.610595703125 0.13411458333333334 0.1396484375
0 0.9371744791666666 0.6923828125 0.06966145833333333 0.07568359375
0 0.90234375 0.539306640625 0.053385416666666664 0.0419921875
0 0.5384114583333334 0.49658203125 0.068359375 0.05615234375
0 0.4684244791666667 0.424560546875 0.087890625 0.0615234375
0 0.10579427083333333 0.381103515625 0.057291666666666664 0.03857421875
0 0.6630859375 0.302734375 0.13671875 0.09814453125
0 0.5035807291666666 0.220703125 0.10091145833333333 0.05224609375
0 0.2532552083333333 0.130126953125 0.09895833333333333 0.06396484375
0 0.7897135416666666 0.183837890625 0.10677083333333333 0.06982421875
0 0.13704427083333334 0.054931640625 0.10807291666666667 0.068359375
0 0.3541666666666667 0.086181640625 0.130859375 0.09375
0 0.6175130208333334 0.10302734375 0.044921875 0.03564453125
0 0.6774088541666666 0.106689453125 0.046223958333333336 0.02783203125
0 0.9772135416666666 0.13623046875 0.045572916666666664 0.0302734375
0 0.11848958333333333 0.740478515625 0.16796875 0.099609375
0 0.5735677083333334 0.78515625 0.13151041666666666 0.0849609375
0 0.7535807291666666 0.809814453125 0.09505208333333333 0.060546875
0 0.8538411458333334 0.8193359375 0.1953125 0.16015625
1 0.14615885416666666 0.68994140625 0.2923177083333333 0.400390625
0 0.0048828125 0.724365234375 0.009765625 0.03466796875