0 0.5826822916666666 0.26416015625 0.029296875 0.0244140625
0 0.994140625 0.27783203125 0.010416666666666666 0.01123046875
0 0.050130208333333336 0.298828125 0.013671875 0.03662109375
0 0.3899739583333333 0.30029296875 0.048177083333333336 0.04443359375
0 0.7721354166666666 0.3056640625 0.057291666666666664 0.03564453125
0 0.7708333333333334 0.3056640625 0.05859375 0.0380859375
0 0.17447916666666666 0.3212890625 0.052734375 0.03271484375
0 0.2591145833333333 0.32421875 0.09375 0.0556640625
0 0.6315104166666666 0.34423828125 0.027994791666666668 0.0185546875
0 0.341796875 0.03515625 0.12239583333333333 0.06982421875
0 0.9811197916666666 0.3623046875 0.036458333333333336 0.03271484375
0 0.059244791666666664 0.37451171875 0.016927083333333332 0.0146484375
0 0.7701822916666666 0.37890625 0.12955729166666666 0.10791015625
0 0.181640625 0.38525390625 0.044270833333333336 0.03125
0 0.3600260416666667 0.392578125 0.059895833333333336 0.04345703125
0 0.5625 0.40625 0.048828125 0.04345703125
0 0.05078125 0.03857421875 0.1015625 0.07666015625
0 0.703125 0.4228515625 0.031901041666666664 0.01953125
0 0.12565104166666666 0.4296875 0.052083333333333336 0.037109375
0 0.033854166666666664 0.431640625 0.06575520833333333 0.06298828125
0 0.23307291666666666 0.44970703125 0.06380208333333333 0.04052734375
0 0.11002604166666667 0.4765625 0.06575520833333333 0.05029296875
0 0.607421875 0.51611328125 0.08138020833333333 0.04443359375
0 0.15950520833333334 0.51708984375 0.029947916666666668 0.0166015625
0 0.4192708333333333 0.52099609375 0.08333333333333333 0.06005859375
0 0.3203125 0.52880859375 0.0234375 0.02587890625
0 0.6959635416666666 0.53076171875 0.030598958333333332 0.01416015625
0 0.8450520833333334 0.5517578125 0.15364583333333334 0.111328125
0 0.7506510416666666 0.56103515625 0.027994791666666668 0.015625
0 0.02734375 0.56298828125 0.0546875 0.0419921875
0 0.978515625 0.5693359375 0.041666666666666664 0.0400390625
0 0.4381510416666667 0.56884765625 0.018880208333333332 0.0166015625
0 0.365234375 0.57275390625 0.061197916666666664 0.029296875
0 0.6770833333333334 0.57421875 0.042317708333333336 0.0263671875
0 0.4485677083333333 0.61376953125 0.031901041666666664 0.02392578125
0 0.373046875 0.6181640625 0.046875 0.03271484375
0 0.287109375 0.62060546875 0.02734375 0.01806640625
0 0.181640625 0.62109375 0.06380208333333333 0.03662109375
0 0.6647135416666666 0.626953125 0.025390625 0.01220703125
0 0.9212239583333334 0.64306640625 0.055338541666666664 0.02978515625
0 0.8619791666666666 0.66357421875 0.06705729166666667 0.03515625
0 0.4296875 0.669921875 0.02734375 0.02294921875
0 0.701171875 0.68408203125 0.06640625 0.04736328125
0 0.039713541666666664 0.68994140625 0.072265625 0.083984375
0 0.7727864583333334 0.70166015625 0.022786458333333332 0.0126953125
0 0.298828125 0.7080078125 0.037109375 0.01953125
0 0.177734375 0.7177734375 0.0625 0.046875
0 0.8365885416666666 0.71875 0.022786458333333332 0.0166015625
0 0.4654947916666667 0.72509765625 0.08658854166666667 0.05615234375
0 0.638671875 0.728515625 0.022135416666666668 0.0107421875
0 0.896484375 0.73583984375 0.10872395833333333 0.06005859375
0 0.552734375 0.7421875 0.07877604166666667 0.05810546875
0 0.3190104166666667 0.76025390625 0.07486979166666667 0.0341796875
0 0.765625 0.76123046875 0.024739583333333332 0.0126953125
0 0.7076822916666666 0.76416015625 0.015625 0.00732421875
0 0.053385416666666664 0.791015625 0.025390625 0.015625
0 0.392578125 0.791015625 0.035807291666666664 0.0263671875
0 0.615234375 0.7939453125 0.054036458333333336 0.0419921875
0 0.75390625 0.79833984375 0.078125 0.0458984375
0 0.9720052083333334 0.81103515625 0.025390625 0.013671875
0 0.26171875 0.8154296875 0.038411458333333336 0.0166015625
0 0.6627604166666666 0.8603515625 0.021484375 0.0185546875
0 0.314453125 0.8896484375 0.10481770833333333 0.0478515625
0 0.9967447916666666 0.89794921875 0.005859375 0.015625
0 0.7591145833333334 0.09375 0.055338541666666664 0.03076171875
0 0.14322916666666666 0.09423828125 0.10611979166666667 0.07666015625
0 0.6087239583333334 0.0947265625 0.18359375 0.1123046875
0 0.026692708333333332 0.1142578125 0.052083333333333336 0.037109375
0 0.2506510416666667 0.15771484375 0.040364583333333336 0.02978515625
0 0.9537760416666666 0.16259765625 0.09114583333333333 0.109375
0 0.7161458333333334 0.17431640625 0.09114583333333333 0.0361328125
0 0.5592447916666666 0.1865234375 0.07486979166666667 0.0673828125
0 0.8307291666666666 0.189453125 0.059895833333333336 0.03662109375
0 0.244140625 0.20849609375 0.02734375 0.02734375
0 0.14908854166666666 0.21630859375 0.05859375 0.03564453125
0 0.4720052083333333 0.2236328125 0.09895833333333333 0.07275390625
0 0.337890625 0.2412109375 0.09244791666666667 0.0732421875
1 0.4205729166666667 0.54052734375 0.21875 0.1435546875
1 0.08072916666666667 0.30126953125 0.08723958333333333 0.0654296875
1 0.07552083333333333 0.439453125 0.150390625 0.1376953125
1 0.012369791666666666 0.224609375 0.024739583333333332 0.03759765625
0 0.2923177083333333 0.78759765625 0.03515625 0.03271484375
1 0.041015625 0.68896484375 0.08203125 0.12939453125