0 0.3680555555555556 0.5229166666666667 0.03981481481481482 0.029166666666666667
0 0.18472222222222223 0.52421875 0.03981481481481482 0.0203125
0 0.5592592592592592 0.5255208333333333 0.027777777777777776 0.025
0 0.004166666666666667 0.5265625 0.008333333333333333 0.019791666666666666
0 0.7129629629629629 0.5533854166666666 0.03888888888888889 0.033854166666666664
0 0.13148148148148148 0.55390625 0.05 0.028645833333333332
0 0.8212962962962963 0.5565104166666667 0.06666666666666667 0.04114583333333333
0 0.26851851851851855 0.5770833333333333 0.02962962962962963 0.020833333333333332
0 0.007407407407407408 0.5796875 0.014814814814814815 0.017708333333333333
0 0.6625 0.58125 0.041666666666666664 0.021875
0 0.36342592592592593 0.5815104166666667 0.028703703703703703 0.022395833333333334
0 0.45740740740740743 0.5817708333333333 0.046296296296296294 0.022916666666666665
0 0.1699074074074074 0.06015625 0.03425925925925926 0.021354166666666667
0 0.5050925925925925 0.6104166666666667 0.041666666666666664 0.022916666666666665
0 0.6083333333333333 0.6111979166666667 0.027777777777777776 0.0171875
0 0.2652777777777778 0.6359375 0.03981481481481482 0.015625
0 0.08055555555555556 0.6356770833333333 0.05 0.021354166666666667
0 0.025925925925925925 0.6606770833333333 0.044444444444444446 0.025520833333333333
0 0.11990740740740741 0.6625 0.021296296296296296 0.014583333333333334
0 0.5078703703703704 0.6723958333333333 0.06388888888888888 0.03229166666666667
0 0.9236111111111112 0.6736979166666667 0.032407407407407406 0.0203125
0 0.35833333333333334 0.6955729166666667 0.037037037037037035 0.027604166666666666
0 0.45231481481481484 0.6963541666666667 0.04351851851851852 0.021875
0 0.7620370370370371 0.7033854166666667 0.05 0.018229166666666668
0 0.8740740740740741 0.7059895833333333 0.03333333333333333 0.021354166666666667
0 0.022222222222222223 0.7161458333333334 0.04259259259259259 0.027083333333333334
0 0.40370370370370373 0.7247395833333333 0.040740740740740744 0.0234375
0 0.1597222222222222 0.74921875 0.03611111111111111 0.0203125
0 0.875 0.76953125 0.03518518518518519 0.025520833333333333
0 0.012037037037037037 0.7747395833333334 0.020370370370370372 0.018229166666666668
0 0.2 0.78046875 0.03888888888888889 0.0203125
0 0.2967592592592593 0.7817708333333333 0.021296296296296296 0.017708333333333333
0 0.39537037037037037 0.7841145833333333 0.040740740740740744 0.024479166666666666
0 0.5 0.7903645833333334 0.05740740740740741 0.025520833333333333
0 0.6092592592592593 0.7916666666666666 0.03888888888888889 0.017708333333333333
0 0.05555555555555555 0.8075520833333333 0.03148148148148148 0.0203125
0 0.3490740740740741 0.8177083333333334 0.053703703703703705 0.027083333333333334
0 0.5560185185185185 0.81875 0.049074074074074076 0.026041666666666668
0 0.7638888888888888 0.8255208333333334 0.03148148148148148 0.017708333333333333
0 0.19814814814814816 0.8372395833333334 0.05185185185185185 0.0203125
0 0.29768518518518516 0.8458333333333333 0.05462962962962963 0.019791666666666666
0 0.010185185185185186 0.08515625 0.020370370370370372 0.019270833333333334
0 0.7134259259259259 0.8614583333333333 0.06018518518518518 0.027083333333333334
0 0.9361111111111111 0.86484375 0.1259259259259259 0.04010416666666667
0 0.4361111111111111 0.09739583333333333 0.07037037037037037 0.033854166666666664
0 0.3296296296296296 0.09869791666666666 0.03518518518518519 0.0203125
0 0.38333333333333336 0.011458333333333333 0.07407407407407407 0.022916666666666665
0 0.47962962962962963 0.1375 0.03333333333333333 0.015625
0 0.675 0.1390625 0.06666666666666667 0.025520833333333333
0 0.014814814814814815 0.14583333333333334 0.02962962962962963 0.03333333333333333
0 0.21944444444444444 0.1546875 0.05648148148148148 0.040625
0 0.4310185185185185 0.16510416666666666 0.026851851851851852 0.023958333333333335
0 0.01712962962962963 0.016666666666666666 0.03425925925925926 0.030208333333333334
0 0.8134259259259259 0.175 0.041666666666666664 0.019791666666666666
0 0.06342592592592593 0.18333333333333332 0.04259259259259259 0.0234375
0 0.22361111111111112 0.21744791666666666 0.03425925925925926 0.018229166666666668
0 0.33101851851851855 0.22109375 0.06296296296296296 0.033854166666666664
0 0.6199074074074075 0.22838541666666667 0.03796296296296296 0.0203125
0 0.7148148148148148 0.22890625 0.03888888888888889 0.018229166666666668
0 0.5009259259259259 0.0234375 0.03333333333333333 0.019791666666666666
0 0.06527777777777778 0.24270833333333333 0.03611111111111111 0.017708333333333333
0 0.274537037037037 0.25078125 0.03796296296296296 0.020833333333333332
0 0.12268518518518519 0.27447916666666666 0.03796296296296296 0.017708333333333333
0 0.8152777777777778 0.27890625 0.041666666666666664 0.0171875
0 0.32916666666666666 0.28020833333333334 0.04351851851851852 0.021875
0 0.42268518518518516 0.28046875 0.06574074074074074 0.024479166666666666
0 0.6180555555555556 0.28463541666666664 0.04351851851851852 0.021354166666666667
0 0.2800925925925926 0.3104166666666667 0.032407407407407406 0.016666666666666666
0 0.8143518518518519 0.3328125 0.03981481481481482 0.017708333333333333
0 0.5157407407407407 0.3328125 0.044444444444444446 0.027083333333333334
0 0.021296296296296296 0.33307291666666666 0.03518518518518519 0.021354166666666667
0 0.6138888888888889 0.33645833333333336 0.03518518518518519 0.020833333333333332
0 0.33055555555555555 0.3380208333333333 0.053703703703703705 0.023958333333333335
0 0.18287037037037038 0.3614583333333333 0.062037037037037036 0.019791666666666666
0 0.4699074074074074 0.36432291666666666 0.05277777777777778 0.0296875
0 0.2791666666666667 0.3658854166666667 0.03425925925925926 0.016145833333333335
0 0.9217592592592593 0.3848958333333333 0.03796296296296296 0.019791666666666666
0 0.7138888888888889 0.38671875 0.03518518518518519 0.021354166666666667
0 0.027777777777777776 0.3880208333333333 0.03333333333333333 0.019791666666666666
0 0.9680555555555556 0.41328125 0.049074074074074076 0.0234375
0 0.18425925925925926 0.41510416666666666 0.05925925925925926 0.027083333333333334
0 0.4671296296296296 0.415625 0.03981481481481482 0.020833333333333332
0 0.6638888888888889 0.41692708333333334 0.07777777777777778 0.0265625
0 0.5611111111111111 0.41692708333333334 0.05 0.030729166666666665
0 0.5157407407407407 0.44114583333333335 0.05 0.028125
0 0.8125 0.4421875 0.04351851851851852 0.028125
0 0.42083333333333334 0.44505208333333335 0.03981481481481482 0.016145833333333335
0 0.2337962962962963 0.4453125 0.04537037037037037 0.023958333333333335
0 0.375 0.46796875 0.06111111111111111 0.0328125
0 0.7657407407407407 0.46979166666666666 0.040740740740740744 0.015625
0 0.08518518518518518 0.47213541666666664 0.04259259259259259 0.0234375
0 0.2777777777777778 0.47291666666666665 0.05185185185185185 0.03125
0 0.9305555555555556 0.4921875 0.11666666666666667 0.04583333333333333
0 0.6064814814814815 0.49661458333333336 0.05740740740740741 0.03177083333333333
0 0.7101851851851851 0.4973958333333333 0.046296296296296294 0.021875
0 0.5120370370370371 0.4981770833333333 0.024074074074074074 0.021354166666666667
0 0.03194444444444444 0.4979166666666667 0.06018518518518518 0.019791666666666666
0 0.4162037037037037 0.49895833333333334 0.04537037037037037 0.019791666666666666