0 0.48055555555555557 0.4231770833333333 0.05740740740740741 0.0265625
0 0.5069444444444444 0.32109375 0.041666666666666664 0.025520833333333333
0 0.44583333333333336 0.52890625 0.04814814814814815 0.019270833333333334
0 0.5310185185185186 0.2203125 0.03611111111111111 0.0078125
0 0.3731481481481482 0.6098958333333333 0.06574074074074074 0.027083333333333334
0 0.46296296296296297 0.28671875 0.058333333333333334 0.03229166666666667
0 0.350462962962963 0.6697916666666667 0.0824074074074074 0.043229166666666666
0 0.4009259259259259 0.359375 0.041666666666666664 0.019791666666666666
0 0.43703703703703706 0.21380208333333334 0.03333333333333333 0.0109375
0 0.33194444444444443 0.5776041666666667 0.04537037037037037 0.0265625
0 0.37824074074074077 0.4114583333333333 0.04351851851851852 0.019270833333333334
0 0.362962962962963 0.4635416666666667 0.04722222222222222 0.029166666666666667
0 0.3050925925925926 0.4856770833333333 0.046296296296296294 0.0265625
0 0.287962962962963 0.5427083333333333 0.03425925925925926 0.018229166666666668
0 0.29814814814814816 0.3484375 0.03333333333333333 0.024479166666666666
0 0.32731481481481484 0.24583333333333332 0.04537037037037037 0.03125
0 0.29212962962962963 0.21145833333333333 0.05185185185185185 0.028645833333333332
0 0.2740740740740741 0.26328125 0.028703703703703703 0.0140625
0 0.19583333333333333 0.47734375 0.06666666666666667 0.040625
0 0.1287037037037037 0.7080729166666667 0.040740740740740744 0.021354166666666667
0 0.1787037037037037 0.390625 0.05462962962962963 0.025
0 0.1625 0.4427083333333333 0.04537037037037037 0.027604166666666666
0 0.10185185185185185 0.6138020833333333 0.03981481481481482 0.030729166666666665
0 0.07962962962962963 0.6755208333333333 0.04259259259259259 0.021875
0 0.19537037037037036 0.20078125 0.05462962962962963 0.028125
0 0.12037037037037036 0.4114583333333333 0.04722222222222222 0.026041666666666668
0 0.11574074074074074 0.271875 0.041666666666666664 0.0234375
0 0.0962962962962963 0.18619791666666666 0.030555555555555555 0.013541666666666667
0 0.0625 0.29010416666666666 0.025 0.0234375
0 0.04537037037037037 0.34375 0.017592592592592594 0.013020833333333334
0 0.030555555555555555 0.39869791666666665 0.023148148148148147 0.023958333333333335
0 0.9907407407407407 0.44817708333333334 0.018518518518518517 0.03802083333333333
0 0.9578703703703704 0.6091145833333333 0.040740740740740744 0.023958333333333335
0 0.9425925925925925 0.66171875 0.03796296296296296 0.024479166666666666
0 0.9726851851851852 0.41380208333333335 0.04259259259259259 0.024479166666666666
0 0.9550925925925926 0.32578125 0.037037037037037035 0.023958333333333335
0 0.8388888888888889 0.7096354166666666 0.037037037037037035 0.026041666666666668
0 0.9125 0.4395833333333333 0.04537037037037037 0.027604166666666666
0 0.8976851851851851 0.49140625 0.053703703703703705 0.04010416666666667
0 0.8597222222222223 0.59921875 0.044444444444444446 0.027604166666666666
0 0.8671296296296296 0.4075520833333333 0.03425925925925926 0.020833333333333332
0 0.7444444444444445 0.70078125 0.037037037037037035 0.025
0 0.7912037037037037 0.5348958333333333 0.05462962962962963 0.029166666666666667
0 0.8680555555555556 0.26015625 0.04259259259259259 0.022916666666666665
0 0.7694444444444445 0.5888020833333333 0.041666666666666664 0.022916666666666665
0 0.8111111111111111 0.43125 0.05092592592592592 0.03333333333333333
0 0.7930555555555555 0.3455729166666667 0.044444444444444446 0.0375
0 0.7430555555555556 0.5044270833333333 0.06018518518518518 0.033854166666666664
0 0.7699074074074074 0.39817708333333335 0.03333333333333333 0.021354166666666667
0 0.6361111111111111 0.75234375 0.040740740740740744 0.023958333333333335
0 0.6652777777777777 0.6364583333333333 0.04259259259259259 0.022916666666666665
0 0.7703703703703704 0.2552083333333333 0.03981481481481482 0.021875
0 0.5791666666666667 0.7736979166666667 0.049074074074074076 0.030729166666666665
0 0.6986111111111111 0.3377604166666667 0.05648148148148148 0.03697916666666667
0 0.6532407407407408 0.49505208333333334 0.04259259259259259 0.025520833333333333
0 0.6203703703703703 0.6041666666666666 0.05925925925925926 0.04739583333333333
0 0.6361111111111111 0.546875 0.062037037037037036 0.0328125
0 0.600925925925926 0.51796875 0.05740740740740741 0.03229166666666667
0 0.5527777777777778 0.6825520833333333 0.05648148148148148 0.028645833333333332
0 0.6087962962962963 0.46458333333333335 0.03425925925925926 0.024479166666666666
0 0.6375 0.3606770833333333 0.049074074074074076 0.029166666666666667
0 0.575925925925926 0.4356770833333333 0.06759259259259259 0.0390625
0 0.5115740740740741 0.65234375 0.03425925925925926 0.025
0 0.6138888888888889 0.27395833333333336 0.04814814814814815 0.027083333333333334
0 0.5824074074074074 0.3807291666666667 0.06296296296296296 0.033854166666666664
0 0.4462962962962963 0.7403645833333333 0.09907407407407408 0.071875
0 0.48935185185185187 0.5596354166666667 0.06481481481481481 0.03697916666666667
0 0.47175925925925927 0.6171875 0.04537037037037037 0.029166666666666667
0 0.5013888888888889 0.50703125 0.041666666666666664 0.016666666666666666
0 0.5768518518518518 0.24036458333333333 0.044444444444444446 0.036458333333333336
0 0.5148148148148148 0.45364583333333336 0.041666666666666664 0.028125