0 0.6767578125 0.725341796875 0.087890625 0.052734375
0 0.4254557291666667 0.684326171875 0.19205729166666666 0.13818359375
0 0.028971354166666668 0.63330078125 0.057942708333333336 0.1181640625
0 0.10286458333333333 0.615966796875 0.13151041666666666 0.138671875
0 0.9417317708333334 0.6865234375 0.068359375 0.0751953125
0 0.9033203125 0.5341796875 0.052734375 0.04150390625
0 0.5380859375 0.49609375 0.06705729166666667 0.0556640625
0 0.466796875 0.425048828125 0.08658854166666667 0.06103515625
0 0.10319010416666667 0.38623046875 0.056640625 0.0380859375
0 0.658203125 0.30078125 0.134765625 0.0966796875
0 0.4970703125 0.220703125 0.10026041666666667 0.05126953125
0 0.24446614583333334 0.13330078125 0.09765625 0.06298828125
0 0.7822265625 0.18017578125 0.10611979166666667 0.06884765625
0 0.126953125 0.059814453125 0.10677083333333333 0.0673828125
0 0.3444010416666667 0.088134765625 0.12890625 0.09228515625
0 0.6080729166666666 0.1015625 0.044270833333333336 0.03515625
0 0.66796875 0.1044921875 0.045572916666666664 0.02734375
0 0.9697265625 0.13037109375 0.047526041666666664 0.02978515625
0 0.1240234375 0.745361328125 0.166015625 0.09765625
0 0.580078125 0.7841796875 0.13020833333333334 0.083984375
0 0.7607421875 0.806640625 0.09375 0.0595703125
0 0.8610026041666666 0.814697265625 0.19270833333333334 0.158203125
1 0.146484375 0.69482421875 0.29296875 0.3974609375
0 0.007486979166666667 0.731201171875 0.014973958333333334 0.03466796875