0 0.16276041666666666 0.389404296875 0.02734375 0.01806640625
0 0.21223958333333334 0.788818359375 0.039713541666666664 0.03125
0 0.2119140625 0.69482421875 0.11979166666666667 0.103515625
0 0.20572916666666666 0.533935546875 0.059244791666666664 0.052734375
0 0.181640625 0.22900390625 0.021484375 0.02001953125
0 0.2421875 0.318603515625 0.039713541666666664 0.041015625
0 0.2623697916666667 0.499267578125 0.026692708333333332 0.01513671875
0 0.2587890625 0.460205078125 0.03515625 0.02880859375
0 0.2659505208333333 0.375732421875 0.045572916666666664 0.03662109375
0 0.3063151041666667 0.648681640625 0.021484375 0.0205078125
0 0.3024088541666667 0.559326171875 0.06901041666666667 0.0439453125
0 0.3268229166666667 0.77880859375 0.03515625 0.03125
0 0.2672526041666667 0.13916015625 0.099609375 0.0107421875
0 0.3264973958333333 0.36279296875 0.022135416666666668 0.01806640625
0 0.3258463541666667 0.21484375 0.025390625 0.0224609375
0 0.3655598958333333 0.63134765625 0.029947916666666668 0.0234375
0 0.3434244791666667 0.275146484375 0.044270833333333336 0.04296875
0 0.3606770833333333 0.34423828125 0.024088541666666668 0.01806640625
0 0.3792317708333333 0.47119140625 0.032552083333333336 0.0322265625
0 0.3854166666666667 0.517333984375 0.044270833333333336 0.0419921875
0 0.4013671875 0.40869140625 0.052083333333333336 0.03564453125
0 0.427734375 0.671142578125 0.012369791666666666 0.01416015625
0 0.3929036458333333 0.2060546875 0.042317708333333336 0.0263671875
0 0.4430338541666667 0.69921875 0.025390625 0.0185546875
0 0.4475911458333333 0.666259765625 0.047526041666666664 0.0341796875
0 0.4300130208333333 0.22607421875 0.033854166666666664 0.03125
0 0.443359375 0.29150390625 0.048177083333333336 0.0400390625
0 0.4775390625 0.6005859375 0.045572916666666664 0.04150390625
0 0.513671875 0.709716796875 0.03125 0.02978515625
0 0.5403645833333334 0.826904296875 0.13736979166666666 0.03466796875
0 0.5348307291666666 0.64111328125 0.0390625 0.01904296875
0 0.48828125 0.144287109375 0.06705729166666667 0.0419921875
0 0.5397135416666666 0.660400390625 0.016927083333333332 0.0107421875
0 0.5162760416666666 0.379638671875 0.016276041666666668 0.017578125
0 0.5260416666666666 0.344970703125 0.037109375 0.02587890625
0 0.5465494791666666 0.49658203125 0.022786458333333332 0.01953125
0 0.53515625 0.366943359375 0.022135416666666668 0.01513671875
0 0.5390625 0.395751953125 0.018880208333333332 0.0107421875
0 0.5393880208333334 0.216064453125 0.05078125 0.04931640625
0 0.5927734375 0.555419921875 0.047526041666666664 0.04248046875
0 0.6236979166666666 0.810302734375 0.020182291666666668 0.017578125
0 0.6165364583333334 0.719970703125 0.024739583333333332 0.02294921875
0 0.58984375 0.168701171875 0.036458333333333336 0.03515625
0 0.6009114583333334 0.26708984375 0.042317708333333336 0.0341796875
0 0.6357421875 0.471435546875 0.045572916666666664 0.0234375
0 0.6129557291666666 0.123046875 0.0234375 0.009765625
0 0.6875 0.586669921875 0.05078125 0.04052734375
0 0.6507161458333334 0.1640625 0.025390625 0.029296875
0 0.7132161458333334 0.757568359375 0.07161458333333333 0.08642578125
0 0.677734375 0.298828125 0.021484375 0.02197265625
0 0.7164713541666666 0.7080078125 0.10286458333333333 0.109375
0 0.7154947916666666 0.4794921875 0.047526041666666664 0.04052734375
0 0.7392578125 0.61083984375 0.024088541666666668 0.02392578125
0 0.7174479166666666 0.35595703125 0.06575520833333333 0.05712890625
0 0.775390625 0.8291015625 0.027994791666666668 0.02294921875
0 0.7626953125 0.637939453125 0.021484375 0.02197265625
0 0.7529296875 0.5234375 0.029296875 0.02490234375
0 0.7434895833333334 0.417236328125 0.029947916666666668 0.0322265625
0 0.8098958333333334 0.652587890625 0.07421875 0.068359375
0 0.8079427083333334 0.400146484375 0.041015625 0.044921875
0 0.8069661458333334 0.138427734375 0.033854166666666664 0.03271484375
0 0.8333333333333334 0.45068359375 0.025390625 0.02490234375
0 0.8447265625 0.296875 0.115234375 0.10400390625
0 0.8486328125 0.1796875 0.034505208333333336 0.03515625
0 0.8955078125 0.777099609375 0.208984375 0.15966796875
0 0.9254557291666666 0.675048828125 0.03515625 0.03173828125
0 0.9254557291666666 0.59765625 0.034505208333333336 0.0341796875
0 0.9309895833333334 0.55810546875 0.03125 0.01513671875
0 0.8932291666666666 0.13134765625 0.021484375 0.0224609375
0 0.9651692708333334 0.49658203125 0.06575520833333333 0.04296875
0 0.9401041666666666 0.169677734375 0.06770833333333333 0.07861328125
0 0.007486979166666667 0.3740234375 0.014973958333333334 0.0576171875
0 0.004231770833333333 0.330078125 0.008463541666666666 0.037109375
0 0.0546875 0.8046875 0.036458333333333336 0.02734375
0 0.037109375 0.59716796875 0.037760416666666664 0.03466796875
0 0.016927083333333332 0.22119140625 0.033854166666666664 0.0390625
0 0.044270833333333336 0.498046875 0.022786458333333332 0.015625
0 0.07194010416666667 0.677001953125 0.027994791666666668 0.01806640625
0 0.060872395833333336 0.437744140625 0.035807291666666664 0.046875
0 0.107421875 0.5322265625 0.051432291666666664 0.04296875
0 0.13053385416666666 0.730224609375 0.18033854166666666 0.05908203125
0 0.0810546875 0.1494140625 0.038411458333333336 0.00830078125
0 0.11393229166666667 0.4609375 0.029947916666666668 0.02783203125
0 0.15462239583333334 0.602783203125 0.028645833333333332 0.0234375
0 0.14127604166666666 0.333740234375 0.046223958333333336 0.041015625
1 0.4391276041666667 0.678955078125 0.11458333333333333 0.09033203125
1 0.5309244791666666 0.658447265625 0.0859375 0.07421875
1 0.93359375 0.5849609375 0.11393229166666667 0.0888671875
0 0.7727864583333334 0.260498046875 0.013020833333333334 0.00927734375
0 0.7138671875 0.23046875 0.12630208333333334 0.06298828125
0 0.7887369791666666 0.230712890625 0.107421875 0.064453125
0 0.6002604166666666 0.4482421875 0.010416666666666666 0.01123046875
1 0.6383463541666666 0.4423828125 0.107421875 0.0947265625
1 0.5374348958333334 0.369873046875 0.11067708333333333 0.09814453125
1 0.039713541666666664 0.314453125 0.07942708333333333 0.1328125