0 0.177734375 0.46728515625 0.035807291666666664 0.02490234375
0 0.14583333333333334 0.1591796875 0.016276041666666668 0.00927734375
0 0.2887369791666667 0.859375 0.050130208333333336 0.0146484375
0 0.2490234375 0.606201171875 0.064453125 0.04150390625
0 0.20963541666666666 0.321044921875 0.054036458333333336 0.046875
0 0.2099609375 0.322021484375 0.057291666666666664 0.04833984375
0 0.3030598958333333 0.76416015625 0.049479166666666664 0.04345703125
0 0.296875 0.70068359375 0.08528645833333333 0.07666015625
0 0.2779947916666667 0.421142578125 0.027994791666666668 0.02294921875
0 0.2591145833333333 0.15869140625 0.047526041666666664 0.03125
0 0.3876953125 0.843505859375 0.021484375 0.01416015625
0 0.3069661458333333 0.313720703125 0.15885416666666666 0.109375
0 0.3870442708333333 0.7509765625 0.046875 0.03662109375
0 0.375 0.6171875 0.06510416666666667 0.0498046875
0 0.3681640625 0.46484375 0.06315104166666667 0.04150390625
0 0.373046875 0.358154296875 0.029947916666666668 0.0263671875
0 0.4524739583333333 0.787353515625 0.055338541666666664 0.04345703125
0 0.4664713541666667 0.855224609375 0.09114583333333333 0.056640625
0 0.4658203125 0.704833984375 0.061197916666666664 0.05224609375
0 0.5166015625 0.793212890625 0.07486979166666667 0.05517578125
0 0.5081380208333334 0.41796875 0.06901041666666667 0.06591796875
0 0.5641276041666666 0.75146484375 0.025390625 0.0244140625
0 0.5377604166666666 0.5576171875 0.08984375 0.0693359375
0 0.5598958333333334 0.63037109375 0.037109375 0.0205078125
0 0.5169270833333334 0.350341796875 0.022786458333333332 0.0244140625
0 0.5263671875 0.23681640625 0.166015625 0.1279296875
0 0.5501302083333334 0.305908203125 0.024088541666666668 0.02294921875
0 0.6409505208333334 0.84423828125 0.0625 0.0458984375
0 0.5335286458333334 0.13525390625 0.057942708333333336 0.0361328125
0 0.5986328125 0.53759765625 0.024088541666666668 0.01611328125
0 0.6126302083333334 0.591552734375 0.046223958333333336 0.04931640625
0 0.5764973958333334 0.359130859375 0.040364583333333336 0.03466796875
0 0.6569010416666666 0.5244140625 0.035807291666666664 0.02685546875
0 0.671875 0.580078125 0.048828125 0.0390625
0 0.685546875 0.643798828125 0.02734375 0.0224609375
0 0.6988932291666666 0.72216796875 0.055989583333333336 0.0517578125
0 0.6477864583333334 0.36181640625 0.01953125 0.0205078125
0 0.6380208333333334 0.1689453125 0.046223958333333336 0.044921875
0 0.6722005208333334 0.210693359375 0.0546875 0.05419921875
0 0.7333984375 0.53173828125 0.033854166666666664 0.02294921875
0 0.7190755208333334 0.327880859375 0.07096354166666667 0.05517578125
0 0.8076171875 0.819580078125 0.11979166666666667 0.06396484375
0 0.7337239583333334 0.2724609375 0.01953125 0.0185546875
0 0.7998046875 0.62451171875 0.030598958333333332 0.02978515625
0 0.8274739583333334 0.71337890625 0.06966145833333333 0.05224609375
0 0.7483723958333334 0.222900390625 0.024739583333333332 0.01904296875
0 0.8020833333333334 0.498291015625 0.08463541666666667 0.0712890625
0 0.7854817708333334 0.368896484375 0.016927083333333332 0.017578125
0 0.763671875 0.176025390625 0.09244791666666667 0.08837890625
0 0.8141276041666666 0.43115234375 0.08658854166666667 0.06591796875
0 0.8665364583333334 0.60302734375 0.054036458333333336 0.06005859375
0 0.8134765625 0.2705078125 0.01953125 0.02001953125
0 0.82421875 0.313232421875 0.01171875 0.0126953125
0 0.939453125 0.797119140625 0.024088541666666668 0.02099609375
0 0.8981119791666666 0.54443359375 0.0390625 0.02978515625
0 0.875 0.37841796875 0.061848958333333336 0.04541015625
0 0.8639322916666666 0.274658203125 0.0703125 0.06396484375
0 0.8541666666666666 0.11083984375 0.021484375 0.0205078125
0 0.9466145833333334 0.638916015625 0.026692708333333332 0.03076171875
0 0.95703125 0.3349609375 0.02734375 0.01806640625
0 0.017903645833333332 0.462890625 0.035807291666666664 0.1396484375
0 0.06673177083333333 0.8974609375 0.016927083333333332 0.03955078125
0 0.07747395833333333 0.727294921875 0.044270833333333336 0.03369140625
0 0.0380859375 0.2021484375 0.076171875 0.0791015625
0 0.042643229166666664 0.37890625 0.059244791666666664 0.072265625
0 0.07779947916666667 0.494140625 0.09830729166666667 0.06396484375
0 0.048828125 0.291748046875 0.055989583333333336 0.048828125
0 0.1455078125 0.72607421875 0.039713541666666664 0.02392578125
0 0.16731770833333334 0.7958984375 0.054036458333333336 0.0478515625
0 0.1376953125 0.554443359375 0.10807291666666667 0.08251953125
0 0.17740885416666666 0.652099609375 0.10807291666666667 0.07763671875
1 0.5631510416666666 0.55419921875 0.216796875 0.18017578125
1 0.2880859375 0.83642578125 0.09700520833333333 0.07275390625
1 0.4716796875 0.823486328125 0.20052083333333334 0.12890625
1 0.19498697916666666 0.896484375 0.052734375 0.02294921875
0 0.9059244791666666 0.61962890625 0.047526041666666664 0.0302734375
1 0.8059895833333334 0.818603515625 0.18098958333333334 0.07666015625