0 0.0458984375 0.743896484375 0.025390625 0.04443359375
0 0.30859375 0.6923828125 0.087890625 0.0498046875
0 0.5930989583333334 0.66455078125 0.08268229166666667 0.0498046875
0 0.7024739583333334 0.654052734375 0.059895833333333336 0.0390625
0 0.7701822916666666 0.647705078125 0.12044270833333333 0.09375
0 0.17708333333333334 0.698974609375 0.064453125 0.04541015625
0 0.6363932291666666 0.6162109375 0.055338541666666664 0.03173828125
0 0.4801432291666667 0.626220703125 0.11458333333333333 0.07958984375
0 0.10026041666666667 0.657958984375 0.103515625 0.12646484375
0 0.20475260416666666 0.644775390625 0.08463541666666667 0.05419921875
0 0.8063151041666666 0.560302734375 0.08658854166666667 0.05908203125
0 0.732421875 0.47412109375 0.033203125 0.02685546875
0 0.5026041666666666 0.495849609375 0.040364583333333336 0.03271484375
0 0.068359375 0.52783203125 0.048177083333333336 0.046875
0 0.21484375 0.484375 0.034505208333333336 0.0244140625
0 0.4449869791666667 0.4638671875 0.054036458333333336 0.0390625
0 0.5345052083333334 0.361572265625 0.083984375 0.06396484375
0 0.009765625 0.371826171875 0.01953125 0.02880859375
0 0.4173177083333333 0.33154296875 0.0625 0.03369140625
0 0.08072916666666667 0.32666015625 0.03515625 0.0224609375
0 0.2421875 0.307861328125 0.06315104166666667 0.04150390625
0 0.5813802083333334 0.272216796875 0.06380208333333333 0.04150390625
0 0.8134765625 0.243896484375 0.030598958333333332 0.02197265625
0 0.2939453125 0.27099609375 0.07942708333333333 0.0556640625
0 0.14095052083333334 0.2822265625 0.08854166666666667 0.04443359375
0 0.040690104166666664 0.291015625 0.026692708333333332 0.01806640625
0 0.49609375 0.23974609375 0.024088541666666668 0.0146484375
0 0.6878255208333334 0.216064453125 0.030598958333333332 0.0185546875
0 0.4567057291666667 0.24365234375 0.024739583333333332 0.02099609375
0 0.22786458333333334 0.693359375 0.014322916666666666 0.017578125
0 0.23828125 0.697265625 0.01953125 0.0224609375
0 0.2721354166666667 0.621826171875 0.06380208333333333 0.072265625
1 0.2688802083333333 0.6748046875 0.2708333333333333 0.2548828125