0 0.4601851851851852 0.44296875 0.07407407407407407 0.021875
0 0.4300925925925926 0.5807291666666666 0.06296296296296296 0.04739583333333333
0 0.4300925925925926 0.40208333333333335 0.027777777777777776 0.021354166666666667
0 0.3726851851851852 0.6559895833333333 0.03796296296296296 0.030729166666666665
0 0.3296296296296296 0.5080729166666667 0.062037037037037036 0.034375
0 0.32222222222222224 0.7380208333333333 0.0962962962962963 0.028645833333333332
0 0.2884259259259259 0.44895833333333335 0.030555555555555555 0.020833333333333332
0 0.2847222222222222 0.35442708333333334 0.1388888888888889 0.06875
0 0.22314814814814815 0.52578125 0.03796296296296296 0.021875
0 0.18703703703703703 0.47291666666666665 0.032407407407407406 0.022916666666666665
0 0.16620370370370371 0.64921875 0.13518518518518519 0.08489583333333334
0 0.12037037037037036 0.5494791666666666 0.037037037037037035 0.020833333333333332
0 0.05694444444444444 0.73671875 0.04259259259259259 0.019270833333333334
0 0.05185185185185185 0.53125 0.03425925925925926 0.021875
0 0.02962962962962963 0.22682291666666668 0.04351851851851852 0.026041666666666668
0 0.03981481481481482 0.59375 0.07962962962962963 0.08020833333333334
0 0.9347222222222222 0.7158854166666667 0.12222222222222222 0.140625
0 0.9495370370370371 0.4549479166666667 0.03796296296296296 0.027604166666666666
0 0.9407407407407408 0.5486979166666667 0.1037037037037037 0.04583333333333333
0 0.9046296296296297 0.3377604166666667 0.07222222222222222 0.027604166666666666
0 0.8842592592592593 0.4708333333333333 0.04351851851851852 0.0265625
0 0.8925925925925926 0.23020833333333332 0.04814814814814815 0.015625
0 0.8328703703703704 0.6177083333333333 0.02962962962962963 0.018229166666666668
0 0.7712962962962963 0.7263020833333333 0.11481481481481481 0.053125
0 0.7277777777777777 0.23020833333333332 0.02962962962962963 0.019270833333333334
0 0.7199074074074074 0.46432291666666664 0.046296296296296294 0.028125
0 0.7199074074074074 0.30625 0.05740740740740741 0.030208333333333334
0 0.6805555555555556 0.5166666666666667 0.10648148148148148 0.049479166666666664
0 0.6425925925925926 0.6505208333333333 0.04814814814814815 0.05260416666666667
0 0.6263888888888889 0.621875 0.0824074074074074 0.044270833333333336
0 0.6023148148148149 0.5747395833333333 0.03981481481481482 0.028125
0 0.5981481481481481 0.4044270833333333 0.08425925925925926 0.0453125
0 0.549537037037037 0.23802083333333332 0.05185185185185185 0.03802083333333333
0 0.4925925925925926 0.5013020833333334 0.040740740740740744 0.03177083333333333
0 0.48194444444444445 0.73203125 0.14814814814814814 0.06458333333333334
0 0.6310185185185185 0.3078125 0.04351851851851852 0.011979166666666667
1 0.7398148148148148 0.3651041666666667 0.5203703703703704 0.15833333333333333