0 0.07486979166666667 0.25439453125 0.056640625 0.0419921875
0 0.5305989583333334 0.27197265625 0.045572916666666664 0.02783203125
0 0.6946614583333334 0.2783203125 0.017578125 0.0185546875
0 0.025390625 0.2783203125 0.026041666666666668 0.037109375
0 0.73828125 0.27978515625 0.039713541666666664 0.029296875
0 0.685546875 0.28466796875 0.012369791666666666 0.0205078125
0 0.14127604166666666 0.029296875 0.037760416666666664 0.03564453125
0 0.947265625 0.310546875 0.08138020833333333 0.06396484375
0 0.091796875 0.31787109375 0.06315104166666667 0.0625
0 0.349609375 0.3291015625 0.04296875 0.0283203125
0 0.7897135416666666 0.3349609375 0.078125 0.06884765625
0 0.443359375 0.33984375 0.030598958333333332 0.0263671875
0 0.12109375 0.35009765625 0.06901041666666667 0.05615234375
0 0.009765625 0.36083984375 0.01953125 0.0400390625
0 0.5546875 0.38037109375 0.059895833333333336 0.10791015625
0 0.19596354166666666 0.3876953125 0.05078125 0.03173828125
0 0.96875 0.40283203125 0.061848958333333336 0.0693359375
0 0.828125 0.419921875 0.011067708333333334 0.0087890625
0 0.673828125 0.431640625 0.054036458333333336 0.0400390625
0 0.447265625 0.443359375 0.022135416666666668 0.01708984375
0 0.3098958333333333 0.46240234375 0.043619791666666664 0.0283203125
0 0.5852864583333334 0.46826171875 0.046875 0.03759765625
0 0.197265625 0.46875 0.053385416666666664 0.03369140625
0 0.845703125 0.47119140625 0.009114583333333334 0.00732421875
0 0.8151041666666666 0.4736328125 0.043619791666666664 0.08740234375
0 0.6712239583333334 0.47265625 0.059895833333333336 0.0390625
0 0.4498697916666667 0.4775390625 0.02734375 0.02197265625
0 0.9505208333333334 0.482421875 0.021484375 0.0185546875
0 0.25390625 0.51123046875 0.044270833333333336 0.02978515625
0 0.021484375 0.5498046875 0.042317708333333336 0.06005859375
0 0.5078125 0.58251953125 0.09765625 0.09033203125
0 0.3645833333333333 0.5908203125 0.06315104166666667 0.05712890625
0 0.2265625 0.60693359375 0.029296875 0.015625
0 0.2552083333333333 0.6376953125 0.05859375 0.04833984375
0 0.01953125 0.64111328125 0.0390625 0.05322265625
0 0.96875 0.6455078125 0.061197916666666664 0.037109375
0 0.712890625 0.64990234375 0.022135416666666668 0.01953125
0 0.59375 0.6982421875 0.009765625 0.01513671875
0 0.7786458333333334 0.71142578125 0.06770833333333333 0.0546875
0 0.87109375 0.74853515625 0.0703125 0.0478515625
0 0.9830729166666666 0.78369140625 0.033203125 0.02392578125
0 0.8912760416666666 0.791015625 0.045572916666666664 0.0400390625
0 0.505859375 0.81982421875 0.022786458333333332 0.02392578125
0 0.19466145833333334 0.87548828125 0.054036458333333336 0.04345703125
0 0.3157552083333333 0.9033203125 0.068359375 0.0537109375
0 0.14127604166666666 0.09521484375 0.021484375 0.017578125
0 0.376953125 0.1015625 0.044921875 0.0234375
0 0.7024739583333334 0.10546875 0.055338541666666664 0.04150390625
0 0.478515625 0.11181640625 0.041666666666666664 0.05810546875
0 0.9420572916666666 0.12060546875 0.02734375 0.0234375
0 0.6002604166666666 0.12646484375 0.031901041666666664 0.0244140625
0 0.19205729166666666 0.14111328125 0.040364583333333336 0.02734375
0 0.40625 0.14501953125 0.05078125 0.04541015625
0 0.6829427083333334 0.15869140625 0.035807291666666664 0.0224609375
0 0.84375 0.16748046875 0.10416666666666667 0.07861328125
0 0.953125 0.16943359375 0.037109375 0.025390625
0 0.2975260416666667 0.1875 0.029947916666666668 0.03466796875
0 0.19205729166666666 0.21142578125 0.041666666666666664 0.02490234375
0 0.5221354166666666 0.21142578125 0.042317708333333336 0.02880859375
0 0.7701822916666666 0.22021484375 0.036458333333333336 0.0244140625
0 0.642578125 0.22119140625 0.08528645833333333 0.0693359375
0 0.962890625 0.22509765625 0.038411458333333336 0.025390625
0 0.3860677083333333 0.2392578125 0.08072916666666667 0.05322265625
1 0.09635416666666667 0.29638671875 0.19205729166666666 0.3388671875
0 0.4544270833333333 0.1259765625 0.021484375 0.03271484375
1 0.3971354166666667 0.12255859375 0.205078125 0.17431640625
1 0.9283854166666666 0.4716796875 0.14192708333333334 0.05859375
1 0.8671875 0.45654296875 0.09765625 0.09228515625
1 0.7890625 0.57568359375 0.3203125 0.0966796875
1 0.5377604166666666 0.75048828125 0.14778645833333334 0.34326171875
1 0.3834635416666667 0.7509765625 0.095703125 0.14404296875
1 0.228515625 0.5947265625 0.234375 0.0537109375
1 0.055989583333333336 0.78271484375 0.111328125 0.14501953125