0 0.7568359375 0.146728515625 0.064453125 0.04833984375
0 0.8050130208333334 0.487060546875 0.043619791666666664 0.0380859375
0 0.822265625 0.609619140625 0.02734375 0.01611328125
0 0.7177734375 0.11376953125 0.052734375 0.02490234375
0 0.8271484375 0.64208984375 0.044921875 0.0341796875
0 0.8125 0.603759765625 0.028645833333333332 0.01220703125
0 0.8193359375 0.8017578125 0.09700520833333333 0.0703125
0 0.6761067708333334 0.169189453125 0.09244791666666667 0.056640625
0 0.7014973958333334 0.36181640625 0.044270833333333336 0.0361328125
0 0.7626953125 0.688720703125 0.10286458333333333 0.06884765625
0 0.7021484375 0.43310546875 0.039713541666666664 0.02685546875
0 0.6380208333333334 0.19580078125 0.08463541666666667 0.06005859375
0 0.6064453125 0.114990234375 0.055989583333333336 0.0205078125
0 0.666015625 0.521728515625 0.15169270833333334 0.06103515625
0 0.6002604166666666 0.25732421875 0.049479166666666664 0.04248046875
0 0.701171875 0.83203125 0.10091145833333333 0.056640625
0 0.6569010416666666 0.73046875 0.013020833333333334 0.009765625
0 0.6171875 0.6181640625 0.061197916666666664 0.04638671875
0 0.56640625 0.4521484375 0.026041666666666668 0.01904296875
0 0.5198567708333334 0.353271484375 0.044270833333333336 0.03662109375
0 0.5550130208333334 0.55810546875 0.056640625 0.04052734375
0 0.4938151041666667 0.270751953125 0.052734375 0.044921875
0 0.5921223958333334 0.75146484375 0.011067708333333334 0.0078125
0 0.583984375 0.729248046875 0.12174479166666667 0.0458984375
0 0.5628255208333334 0.62255859375 0.060546875 0.05029296875
0 0.5218098958333334 0.45947265625 0.033203125 0.02392578125
0 0.59375 0.8310546875 0.027994791666666668 0.01904296875
0 0.4466145833333333 0.319580078125 0.046223958333333336 0.03759765625
0 0.3597005208333333 0.1533203125 0.0859375 0.04052734375
0 0.392578125 0.518798828125 0.13411458333333334 0.08642578125
0 0.359375 0.413818359375 0.08528645833333333 0.0556640625
0 0.31640625 0.314208984375 0.025390625 0.02392578125
0 0.2802734375 0.340087890625 0.07291666666666667 0.05078125
0 0.23893229166666666 0.166259765625 0.076171875 0.037109375
0 0.3818359375 0.8701171875 0.05859375 0.05126953125
0 0.3359375 0.68115234375 0.029296875 0.01953125
0 0.2535807291666667 0.600341796875 0.021484375 0.009765625
0 0.2652994791666667 0.739501953125 0.08268229166666667 0.05859375
0 0.23079427083333334 0.813720703125 0.07421875 0.0595703125
0 0.20182291666666666 0.90234375 0.036458333333333336 0.0283203125
0 0.17805989583333334 0.83544921875 0.059895833333333336 0.0400390625
0 0.07975260416666667 0.554443359375 0.03515625 0.0205078125
0 0.9798177083333334 0.4267578125 0.027994791666666668 0.033203125
0 0.9944661458333334 0.516357421875 0.011067708333333334 0.02587890625
0 0.9244791666666666 0.2158203125 0.042317708333333336 0.0341796875
0 0.9508463541666666 0.375244140625 0.064453125 0.04443359375
0 0.9781901041666666 0.58203125 0.03515625 0.0302734375
0 0.9658203125 0.702392578125 0.068359375 0.08935546875
0 0.9931640625 0.78369140625 0.013671875 0.03125
0 0.8798828125 0.301025390625 0.050130208333333336 0.02783203125
0 0.8317057291666666 0.226806640625 0.0390625 0.03466796875
0 0.8834635416666666 0.47119140625 0.044270833333333336 0.03564453125
0 0.9108072916666666 0.656494140625 0.037760416666666664 0.03076171875
0 0.8893229166666666 0.56201171875 0.10481770833333333 0.07421875
0 0.9345703125 0.7998046875 0.039713541666666664 0.0322265625
0 0.8255208333333334 0.374755859375 0.08268229166666667 0.068359375
1 0.705078125 0.169189453125 0.4765625 0.1953125
0 0.9749348958333334 0.40869140625 0.026692708333333332 0.0185546875
1 0.921875 0.37158203125 0.14388020833333334 0.1650390625
1 0.6041666666666666 0.81298828125 0.099609375 0.1142578125
1 0.6145833333333334 0.76513671875 0.13671875 0.0869140625
1 0.4456380208333333 0.72607421875 0.177734375 0.25244140625
1 0.20670572916666666 0.563232421875 0.4127604166666667 0.15576171875
1 0.1513671875 0.452880859375 0.20442708333333334 0.09326171875
1 0.3326822916666667 0.313720703125 0.107421875 0.18212890625
1 0.0810546875 0.215087890625 0.162109375 0.10498046875