0 0.8138020833333334 0.2744140625 0.048177083333333336 0.03369140625
0 0.6536458333333334 0.27734375 0.051432291666666664 0.04052734375
0 0.5592447916666666 0.2919921875 0.08528645833333333 0.0771484375
0 0.328125 0.31201171875 0.06510416666666667 0.03955078125
0 0.7526041666666666 0.32080078125 0.078125 0.060546875
0 0.9140625 0.322265625 0.046223958333333336 0.03759765625
0 0.17578125 0.3330078125 0.033203125 0.01953125
0 0.98828125 0.36376953125 0.022135416666666668 0.0283203125
0 0.3190104166666667 0.384765625 0.12565104166666666 0.12255859375
0 0.09375 0.3876953125 0.0703125 0.05810546875
0 0.5084635416666666 0.39404296875 0.041666666666666664 0.03466796875
0 0.900390625 0.404296875 0.059244791666666664 0.03125
0 0.82421875 0.41943359375 0.059895833333333336 0.0361328125
0 0.24674479166666666 0.4208984375 0.029296875 0.02001953125
0 0.765625 0.47021484375 0.038411458333333336 0.0244140625
0 0.5865885416666666 0.470703125 0.107421875 0.06396484375
0 0.65625 0.0478515625 0.08984375 0.0546875
0 0.6966145833333334 0.4853515625 0.033203125 0.02880859375
0 0.13671875 0.5078125 0.09309895833333333 0.0556640625
0 0.6705729166666666 0.51513671875 0.024739583333333332 0.01025390625
0 0.234375 0.53076171875 0.032552083333333336 0.02001953125
0 0.3736979166666667 0.5576171875 0.13932291666666666 0.1162109375
0 0.287109375 0.564453125 0.03125 0.01708984375
0 0.9303385416666666 0.568359375 0.13802083333333334 0.10595703125
0 0.6236979166666666 0.57080078125 0.022786458333333332 0.0166015625
0 0.2109375 0.5751953125 0.052083333333333336 0.029296875
0 0.7233072916666666 0.57763671875 0.11458333333333333 0.0830078125
0 0.48828125 0.58056640625 0.046223958333333336 0.044921875
0 0.796875 0.61181640625 0.029296875 0.01953125
0 0.5631510416666666 0.61767578125 0.017578125 0.00927734375
0 0.19205729166666666 0.62841796875 0.029947916666666668 0.0166015625
0 0.6529947916666666 0.62841796875 0.059895833333333336 0.0380859375
0 0.4381510416666667 0.646484375 0.055338541666666664 0.02978515625
0 0.7311197916666666 0.6611328125 0.038411458333333336 0.025390625
0 0.5598958333333334 0.662109375 0.017578125 0.01220703125
0 0.7877604166666666 0.6650390625 0.055989583333333336 0.0419921875
0 0.3815104166666667 0.66650390625 0.06640625 0.03955078125
0 0.212890625 0.68896484375 0.06770833333333333 0.052734375
0 0.5494791666666666 0.70166015625 0.018229166666666668 0.01220703125
0 0.2936197916666667 0.7041015625 0.02734375 0.01611328125
0 0.16731770833333334 0.07080078125 0.20833333333333334 0.12841796875
0 0.3528645833333333 0.71923828125 0.026692708333333332 0.0166015625
0 0.81640625 0.7265625 0.04296875 0.02490234375
0 0.4029947916666667 0.7333984375 0.10677083333333333 0.0595703125
0 0.14973958333333334 0.7373046875 0.02734375 0.015625
0 0.8658854166666666 0.75439453125 0.0234375 0.01708984375
0 0.05078125 0.75439453125 0.1015625 0.07080078125
0 0.75 0.76513671875 0.052083333333333336 0.0263671875
0 0.27734375 0.765625 0.03125 0.0166015625
0 0.22005208333333334 0.77197265625 0.016927083333333332 0.01025390625
0 0.466796875 0.8037109375 0.024088541666666668 0.01708984375
0 0.263671875 0.80322265625 0.08138020833333333 0.05029296875
0 0.11783854166666667 0.80859375 0.06901041666666667 0.04443359375
0 0.599609375 0.81396484375 0.044921875 0.04052734375
0 0.8287760416666666 0.08203125 0.15234375 0.109375
0 0.8587239583333334 0.82275390625 0.016927083333333332 0.0126953125
0 0.162109375 0.87451171875 0.026041666666666668 0.02392578125
0 0.49609375 0.88134765625 0.038411458333333336 0.0244140625
0 0.7578125 0.8876953125 0.037109375 0.03173828125
0 0.5403645833333334 0.92138671875 0.043619791666666664 0.0390625
0 0.802734375 0.951171875 0.037109375 0.02490234375
0 0.3313802083333333 0.10595703125 0.059895833333333336 0.03759765625
0 0.9283854166666666 0.1357421875 0.060546875 0.0390625
0 0.74609375 0.1435546875 0.11848958333333333 0.080078125
0 0.107421875 0.15576171875 0.09309895833333333 0.07421875
0 0.2805989583333333 0.17626953125 0.09895833333333333 0.0537109375
0 0.030598958333333332 0.18603515625 0.061197916666666664 0.0771484375
0 0.880859375 0.2001953125 0.048828125 0.029296875
0 0.4993489583333333 0.205078125 0.099609375 0.11083984375
0 0.9661458333333334 0.20703125 0.057942708333333336 0.0419921875
0 0.3880208333333333 0.20849609375 0.060546875 0.03759765625
0 0.13020833333333334 0.2431640625 0.03515625 0.02587890625
1 0.018880208333333332 0.53369140625 0.037109375 0.1611328125
0 0.6569010416666666 0.81103515625 0.029947916666666668 0.02490234375
0 0.94921875 0.71435546875 0.024739583333333332 0.01171875
0 0.9342447916666666 0.6669921875 0.024088541666666668 0.01171875
0 0.9811197916666666 0.73388671875 0.037109375 0.06005859375
0 0.9830729166666666 0.857421875 0.033854166666666664 0.0361328125
1 0.7337239583333334 0.8828125 0.12955729166666666 0.08544921875
0 0.6751302083333334 0.6591796875 0.014973958333333334 0.0107421875
0 0.8502604166666666 0.54345703125 0.016276041666666668 0.00830078125
0 0.748046875 0.50390625 0.018880208333333332 0.01220703125
0 0.9915364583333334 0.29052734375 0.016927083333333332 0.02783203125
1 0.9850260416666666 0.1279296875 0.029947916666666668 0.04443359375
0 0.2526041666666667 0.673828125 0.015625 0.01171875
1 0.744140625 0.4833984375 0.23372395833333334 0.07568359375