0 0.19303385416666666 0.68603515625 0.07096354166666667 0.03955078125
0 0.19856770833333334 0.534423828125 0.044921875 0.017578125
0 0.20182291666666666 0.374267578125 0.034505208333333336 0.0234375
0 0.19596354166666666 0.27392578125 0.034505208333333336 0.0205078125
0 0.28515625 0.4755859375 0.166015625 0.04443359375
0 0.2721354166666667 0.260498046875 0.026041666666666668 0.01220703125
0 0.26953125 0.207763671875 0.11979166666666667 0.05029296875
0 0.2854817708333333 0.349609375 0.09830729166666667 0.04443359375
0 0.2893880208333333 0.283935546875 0.07747395833333333 0.037109375
0 0.3349609375 0.68408203125 0.06770833333333333 0.04248046875
0 0.3531901041666667 0.61083984375 0.044921875 0.02978515625
0 0.35546875 0.530517578125 0.026041666666666668 0.0146484375
0 0.3870442708333333 0.40576171875 0.052083333333333336 0.03076171875
0 0.40625 0.531005859375 0.032552083333333336 0.015625
0 0.3844401041666667 0.169189453125 0.047526041666666664 0.01611328125
0 0.4176432291666667 0.64599609375 0.056640625 0.03857421875
0 0.3961588541666667 0.273193359375 0.07552083333333333 0.03466796875
0 0.443359375 0.837158203125 0.15885416666666666 0.06591796875
0 0.4195963541666667 0.460693359375 0.052083333333333336 0.03125
0 0.435546875 0.40966796875 0.0546875 0.0419921875
0 0.4365234375 0.236083984375 0.0625 0.029296875
0 0.4599609375 0.33984375 0.111328125 0.03173828125
0 0.4514973958333333 0.1435546875 0.048177083333333336 0.01806640625
0 0.4622395833333333 0.1923828125 0.14127604166666666 0.0322265625
0 0.5029296875 0.16015625 0.018880208333333332 0.0078125
0 0.5120442708333334 0.224853515625 0.049479166666666664 0.02734375
0 0.5673828125 0.5771484375 0.083984375 0.04443359375
0 0.5738932291666666 0.651611328125 0.03515625 0.0283203125
0 0.5709635416666666 0.497802734375 0.14322916666666666 0.06103515625
0 0.5872395833333334 0.236083984375 0.13606770833333334 0.0263671875
0 0.6344401041666666 0.837890625 0.16927083333333334 0.0673828125
0 0.6321614583333334 0.64599609375 0.07747395833333333 0.04541015625
0 0.6266276041666666 0.1298828125 0.02734375 0.01318359375
0 0.6735026041666666 0.3974609375 0.027994791666666668 0.01123046875
0 0.6770833333333334 0.27392578125 0.048828125 0.04052734375
0 0.6897786458333334 0.125732421875 0.09440104166666667 0.0205078125
0 0.7317708333333334 0.244873046875 0.07161458333333333 0.02734375
0 0.755859375 0.365234375 0.07291666666666667 0.03515625
0 0.8001302083333334 0.327392578125 0.055989583333333336 0.0341796875
0 0.7942708333333334 0.121826171875 0.061197916666666664 0.01953125
0 0.837890625 0.27978515625 0.029296875 0.01904296875
0 0.8518880208333334 0.3193359375 0.051432291666666664 0.02197265625
0 0.9143880208333334 0.496337890625 0.039713541666666664 0.0234375
0 0.048177083333333336 0.727783203125 0.06966145833333333 0.0556640625
0 0.0400390625 0.56396484375 0.076171875 0.0576171875
0 0.029622395833333332 0.400146484375 0.040364583333333336 0.0224609375
0 0.0390625 0.48828125 0.047526041666666664 0.02880859375
0 0.06608072916666667 0.810546875 0.06966145833333333 0.048828125
0 0.0673828125 0.28125 0.030598958333333332 0.01513671875
0 0.10384114583333333 0.727783203125 0.07096354166666667 0.0576171875
0 0.09733072916666667 0.41943359375 0.09830729166666667 0.06005859375
0 0.09993489583333333 0.324462890625 0.08854166666666667 0.052734375
0 0.130859375 0.488037109375 0.044270833333333336 0.03125
0 0.12923177083333334 0.27783203125 0.035807291666666664 0.01953125
0 0.13736979166666666 0.3583984375 0.03515625 0.02294921875
0 0.1533203125 0.58837890625 0.0390625 0.03076171875
0 0.13541666666666666 0.228271484375 0.1171875 0.0498046875
1 0.8678385416666666 0.79345703125 0.2643229166666667 0.1376953125
1 0.8206380208333334 0.564697265625 0.22981770833333334 0.06640625
1 0.7906901041666666 0.485107421875 0.4186197916666667 0.11376953125
1 0.5794270833333334 0.35986328125 0.1640625 0.15771484375
1 0.548828125 0.667724609375 0.12239583333333333 0.16455078125
1 0.14908854166666666 0.77783203125 0.2727864583333333 0.1904296875
0 0.31640625 0.87548828125 0.032552083333333336 0.015625
1 0.265625 0.17626953125 0.20833333333333334 0.06103515625
1 0.5833333333333334 0.201904296875 0.03515625 0.05078125
0 0.5807291666666666 0.182861328125 0.005859375 0.00537109375
1 0.7083333333333334 0.206787109375 0.060546875 0.0625
1 0.8401692708333334 0.2275390625 0.08854166666666667 0.0556640625
0 0.3971354166666667 0.3349609375 0.011067708333333334 0.0048828125
0 0.4615885416666667 0.322021484375 0.0078125 0.00390625
0 0.4873046875 0.282470703125 0.022135416666666668 0.00927734375
1 0.4654947916666667 0.29443359375 0.083984375 0.0576171875
1 0.4449869791666667 0.3203125 0.12890625 0.0419921875
0 0.1982421875 0.40087890625 0.026041666666666668 0.0087890625
0 0.19010416666666666 0.395751953125 0.026041666666666668 0.0087890625