0 0.399537037037037 0.5234375 0.03796296296296296 0.04114583333333333
0 0.6449074074074074 0.5380208333333333 0.08333333333333333 0.034375
0 0.32731481481481484 0.5411458333333333 0.037037037037037035 0.015104166666666667
0 0.6699074074074074 0.05625 0.06388888888888888 0.051041666666666666
0 0.7796296296296297 0.56875 0.053703703703703705 0.020833333333333332
0 0.5171296296296296 0.5955729166666667 0.06018518518518518 0.034375
0 0.9263888888888889 0.5958333333333333 0.049074074074074076 0.05364583333333333
0 0.412962962962963 0.6197916666666666 0.03611111111111111 0.016666666666666666
0 0.2449074074074074 0.6236979166666666 0.11944444444444445 0.07708333333333334
0 0.5504629629629629 0.6552083333333333 0.03796296296296296 0.020833333333333332
0 0.4361111111111111 0.06614583333333333 0.07314814814814814 0.036458333333333336
0 0.45740740740740743 0.6765625 0.03981481481481482 0.017708333333333333
0 0.7708333333333334 0.68515625 0.14907407407407408 0.07447916666666667
0 0.5944444444444444 0.7127604166666667 0.03611111111111111 0.0203125
0 0.9287037037037037 0.7450520833333333 0.03333333333333333 0.0234375
0 0.5634259259259259 0.7515625 0.03796296296296296 0.01875
0 0.022685185185185187 0.7703125 0.04537037037037037 0.026041666666666668
0 0.6754629629629629 0.78515625 0.14074074074074075 0.09947916666666666
0 0.7712962962962963 0.8080729166666667 0.03518518518518519 0.018229166666666668
0 0.9018518518518519 0.8135416666666667 0.027777777777777776 0.01875
0 0.03194444444444444 0.84765625 0.06388888888888888 0.0546875
0 0.20092592592592592 0.08411458333333334 0.04259259259259259 0.024479166666666666
0 0.6467592592592593 0.8708333333333333 0.03981481481481482 0.021875
0 0.5337962962962963 0.0890625 0.05648148148148148 0.030208333333333334
0 0.010185185185185186 0.09114583333333333 0.020370370370370372 0.017708333333333333
0 0.425462962962963 0.1578125 0.09351851851851851 0.08333333333333333
0 0.5902777777777778 0.15833333333333333 0.03425925925925926 0.01875
0 0.060648148148148145 0.17630208333333333 0.06111111111111111 0.028125
0 0.5208333333333334 0.17578125 0.07685185185185185 0.0390625
0 0.6365740740740741 0.0171875 0.041666666666666664 0.017708333333333333
0 0.8759259259259259 0.18880208333333334 0.24814814814814815 0.1921875
0 0.287962962962963 0.19661458333333334 0.03148148148148148 0.018229166666666668
0 0.41203703703703703 0.24791666666666667 0.04814814814814815 0.020833333333333332
0 0.5787037037037037 0.2513020833333333 0.07962962962962963 0.0578125
0 0.20462962962962963 0.2752604166666667 0.04814814814814815 0.04010416666666667
0 0.44166666666666665 0.284375 0.046296296296296294 0.023958333333333335
0 0.013425925925925926 0.2838541666666667 0.026851851851851852 0.027083333333333334
0 0.7032407407407407 0.3106770833333333 0.03148148148148148 0.016145833333333335
0 0.8976851851851851 0.34348958333333335 0.09259259259259259 0.06354166666666666
0 0.016666666666666666 0.3765625 0.03333333333333333 0.016145833333333335
0 0.43287037037037035 0.3768229166666667 0.049074074074074076 0.025520833333333333
0 0.15185185185185185 0.3796875 0.05277777777777778 0.03177083333333333
0 0.5263888888888889 0.39817708333333335 0.08611111111111111 0.058854166666666666
0 0.7652777777777777 0.4171875 0.09259259259259259 0.026041666666666668
0 0.7143518518518519 0.42682291666666666 0.07685185185185185 0.04583333333333333
0 0.6310185185185185 0.44114583333333335 0.049074074074074076 0.021875
0 0.3282407407407407 0.44635416666666666 0.0787037037037037 0.046875
0 0.03333333333333333 0.47682291666666665 0.06666666666666667 0.028645833333333332
0 0.5023148148148148 0.5041666666666667 0.05555555555555555 0.022395833333333334
0 0.912962962962963 0.5059895833333333 0.11203703703703703 0.08229166666666667
0 0.15601851851851853 0.4296875 0.020370370370370372 0.024479166666666666
1 0.2564814814814815 0.33489583333333334 0.2722222222222222 0.3546875