0 0.2682291666666667 0.26025390625 0.049479166666666664 0.05126953125
0 0.4700520833333333 0.2724609375 0.021484375 0.03271484375
0 0.6829427083333334 0.283203125 0.029296875 0.02490234375
0 0.8170572916666666 0.2841796875 0.025390625 0.02490234375
0 0.5436197916666666 0.34033203125 0.05078125 0.12255859375
0 0.8307291666666666 0.341796875 0.014973958333333334 0.01904296875
0 0.9010416666666666 0.3427734375 0.061197916666666664 0.08740234375
0 0.2838541666666667 0.03515625 0.046223958333333336 0.03759765625
0 0.7115885416666666 0.34716796875 0.054036458333333336 0.07177734375
0 0.798828125 0.353515625 0.045572916666666664 0.05615234375
0 0.263671875 0.36669921875 0.053385416666666664 0.048828125
0 0.20833333333333334 0.0380859375 0.042317708333333336 0.0712890625
0 0.3600260416666667 0.38427734375 0.037760416666666664 0.0322265625
0 0.466796875 0.39013671875 0.018229166666666668 0.01904296875
0 0.6315104166666666 0.42041015625 0.038411458333333336 0.03759765625
0 0.4635416666666667 0.42822265625 0.01953125 0.0234375
0 0.9466145833333334 0.4306640625 0.018880208333333332 0.03515625
0 0.3098958333333333 0.4306640625 0.048828125 0.04052734375
0 0.8072916666666666 0.43408203125 0.042317708333333336 0.05517578125
0 0.054036458333333336 0.43994140625 0.080078125 0.1162109375
0 0.556640625 0.44189453125 0.0390625 0.03759765625
0 0.537109375 0.04541015625 0.01171875 0.0380859375
0 0.6236979166666666 0.45654296875 0.053385416666666664 0.0390625
0 0.4895833333333333 0.0458984375 0.057291666666666664 0.05712890625
0 0.8548177083333334 0.46630859375 0.035807291666666664 0.04541015625
0 0.7154947916666666 0.478515625 0.036458333333333336 0.08203125
0 0.9772135416666666 0.482421875 0.021484375 0.03515625
0 0.9114583333333334 0.48779296875 0.035807291666666664 0.1044921875
0 0.373046875 0.05078125 0.021484375 0.03955078125
0 0.9524739583333334 0.52001953125 0.009765625 0.013671875
0 0.162109375 0.05224609375 0.05078125 0.0439453125
0 0.8658854166666666 0.5234375 0.033854166666666664 0.03564453125
0 0.3938802083333333 0.54638671875 0.055338541666666664 0.06103515625
0 0.2942708333333333 0.54736328125 0.035807291666666664 0.02490234375
0 0.4993489583333333 0.55322265625 0.07421875 0.1044921875
0 0.8470052083333334 0.5791015625 0.027994791666666668 0.10107421875
0 0.04296875 0.5830078125 0.08138020833333333 0.1240234375
0 0.298828125 0.59130859375 0.056640625 0.05615234375
0 0.986328125 0.6142578125 0.016276041666666668 0.02001953125
0 0.6276041666666666 0.63525390625 0.013671875 0.0205078125
0 0.7916666666666666 0.64453125 0.051432291666666664 0.03466796875
0 0.98828125 0.66162109375 0.022786458333333332 0.06982421875
0 0.8274739583333334 0.68701171875 0.032552083333333336 0.052734375
0 0.666015625 0.69873046875 0.04296875 0.05322265625
0 0.7141927083333334 0.73388671875 0.04296875 0.04052734375
0 0.98828125 0.740234375 0.022786458333333332 0.044921875
0 0.775390625 0.7646484375 0.024088541666666668 0.02099609375
0 0.7220052083333334 0.77294921875 0.026692708333333332 0.03759765625
0 0.4830729166666667 0.810546875 0.029296875 0.02880859375
0 0.2265625 0.8984375 0.0546875 0.06005859375
0 0.330078125 0.92138671875 0.06640625 0.0771484375
0 0.6028645833333334 0.0927734375 0.02734375 0.02880859375
0 0.6764322916666666 0.10546875 0.03515625 0.0498046875
0 0.22005208333333334 0.13671875 0.07096354166666667 0.0751953125
0 0.4388020833333333 0.14501953125 0.07291666666666667 0.06884765625
0 0.6575520833333334 0.15283203125 0.027994791666666668 0.029296875
0 0.5397135416666666 0.1552734375 0.035807291666666664 0.0341796875
0 0.109375 0.15869140625 0.061848958333333336 0.0498046875
0 0.8138020833333334 0.1875 0.018880208333333332 0.0224609375
0 0.21744791666666666 0.19140625 0.07356770833333333 0.05029296875
0 0.6282552083333334 0.20263671875 0.07552083333333333 0.07080078125
0 0.7545572916666666 0.20947265625 0.06575520833333333 0.06396484375
0 0.53515625 0.22412109375 0.039713541666666664 0.03173828125
0 0.8151041666666666 0.23388671875 0.024088541666666668 0.02587890625
0 0.7076822916666666 0.23583984375 0.028645833333333332 0.025390625
0 0.400390625 0.23583984375 0.0390625 0.02783203125
0 0.880859375 0.2412109375 0.060546875 0.08544921875
1 0.08919270833333333 0.7724609375 0.16927083333333334 0.21630859375
1 0.3971354166666667 0.73681640625 0.07682291666666667 0.16943359375
1 0.5045572916666666 0.74609375 0.13020833333333334 0.3642578125
1 0.6822916666666666 0.56689453125 0.20247395833333334 0.115234375
1 0.2740885416666667 0.52783203125 0.21419270833333334 0.08349609375
1 0.1484375 0.16015625 0.24088541666666666 0.3203125
0 0.009765625 0.3427734375 0.018880208333333332 0.02392578125
1 0.4596354166666667 0.0732421875 0.16341145833333334 0.146484375
1 0.943359375 0.34130859375 0.07096354166666667 0.15380859375
1 0.892578125 0.578125 0.06640625 0.02392578125
0 0.91796875 0.5771484375 0.007161458333333333 0.00390625
1 0.8795572916666666 0.67138671875 0.08072916666666667 0.04248046875
1 0.8450520833333334 0.76904296875 0.06966145833333333 0.06396484375
0 0.7252604166666666 0.431640625 0.005859375 0.00830078125
0 0.7389322916666666 0.48046875 0.004557291666666667 0.005859375
0 0.7903645833333334 0.501953125 0.011067708333333334 0.01611328125
1 0.775390625 0.48486328125 0.07291666666666667 0.06005859375
1 0.7421875 0.46826171875 0.049479166666666664 0.0947265625
0 0.6477864583333334 0.279296875 0.010416666666666666 0.01904296875
0 0.6549479166666666 0.2734375 0.010416666666666666 0.01904296875