0 0.904375 0.9353327085285849 0.1 0.07497656982193064
0 0.8075 0.9540768509840675 0.0975 0.05529522024367385
0 0.915 0.8116213683223993 0.0675 0.044048734770384255
0 0.88125 0.7521087160262419 0.07 0.03936269915651359
0 0.81 0.7994376757263355 0.06125 0.04873477038425492
0 0.7025 0.8186504217432052 0.0975 0.07966260543580131
0 0.53125 0.9095595126522962 0.10625 0.06560449859418932
0 0.56875 0.8022492970946579 0.07 0.05529522024367385
0 0.40625 0.8880037488284911 0.075 0.04592314901593252
0 0.230625 0.9681349578256795 0.07625 0.04873477038425492
0 0.31125 0.8861293345829429 0.0775 0.06373008434864105
0 0.464375 0.7872539831302718 0.1025 0.06747891283973759
0 0.37625 0.7895970009372071 0.0775 0.05154639175257732
0 0.986875 0.6110590440487348 0.02625 0.03936269915651359
0 0.935 0.556232427366448 0.0675 0.041237113402061855
0 0.9575 0.4906279287722587 0.0775 0.03655107778819119
0 0.88875 0.41424554826616683 0.045 0.02155576382380506
0 0.9375 0.35520149953139646 0.03625 0.02436738519212746
0 0.949375 0.28772258669165884 0.04125 0.01874414245548266
0 0.9 0.3261480787253983 0.03625 0.02436738519212746
0 0.865 0.3013120899718838 0.05125 0.028116213683223992
0 0.843125 0.3444236176194939 0.035 0.01874414245548266
0 0.78875 0.351921274601687 0.03125 0.020618556701030927
0 0.736875 0.3280224929709466 0.02625 0.01780693533270853
0 0.79625 0.22446110590440488 0.04 0.02436738519212746
0 0.7575 0.19119025304592316 0.045 0.029053420805998126
0 0.885625 0.09746954076850985 0.05 0.02999062792877226
0 0.70375 0.25257731958762886 0.05 0.030927835051546393
0 0.663125 0.21790065604498593 0.03875 0.029053420805998126
0 0.6 0.3036551077788191 0.02375 0.01780693533270853
0 0.52 0.28350515463917525 0.03 0.019681349578256794
0 0.6475 0.4189315838800375 0.0775 0.06091846298031865
0 0.601875 0.3936269915651359 0.03375 0.022492970946579195
0 0.69125 0.4526710402999063 0.03625 0.026241799437675725
0 0.739375 0.4761012183692596 0.06125 0.04311152764761012
0 0.65625 0.48687910028116216 0.045 0.04029990627928772
0 0.836875 0.5032802249297095 0.07125 0.04217432052483599
0 0.674375 0.5646672914714151 0.04 0.02155576382380506
0 0.681875 0.5487347703842549 0.04125 0.01780693533270853
0 0.56875 0.5393626991565136 0.05875 0.030927835051546393
0 0.571875 0.6443298969072165 0.05875 0.044048734770384255
0 0.609375 0.6780693533270853 0.035 0.033739456419868794
0 0.773125 0.6293345829428304 0.1225 0.06935332708528585
0 0.496875 0.7047797563261481 0.03625 0.026241799437675725
0 0.48125 0.7127460168697282 0.03875 0.02717900656044986
0 0.42125 0.584817244611059 0.0525 0.044048734770384255
0 0.270625 0.6002811621368322 0.05875 0.04498594189315839
0 0.28125 0.6752577319587629 0.07 0.06279287722586692
0 0.180625 0.6911902530459232 0.055 0.06091846298031865
0 0.19 0.7755388940955952 0.06375 0.05810684161199625
0 0.159375 0.5187441424554826 0.05875 0.030927835051546393
0 0.3325 0.4423617619493908 0.05125 0.033739456419868794
0 0.455 0.3847235238987816 0.03375 0.02999062792877226
0 0.38 0.3125585754451734 0.0325 0.026241799437675725
0 0.211875 0.2047797563261481 0.0425 0.026241799437675725
0 0.11375 0.18275538894095594 0.02875 0.028116213683223992
0 0.22375 0.28444236176194937 0.0375 0.029053420805998126
0 0.234375 0.358950328022493 0.04875 0.028116213683223992
0 0.133125 0.3486410496719775 0.0525 0.02717900656044986