0 0.8625 0.9554826616682287 0.095 0.07122774133083412
0 0.764375 0.9690721649484536 0.09375 0.05154639175257732
0 0.885 0.8327085285848173 0.06375 0.041237113402061855
0 0.986875 0.7455482661668229 0.02625 0.06654170571696345
0 0.856875 0.7713214620431116 0.06625 0.03655107778819119
0 0.781875 0.8149015932521088 0.0575 0.046860356138706656
0 0.6725 0.8284910965323337 0.09125 0.07497656982193064
0 0.493125 0.9100281162136832 0.10125 0.06091846298031865
0 0.540625 0.8050609184629803 0.06625 0.05248359887535145
0 0.37 0.8823805060918463 0.07125 0.04217432052483599
0 0.1875 0.9526710402999062 0.07375 0.04498594189315839
0 0.27625 0.8753514526710403 0.0725 0.05998125585754452
0 0.4375 0.7849109653233365 0.0975 0.06279287722586692
0 0.349375 0.7825679475164011 0.07375 0.04779756326148079
0 0.981875 0.6363636363636364 0.03625 0.03748828491096532
0 0.92875 0.5787253983130272 0.06375 0.038425492033739454
0 0.9575 0.514526710402999 0.075 0.03280224929709466
0 0.89625 0.43486410496719774 0.04375 0.019681349578256794
0 0.949375 0.3786316776007498 0.035 0.022492970946579195
0 0.9675 0.31208997188378634 0.04 0.016869728209934397
0 0.915 0.3477038425492034 0.035 0.022492970946579195
0 0.8825 0.32052483598875353 0.04875 0.02530459231490159
0 0.856875 0.3626991565135895 0.03375 0.016869728209934397
0 0.801875 0.3673851921274602 0.03 0.019681349578256794
0 0.751875 0.34114339268978444 0.025 0.016869728209934397
0 0.82125 0.2408622305529522 0.03875 0.022492970946579195
0 0.785625 0.2057169634489222 0.0425 0.02717900656044986
0 0.921875 0.11855670103092783 0.0475 0.02717900656044986
0 0.72625 0.26382380506091846 0.0475 0.028116213683223992
0 0.68875 0.22727272727272727 0.03625 0.02717900656044986
0 0.618125 0.30927835051546393 0.0225 0.016869728209934397
0 0.54 0.2849109653233365 0.02875 0.01874414245548266
0 0.655 0.4268978444236176 0.0725 0.05716963448922212
0 0.611875 0.3992502343017807 0.0325 0.02155576382380506
0 0.695 0.4629803186504217 0.035 0.02436738519212746
0 0.740625 0.4887535145267104 0.0575 0.041237113402061855
0 0.6575 0.4948453608247423 0.04125 0.038425492033739454
0 0.835625 0.520618556701031 0.0675 0.03936269915651359
0 0.668125 0.5735707591377694 0.03875 0.019681349578256794
0 0.6775 0.5581068416119962 0.04125 0.015932521087160263
0 0.565 0.542642924086223 0.05625 0.029053420805998126
0 0.558125 0.647610121836926 0.055 0.041237113402061855
0 0.5925 0.683223992502343 0.0325 0.03280224929709466
0 0.760625 0.6433926897844423 0.1175 0.06373008434864105
0 0.4775 0.704311152764761 0.035 0.02436738519212746
0 0.461875 0.7108716026241799 0.03625 0.02530459231490159
0 0.41375 0.5805998125585754 0.04875 0.041237113402061855
0 0.261875 0.5880974695407685 0.05625 0.04217432052483599
0 0.265625 0.6630740393626992 0.065 0.05998125585754452
0 0.16375 0.6738519212746017 0.05 0.05810684161199625
0 0.165 0.7586691658856607 0.05875 0.056232427366447985
0 0.15875 0.5009372071227741 0.05625 0.029053420805998126
0 0.338125 0.4339268978444236 0.04875 0.030927835051546393
0 0.465625 0.3828491096532334 0.03125 0.029053420805998126
0 0.398125 0.3064667291471415 0.03 0.02530459231490159
0 0.24 0.190253045923149 0.04125 0.02436738519212746
0 0.144375 0.16307403936269915 0.02625 0.02717900656044986
0 0.245 0.2703842549203374 0.035 0.02717900656044986
0 0.248125 0.34536082474226804 0.04625 0.02530459231490159
0 0.148125 0.3294283036551078 0.05125 0.02436738519212746