0 0.15875 0.035145267104029994 0.09125 0.06841611996251172
0 0.2575 0.02436738519212746 0.09125 0.04873477038425492
0 0.130625 0.15745079662605435 0.0625 0.03936269915651359
0 0.01875 0.24179943767572634 0.035 0.06560449859418932
0 0.15625 0.21930646672914714 0.065 0.03467666354264293
0 0.233125 0.1780693533270853 0.055 0.04498594189315839
0 0.343125 0.16729147141518275 0.0875 0.07310215557638237
0 0.52625 0.09044048734770384 0.09875 0.05810684161199625
0 0.47375 0.19400187441424555 0.06375 0.05060918462980318
0 0.6475 0.12136832239925023 0.07 0.04029990627928772
0 0.833125 0.05576382380506092 0.07125 0.04311152764761012
0 0.74125 0.13074039362699155 0.07 0.05810684161199625
0 0.575625 0.2169634489222118 0.095 0.05998125585754452
0 0.66375 0.22164948453608246 0.07125 0.04592314901593252
0 0.02375 0.35051546391752575 0.03625 0.03655107778819119
0 0.075 0.41002811621368324 0.0625 0.03655107778819119
0 0.04375 0.4732895970009372 0.07375 0.030927835051546393
0 0.10125 0.5548266166822868 0.0425 0.01874414245548266
0 0.045 0.6096532333645736 0.03375 0.02155576382380506
0 0.02375 0.6757263355201499 0.03875 0.015932521087160263
0 0.078125 0.6415182755388941 0.03375 0.02155576382380506
0 0.109375 0.669165885660731 0.0475 0.02436738519212746
0 0.136875 0.6279287722586692 0.0325 0.015932521087160263
0 0.191875 0.6246485473289597 0.02875 0.01874414245548266
0 0.240625 0.6522961574507966 0.02375 0.015932521087160263
0 0.166875 0.7507029053420806 0.0375 0.02155576382380506
0 0.200625 0.7867853795688847 0.04125 0.026241799437675725
0 0.060625 0.8701968134957826 0.04625 0.026241799437675725
0 0.263125 0.7300843486410497 0.04625 0.02717900656044986
0 0.29875 0.767572633552015 0.035 0.026241799437675725
0 0.373125 0.6874414245548266 0.02125 0.015932521087160263
0 0.45 0.7136832239925024 0.0275 0.01780693533270853
0 0.341875 0.5688847235238987 0.07 0.05529522024367385
0 0.38375 0.5979381443298969 0.03125 0.020618556701030927
0 0.303125 0.5318650421743205 0.03375 0.023430178069353328
0 0.25875 0.5051546391752577 0.05625 0.03936269915651359
0 0.3425 0.5009372071227741 0.04 0.03748828491096532
0 0.165625 0.4704779756326148 0.06625 0.03748828491096532
0 0.335625 0.42221180880974696 0.0375 0.01874414245548266
0 0.325625 0.4372071227741331 0.04 0.01499531396438613
0 0.436875 0.4554826616682287 0.055 0.02717900656044986
0 0.44875 0.35098406747891286 0.05375 0.04029990627928772
0 0.41625 0.31443298969072164 0.03125 0.031865042174320526
0 0.24625 0.3500468603561387 0.115 0.06091846298031865
0 0.531875 0.29662605435801315 0.03375 0.023430178069353328
0 0.548125 0.2900656044985942 0.035 0.02436738519212746
0 0.59 0.4217432052483599 0.0475 0.04029990627928772
0 0.741875 0.41799437675726336 0.05375 0.041237113402061855
0 0.741875 0.3430178069353327 0.0625 0.05810684161199625
0 0.844375 0.33505154639175255 0.0475 0.05716963448922212
0 0.846875 0.25023430178069356 0.05625 0.05435801312089972
0 0.84125 0.5079662605435802 0.055 0.02717900656044986
0 0.65875 0.57029053420806 0.0475 0.02999062792877226
0 0.52875 0.6180880974695407 0.03 0.028116213683223992
0 0.593125 0.6958762886597938 0.02875 0.02436738519212746
0 0.745625 0.8163074039362699 0.04 0.023430178069353328
0 0.84 0.8458294283036552 0.025 0.026241799437675725
0 0.744375 0.7361761949390815 0.03375 0.026241799437675725
0 0.744375 0.6611996251171509 0.045 0.02436738519212746
0 0.84375 0.6794751640112465 0.05 0.023430178069353328