1 0.29 0.6086497890295358 0.145 0.09071729957805907
1 0.81 0.6881153305203939 0.1725 0.0949367088607595
0 0.75 0.5608298171589311 0.085 0.04149085794655415
0 0.344375 0.4560478199718706 0.12125 0.03305203938115331
1 0.314375 0.3755274261603376 0.23875 0.057665260196905765
0 0.316875 0.3280590717299578 0.08625 0.026019690576652602
0 0.97125 0.2879746835443038 0.0575 0.05414908579465542
0 0.365 0.2805907172995781 0.06 0.015471167369901548
0 0.959375 0.35443037974683544 0.03125 0.016877637130801686
0 0.939375 0.39029535864978904 0.02875 0.016877637130801686
0 0.96875 0.4149085794655415 0.0275 0.01969057665260197
0 0.933125 0.33438818565400846 0.02875 0.017580872011251757
0 0.96375 0.45218002812939523 0.035 0.01969057665260197
0 0.983125 0.47538677918424754 0.03125 0.01969057665260197
0 0.995 0.4440928270042194 0.01 0.02180028129395218
0 0.96875 0.5077355836849508 0.0325 0.01828410689170183
0 0.993125 0.5256680731364276 0.01375 0.020393811533052038
1 0.5622625 0.6780590717299578 0.1571625 0.07985232067510549
0 0.9508625 0.2971589310829817 0.024624999999999998 0.01207454289732771
0 0.9411875000000001 0.2792475386779184 0.0179375 0.014648382559774964
0 0.9633499999999999 0.26341772151898735 0.026387499999999998 0.008312236286919832
0 0.952625 0.25352320675105483 0.014074999999999999 0.013059071729957806
0 0.9852875 0.23768635724331927 0.029437500000000002 0.01978902953586498
0 0.962475 0.2461954992967651 0.014074999999999999 0.014247538677918425