1 0.33375 0.36954992967651196 0.1775 0.09212376933895922
1 0.130625 0.65014064697609 0.18875 0.10759493670886076
0 0.3625 0.6322081575246132 0.08375 0.052742616033755275
0 0.59625 0.4184247538677918 0.0725 0.07172995780590717
1 0.7425 0.41139240506329117 0.13125 0.14064697609001406
0 0.825625 0.41877637130801687 0.05625 0.051336146272855133
0 0.816875 0.7890295358649789 0.1025 0.03867791842475387
0 0.90375 0.45147679324894513 0.035 0.035161744022503515
0 0.700625 0.7742616033755274 0.03375 0.01969057665260197
0 0.64 0.7587904360056259 0.03375 0.01828410689170183
0 0.593125 0.7721518987341772 0.0375 0.017580872011251757
0 0.739375 0.7619549929676512 0.035 0.01828410689170183
0 0.528125 0.7647679324894515 0.03875 0.02180028129395218
0 0.484375 0.7728551336146273 0.03875 0.01969057665260197
0 0.538125 0.7830520393811533 0.04 0.008438818565400843
0 0.429375 0.7609001406469761 0.03625 0.020393811533052038
0 0.394375 0.7721518987341772 0.0375 0.009845288326300985
1 0.17875 0.5133614627285513 0.16125 0.09774964838255977
0 0.803125 0.7763713080168776 0.02375 0.015471167369901548
0 0.835625 0.7732067510548524 0.02875 0.011251758087201125
0 0.86125 0.7872714486638537 0.0175 0.015471167369901548
0 0.88 0.7827004219409283 0.025 0.009142053445850914
0 0.90375 0.8027426160337553 0.03875 0.0189873417721519
0 0.89125 0.7890295358649789 0.02625 0.009142053445850914