0 0.81201171875 0.6676427525622255 0.04296875 0.07027818448023426
0 0.767578125 0.4663250366032211 0.0302734375 0.04685212298682284
0 0.74853515625 0.349194729136164 0.029296875 0.03367496339677892
0 0.66845703125 0.35431918008784774 0.0205078125 0.027818448023426062
0 0.6796875 0.36603221083455345 0.017578125 0.020497803806734993
0 0.69287109375 0.37554904831625185 0.0302734375 0.036603221083455345
0 0.720703125 0.42020497803806733 0.03125 0.0424597364568082
0 0.7421875 0.445095168374817 0.0244140625 0.029282576866764276
0 0.74951171875 0.5571010248901903 0.05078125 0.0629575402635432
0 0.70263671875 0.4904831625183016 0.064453125 0.09077598828696926
0 0.66796875 0.438506588579795 0.0234375 0.027818448023426062
0 0.685546875 0.46486090775988287 0.0224609375 0.021961932650073207
0 0.6591796875 0.41947291361639827 0.0224609375 0.02342606149341142
0 0.6494140625 0.40263543191800877 0.017578125 0.020497803806734993
0 0.60986328125 0.4224011713030747 0.0185546875 0.02342606149341142
0 0.62451171875 0.45973645680819913 0.0146484375 0.020497803806734993
0 0.6162109375 0.4407027818448023 0.017578125 0.020497803806734993
0 0.646484375 0.5073206442166911 0.0283203125 0.0424597364568082
0 0.658203125 0.5431918008784773 0.037109375 0.0424597364568082
0 0.67431640625 0.5717423133235725 0.0380859375 0.04538799414348463
0 0.69677734375 0.6105417276720352 0.025390625 0.03513909224011713
0 0.71630859375 0.6669106881405563 0.048828125 0.0629575402635432
0 0.748046875 0.7269399707174231 0.0390625 0.055636896046852125
0 0.80712890625 0.8696925329428989 0.04296875 0.07027818448023426
0 0.7099609375 0.8638360175695461 0.0458984375 0.08345534407027819
0 0.681640625 0.7818448023426061 0.0302734375 0.060029282576866766
0 0.6611328125 0.7166910688140556 0.0283203125 0.04538799414348463
0 0.6455078125 0.6691068814055637 0.052734375 0.05856515373352855
0 0.63330078125 0.6171303074670571 0.029296875 0.040995607613469986
0 0.61328125 0.7693997071742313 0.037109375 0.05417276720351391
0 0.6279296875 0.8382137628111274 0.0302734375 0.06734992679355783
0 0.6416015625 0.91800878477306 0.05078125 0.07613469985358712
0 0.58984375 0.6654465592972182 0.048828125 0.05710102489019034
0 0.57861328125 0.6207906295754027 0.0263671875 0.032210834553440704
0 0.57763671875 0.5812591508052709 0.0234375 0.03367496339677892
0 0.6162109375 0.5768667642752562 0.02734375 0.03953147877013177
0 0.60546875 0.5161054172767203 0.02734375 0.0424597364568082
0 0.607421875 0.5395314787701317 0.0244140625 0.03806734992679356
0 0.5888671875 0.4743777452415813 0.0224609375 0.029282576866764276
0 0.583984375 0.45314787701317716 0.0166015625 0.02635431918008785
0 0.55810546875 0.48316251830161056 0.015625 0.027818448023426062
0 0.56591796875 0.5256222547584187 0.01953125 0.029282576866764276
0 0.533203125 0.5402635431918009 0.0166015625 0.02635431918008785
0 0.53759765625 0.5951683748169839 0.021484375 0.03074670571010249
0 0.5419921875 0.6244509516837482 0.0185546875 0.027818448023426062
0 0.552734375 0.7049780380673499 0.0205078125 0.03074670571010249
0 0.55859375 0.7540263543191801 0.02734375 0.03953147877013177
0 0.50830078125 0.5468521229868228 0.0302734375 0.027818448023426062
0 0.50634765625 0.5980966325036603 0.01953125 0.029282576866764276
0 0.48046875 0.5790629575402635 0.01953125 0.02342606149341142
0 0.48046875 0.6061493411420205 0.01171875 0.020497803806734993
0 0.50634765625 0.664714494875549 0.0185546875 0.03806734992679356
0 0.48193359375 0.6295754026354319 0.017578125 0.029282576866764276
0 0.46142578125 0.5871156661786238 0.0166015625 0.021961932650073207
0 0.45703125 0.6310395314787701 0.015625 0.024890190336749635
0 0.4384765625 0.6127379209370425 0.0166015625 0.024890190336749635
0 0.43408203125 0.6625183016105417 0.01171875 0.017569546120058566
0 0.47998046875 0.6603221083455344 0.0185546875 0.032210834553440704
0 0.5107421875 0.7035139092240117 0.021484375 0.03367496339677892
0 0.47900390625 0.6969253294289898 0.017578125 0.029282576866764276
0 0.51171875 0.7510980966325037 0.0234375 0.03953147877013177
0 0.478515625 0.7357247437774525 0.021484375 0.040995607613469986
0 0.51416015625 0.7979502196193266 0.0283203125 0.043923865300146414
0 0.56494140625 0.8162518301610542 0.0400390625 0.0629575402635432
0 0.56982421875 0.8975109809663251 0.0478515625 0.06881405563689605
0 0.47314453125 0.9765739385065886 0.0244140625 0.04685212298682284
0 0.474609375 0.9106881405563689 0.0283203125 0.05856515373352855
0 0.48046875 0.8448023426061494 0.0244140625 0.03953147877013177
0 0.474609375 0.7928257686676428 0.025390625 0.04685212298682284
0 0.45068359375 0.6932650073206442 0.0185546875 0.032210834553440704
0 0.44970703125 0.7342606149341142 0.013671875 0.02635431918008785
0 0.447265625 0.7745241581259151 0.0166015625 0.03074670571010249
0 0.44384765625 0.8243045387994143 0.017578125 0.02635431918008785
0 0.43896484375 0.8828696925329429 0.0244140625 0.043923865300146414
0 0.4384765625 0.9428989751098097 0.03515625 0.07906295754026355
0 0.396484375 0.972181551976574 0.056640625 0.055636896046852125
0 0.37548828125 0.9553440702781845 0.0234375 0.048316251830161056
0 0.345703125 0.9809663250366032 0.029296875 0.03806734992679356
0 0.33642578125 0.9070278184480234 0.01953125 0.03074670571010249
0 0.326171875 0.9641288433382138 0.0205078125 0.0424597364568082
0 0.31201171875 0.9377745241581259 0.013671875 0.02635431918008785
0 0.3828125 0.8960468521229868 0.015625 0.029282576866764276
0 0.4111328125 0.9121522693997072 0.03125 0.05856515373352855
0 0.412109375 0.8601756954612005 0.0146484375 0.02635431918008785
0 0.419921875 0.7635431918008785 0.017578125 0.03074670571010249
0 0.4169921875 0.8103953147877013 0.021484375 0.036603221083455345
0 0.396484375 0.7972181551976574 0.0146484375 0.027818448023426062
0 0.3779296875 0.787701317715959 0.0126953125 0.017569546120058566
0 0.36279296875 0.7781844802342606 0.0205078125 0.03074670571010249
0 0.37255859375 0.7152269399707174 0.015625 0.020497803806734993
0 0.38818359375 0.718887262079063 0.0205078125 0.03074670571010249
0 0.40673828125 0.7254758418740849 0.013671875 0.02342606149341142
0 0.4013671875 0.7598828696925329 0.013671875 0.02342606149341142
0 0.42724609375 0.7284040995607614 0.0107421875 0.016105417276720352
0 0.41455078125 0.664714494875549 0.0146484375 0.024890190336749635
0 0.43212890625 0.6954612005856515 0.03125 0.04685212298682284