0 0.3564453125 0.9472913616398243 0.0439453125 0.05856515373352855
0 0.49462890625 0.9019033674963397 0.0283203125 0.040995607613469986
0 0.57421875 0.8865300146412884 0.01953125 0.040995607613469986
0 0.5791015625 0.7664714494875549 0.0166015625 0.029282576866764276
0 0.56982421875 0.7818448023426061 0.0126953125 0.024890190336749635
0 0.5625 0.8008784773060029 0.021484375 0.0424597364568082
0 0.52978515625 0.8367496339677891 0.025390625 0.0424597364568082
0 0.5107421875 0.8674963396778916 0.017578125 0.03513909224011713
0 0.43603515625 0.8667642752562226 0.037109375 0.07174231332357248
0 0.4853515625 0.8030746705710102 0.0556640625 0.08931185944363104
0 0.52294921875 0.7569546120058566 0.0166015625 0.03367496339677892
0 0.50390625 0.780380673499268 0.0126953125 0.032210834553440704
0 0.537109375 0.7452415812591509 0.013671875 0.032210834553440704
0 0.54931640625 0.732796486090776 0.0126953125 0.024890190336749635
0 0.53955078125 0.6720351390922401 0.0146484375 0.02635431918008785
0 0.513671875 0.6896046852122987 0.0126953125 0.020497803806734993
0 0.52734375 0.6793557833089312 0.0126953125 0.024890190336749635
0 0.47998046875 0.7181551976573939 0.025390625 0.03806734992679356
0 0.45458984375 0.7313323572474377 0.025390625 0.0527086383601757
0 0.43408203125 0.7525622254758418 0.02734375 0.0527086383601757
0 0.40625 0.7818448023426061 0.021484375 0.03513909224011713
0 0.3662109375 0.8052708638360175 0.037109375 0.06881405563689605
0 0.3232421875 0.8462664714494875 0.0341796875 0.05417276720351391
0 0.22265625 0.9194729136163983 0.0439453125 0.05856515373352855
0 0.23681640625 0.7752562225475842 0.0517578125 0.0629575402635432
0 0.29443359375 0.7415812591508053 0.037109375 0.040995607613469986
0 0.33935546875 0.7181551976573939 0.02734375 0.03806734992679356
0 0.37255859375 0.6991215226939971 0.03515625 0.0746705710102489
0 0.408203125 0.6866764275256223 0.0244140625 0.040995607613469986
0 0.3095703125 0.6412884333821376 0.033203125 0.05124450951683748
0 0.26220703125 0.6559297218155198 0.04296875 0.03953147877013177
0 0.2080078125 0.6676427525622255 0.046875 0.06881405563689605
0 0.380859375 0.616398243045388 0.033203125 0.07027818448023426
0 0.41162109375 0.6046852122986823 0.0185546875 0.036603221083455345
0 0.43798828125 0.6076134699853587 0.0205078125 0.032210834553440704
0 0.43701171875 0.6654465592972182 0.0234375 0.03806734992679356
0 0.47802734375 0.6559297218155198 0.0263671875 0.036603221083455345
0 0.46240234375 0.6559297218155198 0.0234375 0.03367496339677892
0 0.5078125 0.6346998535871157 0.017578125 0.032210834553440704
0 0.52197265625 0.6303074670571011 0.0166015625 0.02342606149341142
0 0.5048828125 0.5885797950219619 0.017578125 0.021961932650073207
0 0.47607421875 0.595900439238653 0.017578125 0.027818448023426062
0 0.4697265625 0.5453879941434846 0.0166015625 0.02342606149341142
0 0.43310546875 0.5461200585651538 0.0185546875 0.029282576866764276
0 0.4130859375 0.5490483162518301 0.017578125 0.02635431918008785
0 0.35888671875 0.5571010248901903 0.0185546875 0.027818448023426062
0 0.32568359375 0.5607613469985359 0.0234375 0.03806734992679356
0 0.4677734375 0.5073206442166911 0.015625 0.043923865300146414
0 0.4345703125 0.4992679355783309 0.017578125 0.027818448023426062
0 0.44970703125 0.46266471449487556 0.013671875 0.027818448023426062
0 0.431640625 0.45973645680819913 0.013671875 0.016105417276720352
0 0.39013671875 0.49267935578330896 0.0244140625 0.02342606149341142
0 0.416015625 0.45973645680819913 0.0185546875 0.02342606149341142
0 0.4462890625 0.4333821376281113 0.013671875 0.02342606149341142
0 0.41748046875 0.4224011713030747 0.015625 0.021961932650073207
0 0.431640625 0.3967789165446559 0.015625 0.02342606149341142
0 0.39892578125 0.3850658857979502 0.0107421875 0.017569546120058566
0 0.3955078125 0.45314787701317716 0.0205078125 0.024890190336749635
0 0.36376953125 0.49487554904831627 0.0205078125 0.029282576866764276
0 0.37158203125 0.4480234260614934 0.0185546875 0.02342606149341142
0 0.33203125 0.4912152269399707 0.0244140625 0.03074670571010249
0 0.34619140625 0.4428989751098097 0.025390625 0.027818448023426062
0 0.30078125 0.48975109809663253 0.0263671875 0.03806734992679356
0 0.283203125 0.5636896046852123 0.0390625 0.05417276720351391
0 0.22900390625 0.5622254758418741 0.0419921875 0.06588579795021962
0 0.14453125 0.4882869692532943 0.0439453125 0.06149341142020498
0 0.18408203125 0.410688140556369 0.0341796875 0.032210834553440704
0 0.22998046875 0.41947291361639827 0.037109375 0.03806734992679356
0 0.2734375 0.43484626647144947 0.0244140625 0.03367496339677892
0 0.30859375 0.431185944363104 0.029296875 0.03367496339677892
0 0.376953125 0.4062957540263543 0.0205078125 0.024890190336749635
0 0.349609375 0.40043923865300146 0.0166015625 0.01903367496339678
0 0.3232421875 0.3931185944363104 0.01953125 0.021961932650073207
0 0.29052734375 0.3821376281112738 0.0166015625 0.024890190336749635
0 0.25244140625 0.3689604685212299 0.02734375 0.032210834553440704
0 0.21240234375 0.3623718887262079 0.0498046875 0.04685212298682284
0 0.158203125 0.3396778916544656 0.033203125 0.032210834553440704
0 0.10107421875 0.32723279648609077 0.0595703125 0.05124450951683748
0 0.1806640625 0.29502196193265007 0.0654296875 0.07759882869692533
0 0.13037109375 0.28038067349926793 0.0322265625 0.027818448023426062
0 0.21142578125 0.26720351390922403 0.0302734375 0.032210834553440704
0 0.19384765625 0.21961932650073207 0.0283203125 0.03953147877013177
0 0.2470703125 0.21376281112737922 0.01953125 0.02635431918008785
0 0.21044921875 0.191800878477306 0.02734375 0.02635431918008785
0 0.2294921875 0.17349926793557832 0.0166015625 0.01903367496339678
0 0.1259765625 0.1398243045387994 0.033203125 0.036603221083455345
0 0.09423828125 0.16105417276720352 0.0361328125 0.040995607613469986
0 0.07177734375 0.10688140556368961 0.0244140625 0.03074670571010249
0 0.033203125 0.13177159590043924 0.044921875 0.05124450951683748
0 0.0166015625 0.07247437774524158 0.033203125 0.0424597364568082
0 0.24951171875 0.28330893118594436 0.0185546875 0.020497803806734993
0 0.23583984375 0.32430453879941434 0.0361328125 0.0424597364568082
0 0.27001953125 0.3308931185944363 0.0166015625 0.020497803806734993
0 0.33349609375 0.3535871156661786 0.01953125 0.02342606149341142
0 0.302734375 0.3440702781844802 0.0224609375 0.029282576866764276
0 0.3134765625 0.31478770131771594 0.017578125 0.020497803806734993
0 0.32177734375 0.2884333821376281 0.0107421875 0.01903367496339678
0 0.330078125 0.2664714494875549 0.0185546875 0.027818448023426062
0 0.3701171875 0.287701317715959 0.0126953125 0.021961932650073207
0 0.36669921875 0.3103953147877013 0.0185546875 0.027818448023426062
0 0.3603515625 0.3374816983894583 0.0146484375 0.01903367496339678
0 0.337890625 0.3257686676427526 0.0146484375 0.01903367496339678
0 0.35595703125 0.36749633967789164 0.0107421875 0.016105417276720352
0 0.3994140625 0.35505124450951686 0.015625 0.020497803806734993
0 0.37744140625 0.3784773060029283 0.0283203125 0.0424597364568082