1 0.78375 0.8837863167760075 0.20625 0.1640112464854733
1 0.411875 0.5749765698219307 0.125 0.09934395501405811
1 0.678125 0.6555763823805061 0.13875 0.10684161199625117
0 0.8875 0.28069353327085284 0.20625 0.2155576382380506
1 0.55125 0.7755388940955952 0.175 0.1302717900656045
1 0.2875 0.4587628865979381 0.21625 0.14901593252108716
0 0.851875 0.03139643861293346 0.07 0.059044048734770385
0 0.21375 0.2614807872539831 0.0325 0.022492970946579195
0 0.16375 0.2994376757263355 0.0325 0.02436738519212746
0 0.145 0.3847235238987816 0.03375 0.02155576382380506
0 0.19 0.31443298969072164 0.0325 0.023430178069353328
0 0.165 0.23430178069353327 0.03125 0.022492970946579195
0 0.210625 0.19306466729147143 0.03125 0.026241799437675725
0 0.97375 0.5178069353327085 0.0525 0.10590440487347703
0 0.18875 0.5393626991565136 0.03125 0.022492970946579195
0 0.145 0.5060918462980318 0.03125 0.02155576382380506
0 0.155625 0.8556701030927835 0.02375 0.02155576382380506
0 0.1575 0.7263355201499532 0.025 0.01874414245548266
0 0.159375 0.598406747891284 0.025 0.019681349578256794
0 0.16 0.6883786316776007 0.02625 0.01780693533270853
0 0.1575 0.7689784442361762 0.025 0.02155576382380506
0 0.15625 0.8120899718837863 0.02875 0.020618556701030927
0 0.156875 0.8997188378631678 0.0225 0.023430178069353328
0 0.18625 0.7057169634489222 0.02375 0.020618556701030927
0 0.159375 0.6368322399250235 0.02375 0.019681349578256794
0 0.99125 0.7980318650421743 0.0175 0.02717900656044986
0 0.165625 0.44892221180880976 0.035 0.020618556701030927
0 0.981875 0.7141518275538894 0.03625 0.19306466729147143
0 0.868125 0.4723523898781631 0.0475 0.046860356138706656
0 0.9075 0.4592314901593252 0.0775 0.04217432052483599
0 0.980625 0.3683223992502343 0.0225 0.026241799437675725